0 0.701172 0.019531 0.705078 0.027344 0.716797 0.029297 0.720703 0.033203 0.722656 0.025391 0.730469 0.019531 0.802734 0.021484 0.822266 0.009766 0.830078 0.009766 0.841797 0.003906 0.839844 0.000000 0.707031 0.000000 0.703125 0.005859
0 0.875000 0.000000 0.875000 0.003906 0.880859 0.011719 0.880859 0.019531 0.882812 0.023438 0.904297 0.037109 0.914062 0.048828 0.917969 0.050781 0.933594 0.048828 0.945312 0.039062 0.947266 0.031250 0.949219 0.029297 0.949219 0.021484 0.945312 0.013672 0.937500 0.007812 0.935547 0.000000
0 0.974609 0.000000 0.974609 0.009766 0.972656 0.011719 0.972656 0.015625 0.968750 0.021484 0.966797 0.029297 0.968750 0.031250 0.968750 0.037109 0.972656 0.044922 0.978516 0.050781 0.978516 0.060547 0.980469 0.062500 0.978516 0.074219 0.984375 0.082031 0.992188 0.082031 0.994141 0.083984 0.998047 0.083984 0.998047 0.000000
0 0.406250 0.039062 0.402344 0.039062 0.400391 0.037109 0.396484 0.037109 0.394531 0.039062 0.390625 0.039062 0.384766 0.044922 0.384766 0.050781 0.382812 0.052734 0.382812 0.056641 0.384766 0.058594 0.384766 0.060547 0.386719 0.060547 0.388672 0.062500 0.402344 0.062500 0.404297 0.060547 0.406250 0.060547 0.410156 0.056641 0.410156 0.054688 0.412109 0.052734 0.412109 0.048828 0.410156 0.046875 0.410156 0.042969
0 0.005859 0.101562 0.003906 0.123047 0.011719 0.125000 0.011719 0.138672 0.007812 0.150391 0.013672 0.160156 0.013672 0.177734 0.015625 0.183594 0.025391 0.187500 0.031250 0.195312 0.058594 0.197266 0.080078 0.183594 0.103516 0.181641 0.113281 0.177734 0.123047 0.138672 0.121094 0.125000 0.087891 0.107422 0.052734 0.093750 0.039062 0.093750 0.029297 0.099609
0 0.787109 0.126953 0.785156 0.171875 0.798828 0.185547 0.800781 0.191406 0.824219 0.208984 0.835938 0.210938 0.847656 0.205078 0.871094 0.201172 0.878906 0.205078 0.896484 0.205078 0.902344 0.201172 0.916016 0.201172 0.919922 0.197266 0.927734 0.162109 0.919922 0.148438 0.896484 0.132812 0.855469 0.125000 0.800781 0.121094
0 0.746094 0.171875 0.742188 0.166016 0.742188 0.169922 0.738281 0.171875 0.734375 0.164062 0.716797 0.160156 0.710938 0.154297 0.708984 0.144531 0.693359 0.142578 0.681641 0.134766 0.671875 0.132812 0.669922 0.138672 0.625000 0.158203 0.623047 0.171875 0.611328 0.175781 0.607422 0.181641 0.607422 0.201172 0.613281 0.208984 0.628906 0.214844 0.642578 0.212891 0.666016 0.203125 0.679688 0.203125 0.699219 0.195312 0.716797 0.195312 0.728516 0.191406 0.738281 0.177734 0.746094 0.175781
0 0.529297 0.218750 0.529297 0.220703 0.527344 0.222656 0.527344 0.230469 0.529297 0.232422 0.529297 0.238281 0.531250 0.240234 0.531250 0.244141 0.535156 0.248047 0.537109 0.248047 0.539062 0.250000 0.578125 0.250000 0.580078 0.248047 0.582031 0.248047 0.582031 0.246094 0.583984 0.244141 0.583984 0.234375 0.574219 0.226562 0.566406 0.226562 0.558594 0.218750 0.554688 0.218750 0.552734 0.216797 0.531250 0.216797
0 0.886719 0.248047 0.867188 0.251953 0.861328 0.263672 0.863281 0.367188 0.871094 0.382812 0.859375 0.408203 0.857422 0.488281 0.865234 0.507812 0.857422 0.521484 0.835938 0.523438 0.826172 0.537109 0.841797 0.583984 0.861328 0.601562 0.916016 0.583984 0.917969 0.556641 0.904297 0.529297 0.919922 0.515625 0.931641 0.468750 0.929688 0.455078 0.912109 0.443359 0.921875 0.390625 0.916016 0.357422 0.919922 0.261719
0 0.207031 0.253906 0.203125 0.259766 0.201172 0.273438 0.203125 0.275391 0.203125 0.281250 0.205078 0.283203 0.205078 0.287109 0.207031 0.289062 0.207031 0.292969 0.208984 0.296875 0.212891 0.300781 0.220703 0.304688 0.226562 0.304688 0.228516 0.306641 0.230469 0.304688 0.240234 0.304688 0.244141 0.302734 0.248047 0.298828 0.248047 0.294922 0.253906 0.287109 0.253906 0.269531 0.250000 0.265625 0.246094 0.265625 0.242188 0.263672 0.236328 0.257812 0.236328 0.255859 0.228516 0.251953 0.212891 0.251953 0.210938 0.253906
0 0.681641 0.318359 0.679688 0.322266 0.679688 0.337891 0.677734 0.339844 0.677734 0.349609 0.679688 0.351562 0.677734 0.378906 0.683594 0.388672 0.697266 0.394531 0.722656 0.394531 0.728516 0.392578 0.742188 0.378906 0.748047 0.376953 0.748047 0.365234 0.751953 0.351562 0.751953 0.339844 0.748047 0.326172 0.734375 0.320312 0.726562 0.312500 0.720703 0.312500 0.718750 0.310547 0.708984 0.310547 0.703125 0.314453
0 0.546875 0.365234 0.542969 0.369141 0.542969 0.384766 0.541016 0.386719 0.546875 0.408203 0.560547 0.431641 0.560547 0.437500 0.566406 0.443359 0.574219 0.443359 0.576172 0.445312 0.583984 0.443359 0.605469 0.445312 0.609375 0.433594 0.621094 0.421875 0.621094 0.394531 0.625000 0.386719 0.623047 0.378906 0.609375 0.367188 0.564453 0.365234 0.562500 0.363281
0 0.136719 0.398438 0.134766 0.402344 0.136719 0.404297 0.134766 0.406250 0.134766 0.414062 0.132812 0.416016 0.134766 0.417969 0.130859 0.425781 0.132812 0.429688 0.130859 0.433594 0.138672 0.435547 0.148438 0.445312 0.154297 0.445312 0.164062 0.449219 0.175781 0.449219 0.185547 0.445312 0.197266 0.447266 0.208984 0.441406 0.210938 0.437500 0.210938 0.427734 0.207031 0.423828 0.189453 0.419922 0.185547 0.416016 0.154297 0.400391
0 0.113281 0.402344 0.109375 0.402344 0.109375 0.404297 0.107422 0.406250 0.107422 0.421875 0.109375 0.423828 0.109375 0.425781 0.109375 0.423828 0.111328 0.421875 0.109375 0.419922 0.111328 0.417969 0.111328 0.410156 0.113281 0.408203 0.111328 0.406250 0.113281 0.404297
0 0.095703 0.488281 0.093750 0.488281 0.091797 0.490234 0.091797 0.496094 0.089844 0.498047 0.087891 0.498047 0.087891 0.500000 0.085938 0.501953 0.085938 0.517578 0.085938 0.511719 0.087891 0.509766 0.087891 0.505859 0.089844 0.503906 0.089844 0.500000 0.093750 0.496094 0.093750 0.492188 0.095703 0.490234
0 0.117188 0.488281 0.097656 0.548828 0.091797 0.591797 0.082031 0.617188 0.080078 0.646484 0.074219 0.662109 0.080078 0.667969 0.093750 0.667969 0.093750 0.673828 0.097656 0.667969 0.111328 0.669922 0.123047 0.666016 0.130859 0.658203 0.134766 0.664062 0.136719 0.652344 0.142578 0.650391 0.142578 0.636719 0.146484 0.632812 0.150391 0.642578 0.150391 0.564453 0.126953 0.544922 0.126953 0.535156 0.134766 0.529297 0.123047 0.521484 0.121094 0.494141
0 0.496094 0.539062 0.490234 0.550781 0.515625 0.615234 0.541016 0.621094 0.542969 0.648438 0.566406 0.662109 0.607422 0.660156 0.636719 0.636719 0.636719 0.625000 0.623047 0.617188 0.603516 0.593750 0.593750 0.593750 0.589844 0.587891 0.597656 0.580078 0.615234 0.587891 0.617188 0.597656 0.646484 0.578125 0.648438 0.568359 0.634766 0.548828 0.607422 0.533203 0.585938 0.541016 0.580078 0.550781 0.585938 0.578125 0.574219 0.580078 0.546875 0.556641 0.542969 0.546875 0.527344 0.539062
0 0.156250 0.625000 0.158203 0.626953 0.158203 0.625000
0 0.156250 0.632812 0.156250 0.634766 0.158203 0.634766 0.158203 0.632812
0 0.156250 0.648438 0.156250 0.650391 0.158203 0.650391 0.158203 0.648438
0 0.263672 0.660156 0.253906 0.669922 0.251953 0.669922 0.248047 0.675781 0.248047 0.693359 0.250000 0.695312 0.250000 0.701172 0.255859 0.714844 0.279297 0.724609 0.300781 0.724609 0.304688 0.710938 0.306641 0.708984 0.308594 0.697266 0.312500 0.691406 0.312500 0.679688 0.294922 0.666016 0.291016 0.666016 0.289062 0.664062 0.279297 0.664062 0.271484 0.660156
0 0.359375 0.664062 0.353516 0.669922 0.353516 0.673828 0.351562 0.675781 0.351562 0.687500 0.353516 0.689453 0.359375 0.703125 0.363281 0.707031 0.365234 0.707031 0.367188 0.708984 0.373047 0.708984 0.375000 0.710938 0.384766 0.710938 0.386719 0.708984 0.392578 0.708984 0.396484 0.705078 0.396484 0.699219 0.402344 0.689453 0.402344 0.685547 0.404297 0.683594 0.404297 0.675781 0.398438 0.669922 0.398438 0.667969 0.396484 0.667969 0.394531 0.666016 0.390625 0.666016 0.388672 0.664062 0.378906 0.664062 0.376953 0.662109 0.373047 0.662109 0.371094 0.664062
0 0.095703 0.679688 0.093750 0.681641 0.095703 0.681641
0 0.093750 0.687500 0.095703 0.689453 0.095703 0.687500
0 0.927734 0.894531 0.912109 0.861328 0.873047 0.853516 0.865234 0.832031 0.857422 0.828125 0.843750 0.837891 0.816406 0.843750 0.796875 0.857422 0.720703 0.853516 0.710938 0.859375 0.714844 0.876953 0.730469 0.886719 0.712891 0.910156 0.728516 0.923828 0.751953 0.931641 0.783203 0.957031 0.816406 0.958984 0.859375 0.945312 0.892578 0.941406 0.904297 0.925781 0.916016 0.921875 0.927734 0.908203
0 0.000000 0.857422 0.000000 0.998047 0.089844 0.998047 0.089844 0.980469 0.082031 0.966797 0.070312 0.955078 0.058594 0.927734 0.060547 0.916016 0.054688 0.912109 0.048828 0.894531 0.029297 0.871094 0.029297 0.863281 0.025391 0.859375
0 0.529297 0.892578 0.529297 0.896484 0.527344 0.898438 0.527344 0.908203 0.529297 0.910156 0.529297 0.921875 0.533203 0.925781 0.539062 0.925781 0.541016 0.927734 0.542969 0.927734 0.544922 0.925781 0.550781 0.925781 0.552734 0.923828 0.556641 0.923828 0.558594 0.921875 0.562500 0.921875 0.572266 0.912109 0.572266 0.908203 0.574219 0.906250 0.574219 0.904297 0.572266 0.902344 0.572266 0.898438 0.568359 0.894531 0.566406 0.894531 0.564453 0.892578 0.558594 0.892578 0.556641 0.890625 0.550781 0.890625 0.548828 0.888672 0.535156 0.888672
1 0.900391 0.046875 0.888672 0.031250 0.859375 0.023438 0.761719 0.046875 0.714844 0.048828 0.689453 0.060547 0.605469 0.070312 0.587891 0.083984 0.593750 0.140625 0.603516 0.154297 0.615234 0.156250 0.669922 0.130859 0.693359 0.138672 0.726562 0.138672 0.791016 0.119141 0.822266 0.117188 0.828125 0.103516 0.851562 0.111328 0.894531 0.103516 0.904297 0.097656 0.896484 0.076172
2 0.384766 0.433594 0.382812 0.435547 0.382812 0.445312 0.384766 0.447266 0.384766 0.466797 0.386719 0.468750 0.386719 0.470703 0.388672 0.472656 0.396484 0.472656 0.398438 0.470703 0.408203 0.470703 0.410156 0.468750 0.410156 0.464844 0.412109 0.462891 0.412109 0.433594 0.410156 0.431641 0.394531 0.431641 0.392578 0.433594 0.390625 0.433594 0.388672 0.431641 0.386719 0.433594
2 0.144531 0.449219 0.140625 0.453125 0.140625 0.458984 0.138672 0.460938 0.130859 0.521484 0.138672 0.525391 0.175781 0.529297 0.179688 0.525391 0.179688 0.517578 0.183594 0.511719 0.197266 0.511719 0.199219 0.509766 0.199219 0.501953 0.201172 0.500000 0.201172 0.490234 0.199219 0.488281 0.199219 0.482422 0.201172 0.480469 0.201172 0.458984 0.195312 0.453125 0.164062 0.453125 0.154297 0.449219
2 0.058594 0.507812 0.050781 0.507812 0.048828 0.505859 0.042969 0.507812 0.023438 0.507812 0.013672 0.515625 0.000000 0.519531 0.000000 0.566406 0.007812 0.566406 0.009766 0.568359 0.007812 0.570312 0.000000 0.570312 0.000000 0.576172 0.009766 0.576172 0.011719 0.568359 0.019531 0.570312 0.029297 0.580078 0.039062 0.580078 0.041016 0.582031 0.062500 0.578125 0.066406 0.574219 0.070312 0.541016 0.066406 0.533203 0.064453 0.513672
2 0.421875 0.503906 0.419922 0.505859 0.414062 0.505859 0.412109 0.509766 0.412109 0.531250 0.410156 0.533203 0.412109 0.537109 0.412109 0.550781 0.414062 0.552734 0.412109 0.558594 0.414062 0.560547 0.414062 0.566406 0.419922 0.570312 0.433594 0.570312 0.435547 0.568359 0.441406 0.568359 0.445312 0.566406 0.447266 0.562500 0.447266 0.544922 0.449219 0.542969 0.449219 0.531250 0.447266 0.529297 0.447266 0.515625 0.441406 0.507812 0.433594 0.503906
2 0.015625 0.574219 0.013672 0.576172 0.015625 0.578125 0.015625 0.580078 0.013672 0.582031 0.019531 0.582031 0.017578 0.580078 0.017578 0.574219
2 0.031250 0.619141 0.029297 0.621094 0.029297 0.634766 0.027344 0.636719 0.027344 0.644531 0.025391 0.646484 0.025391 0.654297 0.023438 0.656250 0.023438 0.660156 0.021484 0.662109 0.021484 0.664062 0.037109 0.664062 0.039062 0.666016 0.050781 0.666016 0.052734 0.664062 0.052734 0.652344 0.054688 0.650391 0.054688 0.642578 0.056641 0.640625 0.056641 0.632812 0.058594 0.630859 0.058594 0.626953 0.060547 0.625000 0.060547 0.623047 0.058594 0.621094 0.048828 0.621094 0.046875 0.619141
4 0.162109 0.205078 0.117188 0.203125 0.054688 0.205078 0.035156 0.208984 0.031250 0.212891 0.029297 0.255859 0.017578 0.285156 0.023438 0.291016 0.126953 0.291016 0.128906 0.277344 0.134766 0.269531 0.140625 0.267578 0.148438 0.271484 0.152344 0.226562 0.162109 0.210938
5 0.140625 0.269531 0.121094 0.320312 0.111328 0.441406 0.042969 0.708984 0.000000 0.726562 0.000000 0.746094 0.123047 0.707031 0.248047 0.695312 0.240234 0.679688 0.169922 0.681641 0.062500 0.703125 0.128906 0.445312 0.150391 0.281250
5 0.406250 0.476562 0.400391 0.478516 0.396484 0.486328 0.392578 0.591797 0.398438 0.619141 0.400391 0.667969 0.410156 0.677734 0.417969 0.673828 0.419922 0.658203 0.414062 0.630859 0.416016 0.613281 0.412109 0.605469 0.412109 0.552734 0.408203 0.535156 0.416016 0.486328 0.414062 0.480469
5 0.539062 0.525391 0.537109 0.527344 0.533203 0.527344 0.531250 0.529297 0.531250 0.533203 0.529297 0.535156 0.531250 0.537109 0.531250 0.541016 0.533203 0.542969 0.537109 0.542969 0.539062 0.544922 0.541016 0.542969 0.544922 0.542969 0.546875 0.541016 0.546875 0.537109 0.548828 0.535156 0.546875 0.533203 0.546875 0.529297 0.544922 0.527344 0.541016 0.527344
5 0.349609 0.681641 0.345703 0.681641 0.343750 0.679688 0.341797 0.681641 0.333984 0.681641 0.332031 0.683594 0.330078 0.681641 0.328125 0.683594 0.326172 0.681641 0.322266 0.681641 0.320312 0.683594 0.316406 0.683594 0.314453 0.685547 0.314453 0.697266 0.316406 0.699219 0.320312 0.699219 0.322266 0.701172 0.326172 0.701172 0.328125 0.699219 0.330078 0.701172 0.332031 0.699219 0.333984 0.701172 0.335938 0.701172 0.337891 0.699219 0.339844 0.701172 0.341797 0.701172 0.343750 0.699219 0.347656 0.699219 0.351562 0.695312 0.351562 0.689453 0.349609 0.687500
