1 0.681641 0.060547 0.675781 0.066406 0.673828 0.097656 0.681641 0.130859 0.685547 0.138672 0.689453 0.179688 0.691406 0.181641 0.714844 0.181641 0.718750 0.177734 0.716797 0.169922 0.716797 0.113281 0.710938 0.097656 0.707031 0.074219 0.703125 0.064453 0.695312 0.060547
1 0.687500 0.191406 0.685547 0.187500 0.677734 0.191406 0.662109 0.193359 0.660156 0.195312 0.632812 0.197266 0.630859 0.199219 0.615234 0.199219 0.613281 0.201172 0.599609 0.201172 0.593750 0.207031 0.593750 0.224609 0.609375 0.232422 0.628906 0.232422 0.642578 0.226562 0.673828 0.224609 0.685547 0.208984 0.687500 0.203125
2 0.878906 0.289062 0.878906 0.283203 0.873047 0.283203 0.873047 0.273438 0.869141 0.271484 0.875000 0.263672 0.865234 0.267578 0.861328 0.285156 0.857422 0.281250 0.855469 0.244141 0.833984 0.244141 0.808594 0.251953 0.740234 0.257812 0.718750 0.277344 0.720703 0.285156 0.734375 0.296875 0.794922 0.291016
2 0.519531 0.259766 0.500000 0.263672 0.498047 0.271484 0.484375 0.281250 0.484375 0.324219 0.490234 0.361328 0.505859 0.378906 0.501953 0.402344 0.519531 0.404297 0.503906 0.408203 0.503906 0.439453 0.511719 0.457031 0.529297 0.453125 0.535156 0.441406 0.593750 0.439453 0.587891 0.408203 0.576172 0.396484 0.574219 0.351562 0.562500 0.310547 0.568359 0.298828 0.566406 0.283203 0.556641 0.267578
2 0.076172 0.373047 0.078125 0.392578 0.082031 0.396484 0.085938 0.396484 0.089844 0.400391 0.089844 0.410156 0.101562 0.410156 0.103516 0.408203 0.109375 0.408203 0.111328 0.406250 0.115234 0.406250 0.123047 0.396484 0.138672 0.394531 0.138672 0.384766 0.136719 0.382812 0.136719 0.367188 0.134766 0.363281 0.130859 0.361328 0.099609 0.361328 0.097656 0.363281 0.091797 0.363281 0.089844 0.365234 0.080078 0.367188
2 0.039062 0.367188 0.039062 0.375000 0.035156 0.380859 0.027344 0.380859 0.025391 0.378906 0.023438 0.380859 0.019531 0.380859 0.017578 0.382812 0.000000 0.382812 0.000000 0.402344 0.013672 0.402344 0.015625 0.400391 0.027344 0.400391 0.029297 0.398438 0.044922 0.398438 0.044922 0.390625 0.042969 0.388672 0.042969 0.384766 0.041016 0.382812 0.041016 0.371094 0.039062 0.369141
2 0.832031 0.392578 0.833984 0.396484 0.833984 0.421875 0.835938 0.423828 0.835938 0.435547 0.837891 0.437500 0.896484 0.437500 0.898438 0.433594 0.898438 0.412109 0.894531 0.406250 0.890625 0.404297 0.884766 0.404297 0.878906 0.398438 0.878906 0.390625 0.876953 0.386719 0.853516 0.386719 0.851562 0.388672 0.835938 0.388672
2 0.158203 0.433594 0.146484 0.433594 0.144531 0.435547 0.126953 0.437500 0.123047 0.441406 0.123047 0.464844 0.121094 0.466797 0.121094 0.474609 0.119141 0.476562 0.119141 0.480469 0.121094 0.482422 0.123047 0.482422 0.125000 0.484375 0.126953 0.482422 0.132812 0.482422 0.146484 0.474609 0.156250 0.474609 0.158203 0.472656 0.164062 0.472656 0.164062 0.468750 0.166016 0.466797 0.166016 0.464844 0.164062 0.462891 0.164062 0.447266 0.162109 0.445312 0.162109 0.441406 0.160156 0.439453 0.160156 0.435547
2 0.435547 0.466797 0.390625 0.468750 0.386719 0.472656 0.384766 0.501953 0.392578 0.523438 0.392578 0.539062 0.396484 0.542969 0.425781 0.541016 0.423828 0.519531 0.429688 0.515625 0.441406 0.515625 0.445312 0.513672 0.445312 0.507812 0.439453 0.494141 0.439453 0.482422 0.437500 0.480469 0.437500 0.468750
2 0.087891 0.498047 0.089844 0.521484 0.093750 0.525391 0.105469 0.523438 0.113281 0.525391 0.101562 0.529297 0.101562 0.546875 0.107422 0.558594 0.138672 0.550781 0.140625 0.552734 0.136719 0.556641 0.136719 0.562500 0.142578 0.576172 0.156250 0.576172 0.171875 0.570312 0.169922 0.550781 0.148438 0.546875 0.160156 0.542969 0.156250 0.531250 0.152344 0.533203 0.140625 0.523438 0.126953 0.525391 0.119141 0.523438 0.121094 0.503906 0.113281 0.490234 0.097656 0.492188
2 0.609375 0.501953 0.593750 0.492188 0.591797 0.494141 0.576172 0.496094 0.566406 0.500000 0.539062 0.501953 0.531250 0.505859 0.529297 0.509766 0.531250 0.552734 0.533203 0.554688 0.544922 0.554688 0.564453 0.544922 0.574219 0.544922 0.580078 0.541016 0.587891 0.541016 0.605469 0.535156 0.611328 0.527344 0.611328 0.507812
2 0.423828 0.548828 0.421875 0.574219 0.425781 0.580078 0.427734 0.603516 0.431641 0.609375 0.453125 0.613281 0.455078 0.611328 0.476562 0.611328 0.478516 0.609375 0.490234 0.609375 0.492188 0.607422 0.490234 0.593750 0.482422 0.587891 0.482422 0.578125 0.476562 0.572266 0.478516 0.566406 0.474609 0.560547 0.476562 0.554688 0.474609 0.546875 0.455078 0.546875 0.453125 0.548828 0.425781 0.546875
2 0.197266 0.607422 0.191406 0.613281 0.191406 0.619141 0.189453 0.621094 0.189453 0.630859 0.191406 0.632812 0.191406 0.640625 0.193359 0.642578 0.193359 0.644531 0.195312 0.646484 0.222656 0.646484 0.224609 0.644531 0.224609 0.640625 0.226562 0.638672 0.226562 0.632812 0.224609 0.630859 0.224609 0.625000 0.222656 0.623047 0.222656 0.615234 0.218750 0.611328 0.216797 0.611328 0.212891 0.607422 0.210938 0.607422 0.208984 0.605469 0.201172 0.605469 0.199219 0.607422
2 0.687500 0.648438 0.683594 0.648438 0.681641 0.646484 0.677734 0.646484 0.675781 0.648438 0.640625 0.648438 0.638672 0.652344 0.638672 0.658203 0.640625 0.660156 0.640625 0.683594 0.642578 0.685547 0.642578 0.693359 0.644531 0.697266 0.658203 0.697266 0.671875 0.687500 0.675781 0.687500 0.677734 0.685547 0.687500 0.685547 0.689453 0.683594 0.689453 0.652344
2 0.275391 0.660156 0.248047 0.662109 0.244141 0.666016 0.246094 0.691406 0.251953 0.708984 0.257812 0.712891 0.253906 0.726562 0.255859 0.791016 0.271484 0.787109 0.287109 0.777344 0.306641 0.775391 0.316406 0.769531 0.314453 0.757812 0.296875 0.716797 0.292969 0.712891 0.275391 0.710938 0.294922 0.707031 0.289062 0.664062
2 0.181641 0.671875 0.173828 0.667969 0.150391 0.667969 0.136719 0.675781 0.125000 0.677734 0.107422 0.693359 0.105469 0.697266 0.105469 0.724609 0.107422 0.726562 0.107422 0.759766 0.113281 0.763672 0.136719 0.761719 0.140625 0.757812 0.140625 0.736328 0.144531 0.732422 0.171875 0.728516 0.181641 0.724609 0.181641 0.710938 0.177734 0.691406 0.183594 0.685547
2 0.076172 0.699219 0.072266 0.695312 0.058594 0.693359 0.056641 0.695312 0.042969 0.695312 0.041016 0.697266 0.029297 0.697266 0.027344 0.699219 0.013672 0.701172 0.009766 0.705078 0.011719 0.707031 0.011719 0.736328 0.013672 0.740234 0.019531 0.744141 0.058594 0.744141 0.060547 0.746094 0.078125 0.746094 0.082031 0.742188 0.082031 0.734375 0.080078 0.732422 0.080078 0.724609 0.078125 0.722656
2 0.000000 0.757812 0.000000 0.792969 0.003906 0.792969 0.007812 0.789062 0.009766 0.789062 0.011719 0.787109 0.017578 0.787109 0.019531 0.785156 0.027344 0.785156 0.027344 0.777344 0.021484 0.771484 0.021484 0.761719 0.023438 0.759766 0.023438 0.757812
2 0.066406 0.781250 0.064453 0.783203 0.064453 0.800781 0.066406 0.802734 0.066406 0.814453 0.068359 0.816406 0.068359 0.826172 0.083984 0.826172 0.085938 0.824219 0.091797 0.822266 0.093750 0.820312 0.093750 0.818359 0.097656 0.814453 0.095703 0.812500 0.095703 0.804688 0.093750 0.802734 0.093750 0.796875 0.091797 0.794922 0.091797 0.783203 0.089844 0.783203 0.087891 0.781250
2 0.023438 0.816406 0.021484 0.814453 0.019531 0.814453 0.017578 0.812500 0.015625 0.812500 0.013672 0.814453 0.009766 0.814453 0.007812 0.816406 0.000000 0.816406 0.000000 0.833984 0.005859 0.833984 0.007812 0.832031 0.019531 0.832031 0.021484 0.830078 0.023438 0.830078
2 0.191406 0.839844 0.173828 0.833984 0.146484 0.841797 0.142578 0.851562 0.126953 0.853516 0.123047 0.886719 0.121094 0.865234 0.085938 0.867188 0.083984 0.875000 0.080078 0.867188 0.068359 0.865234 0.000000 0.876953 0.000000 0.925781 0.083984 0.910156 0.087891 0.902344 0.091797 0.916016 0.123047 0.914062 0.125000 0.896484 0.126953 0.974609 0.181641 0.974609 0.185547 0.908203 0.179688 0.853516 0.191406 0.849609
5 0.412109 0.001953 0.537109 0.744141 0.000000 0.869141 0.648438 0.740234 0.726562 0.996094 0.769531 0.998047 0.671875 0.728516 0.755859 0.671875 0.998047 0.724609 0.779297 0.658203 0.882812 0.550781 0.937500 0.392578 0.812500 0.605469 0.558594 0.746094
5 0.007812 0.076172 0.000000 0.080078 0.000000 0.093750 0.017578 0.128906 0.039062 0.261719 0.033203 0.326172 0.042969 0.382812 0.056641 0.404297 0.052734 0.447266 0.066406 0.521484 0.078125 0.539062 0.087891 0.523438 0.070312 0.439453 0.076172 0.400391 0.062500 0.378906 0.052734 0.328125 0.056641 0.251953 0.037109 0.164062 0.035156 0.117188
5 0.082031 0.564453 0.076172 0.566406 0.072266 0.574219 0.074219 0.578125 0.072266 0.636719 0.078125 0.652344 0.076172 0.664062 0.085938 0.708984 0.093750 0.712891 0.101562 0.708984 0.103516 0.697266 0.095703 0.669922 0.097656 0.667969 0.093750 0.656250 0.095703 0.646484 0.089844 0.630859 0.091797 0.574219 0.089844 0.568359
