1 0.720703 0.291016 0.714844 0.291016 0.712891 0.292969 0.710938 0.292969 0.707031 0.296875 0.707031 0.298828 0.697266 0.308594 0.697266 0.310547 0.691406 0.320312 0.691406 0.324219 0.689453 0.326172 0.689453 0.343750 0.691406 0.345703 0.691406 0.349609 0.697266 0.353516 0.710938 0.353516 0.710938 0.351562 0.720703 0.333984 0.720703 0.330078 0.722656 0.328125 0.722656 0.324219 0.724609 0.322266 0.724609 0.318359 0.726562 0.316406 0.726562 0.308594 0.728516 0.306641 0.728516 0.300781 0.726562 0.298828 0.726562 0.294922
2 0.058594 0.046875 0.054688 0.056641 0.054688 0.113281 0.056641 0.115234 0.056641 0.119141 0.072266 0.119141 0.074219 0.121094 0.097656 0.121094 0.097656 0.107422 0.095703 0.105469 0.095703 0.066406 0.093750 0.064453 0.093750 0.054688 0.089844 0.050781 0.078125 0.050781 0.076172 0.048828 0.062500 0.048828
2 0.246094 0.056641 0.244141 0.056641 0.242188 0.054688 0.238281 0.054688 0.236328 0.052734 0.220703 0.052734 0.220703 0.056641 0.218750 0.058594 0.218750 0.064453 0.216797 0.066406 0.216797 0.078125 0.214844 0.080078 0.214844 0.083984 0.212891 0.085938 0.212891 0.091797 0.210938 0.093750 0.210938 0.101562 0.212891 0.103516 0.214844 0.103516 0.216797 0.105469 0.224609 0.105469 0.228516 0.101562 0.228516 0.095703 0.234375 0.085938 0.234375 0.082031 0.238281 0.076172 0.238281 0.072266 0.248047 0.062500 0.248047 0.058594
2 0.056641 0.144531 0.048828 0.312500 0.062500 0.322266 0.095703 0.328125 0.095703 0.244141 0.099609 0.216797 0.097656 0.148438 0.089844 0.144531
2 0.281250 0.214844 0.281250 0.222656 0.285156 0.222656 0.287109 0.224609 0.294922 0.224609 0.296875 0.226562 0.337891 0.226562 0.345703 0.230469 0.351562 0.230469 0.351562 0.222656 0.349609 0.220703 0.349609 0.199219 0.347656 0.197266 0.333984 0.197266 0.332031 0.195312 0.316406 0.195312 0.308594 0.201172 0.292969 0.208984 0.289062 0.208984
2 0.830078 0.240234 0.828125 0.248047 0.824219 0.253906 0.824219 0.257812 0.822266 0.259766 0.822266 0.267578 0.820312 0.269531 0.820312 0.287109 0.824219 0.292969 0.830078 0.292969 0.832031 0.294922 0.843750 0.294922 0.845703 0.296875 0.871094 0.296875 0.873047 0.289062 0.875000 0.287109 0.875000 0.275391 0.869141 0.267578 0.865234 0.259766 0.865234 0.255859 0.861328 0.251953 0.857422 0.244141 0.849609 0.236328 0.843750 0.236328 0.841797 0.238281 0.833984 0.238281
2 0.974609 0.273438 0.968750 0.265625 0.958984 0.263672 0.951172 0.257812 0.943359 0.257812 0.937500 0.265625 0.906250 0.261719 0.904297 0.259766 0.894531 0.259766 0.888672 0.267578 0.888672 0.281250 0.896484 0.289062 0.894531 0.292969 0.894531 0.304688 0.896484 0.306641 0.914062 0.312500 0.927734 0.312500 0.937500 0.304688 0.958984 0.300781 0.960938 0.292969 0.970703 0.285156
2 0.062500 0.330078 0.054688 0.376953 0.046875 0.400391 0.050781 0.404297 0.085938 0.412109 0.095703 0.412109 0.101562 0.404297 0.111328 0.404297 0.125000 0.412109 0.136719 0.412109 0.144531 0.416016 0.167969 0.416016 0.183594 0.412109 0.183594 0.402344 0.177734 0.388672 0.177734 0.375000 0.181641 0.367188 0.179688 0.357422 0.144531 0.349609 0.132812 0.343750 0.123047 0.343750 0.105469 0.335938 0.068359 0.328125
2 0.865234 0.396484 0.863281 0.398438 0.863281 0.408203 0.861328 0.410156 0.861328 0.441406 0.869141 0.447266 0.876953 0.447266 0.878906 0.449219 0.886719 0.449219 0.888672 0.451172 0.910156 0.451172 0.912109 0.449219 0.912109 0.443359 0.914062 0.441406 0.914062 0.427734 0.916016 0.425781 0.916016 0.404297 0.912109 0.400391 0.908203 0.400391 0.906250 0.398438 0.892578 0.398438 0.890625 0.396484
2 0.001953 0.402344 0.003906 0.404297 0.015625 0.404297 0.015625 0.402344
2 0.048828 0.410156 0.048828 0.414062 0.060547 0.414062 0.062500 0.416016 0.070312 0.416016 0.072266 0.417969 0.074219 0.416016 0.076172 0.416016 0.082031 0.419922 0.105469 0.419922 0.097656 0.419922 0.095703 0.417969 0.083984 0.417969 0.082031 0.416016 0.078125 0.416016 0.076172 0.414062 0.068359 0.414062 0.066406 0.412109 0.056641 0.412109 0.054688 0.410156
2 0.109375 0.419922 0.109375 0.421875 0.111328 0.423828 0.119141 0.423828 0.123047 0.427734 0.123047 0.431641 0.125000 0.431641 0.126953 0.433594 0.130859 0.433594 0.132812 0.435547 0.154297 0.435547 0.156250 0.433594 0.164062 0.433594 0.166016 0.435547 0.169922 0.435547 0.171875 0.433594 0.175781 0.433594 0.175781 0.431641 0.173828 0.429688 0.166016 0.429688 0.162109 0.425781 0.160156 0.425781 0.158203 0.423828 0.148438 0.423828 0.146484 0.421875 0.144531 0.421875 0.142578 0.423828 0.132812 0.423828 0.130859 0.421875 0.125000 0.421875 0.123047 0.423828 0.121094 0.423828 0.119141 0.421875 0.111328 0.421875
2 0.000000 0.425781 0.000000 0.568359 0.050781 0.570312 0.089844 0.591797 0.156250 0.587891 0.166016 0.578125 0.171875 0.537109 0.171875 0.458984 0.167969 0.455078 0.140625 0.455078 0.107422 0.445312 0.099609 0.437500 0.078125 0.437500 0.068359 0.431641 0.029297 0.431641
2 0.863281 0.453125 0.861328 0.455078 0.861328 0.462891 0.851562 0.482422 0.851562 0.492188 0.847656 0.503906 0.847656 0.525391 0.855469 0.529297 0.876953 0.531250 0.878906 0.533203 0.884766 0.531250 0.886719 0.519531 0.892578 0.513672 0.900391 0.513672 0.902344 0.509766 0.902344 0.494141 0.904297 0.492188 0.906250 0.476562 0.904297 0.474609 0.896484 0.474609 0.894531 0.472656 0.871094 0.468750 0.867188 0.464844 0.867188 0.460938 0.873047 0.457031 0.873047 0.453125
2 0.000000 0.599609 0.001953 0.671875 0.078125 0.677734 0.091797 0.669922 0.089844 0.652344 0.097656 0.638672 0.099609 0.644531 0.093750 0.660156 0.099609 0.666016 0.175781 0.673828 0.185547 0.656250 0.187500 0.638672 0.183594 0.632812 0.128906 0.623047 0.105469 0.623047 0.101562 0.626953 0.097656 0.619141 0.085938 0.613281
2 0.601562 0.650391 0.601562 0.660156 0.599609 0.662109 0.599609 0.669922 0.603516 0.673828 0.613281 0.673828 0.615234 0.675781 0.621094 0.675781 0.623047 0.677734 0.628906 0.677734 0.630859 0.679688 0.634766 0.679688 0.636719 0.681641 0.640625 0.677734 0.640625 0.675781 0.644531 0.671875 0.644531 0.669922 0.646484 0.667969 0.646484 0.660156 0.648438 0.658203 0.646484 0.656250 0.646484 0.654297 0.644531 0.654297 0.638672 0.648438 0.603516 0.648438
2 0.751953 0.710938 0.750000 0.712891 0.750000 0.720703 0.751953 0.722656 0.751953 0.751953 0.748047 0.759766 0.759766 0.765625 0.792969 0.765625 0.794922 0.761719 0.792969 0.759766 0.792969 0.730469 0.794922 0.728516 0.794922 0.714844 0.792969 0.712891 0.781250 0.712891 0.779297 0.710938
2 0.234375 0.716797 0.232422 0.718750 0.232422 0.757812 0.230469 0.759766 0.230469 0.765625 0.232422 0.767578 0.248047 0.767578 0.250000 0.769531 0.273438 0.769531 0.275391 0.767578 0.275391 0.753906 0.277344 0.751953 0.277344 0.734375 0.279297 0.732422 0.279297 0.718750 0.261719 0.718750 0.259766 0.716797
2 0.292969 0.736328 0.289062 0.740234 0.289062 0.746094 0.287109 0.748047 0.287109 0.759766 0.285156 0.761719 0.285156 0.769531 0.289062 0.773438 0.292969 0.785156 0.300781 0.789062 0.312500 0.789062 0.314453 0.791016 0.326172 0.791016 0.328125 0.787109 0.328125 0.777344 0.326172 0.773438 0.320312 0.771484 0.316406 0.765625 0.316406 0.748047 0.318359 0.746094 0.318359 0.740234 0.314453 0.736328
2 0.583984 0.751953 0.583984 0.792969 0.589844 0.800781 0.593750 0.802734 0.597656 0.800781 0.599609 0.802734 0.613281 0.804688 0.621094 0.808594 0.626953 0.808594 0.628906 0.806641 0.640625 0.804688 0.642578 0.802734 0.642578 0.787109 0.640625 0.785156 0.642578 0.781250 0.642578 0.773438 0.640625 0.769531 0.636719 0.767578 0.630859 0.757812 0.628906 0.757812 0.625000 0.753906 0.609375 0.753906 0.595703 0.748047 0.589844 0.748047
2 0.453125 0.761719 0.447266 0.767578 0.449219 0.769531 0.449219 0.787109 0.447266 0.789062 0.447266 0.798828 0.445312 0.800781 0.447266 0.800781 0.449219 0.798828 0.451172 0.800781 0.455078 0.800781 0.457031 0.802734 0.460938 0.802734 0.462891 0.800781 0.464844 0.802734 0.468750 0.802734 0.470703 0.800781 0.470703 0.767578 0.466797 0.763672 0.464844 0.763672 0.462891 0.761719
2 0.847656 0.787109 0.847656 0.820312 0.849609 0.822266 0.867188 0.822266 0.869141 0.824219 0.878906 0.824219 0.880859 0.826172 0.919922 0.826172 0.921875 0.824219 0.927734 0.824219 0.927734 0.794922 0.921875 0.791016 0.902344 0.792969 0.900391 0.791016 0.896484 0.791016 0.886719 0.783203 0.876953 0.783203 0.875000 0.781250 0.869141 0.781250 0.867188 0.783203 0.853516 0.783203
2 0.773438 0.828125 0.769531 0.841797 0.769531 0.861328 0.789062 0.884766 0.808594 0.888672 0.804688 0.892578 0.804688 0.902344 0.816406 0.906250 0.833984 0.904297 0.861328 0.906250 0.865234 0.902344 0.865234 0.880859 0.820312 0.878906 0.818359 0.876953 0.826172 0.861328 0.824219 0.851562 0.826172 0.828125 0.822266 0.824219 0.777344 0.824219
2 0.576172 0.833984 0.578125 0.892578 0.591797 0.888672 0.638672 0.888672 0.646484 0.892578 0.648438 0.886719 0.652344 0.892578 0.707031 0.892578 0.714844 0.888672 0.712891 0.841797 0.658203 0.841797 0.656250 0.857422 0.650391 0.861328 0.640625 0.849609 0.640625 0.839844 0.628906 0.833984
2 0.207031 0.925781 0.210938 0.964844 0.244141 0.966797 0.253906 0.962891 0.257812 0.937500 0.261719 0.964844 0.298828 0.964844 0.302734 0.958984 0.310547 0.962891 0.337891 0.960938 0.337891 0.931641 0.326172 0.927734 0.283203 0.927734 0.281250 0.916016 0.275391 0.910156 0.257812 0.912109 0.255859 0.929688 0.253906 0.917969 0.250000 0.914062 0.220703 0.914062
2 0.427734 0.917969 0.419922 0.925781 0.417969 0.929688 0.417969 0.951172 0.419922 0.953125 0.419922 0.964844 0.464844 0.964844 0.464844 0.960938 0.466797 0.958984 0.466797 0.919922 0.458984 0.916016 0.457031 0.917969 0.455078 0.916016 0.453125 0.917969 0.449219 0.917969 0.447266 0.916016 0.445312 0.917969 0.441406 0.916016 0.431641 0.916016
2 0.677734 0.917969 0.615234 0.914062 0.605469 0.919922 0.591797 0.917969 0.587891 0.933594 0.580078 0.917969 0.568359 0.917969 0.552734 0.925781 0.548828 0.939453 0.533203 0.935547 0.533203 0.919922 0.474609 0.917969 0.474609 0.962891 0.478516 0.974609 0.546875 0.974609 0.552734 0.966797 0.556641 0.970703 0.582031 0.968750 0.587891 0.958984 0.623047 0.974609 0.636719 0.974609 0.642578 0.941406 0.666016 0.939453
5 0.324219 0.000000 0.789062 0.152344 0.716797 0.818359 0.238281 0.796875 0.201172 0.867188 0.306641 0.914062 0.716797 0.916016 0.220703 0.855469 0.246094 0.818359 0.714844 0.839844 0.742188 0.914062 0.892578 0.998047 0.748047 0.880859 0.744141 0.609375 0.998047 0.632812 0.748047 0.585938 0.808594 0.156250 0.982422 0.212891 0.998047 0.171875
