0 0.527344 0.000000 0.416016 0.000000 0.425781 0.054688 0.335938 0.130859 0.271484 0.000000 0.117188 0.000000 0.246094 0.234375 0.095703 0.400391 0.000000 0.417969 0.000000 0.464844 0.121094 0.474609 0.117188 0.513672 0.000000 0.515625 0.000000 0.636719 0.058594 0.648438 0.044922 0.726562 0.000000 0.744141 0.000000 0.998047 0.087891 0.998047 0.126953 0.535156 0.179688 0.408203 0.392578 0.251953
0 0.998047 0.115234 0.740234 0.062500 0.660156 0.142578 0.611328 0.000000 0.558594 0.000000 0.412109 0.273438 0.169922 0.494141 0.154297 0.582031 0.277344 0.367188 0.458984 0.289062 0.619141 0.048828 0.496094 0.310547 0.222656 0.537109 0.208984 0.982422 0.359375 0.931641 0.451172 0.960938 0.498047 0.894531 0.515625 0.955078 0.603516 0.949219 0.695312 0.855469 0.765625 0.892578 0.837891 0.828125 0.923828 0.839844 0.941406 0.798828 0.800781 0.705078 0.787109 0.386719 0.699219 0.314453 0.683594 0.207031 0.814453 0.373047 0.830078 0.681641 0.998047 0.775391
0 0.642578 0.000000 0.660156 0.035156 0.660156 0.058594 0.669922 0.070312 0.720703 0.037109 0.781250 0.031250 0.835938 0.054688 0.871094 0.082031 0.998047 0.082031 0.998047 0.000000
0 0.033203 0.105469 0.033203 0.109375 0.031250 0.111328 0.033203 0.113281 0.031250 0.111328 0.033203 0.109375
0 0.001953 0.183594 0.000000 0.183594 0.000000 0.189453 0.001953 0.187500 0.000000 0.185547
0 0.035156 0.187500 0.037109 0.189453 0.037109 0.187500
0 0.056641 0.298828 0.056641 0.302734 0.060547 0.302734 0.058594 0.300781 0.060547 0.298828
0 0.394531 0.335938 0.392578 0.335938 0.390625 0.337891 0.392578 0.335938
0 0.000000 0.390625 0.000000 0.402344 0.001953 0.400391 0.001953 0.398438 0.003906 0.396484 0.001953 0.394531 0.003906 0.392578 0.001953 0.392578
0 0.207031 0.498047 0.207031 0.505859 0.205078 0.507812 0.205078 0.509766 0.208984 0.505859 0.210938 0.505859 0.208984 0.503906 0.208984 0.500000
0 0.191406 0.550781 0.185547 0.583984 0.179688 0.595703 0.179688 0.601562 0.171875 0.619141 0.171875 0.628906 0.166016 0.642578 0.167969 0.652344 0.166016 0.658203 0.156250 0.667969 0.158203 0.673828 0.156250 0.675781 0.158203 0.679688 0.156250 0.701172 0.158203 0.701172 0.156250 0.693359 0.164062 0.673828 0.162109 0.669922 0.169922 0.654297 0.181641 0.611328 0.185547 0.603516 0.197266 0.591797 0.193359 0.580078 0.195312 0.568359 0.191406 0.560547
0 0.156250 0.718750 0.156250 0.720703 0.154297 0.722656 0.156250 0.724609 0.156250 0.726562
0 0.156250 0.730469 0.156250 0.732422 0.154297 0.734375 0.154297 0.736328 0.156250 0.738281 0.154297 0.740234 0.154297 0.742188 0.156250 0.744141 0.154297 0.746094 0.154297 0.748047 0.154297 0.746094 0.156250 0.744141 0.156250 0.742188 0.154297 0.740234 0.156250 0.738281
0 0.904297 0.750000 0.914062 0.759766 0.916016 0.759766 0.917969 0.761719 0.919922 0.761719 0.921875 0.763672 0.923828 0.761719 0.923828 0.750000
0 0.154297 0.773438 0.154297 0.777344 0.152344 0.779297 0.152344 0.781250 0.154297 0.781250
0 0.154297 0.785156 0.148438 0.802734 0.150391 0.865234 0.140625 0.896484 0.142578 0.902344 0.134766 0.927734 0.134766 0.945312 0.125000 0.974609 0.132812 0.960938 0.134766 0.941406 0.152344 0.898438
0 0.667969 0.917969 0.664062 0.917969 0.664062 0.921875 0.666016 0.923828 0.664062 0.925781 0.666016 0.925781 0.666016 0.921875 0.667969 0.919922
0 0.998047 0.962891 0.996094 0.964844 0.992188 0.964844 0.990234 0.960938 0.986328 0.958984 0.984375 0.960938 0.986328 0.964844 0.982422 0.968750 0.966797 0.968750 0.964844 0.970703 0.955078 0.968750 0.951172 0.970703 0.953125 0.982422 0.949219 0.986328 0.943359 0.980469 0.943359 0.974609 0.939453 0.974609 0.937500 0.992188 0.939453 0.994141 0.945312 0.994141 0.951172 0.990234 0.953125 0.992188 0.953125 0.998047 0.998047 0.998047
0 0.121094 0.984375 0.121094 0.988281 0.119141 0.990234 0.119141 0.996094 0.117188 0.998047 0.125000 0.998047 0.126953 0.996094 0.132812 0.996094 0.130859 0.996094 0.123047 0.988281 0.123047 0.984375
1 0.609375 0.037109 0.509766 0.158203 0.460938 0.289062 0.287109 0.361328 0.226562 0.449219 0.158203 0.693359 0.156250 0.882812 0.130859 0.994141 0.207031 0.992188 0.208984 0.769531 0.183594 0.695312 0.224609 0.595703 0.220703 0.537109 0.300781 0.453125 0.494141 0.310547 0.613281 0.082031
2 0.757812 0.173828 0.755859 0.171875 0.750000 0.169922 0.748047 0.167969 0.746094 0.162109 0.732422 0.162109 0.730469 0.160156 0.728516 0.162109 0.724609 0.162109 0.718750 0.166016 0.718750 0.171875 0.712891 0.179688 0.708984 0.179688 0.707031 0.181641 0.703125 0.181641 0.701172 0.183594 0.701172 0.191406 0.703125 0.193359 0.720703 0.193359 0.722656 0.191406 0.728516 0.191406 0.730469 0.189453 0.734375 0.189453 0.736328 0.187500 0.740234 0.187500 0.742188 0.185547 0.746094 0.185547 0.748047 0.183594 0.753906 0.183594 0.755859 0.181641 0.757812 0.181641
2 0.300781 0.261719 0.298828 0.261719 0.296875 0.259766 0.287109 0.259766 0.285156 0.261719 0.275391 0.261719 0.273438 0.263672 0.271484 0.263672 0.271484 0.265625 0.269531 0.267578 0.269531 0.287109 0.271484 0.289062 0.271484 0.292969 0.273438 0.294922 0.273438 0.296875 0.277344 0.300781 0.283203 0.300781 0.291016 0.292969 0.292969 0.292969 0.294922 0.291016 0.298828 0.291016 0.300781 0.289062 0.304688 0.289062 0.308594 0.285156 0.308594 0.275391 0.306641 0.273438 0.306641 0.269531 0.304688 0.267578 0.304688 0.265625
2 0.000000 0.466797 0.000000 0.513672 0.009766 0.505859 0.019531 0.501953 0.117188 0.511719 0.117188 0.492188 0.119141 0.490234 0.119141 0.474609 0.117188 0.472656 0.089844 0.468750 0.068359 0.468750 0.066406 0.466797 0.039062 0.466797 0.037109 0.464844 0.001953 0.464844
2 0.513672 0.585938 0.527344 0.585938 0.533203 0.605469 0.548828 0.605469 0.564453 0.597656 0.568359 0.564453 0.574219 0.574219 0.619141 0.568359 0.623047 0.554688 0.628906 0.566406 0.636719 0.562500 0.640625 0.572266 0.666016 0.570312 0.666016 0.533203 0.650391 0.515625 0.621094 0.517578 0.605469 0.511719 0.560547 0.511719 0.554688 0.517578 0.552734 0.541016 0.568359 0.562500 0.554688 0.558594 0.529297 0.568359 0.513672 0.566406
2 0.291016 0.625000 0.289062 0.630859 0.289062 0.656250 0.291016 0.660156 0.302734 0.662109 0.316406 0.667969 0.322266 0.667969 0.324219 0.669922 0.341797 0.669922 0.349609 0.666016 0.369141 0.666016 0.373047 0.662109 0.378906 0.648438 0.378906 0.632812 0.371094 0.630859 0.359375 0.623047 0.333984 0.619141 0.324219 0.615234 0.302734 0.615234
2 0.759766 0.634766 0.757812 0.636719 0.757812 0.671875 0.763672 0.671875 0.765625 0.673828 0.791016 0.673828 0.792969 0.671875 0.792969 0.634766 0.791016 0.632812 0.763672 0.632812 0.761719 0.634766
2 0.000000 0.638672 0.000000 0.742188 0.003906 0.740234 0.011719 0.742188 0.017578 0.740234 0.023438 0.732422 0.031250 0.734375 0.042969 0.726562 0.044922 0.720703 0.044922 0.685547 0.052734 0.677734 0.052734 0.669922 0.056641 0.660156 0.056641 0.648438 0.041016 0.644531 0.011719 0.642578 0.005859 0.638672
2 0.058594 0.681641 0.052734 0.685547 0.052734 0.691406 0.050781 0.693359 0.050781 0.707031 0.048828 0.708984 0.046875 0.738281 0.054688 0.742188 0.080078 0.744141 0.087891 0.738281 0.087891 0.728516 0.089844 0.726562 0.089844 0.708984 0.087891 0.707031 0.087891 0.687500 0.083984 0.683594 0.080078 0.683594 0.078125 0.681641
2 0.529297 0.685547 0.523438 0.683594 0.501953 0.691406 0.490234 0.683594 0.478516 0.683594 0.455078 0.695312 0.445312 0.695312 0.435547 0.687500 0.431641 0.687500 0.425781 0.718750 0.425781 0.746094 0.429688 0.755859 0.441406 0.759766 0.486328 0.759766 0.488281 0.757812 0.486328 0.750000 0.490234 0.744141 0.503906 0.740234 0.515625 0.730469 0.542969 0.722656 0.544922 0.718750 0.531250 0.703125
2 0.880859 0.714844 0.890625 0.726562 0.890625 0.730469 0.900391 0.742188 0.902344 0.748047 0.923828 0.748047 0.925781 0.750000 0.925781 0.763672 0.929688 0.763672 0.933594 0.767578 0.939453 0.767578 0.941406 0.769531 0.943359 0.767578 0.947266 0.769531 0.949219 0.767578 0.949219 0.736328 0.945312 0.732422 0.935547 0.732422 0.933594 0.730469 0.935547 0.728516 0.933594 0.720703 0.921875 0.701172 0.896484 0.701172 0.888672 0.712891 0.882812 0.712891
2 0.027344 0.744141 0.027344 0.746094 0.029297 0.746094 0.029297 0.744141
2 0.554688 0.777344 0.554688 0.779297 0.552734 0.781250 0.552734 0.812500 0.554688 0.814453 0.554688 0.816406 0.578125 0.816406 0.580078 0.814453 0.583984 0.814453 0.589844 0.808594 0.591797 0.808594 0.593750 0.806641 0.599609 0.806641 0.601562 0.804688 0.603516 0.804688 0.603516 0.792969 0.601562 0.791016 0.601562 0.789062 0.595703 0.783203 0.593750 0.783203 0.587891 0.779297 0.582031 0.779297 0.580078 0.777344 0.562500 0.777344 0.560547 0.775391 0.558594 0.777344
2 0.242188 0.798828 0.242188 0.812500 0.246094 0.816406 0.248047 0.816406 0.250000 0.818359 0.259766 0.818359 0.261719 0.820312 0.271484 0.820312 0.273438 0.818359 0.273438 0.796875 0.271484 0.794922 0.267578 0.794922 0.265625 0.792969 0.259766 0.792969 0.257812 0.794922 0.246094 0.794922
2 0.279297 0.792969 0.277344 0.794922 0.277344 0.820312 0.279297 0.822266 0.291016 0.822266 0.291016 0.794922 0.289062 0.792969
2 0.314453 0.796875 0.314453 0.824219 0.316406 0.828125 0.322266 0.828125 0.330078 0.832031 0.349609 0.832031 0.351562 0.833984 0.380859 0.833984 0.382812 0.832031 0.382812 0.824219 0.371094 0.818359 0.367188 0.814453 0.365234 0.810547 0.365234 0.804688 0.361328 0.798828 0.349609 0.798828 0.347656 0.796875
2 0.841797 0.835938 0.841797 0.849609 0.833984 0.875000 0.837891 0.886719 0.878906 0.892578 0.886719 0.890625 0.902344 0.896484 0.910156 0.904297 0.935547 0.904297 0.941406 0.898438 0.998047 0.892578 0.998047 0.837891 0.962891 0.837891 0.951172 0.843750 0.925781 0.847656 0.898438 0.847656 0.886719 0.839844 0.853516 0.833984
2 0.267578 0.841797 0.265625 0.841797 0.263672 0.839844 0.259766 0.839844 0.257812 0.841797 0.242188 0.841797 0.238281 0.845703 0.238281 0.871094 0.240234 0.873047 0.240234 0.876953 0.242188 0.878906 0.269531 0.878906 0.269531 0.847656 0.267578 0.845703
2 0.691406 0.863281 0.691406 0.873047 0.689453 0.875000 0.689453 0.898438 0.705078 0.898438 0.707031 0.900391 0.724609 0.900391 0.730469 0.896484 0.740234 0.894531 0.740234 0.888672 0.742188 0.886719 0.742188 0.876953 0.744141 0.875000 0.744141 0.861328 0.742188 0.859375 0.734375 0.859375 0.732422 0.857422 0.695312 0.857422
2 0.685547 0.875000 0.681641 0.873047 0.656250 0.875000 0.656250 0.902344 0.654297 0.904297 0.652344 0.902344 0.652344 0.890625 0.650391 0.888672 0.646484 0.890625 0.625000 0.890625 0.623047 0.892578 0.625000 0.929688 0.626953 0.931641 0.652344 0.931641 0.656250 0.927734 0.654297 0.923828 0.654297 0.914062 0.656250 0.912109 0.673828 0.912109 0.679688 0.910156 0.685547 0.898438
2 0.511719 0.898438 0.507812 0.896484 0.498047 0.896484 0.496094 0.898438 0.478516 0.898438 0.476562 0.900391 0.462891 0.900391 0.458984 0.904297 0.460938 0.949219 0.462891 0.951172 0.462891 0.957031 0.466797 0.960938 0.480469 0.960938 0.490234 0.957031 0.511719 0.957031 0.513672 0.955078
2 0.363281 0.916016 0.363281 0.927734 0.365234 0.929688 0.390625 0.929688 0.392578 0.931641 0.404297 0.931641 0.406250 0.929688 0.412109 0.929688 0.414062 0.927734 0.421875 0.927734 0.425781 0.923828 0.425781 0.919922 0.427734 0.917969 0.427734 0.908203 0.425781 0.908203 0.423828 0.906250 0.410156 0.906250 0.408203 0.904297 0.400391 0.904297 0.398438 0.902344 0.392578 0.902344 0.390625 0.900391 0.376953 0.900391 0.375000 0.902344 0.373047 0.902344 0.367188 0.908203 0.367188 0.910156
2 0.792969 0.900391 0.791016 0.900391 0.789062 0.898438 0.773438 0.898438 0.771484 0.900391 0.765625 0.900391 0.763672 0.902344 0.755859 0.902344 0.753906 0.904297 0.746094 0.904297 0.746094 0.927734 0.748047 0.929688 0.767578 0.929688 0.769531 0.927734 0.789062 0.927734 0.791016 0.925781 0.794922 0.925781 0.794922 0.917969 0.792969 0.916016
2 0.355469 0.935547 0.355469 0.939453 0.353516 0.941406 0.353516 0.951172 0.355469 0.953125 0.355469 0.968750 0.359375 0.972656 0.376953 0.972656 0.378906 0.970703 0.394531 0.970703 0.400391 0.966797 0.400391 0.947266 0.396484 0.943359 0.392578 0.943359 0.386719 0.939453 0.382812 0.939453 0.380859 0.937500 0.376953 0.937500 0.375000 0.935547 0.365234 0.935547 0.363281 0.933594 0.359375 0.933594 0.357422 0.935547
3 0.115234 0.000000 0.000000 0.000000 0.000000 0.416016 0.011719 0.423828 0.095703 0.398438 0.175781 0.320312 0.244141 0.234375 0.238281 0.191406
3 0.267578 0.009766 0.269531 0.021484 0.277344 0.031250 0.308594 0.109375 0.320312 0.121094 0.335938 0.128906 0.359375 0.115234 0.386719 0.085938 0.417969 0.060547 0.425781 0.048828 0.423828 0.035156 0.417969 0.027344 0.419922 0.023438 0.414062 0.000000 0.273438 0.000000
5 0.556641 0.000000 0.529297 0.000000 0.490234 0.048828 0.394531 0.251953 0.210938 0.375000 0.144531 0.484375 0.125000 0.562500 0.123047 0.863281 0.089844 0.998047 0.117188 0.996094 0.154297 0.667969 0.207031 0.496094 0.181641 0.482422 0.154297 0.583984 0.167969 0.494141 0.230469 0.392578 0.410156 0.273438
5 0.611328 0.003906 0.648438 0.132812 0.660156 0.140625 0.671875 0.132812 0.679688 0.099609 0.740234 0.060547 0.791016 0.062500 0.867188 0.109375 0.998047 0.113281 0.998047 0.083984 0.871094 0.083984 0.835938 0.056641 0.781250 0.033203 0.720703 0.039062 0.669922 0.072266 0.658203 0.058594 0.658203 0.035156 0.642578 0.001953
5 0.677734 0.210938 0.671875 0.232422 0.701172 0.314453 0.789062 0.386719 0.802734 0.705078 0.839844 0.708984 0.910156 0.789062 0.996094 0.798828 0.996094 0.775391 0.914062 0.761719 0.861328 0.691406 0.828125 0.681641 0.812500 0.373047 0.722656 0.298828 0.697266 0.216797
