0 0.093750 0.126953 0.078125 0.144531 0.078125 0.167969 0.074219 0.173828 0.070312 0.191406 0.072266 0.207031 0.076172 0.212891 0.074219 0.222656 0.080078 0.228516 0.078125 0.234375 0.080078 0.238281 0.093750 0.240234 0.115234 0.238281 0.117188 0.240234 0.125000 0.232422 0.132812 0.230469 0.136719 0.220703 0.132812 0.214844 0.136719 0.207031 0.134766 0.201172 0.136719 0.191406 0.132812 0.185547 0.134766 0.166016 0.132812 0.158203 0.121094 0.146484 0.125000 0.138672 0.123047 0.130859
0 0.578125 0.558594 0.568359 0.570312 0.568359 0.591797 0.570312 0.593750 0.568359 0.595703 0.568359 0.613281 0.564453 0.628906 0.558594 0.634766 0.566406 0.642578 0.574219 0.644531 0.587891 0.644531 0.605469 0.638672 0.632812 0.640625 0.636719 0.630859 0.634766 0.605469 0.630859 0.597656 0.628906 0.585938 0.621094 0.570312 0.607422 0.562500 0.591797 0.560547 0.589844 0.558594
0 0.351562 0.640625 0.349609 0.642578 0.349609 0.656250 0.347656 0.658203 0.347656 0.671875 0.343750 0.689453 0.345703 0.714844 0.357422 0.724609 0.365234 0.726562 0.390625 0.726562 0.404297 0.722656 0.408203 0.716797 0.412109 0.718750 0.414062 0.716797 0.410156 0.712891 0.419922 0.707031 0.423828 0.699219 0.421875 0.691406 0.425781 0.689453 0.423828 0.656250 0.414062 0.642578 0.406250 0.638672
0 0.998047 0.724609 0.972656 0.724609 0.957031 0.728516 0.919922 0.728516 0.908203 0.732422 0.898438 0.763672 0.898438 0.773438 0.902344 0.785156 0.908203 0.791016 0.925781 0.794922 0.994141 0.796875 0.998047 0.798828
0 0.091797 0.736328 0.089844 0.738281 0.087891 0.738281 0.078125 0.748047 0.078125 0.751953 0.076172 0.753906 0.076172 0.765625 0.074219 0.767578 0.080078 0.777344 0.080078 0.781250 0.089844 0.791016 0.111328 0.791016 0.115234 0.787109 0.115234 0.785156 0.119141 0.779297 0.119141 0.759766 0.117188 0.757812 0.117188 0.753906 0.115234 0.751953 0.115234 0.750000 0.109375 0.744141 0.103516 0.744141 0.095703 0.736328
0 0.089844 0.794922 0.082031 0.802734 0.078125 0.802734 0.068359 0.808594 0.068359 0.820312 0.076172 0.828125 0.078125 0.833984 0.082031 0.837891 0.083984 0.837891 0.087891 0.841797 0.099609 0.841797 0.101562 0.839844 0.103516 0.839844 0.109375 0.833984 0.111328 0.833984 0.117188 0.826172 0.117188 0.814453 0.115234 0.812500 0.115234 0.808594 0.105469 0.796875 0.101562 0.796875 0.099609 0.794922
0 0.396484 0.878906 0.410156 0.886719 0.390625 0.908203 0.419922 0.914062 0.419922 0.941406 0.414062 0.947266 0.396484 0.943359 0.402344 0.960938 0.410156 0.960938 0.406250 0.970703 0.402344 0.964844 0.402344 0.974609 0.406250 0.970703 0.410156 0.978516 0.394531 0.986328 0.398438 0.992188 0.410156 0.992188 0.412109 0.982422 0.423828 0.978516 0.472656 0.994141 0.533203 0.994141 0.544922 0.968750 0.546875 0.980469 0.552734 0.964844 0.568359 0.974609 0.566406 0.962891 0.558594 0.964844 0.533203 0.943359 0.523438 0.923828 0.527344 0.894531 0.494141 0.871094 0.498047 0.841797 0.470703 0.841797 0.466797 0.824219 0.447266 0.824219 0.441406 0.832031 0.458984 0.833984 0.462891 0.845703 0.439453 0.873047 0.433594 0.857422 0.423828 0.875000 0.417969 0.857422 0.410156 0.865234 0.416016 0.869141
0 0.509766 0.837891 0.511719 0.837891 0.513672 0.839844 0.515625 0.837891 0.519531 0.841797 0.521484 0.841797 0.523438 0.839844 0.525391 0.839844 0.531250 0.843750 0.531250 0.845703 0.533203 0.847656 0.531250 0.849609 0.531250 0.867188 0.533203 0.867188 0.533203 0.861328 0.535156 0.859375 0.535156 0.845703 0.537109 0.843750 0.537109 0.837891 0.531250 0.837891 0.529297 0.839844 0.523438 0.839844 0.521484 0.837891
2 0.066406 0.000000 0.066406 0.009766 0.064453 0.011719 0.064453 0.021484 0.062500 0.023438 0.062500 0.025391 0.066406 0.029297 0.068359 0.029297 0.078125 0.037109 0.082031 0.037109 0.083984 0.039062 0.097656 0.039062 0.099609 0.037109 0.099609 0.029297 0.101562 0.027344 0.101562 0.001953 0.103516 0.000000
2 0.234375 0.000000 0.234375 0.023438 0.236328 0.023438 0.238281 0.025391 0.248047 0.025391 0.250000 0.023438 0.277344 0.023438 0.279297 0.021484 0.287109 0.021484 0.291016 0.015625 0.291016 0.000000
2 0.695312 0.025391 0.697266 0.044922 0.689453 0.064453 0.689453 0.072266 0.681641 0.082031 0.683594 0.085938 0.681641 0.089844 0.691406 0.101562 0.691406 0.107422 0.707031 0.115234 0.722656 0.115234 0.734375 0.111328 0.767578 0.111328 0.787109 0.107422 0.785156 0.050781 0.781250 0.046875 0.750000 0.044922 0.748047 0.042969 0.755859 0.039062 0.753906 0.025391
2 0.277344 0.027344 0.275391 0.029297 0.253906 0.031250 0.250000 0.035156 0.250000 0.046875 0.248047 0.048828 0.248047 0.054688 0.246094 0.056641 0.246094 0.091797 0.250000 0.095703 0.285156 0.095703 0.287109 0.093750 0.292969 0.093750 0.296875 0.089844 0.296875 0.060547 0.291016 0.052734 0.289062 0.041016
2 0.238281 0.058594 0.228516 0.058594 0.226562 0.056641 0.216797 0.058594 0.216797 0.072266 0.214844 0.074219 0.214844 0.078125 0.212891 0.080078 0.212891 0.082031 0.207031 0.085938 0.203125 0.085938 0.199219 0.091797 0.199219 0.101562 0.201172 0.103516 0.218750 0.103516 0.220703 0.101562 0.228516 0.101562 0.230469 0.099609 0.234375 0.099609 0.240234 0.095703 0.240234 0.060547
2 0.083984 0.068359 0.083984 0.074219 0.082031 0.076172 0.082031 0.099609 0.087891 0.117188 0.093750 0.121094 0.099609 0.121094 0.109375 0.125000 0.130859 0.125000 0.142578 0.128906 0.162109 0.128906 0.173828 0.107422 0.173828 0.091797 0.171875 0.087891 0.142578 0.083984 0.113281 0.062500 0.093750 0.062500
2 0.531250 0.078125 0.529297 0.080078 0.529297 0.105469 0.527344 0.107422 0.527344 0.115234 0.529297 0.115234 0.533203 0.119141 0.541016 0.119141 0.546875 0.125000 0.550781 0.126953 0.554688 0.126953 0.556641 0.128906 0.574219 0.128906 0.576172 0.125000 0.576172 0.111328 0.578125 0.109375 0.578125 0.099609 0.580078 0.097656 0.580078 0.089844 0.576172 0.085938 0.564453 0.080078 0.546875 0.080078 0.544922 0.078125
2 0.445312 0.085938 0.431641 0.085938 0.429688 0.087891 0.416016 0.087891 0.412109 0.091797 0.412109 0.097656 0.410156 0.099609 0.412109 0.101562 0.412109 0.126953 0.416016 0.130859 0.445312 0.130859 0.447266 0.128906 0.447266 0.095703 0.445312 0.093750
2 0.361328 0.121094 0.320312 0.119141 0.314453 0.126953 0.312500 0.121094 0.298828 0.121094 0.255859 0.138672 0.246094 0.152344 0.248047 0.197266 0.289062 0.201172 0.292969 0.179688 0.314453 0.175781 0.316406 0.156250 0.320312 0.175781 0.359375 0.175781 0.363281 0.134766
2 0.841797 0.136719 0.841797 0.144531 0.837891 0.148438 0.837891 0.152344 0.835938 0.154297 0.835938 0.179688 0.837891 0.181641 0.845703 0.181641 0.847656 0.183594 0.902344 0.183594 0.906250 0.179688 0.904297 0.177734 0.904297 0.162109 0.902344 0.158203 0.892578 0.150391 0.892578 0.146484 0.890625 0.144531 0.890625 0.134766 0.886719 0.130859 0.859375 0.130859 0.857422 0.132812 0.845703 0.132812
2 0.000000 0.134766 0.000000 0.173828 0.019531 0.191406 0.033203 0.193359 0.042969 0.197266 0.056641 0.197266 0.058594 0.193359 0.058594 0.181641 0.064453 0.177734 0.068359 0.177734 0.074219 0.171875 0.076172 0.166016 0.076172 0.152344 0.074219 0.148438 0.052734 0.140625 0.027344 0.138672 0.015625 0.134766
2 0.419922 0.138672 0.419922 0.160156 0.425781 0.164062 0.421875 0.166016 0.421875 0.183594 0.449219 0.185547 0.455078 0.199219 0.574219 0.199219 0.574219 0.189453 0.552734 0.179688 0.541016 0.166016 0.480469 0.162109 0.478516 0.158203 0.484375 0.150391 0.484375 0.142578 0.476562 0.136719 0.423828 0.134766
2 0.632812 0.144531 0.632812 0.152344 0.630859 0.154297 0.630859 0.169922 0.632812 0.171875 0.632812 0.179688 0.636719 0.185547 0.644531 0.185547 0.646484 0.187500 0.656250 0.187500 0.658203 0.185547 0.691406 0.185547 0.693359 0.183594 0.699219 0.183594 0.703125 0.179688 0.701172 0.177734 0.701172 0.156250 0.703125 0.154297 0.703125 0.148438 0.699219 0.140625 0.695312 0.138672 0.675781 0.138672 0.673828 0.136719 0.638672 0.136719
2 0.753906 0.140625 0.753906 0.179688 0.755859 0.181641 0.759766 0.181641 0.761719 0.183594 0.771484 0.183594 0.773438 0.185547 0.781250 0.185547 0.783203 0.187500 0.806641 0.187500 0.808594 0.189453 0.816406 0.189453 0.818359 0.187500 0.822266 0.187500 0.828125 0.179688 0.828125 0.148438 0.824219 0.140625 0.820312 0.138672 0.812500 0.138672 0.810547 0.136719 0.781250 0.136719 0.779297 0.138672 0.755859 0.138672
2 0.365234 0.185547 0.363281 0.210938 0.371094 0.218750 0.373047 0.230469 0.369141 0.236328 0.365234 0.236328 0.361328 0.240234 0.361328 0.263672 0.369141 0.269531 0.441406 0.273438 0.445312 0.267578 0.445312 0.226562 0.449219 0.201172 0.433594 0.191406 0.390625 0.185547
2 0.703125 0.212891 0.701172 0.234375 0.705078 0.240234 0.742188 0.242188 0.744141 0.244141 0.812500 0.244141 0.818359 0.240234 0.820312 0.226562 0.824219 0.220703 0.824219 0.201172 0.820312 0.199219 0.767578 0.199219 0.765625 0.201172 0.718750 0.199219 0.712891 0.201172
2 0.453125 0.228516 0.453125 0.248047 0.466797 0.248047 0.472656 0.263672 0.476562 0.263672 0.478516 0.255859 0.486328 0.259766 0.484375 0.277344 0.488281 0.279297 0.468750 0.285156 0.468750 0.314453 0.488281 0.324219 0.554688 0.324219 0.580078 0.318359 0.580078 0.294922 0.576172 0.289062 0.505859 0.283203 0.552734 0.283203 0.552734 0.263672 0.574219 0.255859 0.570312 0.228516
2 0.000000 0.230469 0.000000 0.257812 0.001953 0.257812 0.003906 0.259766 0.007812 0.259766 0.009766 0.261719 0.013672 0.261719 0.015625 0.263672 0.019531 0.263672 0.021484 0.265625 0.025391 0.265625 0.027344 0.267578 0.041016 0.267578 0.041016 0.259766 0.042969 0.257812 0.042969 0.255859 0.048828 0.250000 0.048828 0.248047 0.050781 0.246094 0.050781 0.242188 0.048828 0.242188 0.046875 0.240234 0.042969 0.240234 0.041016 0.238281 0.037109 0.238281 0.035156 0.236328 0.031250 0.236328 0.029297 0.234375 0.019531 0.234375 0.017578 0.232422 0.007812 0.232422 0.005859 0.230469
2 0.767578 0.257812 0.767578 0.285156 0.775391 0.291016 0.787109 0.292969 0.810547 0.292969 0.812500 0.291016 0.824219 0.302734 0.878906 0.308594 0.894531 0.306641 0.896484 0.263672 0.894531 0.255859 0.886719 0.250000 0.863281 0.250000 0.861328 0.248047 0.849609 0.250000 0.841797 0.246094 0.824219 0.246094 0.816406 0.251953 0.806641 0.250000 0.791016 0.253906 0.771484 0.253906
2 0.000000 0.349609 0.000000 0.388672 0.001953 0.390625 0.009766 0.390625 0.011719 0.392578 0.019531 0.392578 0.021484 0.390625 0.021484 0.382812 0.023438 0.380859 0.023438 0.375000 0.025391 0.373047 0.025391 0.369141 0.027344 0.367188 0.027344 0.357422 0.025391 0.357422 0.023438 0.355469 0.019531 0.355469 0.017578 0.353516 0.013672 0.353516 0.007812 0.349609
2 0.117188 0.347656 0.117188 0.349609 0.107422 0.363281 0.107422 0.369141 0.109375 0.373047 0.117188 0.378906 0.121094 0.378906 0.132812 0.384766 0.138672 0.384766 0.146484 0.390625 0.148438 0.390625 0.154297 0.396484 0.162109 0.398438 0.164062 0.396484 0.166016 0.386719 0.173828 0.371094 0.171875 0.363281 0.164062 0.359375 0.154297 0.357422 0.142578 0.349609 0.136719 0.349609 0.134766 0.347656
2 0.826172 0.373047 0.826172 0.376953 0.824219 0.378906 0.826172 0.380859 0.826172 0.400391 0.828125 0.402344 0.833984 0.402344 0.835938 0.400391 0.888672 0.400391 0.892578 0.398438 0.892578 0.373047 0.888672 0.367188 0.845703 0.367188 0.843750 0.369141 0.833984 0.369141
2 0.234375 0.488281 0.236328 0.494141 0.271484 0.492188 0.277344 0.445312 0.277344 0.488281 0.285156 0.494141 0.341797 0.494141 0.339844 0.455078 0.349609 0.472656 0.351562 0.492188 0.367188 0.503906 0.400391 0.498047 0.404297 0.474609 0.390625 0.423828 0.382812 0.412109 0.369141 0.410156 0.339844 0.419922 0.335938 0.388672 0.296875 0.386719 0.292969 0.402344 0.281250 0.410156 0.279297 0.423828 0.253906 0.423828 0.253906 0.435547 0.244141 0.441406
2 0.726562 0.408203 0.722656 0.408203 0.720703 0.410156 0.707031 0.410156 0.705078 0.412109 0.701172 0.412109 0.695312 0.417969 0.697266 0.421875 0.697266 0.443359 0.699219 0.445312 0.699219 0.476562 0.701172 0.478516 0.728516 0.478516 0.732422 0.476562 0.732422 0.437500 0.730469 0.435547 0.732422 0.429688 0.730469 0.427734 0.730469 0.410156
2 0.916016 0.410156 0.865234 0.408203 0.847656 0.412109 0.843750 0.419922 0.841797 0.416016 0.806641 0.414062 0.777344 0.419922 0.773438 0.431641 0.775391 0.476562 0.781250 0.482422 0.835938 0.478516 0.843750 0.472656 0.888672 0.474609 0.917969 0.470703
2 0.042969 0.433594 0.033203 0.466797 0.031250 0.500000 0.035156 0.505859 0.083984 0.509766 0.162109 0.507812 0.162109 0.498047 0.156250 0.492188 0.154297 0.480469 0.156250 0.468750 0.152344 0.441406 0.089844 0.431641 0.087891 0.427734 0.085938 0.431641 0.082031 0.431641 0.072266 0.419922 0.068359 0.421875 0.072266 0.425781 0.070312 0.427734 0.048828 0.429688
2 0.095703 0.419922 0.093750 0.419922 0.093750 0.421875 0.091797 0.423828 0.089844 0.423828 0.093750 0.427734 0.093750 0.425781 0.091797 0.423828 0.093750 0.421875 0.097656 0.421875
2 0.523438 0.421875 0.519531 0.419922 0.507812 0.419922 0.505859 0.421875 0.480469 0.421875 0.472656 0.427734 0.472656 0.451172 0.478516 0.460938 0.478516 0.470703 0.480469 0.474609 0.484375 0.476562 0.507812 0.476562 0.509766 0.474609 0.513672 0.474609 0.513672 0.464844 0.517578 0.460938 0.525391 0.458984 0.527344 0.455078 0.527344 0.445312 0.525391 0.443359 0.525391 0.435547 0.523438 0.433594
2 0.658203 0.421875 0.654297 0.427734 0.654297 0.447266 0.656250 0.449219 0.656250 0.462891 0.667969 0.480469 0.671875 0.482422 0.679688 0.482422 0.681641 0.480469 0.685547 0.480469 0.689453 0.476562 0.689453 0.458984 0.687500 0.457031 0.687500 0.425781 0.689453 0.421875 0.687500 0.419922 0.671875 0.419922 0.669922 0.421875
2 0.820312 0.564453 0.806641 0.554688 0.767578 0.554688 0.751953 0.562500 0.750000 0.572266 0.748047 0.566406 0.718750 0.564453 0.703125 0.570312 0.695312 0.578125 0.697266 0.685547 0.732422 0.683594 0.746094 0.675781 0.746094 0.646484 0.736328 0.644531 0.753906 0.638672 0.750000 0.623047 0.751953 0.587891 0.753906 0.605469 0.763672 0.617188 0.818359 0.615234 0.822266 0.609375
2 0.921875 0.560547 0.902344 0.560547 0.892578 0.564453 0.880859 0.560547 0.839844 0.562500 0.832031 0.566406 0.833984 0.630859 0.839844 0.646484 0.873047 0.646484 0.896484 0.638672 0.896484 0.630859 0.890625 0.623047 0.892578 0.566406 0.894531 0.621094 0.919922 0.623047 0.923828 0.619141 0.925781 0.566406
2 0.945312 0.564453 0.941406 0.570312 0.941406 0.582031 0.939453 0.583984 0.939453 0.601562 0.937500 0.603516 0.937500 0.611328 0.972656 0.611328 0.974609 0.609375 0.974609 0.574219 0.976562 0.572266 0.976562 0.566406 0.974609 0.564453
2 0.427734 0.576172 0.431641 0.580078 0.431641 0.582031 0.429688 0.583984 0.427734 0.583984 0.423828 0.587891 0.425781 0.589844 0.423828 0.591797 0.423828 0.593750 0.427734 0.597656 0.429688 0.597656 0.431641 0.599609 0.437500 0.599609 0.439453 0.601562 0.462891 0.601562 0.464844 0.599609 0.464844 0.578125 0.460938 0.574219 0.458984 0.574219 0.453125 0.570312 0.439453 0.570312 0.437500 0.572266 0.433594 0.572266
2 0.000000 0.585938 0.000000 0.648438 0.046875 0.650391 0.056641 0.654297 0.095703 0.654297 0.105469 0.648438 0.113281 0.636719 0.113281 0.619141 0.103516 0.605469 0.105469 0.591797 0.107422 0.589844 0.109375 0.591797 0.111328 0.587891 0.103516 0.580078 0.087891 0.578125 0.054688 0.583984 0.044922 0.578125 0.015625 0.580078
2 0.205078 0.580078 0.203125 0.583984 0.203125 0.601562 0.201172 0.603516 0.201172 0.630859 0.197266 0.642578 0.197266 0.650391 0.199219 0.654297 0.224609 0.654297 0.226562 0.656250 0.248047 0.658203 0.250000 0.656250 0.250000 0.646484 0.251953 0.644531 0.251953 0.615234 0.253906 0.613281 0.255859 0.587891 0.253906 0.585938 0.236328 0.585938 0.224609 0.582031
2 0.496094 0.580078 0.490234 0.587891 0.490234 0.599609 0.488281 0.601562 0.488281 0.607422 0.490234 0.609375 0.490234 0.619141 0.492188 0.623047 0.503906 0.628906 0.535156 0.628906 0.541016 0.625000 0.544922 0.613281 0.548828 0.609375 0.554688 0.607422 0.554688 0.593750 0.552734 0.591797 0.548828 0.591797 0.537109 0.578125 0.500000 0.578125
2 0.636719 0.654297 0.634766 0.648438 0.564453 0.650391 0.560547 0.656250 0.519531 0.654297 0.507812 0.660156 0.505859 0.677734 0.509766 0.681641 0.517578 0.683594 0.550781 0.685547 0.568359 0.691406 0.589844 0.691406 0.591797 0.693359 0.595703 0.691406 0.597656 0.693359 0.611328 0.689453 0.630859 0.689453 0.636719 0.683594
2 0.074219 0.679688 0.072266 0.677734 0.060547 0.675781 0.056641 0.671875 0.056641 0.660156 0.050781 0.656250 0.046875 0.658203 0.035156 0.658203 0.031250 0.660156 0.031250 0.667969 0.025391 0.675781 0.021484 0.677734 0.000000 0.677734 0.000000 0.716797 0.011719 0.718750 0.013672 0.716797 0.072266 0.714844 0.076172 0.712891 0.076172 0.705078 0.074219 0.703125
2 0.185547 0.673828 0.185547 0.705078 0.179688 0.724609 0.181641 0.728516 0.185547 0.730469 0.234375 0.732422 0.236328 0.734375 0.259766 0.734375 0.259766 0.710938 0.257812 0.708984 0.259766 0.677734 0.257812 0.673828 0.244141 0.671875 0.234375 0.667969 0.226562 0.667969 0.216797 0.664062 0.203125 0.664062 0.199219 0.669922 0.189453 0.669922
2 0.269531 0.675781 0.263672 0.689453 0.267578 0.746094 0.314453 0.746094 0.326172 0.750000 0.320312 0.832031 0.332031 0.837891 0.349609 0.837891 0.357422 0.794922 0.357422 0.763672 0.343750 0.757812 0.337891 0.750000 0.324219 0.748047 0.335938 0.744141 0.339844 0.734375 0.341797 0.675781
2 0.898438 0.703125 0.902344 0.716797 0.908203 0.724609 0.925781 0.724609 0.927734 0.726562 0.929688 0.724609 0.935547 0.726562 0.937500 0.724609 0.984375 0.722656 0.988281 0.720703 0.992188 0.714844 0.992188 0.691406 0.988281 0.687500 0.976562 0.685547 0.974609 0.679688 0.968750 0.675781 0.945312 0.675781 0.939453 0.671875 0.923828 0.673828 0.919922 0.677734 0.916016 0.687500 0.908203 0.695312 0.900391 0.699219
2 0.457031 0.728516 0.447266 0.757812 0.447266 0.777344 0.441406 0.789062 0.441406 0.800781 0.451172 0.806641 0.478516 0.806641 0.494141 0.812500 0.531250 0.812500 0.537109 0.810547 0.542969 0.794922 0.539062 0.757812 0.521484 0.751953 0.507812 0.751953 0.501953 0.746094 0.500000 0.736328 0.496094 0.732422 0.476562 0.728516
2 0.720703 0.746094 0.751953 0.919922 0.779297 0.927734 0.785156 0.949219 0.808594 0.966797 0.933594 0.984375 0.916016 0.947266 0.929688 0.923828 0.822266 0.912109 0.816406 0.890625 0.804688 0.898438 0.785156 0.876953 0.794922 0.875000 0.796875 0.853516 0.810547 0.875000 0.828125 0.855469 0.839844 0.871094 0.843750 0.855469 0.906250 0.851562 0.998047 0.869141 0.998047 0.802734 0.896484 0.792969 0.896484 0.742188 0.833984 0.728516 0.820312 0.744141
2 0.376953 0.748047 0.365234 0.757812 0.361328 0.765625 0.361328 0.777344 0.363281 0.779297 0.363281 0.789062 0.361328 0.791016 0.363281 0.796875 0.361328 0.798828 0.361328 0.818359 0.365234 0.822266 0.371094 0.824219 0.392578 0.826172 0.394531 0.828125 0.410156 0.828125 0.414062 0.826172 0.417969 0.820312 0.417969 0.798828 0.414062 0.792969 0.396484 0.785156 0.398438 0.779297 0.398438 0.757812 0.396484 0.751953 0.386719 0.746094
2 0.576172 0.753906 0.576172 0.763672 0.580078 0.773438 0.578125 0.777344 0.583984 0.783203 0.589844 0.783203 0.591797 0.785156 0.589844 0.789062 0.580078 0.787109 0.580078 0.792969 0.617188 0.796875 0.619141 0.794922 0.644531 0.792969 0.662109 0.787109 0.664062 0.781250 0.662109 0.761719 0.660156 0.757812 0.656250 0.755859 0.646484 0.755859 0.638672 0.751953 0.628906 0.751953 0.617188 0.748047 0.580078 0.748047
2 0.138672 0.769531 0.138672 0.826172 0.142578 0.833984 0.154297 0.835938 0.156250 0.833984 0.169922 0.833984 0.171875 0.832031 0.189453 0.832031 0.207031 0.826172 0.208984 0.822266 0.207031 0.820312 0.205078 0.802734 0.203125 0.800781 0.205078 0.775391 0.201172 0.771484 0.185547 0.769531 0.183594 0.767578 0.140625 0.767578
2 0.230469 0.783203 0.224609 0.787109 0.226562 0.789062 0.226562 0.826172 0.228516 0.828125 0.248047 0.828125 0.248047 0.826172 0.250000 0.824219 0.250000 0.787109 0.248047 0.785156 0.242188 0.785156 0.240234 0.783203
2 0.500000 0.875000 0.505859 0.882812 0.521484 0.886719 0.529297 0.894531 0.529297 0.904297 0.556641 0.908203 0.527344 0.912109 0.527344 0.925781 0.539062 0.945312 0.566406 0.945312 0.568359 0.912109 0.562500 0.910156 0.574219 0.908203 0.578125 0.900391 0.576172 0.875000 0.566406 0.863281 0.570312 0.859375 0.597656 0.859375 0.601562 0.863281 0.658203 0.859375 0.658203 0.837891 0.546875 0.835938 0.544922 0.839844 0.539062 0.837891 0.533203 0.869141 0.529297 0.867188 0.529297 0.843750 0.505859 0.837891
2 0.849609 0.867188 0.847656 0.867188 0.847656 0.869141 0.845703 0.871094 0.849609 0.871094
2 0.800781 0.882812 0.800781 0.884766 0.802734 0.884766 0.802734 0.882812
2 0.812500 0.884766 0.810547 0.882812 0.808594 0.884766 0.806641 0.884766
2 0.023438 0.896484 0.017578 0.896484 0.013672 0.900391 0.013672 0.902344 0.011719 0.904297 0.009766 0.904297 0.000000 0.916016 0.000000 0.941406 0.001953 0.943359 0.003906 0.943359 0.011719 0.951172 0.019531 0.951172 0.019531 0.949219 0.025391 0.941406 0.031250 0.927734 0.044922 0.914062 0.044922 0.910156 0.042969 0.908203 0.042969 0.906250 0.041016 0.906250 0.039062 0.904297 0.035156 0.904297 0.031250 0.900391 0.029297 0.900391
2 0.675781 0.898438 0.677734 0.900391 0.677734 0.898438
2 0.845703 0.898438 0.845703 0.900391 0.847656 0.900391 0.847656 0.898438
2 0.859375 0.898438 0.859375 0.900391 0.861328 0.902344 0.863281 0.900391 0.861328 0.898438
2 0.675781 0.910156 0.671875 0.908203 0.660156 0.908203 0.658203 0.910156 0.654297 0.910156 0.652344 0.908203 0.646484 0.908203 0.640625 0.912109 0.623047 0.912109 0.621094 0.916016 0.613281 0.921875 0.615234 0.935547 0.619141 0.943359 0.630859 0.943359 0.632812 0.941406 0.644531 0.941406 0.646484 0.939453 0.656250 0.939453 0.658203 0.937500 0.667969 0.937500 0.669922 0.935547 0.675781 0.935547 0.677734 0.931641 0.675781 0.927734 0.675781 0.919922 0.673828 0.917969 0.673828 0.912109
2 0.369141 0.917969 0.369141 0.921875 0.371094 0.923828 0.371094 0.925781 0.376953 0.927734 0.382812 0.933594 0.388672 0.935547 0.394531 0.941406 0.396484 0.941406 0.398438 0.943359 0.402344 0.943359 0.404297 0.945312 0.414062 0.945312 0.417969 0.941406 0.417969 0.914062 0.416016 0.912109 0.398438 0.912109 0.396484 0.910156 0.382812 0.910156 0.380859 0.912109 0.376953 0.912109 0.375000 0.914062 0.373047 0.914062
2 0.089844 0.931641 0.085938 0.933594 0.083984 0.943359 0.076172 0.958984 0.076172 0.964844 0.078125 0.966797 0.083984 0.966797 0.085938 0.968750 0.089844 0.968750 0.101562 0.978516 0.101562 0.984375 0.103516 0.986328 0.107422 0.986328 0.111328 0.988281 0.115234 0.984375 0.121094 0.958984 0.123047 0.955078 0.130859 0.947266 0.130859 0.941406 0.125000 0.935547 0.117188 0.931641
2 0.691406 0.939453 0.679688 0.939453 0.677734 0.941406 0.662109 0.941406 0.660156 0.943359 0.652344 0.943359 0.634766 0.951172 0.632812 0.953125 0.632812 0.978516 0.636719 0.978516 0.638672 0.980469 0.648438 0.980469 0.650391 0.978516 0.699219 0.978516 0.701172 0.976562 0.701172 0.970703 0.697266 0.964844 0.697266 0.958984 0.695312 0.957031 0.697266 0.955078 0.693359 0.949219 0.693359 0.943359
2 0.578125 0.951172 0.578125 0.955078 0.576172 0.957031 0.576172 0.960938 0.572266 0.966797 0.572266 0.980469 0.576172 0.984375 0.578125 0.984375 0.580078 0.986328 0.597656 0.986328 0.599609 0.984375 0.605469 0.984375 0.607422 0.982422 0.615234 0.982422 0.617188 0.980469 0.617188 0.960938 0.615234 0.958984 0.615234 0.951172 0.611328 0.947266 0.585938 0.947266 0.583984 0.949219 0.580078 0.949219
5 0.945312 0.000000 0.908203 0.001953 0.964844 0.498047 0.658203 0.500000 0.619141 0.132812 0.662109 0.001953 0.619141 0.000000 0.582031 0.125000 0.615234 0.501953 0.029297 0.527344 0.000000 0.576172 0.628906 0.539062 0.699219 0.964844 0.750000 0.998047 0.667969 0.541016 0.998047 0.533203
