0 0.666016 0.064453 0.677734 0.089844 0.726562 0.117188 0.755859 0.164062 0.822266 0.183594 0.835938 0.220703 0.923828 0.236328 0.998047 0.238281 0.998047 0.000000 0.816406 0.003906 0.824219 0.007812 0.822266 0.037109 0.816406 0.029297 0.814453 0.037109 0.802734 0.035156 0.794922 0.003906 0.753906 0.000000 0.736328 0.054688 0.705078 0.052734
0 0.347656 0.134766 0.347656 0.148438 0.351562 0.156250 0.365234 0.166016 0.378906 0.185547 0.396484 0.185547 0.404297 0.179688 0.412109 0.179688 0.429688 0.166016 0.464844 0.173828 0.480469 0.167969 0.484375 0.126953 0.498047 0.113281 0.500000 0.097656 0.494141 0.091797 0.466797 0.097656 0.455078 0.095703 0.433594 0.080078 0.392578 0.074219 0.386719 0.078125 0.380859 0.093750 0.361328 0.115234 0.355469 0.117188
0 0.537109 0.097656 0.517578 0.138672 0.513672 0.177734 0.505859 0.189453 0.515625 0.222656 0.515625 0.285156 0.533203 0.300781 0.560547 0.308594 0.626953 0.310547 0.687500 0.326172 0.736328 0.324219 0.750000 0.310547 0.748047 0.281250 0.738281 0.279297 0.734375 0.267578 0.748047 0.240234 0.744141 0.175781 0.695312 0.125000 0.664062 0.119141 0.626953 0.125000 0.603516 0.115234 0.583984 0.095703
0 0.218750 0.226562 0.201172 0.220703 0.191406 0.220703 0.179688 0.226562 0.169922 0.236328 0.167969 0.246094 0.154297 0.259766 0.148438 0.273438 0.148438 0.287109 0.150391 0.289062 0.150391 0.294922 0.154297 0.298828 0.164062 0.298828 0.167969 0.300781 0.173828 0.296875 0.183594 0.296875 0.187500 0.292969 0.205078 0.292969 0.218750 0.285156 0.220703 0.281250 0.220703 0.261719 0.224609 0.253906 0.224609 0.236328 0.220703 0.232422
0 0.056641 0.433594 0.050781 0.439453 0.050781 0.455078 0.054688 0.462891 0.054688 0.468750 0.060547 0.476562 0.064453 0.488281 0.068359 0.490234 0.080078 0.490234 0.097656 0.498047 0.109375 0.498047 0.123047 0.486328 0.130859 0.482422 0.136719 0.468750 0.136719 0.455078 0.134766 0.453125 0.132812 0.437500 0.128906 0.437500 0.111328 0.425781 0.105469 0.425781 0.103516 0.423828 0.085938 0.423828
0 0.533203 0.570312 0.531250 0.572266 0.531250 0.580078 0.515625 0.601562 0.515625 0.609375 0.513672 0.611328 0.513672 0.625000 0.515625 0.628906 0.519531 0.630859 0.527344 0.630859 0.529297 0.632812 0.542969 0.632812 0.544922 0.634766 0.558594 0.632812 0.576172 0.621094 0.582031 0.609375 0.582031 0.599609 0.576172 0.589844 0.564453 0.578125 0.552734 0.572266 0.541016 0.572266 0.539062 0.570312
1 0.156250 0.548828 0.126953 0.568359 0.099609 0.599609 0.074219 0.658203 0.074219 0.683594 0.082031 0.689453 0.093750 0.685547 0.123047 0.650391 0.142578 0.642578 0.220703 0.662109 0.234375 0.673828 0.250000 0.777344 0.267578 0.792969 0.285156 0.789062 0.296875 0.761719 0.289062 0.728516 0.292969 0.695312 0.281250 0.675781 0.281250 0.650391 0.298828 0.615234 0.291016 0.566406 0.203125 0.546875
2 0.701172 0.009766 0.699219 0.011719 0.699219 0.046875 0.718750 0.046875 0.720703 0.048828 0.724609 0.048828 0.726562 0.050781 0.734375 0.050781 0.734375 0.048828 0.736328 0.046875 0.736328 0.027344 0.738281 0.025391 0.738281 0.019531 0.734375 0.015625 0.724609 0.015625 0.722656 0.013672 0.718750 0.013672 0.716797 0.011719 0.712891 0.011719 0.710938 0.009766
2 0.425781 0.181641 0.417969 0.181641 0.416016 0.183594 0.408203 0.183594 0.406250 0.185547 0.402344 0.185547 0.400391 0.189453 0.400391 0.197266 0.398438 0.199219 0.398438 0.208984 0.396484 0.210938 0.396484 0.220703 0.394531 0.222656 0.394531 0.230469 0.392578 0.232422 0.392578 0.236328 0.394531 0.240234 0.402344 0.244141 0.406250 0.244141 0.408203 0.246094 0.416016 0.246094 0.417969 0.248047 0.421875 0.246094 0.421875 0.228516 0.423828 0.226562 0.423828 0.207031 0.425781 0.205078 0.425781 0.197266 0.427734 0.195312 0.427734 0.183594
2 0.818359 0.226562 0.812500 0.250000 0.814453 0.269531 0.998047 0.296875 0.998047 0.250000 0.974609 0.244141 0.923828 0.244141 0.904297 0.232422 0.876953 0.236328 0.845703 0.226562
2 0.386719 0.339844 0.375000 0.373047 0.373047 0.355469 0.347656 0.355469 0.341797 0.361328 0.332031 0.408203 0.332031 0.431641 0.322266 0.494141 0.398438 0.507812 0.404297 0.503906 0.425781 0.351562 0.404297 0.341797
2 0.726562 0.412109 0.724609 0.433594 0.728516 0.437500 0.998047 0.478516 0.998047 0.431641 0.771484 0.398438 0.744141 0.390625 0.734375 0.392578
2 0.728516 0.457031 0.726562 0.468750 0.724609 0.470703 0.724609 0.494141 0.730469 0.494141 0.732422 0.496094 0.746094 0.496094 0.748047 0.498047 0.757812 0.498047 0.759766 0.500000 0.773438 0.500000 0.775391 0.501953 0.791016 0.501953 0.791016 0.490234 0.792969 0.488281 0.792969 0.466797 0.794922 0.464844 0.792969 0.460938 0.757812 0.458984 0.755859 0.457031 0.746094 0.457031 0.744141 0.455078 0.730469 0.455078
2 0.533203 0.521484 0.544922 0.531250 0.623047 0.539062 0.619141 0.583984 0.689453 0.587891 0.695312 0.595703 0.685547 0.644531 0.726562 0.660156 0.781250 0.660156 0.810547 0.609375 0.847656 0.613281 0.865234 0.601562 0.851562 0.576172 0.857422 0.539062 0.847656 0.533203 0.630859 0.505859 0.626953 0.517578 0.548828 0.511719
2 0.916016 0.539062 0.906250 0.541016 0.902344 0.574219 0.894531 0.591797 0.892578 0.617188 0.886719 0.628906 0.880859 0.662109 0.880859 0.677734 0.884766 0.679688 0.896484 0.679688 0.898438 0.677734 0.900391 0.652344 0.908203 0.619141 0.910156 0.591797 0.919922 0.554688 0.919922 0.544922
2 0.921875 0.755859 0.910156 0.755859 0.904297 0.759766 0.902344 0.792969 0.890625 0.843750 0.880859 0.929688 0.886719 0.933594 0.896484 0.933594 0.900391 0.925781 0.904297 0.869141 0.916016 0.818359
2 0.943359 0.757812 0.939453 0.765625 0.941406 0.773438 0.937500 0.779297 0.937500 0.789062 0.929688 0.812500 0.931641 0.833984 0.935547 0.837891 0.941406 0.837891 0.949219 0.841797 0.958984 0.841797 0.960938 0.843750 0.990234 0.843750 0.998047 0.841797 0.998047 0.761719 0.984375 0.761719 0.974609 0.757812
2 0.958984 0.847656 0.957031 0.849609 0.957031 0.855469 0.955078 0.857422 0.953125 0.869141 0.951172 0.871094 0.951172 0.882812 0.949219 0.884766 0.949219 0.898438 0.947266 0.902344 0.955078 0.908203 0.976562 0.908203 0.978516 0.910156 0.990234 0.910156 0.998047 0.914062 0.998047 0.849609 0.994141 0.847656
5 0.595703 0.000000 0.574219 0.000000 0.572266 0.001953 0.574219 0.005859 0.570312 0.013672 0.572266 0.015625 0.562500 0.044922 0.562500 0.050781 0.558594 0.054688 0.554688 0.068359 0.550781 0.072266 0.550781 0.076172 0.546875 0.080078 0.544922 0.085938 0.546875 0.091797 0.550781 0.095703 0.556641 0.097656 0.562500 0.095703 0.568359 0.089844 0.570312 0.080078 0.574219 0.076172 0.578125 0.062500 0.582031 0.058594 0.583984 0.052734 0.583984 0.046875 0.589844 0.033203 0.589844 0.027344 0.595703 0.009766 0.593750 0.007812
5 0.000000 0.849609 0.000000 0.878906 0.984375 0.998047 0.437500 0.908203 0.472656 0.644531 0.998047 0.708984 0.476562 0.623047 0.517578 0.289062 0.417969 0.908203
5 0.738281 0.324219 0.744141 0.333984 0.777344 0.337891 0.822266 0.353516 0.888672 0.359375 0.935547 0.373047 0.990234 0.375000 0.998047 0.371094 0.998047 0.355469 0.990234 0.351562 0.931641 0.351562 0.896484 0.339844 0.835938 0.333984 0.775391 0.314453 0.750000 0.312500
