0 0.000000 0.000000 0.000000 0.099609 0.015625 0.130859 0.042969 0.148438 0.109375 0.144531 0.130859 0.136719 0.154297 0.115234 0.236328 0.119141 0.269531 0.109375 0.324219 0.119141 0.351562 0.082031 0.337891 0.046875 0.310547 0.015625 0.273438 0.000000 0.250000 0.000000 0.222656 0.019531 0.203125 0.013672 0.214844 0.000000
0 0.761719 0.003906 0.740234 0.035156 0.744141 0.078125 0.730469 0.097656 0.742188 0.183594 0.736328 0.240234 0.779297 0.302734 0.796875 0.347656 0.839844 0.363281 0.855469 0.353516 0.910156 0.367188 0.994141 0.328125 0.998047 0.000000
0 0.611328 0.564453 0.542969 0.541016 0.529297 0.503906 0.490234 0.527344 0.406250 0.464844 0.419922 0.447266 0.371094 0.410156 0.324219 0.423828 0.308594 0.462891 0.275391 0.480469 0.283203 0.501953 0.259766 0.535156 0.277344 0.552734 0.224609 0.621094 0.232422 0.648438 0.208984 0.636719 0.054688 0.828125 0.119141 0.955078 0.099609 0.994141 0.472656 0.994141 0.476562 0.958984 0.513672 0.925781 0.550781 0.925781 0.517578 0.822266 0.511719 0.849609 0.490234 0.820312 0.570312 0.777344
0 0.564453 0.796875 0.564453 0.798828 0.562500 0.800781 0.564453 0.802734
0 0.515625 0.810547 0.515625 0.818359 0.517578 0.818359 0.517578 0.810547
0 0.531250 0.839844 0.531250 0.841797 0.533203 0.841797 0.533203 0.839844
2 0.330078 0.126953 0.324219 0.132812 0.316406 0.154297 0.302734 0.175781 0.302734 0.185547 0.312500 0.193359 0.322266 0.195312 0.328125 0.199219 0.337891 0.197266 0.351562 0.199219 0.357422 0.207031 0.369141 0.212891 0.380859 0.214844 0.384766 0.210938 0.384766 0.203125 0.392578 0.195312 0.404297 0.191406 0.408203 0.181641 0.404297 0.167969 0.388672 0.154297 0.378906 0.148438 0.373047 0.148438 0.365234 0.144531 0.351562 0.132812 0.337891 0.126953
2 0.300781 0.195312 0.298828 0.197266 0.298828 0.203125 0.296875 0.207031 0.283203 0.218750 0.281250 0.222656 0.281250 0.226562 0.279297 0.228516 0.279297 0.238281 0.283203 0.242188 0.292969 0.244141 0.302734 0.250000 0.316406 0.250000 0.320312 0.246094 0.322266 0.236328 0.332031 0.216797 0.332031 0.208984 0.326172 0.205078 0.322266 0.205078 0.312500 0.197266 0.306641 0.197266 0.304688 0.195312
2 0.585938 0.216797 0.583984 0.218750 0.583984 0.222656 0.560547 0.246094 0.562500 0.251953 0.564453 0.251953 0.578125 0.267578 0.580078 0.281250 0.589844 0.291016 0.595703 0.291016 0.619141 0.269531 0.626953 0.265625 0.626953 0.257812 0.623047 0.253906 0.617188 0.251953 0.613281 0.248047 0.605469 0.244141 0.597656 0.236328 0.589844 0.220703
2 0.562500 0.339844 0.544922 0.355469 0.541016 0.361328 0.541016 0.365234 0.556641 0.382812 0.558594 0.386719 0.558594 0.394531 0.572266 0.404297 0.587891 0.419922 0.589844 0.419922 0.597656 0.412109 0.599609 0.412109 0.599609 0.410156 0.613281 0.396484 0.613281 0.388672 0.607422 0.382812 0.605469 0.382812 0.593750 0.371094 0.591797 0.365234 0.578125 0.353516 0.576172 0.345703 0.570312 0.339844
2 0.445312 0.414062 0.416016 0.443359 0.417969 0.441406 0.421875 0.447266 0.421875 0.458984 0.417969 0.462891 0.412109 0.460938 0.412109 0.466797 0.433594 0.470703 0.435547 0.474609 0.431641 0.474609 0.429688 0.478516 0.435547 0.478516 0.439453 0.484375 0.449219 0.488281 0.458984 0.488281 0.462891 0.480469 0.466797 0.498047 0.490234 0.523438 0.496094 0.523438 0.523438 0.498047 0.523438 0.492188 0.505859 0.470703 0.490234 0.462891 0.482422 0.466797 0.480469 0.464844 0.486328 0.453125 0.478516 0.439453 0.470703 0.435547 0.455078 0.416016
2 0.728516 0.431641 0.728516 0.441406 0.730469 0.445312 0.742188 0.457031 0.746094 0.464844 0.753906 0.470703 0.771484 0.470703 0.792969 0.457031 0.792969 0.453125 0.789062 0.449219 0.785156 0.441406 0.777344 0.433594 0.775391 0.423828 0.765625 0.416016 0.755859 0.416016 0.746094 0.423828 0.734375 0.429688 0.730469 0.429688
2 0.976562 0.421875 0.972656 0.419922 0.964844 0.419922 0.955078 0.425781 0.951172 0.425781 0.937500 0.431641 0.927734 0.441406 0.925781 0.445312 0.925781 0.457031 0.927734 0.458984 0.929688 0.466797 0.937500 0.474609 0.945312 0.476562 0.955078 0.468750 0.958984 0.468750 0.972656 0.460938 0.976562 0.460938 0.988281 0.451172 0.992188 0.451172 0.996094 0.447266 0.998047 0.447266 0.994141 0.443359 0.990234 0.443359 0.986328 0.439453 0.980469 0.425781
2 0.414062 0.447266 0.414062 0.453125 0.416016 0.451172 0.416016 0.449219
2 0.634766 0.457031 0.634766 0.460938 0.632812 0.462891 0.632812 0.470703 0.634766 0.472656 0.634766 0.474609 0.644531 0.484375 0.646484 0.484375 0.654297 0.492188 0.656250 0.492188 0.660156 0.496094 0.669922 0.496094 0.673828 0.492188 0.683594 0.488281 0.687500 0.484375 0.687500 0.472656 0.673828 0.460938 0.673828 0.458984 0.669922 0.455078 0.669922 0.453125 0.667969 0.453125 0.666016 0.451172 0.662109 0.451172 0.660156 0.449219 0.650391 0.449219 0.648438 0.451172 0.642578 0.451172
2 0.998047 0.464844 0.992188 0.464844 0.986328 0.468750 0.974609 0.468750 0.972656 0.470703 0.966797 0.472656 0.960938 0.478516 0.958984 0.478516 0.957031 0.480469 0.951172 0.480469 0.945312 0.484375 0.945312 0.494141 0.947266 0.496094 0.947266 0.498047 0.951172 0.501953 0.951172 0.503906 0.960938 0.513672 0.962891 0.513672 0.966797 0.509766 0.980469 0.503906 0.984375 0.500000 0.986328 0.500000 0.992188 0.496094 0.996094 0.496094 0.998047 0.494141
2 0.998047 0.568359 0.996094 0.568359 0.994141 0.570312 0.990234 0.570312 0.988281 0.572266 0.984375 0.572266 0.976562 0.580078 0.976562 0.587891 0.978516 0.589844 0.978516 0.593750 0.980469 0.595703 0.980469 0.603516 0.982422 0.605469 0.982422 0.607422 0.986328 0.611328 0.988281 0.611328 0.990234 0.609375 0.992188 0.609375 0.996094 0.605469 0.998047 0.605469
2 0.093750 0.626953 0.111328 0.638672 0.125000 0.638672 0.140625 0.632812 0.152344 0.636719 0.162109 0.636719 0.173828 0.626953 0.185547 0.605469 0.167969 0.597656 0.164062 0.597656 0.152344 0.589844 0.140625 0.587891 0.126953 0.582031 0.113281 0.580078 0.105469 0.585938 0.099609 0.597656 0.099609 0.601562 0.095703 0.607422
2 0.000000 0.666016 0.000000 0.708984 0.003906 0.708984 0.017578 0.716797 0.023438 0.716797 0.027344 0.720703 0.039062 0.724609 0.046875 0.724609 0.054688 0.728516 0.066406 0.728516 0.074219 0.722656 0.078125 0.716797 0.080078 0.703125 0.076172 0.693359 0.076172 0.685547 0.068359 0.677734 0.054688 0.673828 0.048828 0.669922 0.029297 0.669922 0.027344 0.667969
2 0.998047 0.802734 0.976562 0.804688 0.945312 0.820312 0.937500 0.820312 0.933594 0.822266 0.921875 0.835938 0.921875 0.849609 0.923828 0.851562 0.925781 0.861328 0.933594 0.865234 0.972656 0.849609 0.984375 0.849609 0.986328 0.847656 0.990234 0.847656 0.998047 0.839844
2 0.833984 0.851562 0.833984 0.859375 0.835938 0.861328 0.835938 0.865234 0.839844 0.871094 0.839844 0.882812 0.841797 0.884766 0.853516 0.884766 0.855469 0.882812 0.859375 0.882812 0.859375 0.880859 0.861328 0.878906 0.859375 0.876953 0.859375 0.871094 0.857422 0.869141 0.857422 0.857422 0.855469 0.855469 0.855469 0.851562 0.853516 0.849609 0.837891 0.849609 0.835938 0.851562
2 0.044922 0.851562 0.029297 0.869141 0.029297 0.880859 0.035156 0.890625 0.039062 0.906250 0.050781 0.923828 0.054688 0.941406 0.062500 0.953125 0.072266 0.976562 0.087891 0.978516 0.107422 0.962891 0.109375 0.957031 0.107422 0.945312 0.103516 0.941406 0.095703 0.939453 0.089844 0.931641 0.089844 0.914062 0.080078 0.888672 0.076172 0.884766 0.064453 0.880859 0.054688 0.871094 0.050781 0.851562
2 0.949219 0.873047 0.945312 0.873047 0.943359 0.871094 0.925781 0.871094 0.921875 0.873047 0.912109 0.884766 0.898438 0.886719 0.890625 0.892578 0.890625 0.902344 0.896484 0.914062 0.896484 0.919922 0.904297 0.927734 0.929688 0.925781 0.931641 0.923828 0.947266 0.921875 0.955078 0.917969 0.957031 0.914062 0.957031 0.892578 0.955078 0.890625 0.955078 0.884766
2 0.685547 0.898438 0.683594 0.896484 0.671875 0.896484 0.658203 0.902344 0.652344 0.902344 0.640625 0.908203 0.628906 0.910156 0.623047 0.917969 0.603516 0.921875 0.587891 0.929688 0.578125 0.931641 0.574219 0.935547 0.574219 0.957031 0.585938 0.958984 0.625000 0.951172 0.638672 0.953125 0.662109 0.943359 0.666016 0.939453 0.691406 0.933594 0.695312 0.929688 0.695312 0.923828 0.685547 0.904297
2 0.992188 0.970703 0.988281 0.966797 0.974609 0.966797 0.968750 0.970703 0.964844 0.970703 0.962891 0.972656 0.957031 0.972656 0.953125 0.976562 0.953125 0.992188 0.955078 0.994141 0.964844 0.994141 0.966797 0.992188 0.974609 0.992188 0.976562 0.990234 0.986328 0.990234 0.988281 0.988281 0.990234 0.988281 0.994141 0.982422 0.994141 0.974609 0.992188 0.972656
3 0.000000 0.150391 0.000000 0.455078 0.019531 0.480469 0.083984 0.478516 0.103516 0.460938 0.140625 0.472656 0.160156 0.455078 0.210938 0.449219 0.220703 0.421875 0.259766 0.421875 0.281250 0.396484 0.353516 0.390625 0.345703 0.373047 0.273438 0.367188 0.298828 0.337891 0.341797 0.359375 0.355469 0.349609 0.351562 0.330078 0.281250 0.320312 0.265625 0.300781 0.261719 0.253906 0.238281 0.232422 0.132812 0.179688 0.109375 0.201172 0.109375 0.189453 0.091797 0.183594 0.119141 0.189453 0.103516 0.164062
4 0.410156 0.195312 0.414062 0.218750 0.408203 0.224609 0.408203 0.230469 0.419922 0.232422 0.421875 0.230469 0.435547 0.230469 0.451172 0.224609 0.458984 0.224609 0.500000 0.240234 0.507812 0.238281 0.513672 0.246094 0.513672 0.240234 0.507812 0.238281 0.501953 0.228516 0.501953 0.224609 0.494141 0.218750 0.488281 0.218750 0.480469 0.214844 0.455078 0.216797 0.441406 0.201172 0.433594 0.197266 0.416016 0.193359
4 0.521484 0.267578 0.521484 0.279297 0.527344 0.283203 0.535156 0.296875 0.548828 0.306641 0.558594 0.320312 0.572266 0.332031 0.587891 0.353516 0.597656 0.357422 0.619141 0.375000 0.628906 0.373047 0.638672 0.365234 0.642578 0.355469 0.640625 0.345703 0.632812 0.339844 0.626953 0.328125 0.613281 0.318359 0.607422 0.306641 0.591797 0.298828 0.568359 0.267578 0.550781 0.257812 0.541016 0.255859 0.527344 0.261719
5 0.746094 0.000000 0.728516 0.000000 0.544922 0.212891 0.425781 0.361328 0.423828 0.382812 0.439453 0.378906 0.519531 0.277344 0.519531 0.267578 0.548828 0.244141 0.722656 0.042969
5 0.863281 0.369141 0.859375 0.380859 0.875000 0.414062 0.880859 0.449219 0.917969 0.533203 0.941406 0.609375 0.982422 0.675781 0.996094 0.677734 0.998047 0.662109 0.958984 0.601562 0.939453 0.537109 0.906250 0.468750 0.882812 0.380859 0.875000 0.369141
5 0.281250 0.523438 0.279297 0.523438 0.275391 0.527344 0.275391 0.529297 0.271484 0.533203 0.269531 0.533203 0.275391 0.533203 0.275391 0.527344 0.277344 0.525391 0.281250 0.525391
5 0.271484 0.541016 0.251953 0.548828 0.082031 0.744141 0.000000 0.857422 0.000000 0.886719 0.041016 0.830078 0.062500 0.818359 0.093750 0.761719 0.263672 0.572266 0.275391 0.552734
