0 0.554688 0.003906 0.544922 0.011719 0.531250 0.015625 0.527344 0.042969 0.531250 0.052734 0.542969 0.058594 0.554688 0.070312 0.552734 0.076172 0.554688 0.109375 0.560547 0.113281 0.572266 0.115234 0.587891 0.111328 0.611328 0.091797 0.613281 0.076172 0.603516 0.058594 0.601562 0.041016 0.593750 0.017578 0.580078 0.007812
0 0.542969 0.142578 0.542969 0.146484 0.541016 0.148438 0.541016 0.150391 0.542969 0.152344 0.542969 0.154297 0.554688 0.166016 0.554688 0.167969 0.556641 0.169922 0.572266 0.169922 0.576172 0.166016 0.580078 0.166016 0.582031 0.164062 0.587891 0.162109 0.587891 0.160156 0.595703 0.146484 0.595703 0.138672 0.593750 0.136719 0.593750 0.134766 0.589844 0.130859 0.585938 0.130859 0.583984 0.128906 0.554688 0.128906 0.550781 0.132812 0.550781 0.134766
0 0.867188 0.330078 0.865234 0.333984 0.865234 0.349609 0.869141 0.357422 0.875000 0.363281 0.873047 0.367188 0.875000 0.371094 0.867188 0.375000 0.857422 0.375000 0.857422 0.378906 0.876953 0.382812 0.878906 0.384766 0.892578 0.384766 0.894531 0.386719 0.912109 0.386719 0.914062 0.384766 0.921875 0.384766 0.927734 0.380859 0.929688 0.376953 0.929688 0.351562 0.923828 0.333984 0.921875 0.335938 0.906250 0.335938 0.896484 0.332031 0.890625 0.326172 0.873047 0.326172
0 0.585938 0.330078 0.576172 0.333984 0.562500 0.347656 0.558594 0.347656 0.552734 0.351562 0.550781 0.355469 0.552734 0.367188 0.560547 0.382812 0.578125 0.404297 0.582031 0.406250 0.605469 0.406250 0.615234 0.402344 0.628906 0.386719 0.626953 0.341797 0.625000 0.337891 0.615234 0.330078
0 0.164062 0.541016 0.001953 0.628906 0.000000 0.714844 0.044922 0.728516 0.031250 0.736328 0.058594 0.753906 0.080078 0.728516 0.099609 0.732422 0.105469 0.773438 0.119141 0.761719 0.171875 0.761719 0.173828 0.808594 0.207031 0.828125 0.251953 0.804688 0.257812 0.787109 0.298828 0.787109 0.326172 0.759766 0.300781 0.716797 0.250000 0.728516 0.208984 0.677734 0.191406 0.689453 0.132812 0.687500 0.115234 0.662109 0.117188 0.634766 0.152344 0.634766 0.169922 0.677734 0.201172 0.675781 0.166016 0.597656 0.195312 0.580078 0.224609 0.599609 0.236328 0.593750 0.232422 0.560547 0.201172 0.562500 0.191406 0.544922
0 0.693359 0.628906 0.687500 0.640625 0.687500 0.654297 0.691406 0.662109 0.703125 0.671875 0.703125 0.675781 0.707031 0.679688 0.720703 0.679688 0.722656 0.681641 0.759766 0.681641 0.763672 0.656250 0.761719 0.654297 0.761719 0.650391 0.748047 0.638672 0.746094 0.630859 0.742188 0.626953 0.730469 0.625000 0.720703 0.617188 0.710938 0.615234 0.703125 0.625000
0 0.699219 0.683594 0.695312 0.683594 0.693359 0.681641 0.664062 0.683594 0.662109 0.685547 0.656250 0.685547 0.644531 0.693359 0.644531 0.697266 0.642578 0.699219 0.642578 0.726562 0.644531 0.728516 0.644531 0.734375 0.652344 0.748047 0.667969 0.750000 0.669922 0.751953 0.683594 0.751953 0.687500 0.750000 0.708984 0.726562 0.708984 0.707031 0.707031 0.705078 0.707031 0.697266 0.703125 0.687500
0 0.396484 0.716797 0.394531 0.718750 0.394531 0.732422 0.402344 0.742188 0.404297 0.759766 0.408203 0.767578 0.423828 0.767578 0.425781 0.769531 0.431641 0.769531 0.437500 0.773438 0.451172 0.773438 0.464844 0.765625 0.464844 0.757812 0.460938 0.755859 0.460938 0.751953 0.453125 0.742188 0.451172 0.734375 0.443359 0.730469 0.443359 0.708984 0.429688 0.707031 0.421875 0.712891 0.406250 0.712891
0 0.609375 0.830078 0.595703 0.826172 0.591797 0.814453 0.574219 0.806641 0.523438 0.800781 0.501953 0.812500 0.500000 0.826172 0.492188 0.835938 0.447266 0.845703 0.437500 0.871094 0.447266 0.892578 0.468750 0.896484 0.474609 0.888672 0.486328 0.898438 0.482422 0.904297 0.457031 0.900391 0.449219 0.906250 0.451172 0.935547 0.464844 0.945312 0.488281 0.945312 0.496094 0.939453 0.498047 0.927734 0.519531 0.929688 0.529297 0.923828 0.523438 0.919922 0.523438 0.900391 0.548828 0.904297 0.558594 0.886719 0.580078 0.876953 0.597656 0.857422
0 0.066406 0.853516 0.066406 0.855469 0.074219 0.861328 0.076172 0.859375 0.082031 0.859375 0.089844 0.863281 0.101562 0.861328 0.103516 0.863281 0.117188 0.863281 0.119141 0.865234 0.142578 0.865234 0.144531 0.863281 0.181641 0.859375 0.183594 0.857422 0.181641 0.847656 0.171875 0.847656 0.169922 0.849609 0.144531 0.847656 0.142578 0.849609 0.136719 0.843750 0.126953 0.849609 0.123047 0.843750 0.119141 0.841797 0.105469 0.841797 0.103516 0.839844 0.091797 0.839844 0.083984 0.845703 0.074219 0.847656
1 0.558594 0.421875 0.517578 0.408203 0.486328 0.416016 0.484375 0.423828 0.455078 0.445312 0.394531 0.476562 0.384766 0.486328 0.375000 0.509766 0.375000 0.531250 0.392578 0.566406 0.462891 0.572266 0.474609 0.566406 0.498047 0.539062 0.505859 0.519531 0.537109 0.505859 0.562500 0.515625 0.589844 0.511719 0.589844 0.476562 0.574219 0.457031
2 0.695312 0.000000 0.687500 0.000000 0.669922 0.011719 0.666016 0.013672 0.662109 0.013672 0.654297 0.021484 0.654297 0.029297 0.666016 0.039062 0.667969 0.042969 0.667969 0.048828 0.681641 0.058594 0.691406 0.058594 0.693359 0.056641 0.697266 0.056641 0.708984 0.048828 0.703125 0.037109 0.703125 0.031250 0.701172 0.029297 0.701172 0.021484 0.699219 0.019531 0.699219 0.011719 0.697266 0.009766 0.697266 0.001953
2 0.757812 0.015625 0.755859 0.017578 0.753906 0.017578 0.753906 0.019531 0.751953 0.021484 0.751953 0.035156 0.753906 0.037109 0.753906 0.041016 0.759766 0.046875 0.759766 0.050781 0.763672 0.054688 0.767578 0.054688 0.769531 0.052734 0.771484 0.052734 0.779297 0.044922 0.779297 0.037109 0.777344 0.035156 0.777344 0.029297 0.775391 0.027344 0.775391 0.023438 0.773438 0.021484 0.773438 0.019531 0.767578 0.015625
2 0.650391 0.066406 0.646484 0.070312 0.634766 0.076172 0.634766 0.080078 0.632812 0.082031 0.632812 0.089844 0.634766 0.091797 0.634766 0.101562 0.638672 0.109375 0.648438 0.121094 0.648438 0.123047 0.652344 0.123047 0.654297 0.125000 0.671875 0.125000 0.679688 0.119141 0.681641 0.119141 0.687500 0.113281 0.687500 0.087891 0.685547 0.085938 0.685547 0.082031 0.683594 0.078125 0.675781 0.070312 0.671875 0.070312 0.664062 0.066406
2 0.900391 0.240234 0.896484 0.240234 0.894531 0.238281 0.878906 0.238281 0.876953 0.240234 0.871094 0.240234 0.859375 0.246094 0.843750 0.259766 0.845703 0.273438 0.849609 0.279297 0.849609 0.283203 0.853516 0.289062 0.857422 0.302734 0.863281 0.312500 0.869141 0.312500 0.875000 0.306641 0.882812 0.302734 0.888672 0.302734 0.896484 0.292969 0.900391 0.291016 0.910156 0.291016 0.916016 0.283203 0.914062 0.257812 0.910156 0.250000
2 0.755859 0.242188 0.726562 0.265625 0.726562 0.289062 0.742188 0.310547 0.748047 0.326172 0.775391 0.326172 0.763672 0.332031 0.763672 0.343750 0.783203 0.388672 0.789062 0.412109 0.792969 0.416016 0.802734 0.416016 0.822266 0.408203 0.828125 0.398438 0.806641 0.339844 0.792969 0.316406 0.796875 0.314453 0.794922 0.296875 0.775391 0.259766 0.761719 0.242188
2 0.000000 0.261719 0.000000 0.330078 0.001953 0.330078 0.003906 0.332031 0.005859 0.330078 0.011719 0.330078 0.013672 0.328125 0.017578 0.328125 0.023438 0.324219 0.023438 0.300781 0.021484 0.298828 0.021484 0.294922 0.019531 0.292969 0.017578 0.287109 0.013672 0.283203 0.013672 0.281250 0.009766 0.275391 0.007812 0.265625 0.005859 0.263672 0.001953 0.263672
2 0.990234 0.269531 0.988281 0.271484 0.986328 0.271484 0.978516 0.279297 0.976562 0.279297 0.974609 0.285156 0.976562 0.287109 0.978516 0.292969 0.982422 0.296875 0.982422 0.298828 0.984375 0.300781 0.984375 0.306641 0.986328 0.308594 0.986328 0.314453 0.988281 0.316406 0.988281 0.320312 0.990234 0.322266 0.992188 0.328125 0.998047 0.333984 0.998047 0.269531
2 0.828125 0.312500 0.824219 0.316406 0.824219 0.324219 0.828125 0.330078 0.828125 0.333984 0.830078 0.335938 0.830078 0.337891 0.832031 0.339844 0.832031 0.341797 0.833984 0.343750 0.833984 0.345703 0.835938 0.347656 0.835938 0.349609 0.837891 0.351562 0.839844 0.357422 0.843750 0.361328 0.851562 0.361328 0.853516 0.359375 0.855469 0.359375 0.859375 0.355469 0.859375 0.353516 0.861328 0.351562 0.859375 0.349609 0.859375 0.343750 0.857422 0.341797 0.857422 0.337891 0.855469 0.335938 0.855469 0.332031 0.853516 0.330078 0.853516 0.328125 0.851562 0.326172 0.849609 0.320312 0.841797 0.312500
2 0.658203 0.335938 0.632812 0.351562 0.630859 0.365234 0.632812 0.367188 0.634766 0.382812 0.646484 0.392578 0.650391 0.400391 0.656250 0.427734 0.658203 0.429688 0.666016 0.429688 0.673828 0.425781 0.681641 0.425781 0.695312 0.421875 0.701172 0.416016 0.701172 0.412109 0.685547 0.390625 0.679688 0.378906 0.666016 0.337891 0.664062 0.335938
2 0.712891 0.414062 0.705078 0.427734 0.710938 0.441406 0.710938 0.447266 0.720703 0.462891 0.720703 0.470703 0.710938 0.476562 0.712891 0.488281 0.716797 0.492188 0.740234 0.496094 0.751953 0.511719 0.759766 0.511719 0.775391 0.505859 0.781250 0.500000 0.781250 0.492188 0.775391 0.482422 0.781250 0.470703 0.779297 0.460938 0.781250 0.445312 0.777344 0.435547 0.765625 0.423828 0.759766 0.421875 0.753906 0.414062 0.748047 0.416016 0.750000 0.417969 0.748047 0.421875 0.742188 0.421875 0.734375 0.414062 0.728516 0.412109
2 0.857422 0.464844 0.857422 0.474609 0.859375 0.476562 0.865234 0.476562 0.873047 0.484375 0.873047 0.492188 0.876953 0.496094 0.880859 0.496094 0.882812 0.498047 0.902344 0.498047 0.904297 0.496094 0.910156 0.496094 0.912109 0.494141 0.919922 0.494141 0.921875 0.490234 0.919922 0.486328 0.919922 0.482422 0.914062 0.476562 0.910156 0.466797 0.906250 0.462891 0.896484 0.458984 0.892578 0.455078 0.892578 0.453125 0.888672 0.453125 0.886719 0.451172 0.882812 0.453125 0.876953 0.453125 0.873047 0.457031 0.869141 0.458984 0.865234 0.458984
2 0.742188 0.505859 0.734375 0.500000 0.710938 0.498047 0.699219 0.507812 0.685547 0.513672 0.679688 0.519531 0.675781 0.519531 0.669922 0.529297 0.666016 0.515625 0.656250 0.511719 0.632812 0.521484 0.625000 0.527344 0.623047 0.533203 0.625000 0.539062 0.636719 0.552734 0.638672 0.560547 0.648438 0.564453 0.673828 0.550781 0.675781 0.546875 0.687500 0.552734 0.726562 0.533203 0.740234 0.521484 0.744141 0.513672
2 0.910156 0.523438 0.902344 0.521484 0.900391 0.519531 0.878906 0.519531 0.867188 0.533203 0.857422 0.537109 0.857422 0.570312 0.859375 0.574219 0.890625 0.574219 0.894531 0.572266 0.904297 0.562500 0.912109 0.558594 0.912109 0.548828 0.914062 0.546875 0.914062 0.531250
2 0.609375 0.537109 0.607422 0.539062 0.599609 0.539062 0.597656 0.541016 0.593750 0.541016 0.591797 0.542969 0.585938 0.544922 0.582031 0.548828 0.582031 0.562500 0.583984 0.564453 0.587891 0.574219 0.591797 0.578125 0.591797 0.580078 0.597656 0.587891 0.603516 0.587891 0.605469 0.585938 0.615234 0.583984 0.623047 0.578125 0.628906 0.576172 0.634766 0.570312 0.634766 0.566406 0.632812 0.564453 0.632812 0.560547 0.630859 0.558594 0.630859 0.556641 0.615234 0.539062 0.611328 0.539062
2 0.580078 0.585938 0.576172 0.582031 0.576172 0.574219 0.568359 0.570312 0.560547 0.572266 0.560547 0.578125 0.552734 0.582031 0.542969 0.564453 0.529297 0.556641 0.509766 0.560547 0.494141 0.572266 0.470703 0.576172 0.464844 0.580078 0.464844 0.585938 0.457031 0.589844 0.541016 0.593750 0.541016 0.597656 0.527344 0.595703 0.519531 0.599609 0.509766 0.611328 0.507812 0.625000 0.513672 0.628906 0.558594 0.609375 0.578125 0.591797
2 0.689453 0.562500 0.685547 0.562500 0.673828 0.568359 0.667969 0.574219 0.660156 0.576172 0.644531 0.589844 0.644531 0.597656 0.646484 0.599609 0.650391 0.615234 0.654297 0.619141 0.654297 0.621094 0.662109 0.626953 0.673828 0.626953 0.679688 0.623047 0.691406 0.621094 0.695312 0.619141 0.707031 0.607422 0.707031 0.603516 0.708984 0.601562 0.708984 0.585938 0.707031 0.583984 0.707031 0.580078 0.701172 0.574219 0.701172 0.572266
2 0.216797 0.591797 0.212891 0.587891 0.207031 0.585938 0.203125 0.582031 0.195312 0.582031 0.193359 0.583984 0.191406 0.583984 0.185547 0.589844 0.177734 0.589844 0.175781 0.591797 0.173828 0.591797 0.169922 0.595703 0.166016 0.607422 0.171875 0.615234 0.171875 0.617188 0.179688 0.625000 0.185547 0.625000 0.193359 0.619141 0.197266 0.619141 0.207031 0.613281 0.212891 0.613281 0.214844 0.611328 0.218750 0.611328 0.220703 0.609375 0.222656 0.603516 0.220703 0.601562 0.220703 0.597656 0.216797 0.593750
2 0.560547 0.617188 0.556641 0.625000 0.564453 0.640625 0.576172 0.656250 0.578125 0.666016 0.585938 0.673828 0.585938 0.675781 0.595703 0.683594 0.601562 0.683594 0.603516 0.681641 0.611328 0.679688 0.617188 0.667969 0.617188 0.660156 0.615234 0.658203 0.615234 0.652344 0.613281 0.648438 0.607422 0.642578 0.605469 0.632812 0.595703 0.619141 0.595703 0.615234 0.591797 0.611328 0.585938 0.611328 0.583984 0.613281 0.574219 0.613281 0.572266 0.615234
2 0.195312 0.634766 0.195312 0.648438 0.197266 0.650391 0.197266 0.652344 0.199219 0.654297 0.199219 0.656250 0.201172 0.658203 0.203125 0.664062 0.207031 0.667969 0.207031 0.669922 0.216797 0.669922 0.218750 0.667969 0.224609 0.666016 0.230469 0.660156 0.232422 0.660156 0.234375 0.658203 0.238281 0.658203 0.242188 0.654297 0.240234 0.652344 0.240234 0.648438 0.238281 0.646484 0.238281 0.644531 0.234375 0.640625 0.234375 0.638672 0.230469 0.634766 0.228516 0.634766 0.226562 0.632812 0.220703 0.632812 0.218750 0.630859 0.199219 0.630859
2 0.121094 0.636719 0.119141 0.638672 0.119141 0.642578 0.117188 0.644531 0.117188 0.662109 0.119141 0.664062 0.121094 0.664062 0.130859 0.673828 0.134766 0.683594 0.136719 0.685547 0.146484 0.685547 0.152344 0.681641 0.156250 0.681641 0.158203 0.679688 0.160156 0.679688 0.162109 0.677734 0.164062 0.667969 0.162109 0.666016 0.162109 0.660156 0.160156 0.658203 0.154297 0.644531 0.150391 0.640625 0.150391 0.638672 0.148438 0.636719 0.142578 0.636719 0.140625 0.634766 0.126953 0.634766 0.125000 0.636719
2 0.474609 0.656250 0.462891 0.650391 0.447266 0.636719 0.433594 0.636719 0.419922 0.644531 0.412109 0.644531 0.406250 0.640625 0.386719 0.640625 0.380859 0.644531 0.375000 0.654297 0.376953 0.656250 0.376953 0.662109 0.380859 0.664062 0.382812 0.675781 0.390625 0.683594 0.396484 0.683594 0.398438 0.685547 0.408203 0.683594 0.417969 0.677734 0.429688 0.664062 0.435547 0.664062 0.437500 0.662109 0.455078 0.662109 0.466797 0.666016 0.470703 0.662109 0.472656 0.664062 0.474609 0.662109
2 0.246094 0.687500 0.246094 0.697266 0.248047 0.699219 0.248047 0.705078 0.250000 0.707031 0.250000 0.710938 0.253906 0.714844 0.255859 0.714844 0.257812 0.716797 0.263672 0.716797 0.265625 0.714844 0.273438 0.714844 0.275391 0.712891 0.277344 0.712891 0.277344 0.707031 0.275391 0.705078 0.275391 0.703125 0.273438 0.701172 0.271484 0.701172 0.265625 0.695312 0.265625 0.693359 0.263672 0.691406 0.263672 0.687500 0.261719 0.687500 0.259766 0.685547 0.248047 0.685547
2 0.003906 0.767578 0.005859 0.769531 0.000000 0.773438 0.000000 0.781250 0.009766 0.781250 0.011719 0.785156 0.000000 0.804688 0.000000 0.818359 0.015625 0.826172 0.007812 0.832031 0.000000 0.830078 0.000000 0.835938 0.003906 0.839844 0.031250 0.837891 0.037109 0.841797 0.041016 0.853516 0.050781 0.855469 0.099609 0.830078 0.103516 0.820312 0.101562 0.808594 0.083984 0.800781 0.066406 0.777344 0.052734 0.777344 0.046875 0.771484 0.037109 0.771484 0.035156 0.767578 0.027344 0.765625 0.027344 0.751953 0.021484 0.751953 0.021484 0.765625
2 0.119141 0.767578 0.109375 0.777344 0.109375 0.792969 0.111328 0.796875 0.117188 0.802734 0.123047 0.804688 0.126953 0.810547 0.136719 0.816406 0.152344 0.816406 0.158203 0.810547 0.169922 0.804688 0.171875 0.800781 0.171875 0.783203 0.173828 0.781250 0.173828 0.771484 0.169922 0.763672 0.166016 0.763672 0.164062 0.761719 0.142578 0.761719 0.140625 0.763672 0.128906 0.763672 0.126953 0.765625
2 0.298828 0.808594 0.291016 0.806641 0.283203 0.808594 0.275391 0.798828 0.269531 0.798828 0.255859 0.808594 0.230469 0.818359 0.216797 0.832031 0.203125 0.835938 0.191406 0.845703 0.191406 0.851562 0.205078 0.871094 0.216797 0.873047 0.228516 0.867188 0.238281 0.875000 0.240234 0.890625 0.244141 0.894531 0.255859 0.894531 0.273438 0.880859 0.300781 0.871094 0.318359 0.859375 0.320312 0.853516 0.308594 0.820312
2 0.240234 0.955078 0.240234 0.960938 0.238281 0.962891 0.238281 0.970703 0.240234 0.972656 0.240234 0.982422 0.242188 0.984375 0.242188 0.988281 0.246094 0.994141 0.246094 0.998047 0.285156 0.998047 0.283203 0.996094 0.283203 0.990234 0.281250 0.988281 0.281250 0.986328 0.275391 0.976562 0.275391 0.972656 0.271484 0.966797 0.271484 0.962891 0.269531 0.960938 0.267578 0.955078 0.261719 0.949219 0.257812 0.949219 0.255859 0.951172 0.251953 0.951172 0.250000 0.953125 0.244141 0.953125 0.242188 0.955078
4 0.544922 0.070312 0.519531 0.050781 0.505859 0.005859 0.404297 0.000000 0.376953 0.042969 0.394531 0.054688 0.369141 0.050781 0.337891 0.072266 0.316406 0.072266 0.328125 0.078125 0.316406 0.082031 0.326172 0.085938 0.316406 0.097656 0.328125 0.101562 0.306641 0.121094 0.355469 0.130859 0.304688 0.167969 0.300781 0.195312 0.275391 0.181641 0.304688 0.158203 0.302734 0.128906 0.251953 0.144531 0.244141 0.171875 0.193359 0.160156 0.164062 0.171875 0.175781 0.201172 0.216797 0.199219 0.226562 0.224609 0.304688 0.226562 0.408203 0.177734 0.470703 0.117188 0.484375 0.126953 0.529297 0.117188 0.544922 0.101562
4 0.304688 0.113281 0.306641 0.111328 0.312500 0.111328 0.304688 0.111328
4 0.322266 0.136719 0.322266 0.138672 0.324219 0.138672 0.324219 0.136719
4 0.951172 0.679688 0.919922 0.693359 0.908203 0.734375 0.914062 0.759766 0.910156 0.789062 0.931641 0.810547 0.941406 0.808594 0.945312 0.816406 0.927734 0.820312 0.937500 0.830078 0.925781 0.830078 0.921875 0.847656 0.916016 0.835938 0.923828 0.855469 0.921875 0.880859 0.929688 0.902344 0.925781 0.914062 0.931641 0.919922 0.978516 0.908203 0.970703 0.904297 0.974609 0.888672 0.986328 0.896484 0.998047 0.892578 0.998047 0.789062 0.986328 0.785156 0.992188 0.775391 0.988281 0.767578 0.994141 0.763672 0.992188 0.744141 0.972656 0.738281 0.970703 0.722656 0.964844 0.730469 0.962891 0.689453 0.953125 0.687500
5 0.998047 0.000000 0.234375 0.390625 0.007812 0.017578 0.113281 0.306641 0.187500 0.371094 0.128906 0.244141 0.212891 0.400391 0.000000 0.548828 0.240234 0.453125 0.000000 0.605469 0.156250 0.525391 0.251953 0.548828 0.412109 0.994141 0.458984 0.998047 0.410156 0.826172 0.587891 0.718750 0.404297 0.804688 0.271484 0.464844 0.996094 0.056641 0.263672 0.445312 0.244141 0.410156
6 0.089844 0.093750 0.085938 0.097656 0.085938 0.109375 0.091797 0.121094 0.099609 0.130859 0.101562 0.136719 0.115234 0.146484 0.117188 0.152344 0.123047 0.160156 0.134766 0.160156 0.142578 0.156250 0.148438 0.150391 0.152344 0.140625 0.152344 0.134766 0.154297 0.132812 0.154297 0.125000 0.152344 0.121094 0.144531 0.117188 0.130859 0.115234 0.109375 0.099609 0.095703 0.095703 0.093750 0.093750
6 0.000000 0.146484 0.001953 0.199219 0.019531 0.214844 0.042969 0.248047 0.058594 0.259766 0.085938 0.339844 0.099609 0.361328 0.113281 0.373047 0.119141 0.386719 0.132812 0.375000 0.130859 0.357422 0.121094 0.347656 0.109375 0.318359 0.017578 0.158203 0.017578 0.146484
6 0.503906 0.687500 0.503906 0.691406 0.507812 0.695312 0.513672 0.695312 0.515625 0.697266 0.521484 0.697266 0.523438 0.695312 0.527344 0.695312 0.529297 0.693359 0.556641 0.693359 0.558594 0.691406 0.558594 0.687500 0.554688 0.687500 0.552734 0.685547 0.529297 0.685547 0.527344 0.683594 0.527344 0.677734 0.523438 0.673828 0.517578 0.673828 0.515625 0.675781 0.513672 0.675781 0.513672 0.677734 0.511719 0.679688 0.511719 0.683594 0.509766 0.685547
6 0.445312 0.730469 0.449219 0.730469 0.453125 0.734375 0.453125 0.738281 0.457031 0.744141 0.466797 0.746094 0.468750 0.744141 0.476562 0.744141 0.484375 0.736328 0.482422 0.732422 0.484375 0.728516 0.486328 0.730469 0.498047 0.730469 0.507812 0.736328 0.511719 0.736328 0.541016 0.726562 0.541016 0.722656 0.548828 0.710938 0.544922 0.710938 0.542969 0.705078 0.531250 0.701172 0.486328 0.699219 0.478516 0.695312 0.464844 0.697266 0.458984 0.701172 0.457031 0.712891 0.453125 0.716797 0.445312 0.714844
6 0.853516 0.724609 0.775391 0.728516 0.775391 0.787109 0.751953 0.785156 0.763672 0.777344 0.744141 0.771484 0.738281 0.785156 0.695312 0.794922 0.673828 0.818359 0.640625 0.828125 0.630859 0.839844 0.632812 0.882812 0.583984 0.886719 0.582031 0.931641 0.560547 0.941406 0.556641 0.992188 0.783203 0.998047 0.845703 0.978516 0.892578 0.951172 0.898438 0.925781 0.886719 0.890625 0.880859 0.802734 0.873047 0.791016 0.849609 0.792969 0.867188 0.783203 0.865234 0.744141
6 0.742188 0.761719 0.744141 0.763672 0.761719 0.763672 0.761719 0.759766 0.746094 0.759766 0.744141 0.761719
