0 0.000000 0.000000 0.000000 0.945312 0.109375 0.933594 0.117188 0.998047 0.185547 0.998047 0.167969 0.916016 0.468750 0.888672 0.494141 0.998047 0.863281 0.996094 0.791016 0.912109 0.853516 0.925781 0.837891 0.869141 0.978516 0.845703 0.875000 0.994141 0.998047 0.998047 0.998047 0.000000 0.865234 0.000000 0.853516 0.101562 0.835938 0.015625 0.837891 0.109375 0.763672 0.000000
0 0.265625 0.000000 0.267578 0.000000 0.269531 0.001953 0.269531 0.003906 0.273438 0.000000 0.275391 0.000000
0 0.675781 0.000000 0.675781 0.001953 0.679688 0.001953 0.683594 0.005859 0.685547 0.005859 0.685547 0.000000
0 0.771484 0.000000 0.771484 0.001953 0.775391 0.001953 0.777344 0.003906 0.777344 0.000000
0 0.832031 0.000000 0.833984 0.001953 0.835938 0.000000 0.837891 0.000000 0.839844 0.001953 0.839844 0.000000
0 0.261719 0.003906 0.261719 0.005859 0.263672 0.005859 0.263672 0.003906
0 0.277344 0.003906 0.277344 0.005859 0.279297 0.005859 0.279297 0.003906
0 0.855469 0.003906 0.855469 0.007812 0.857422 0.007812 0.857422 0.005859
0 0.785156 0.017578 0.785156 0.023438 0.787109 0.023438 0.787109 0.019531 0.789062 0.017578 0.791016 0.017578 0.792969 0.019531 0.792969 0.021484 0.794922 0.021484 0.794922 0.019531 0.796875 0.017578 0.798828 0.017578 0.800781 0.019531 0.800781 0.021484 0.798828 0.023438 0.800781 0.025391 0.802734 0.025391 0.802734 0.019531 0.804688 0.017578 0.806641 0.017578 0.808594 0.019531 0.808594 0.021484 0.810547 0.021484 0.810547 0.017578 0.808594 0.017578 0.806641 0.015625 0.800781 0.015625 0.798828 0.017578 0.794922 0.017578 0.792969 0.015625 0.787109 0.015625
0 0.826172 0.015625 0.820312 0.015625 0.818359 0.017578 0.816406 0.017578 0.820312 0.021484 0.820312 0.029297 0.818359 0.031250 0.816406 0.031250 0.816406 0.033203 0.824219 0.033203 0.824219 0.025391 0.826172 0.023438 0.824219 0.021484 0.824219 0.019531 0.826172 0.017578
0 0.847656 0.023438 0.849609 0.025391 0.849609 0.023438
0 0.787109 0.031250 0.787109 0.033203 0.789062 0.033203 0.789062 0.031250
0 0.494141 0.744141 0.482422 0.744141 0.480469 0.746094 0.468750 0.746094 0.480469 0.746094 0.482422 0.744141
0 0.451172 0.750000 0.441406 0.750000 0.439453 0.751953 0.431641 0.751953 0.429688 0.753906 0.419922 0.753906 0.431641 0.753906 0.433594 0.751953 0.441406 0.751953 0.443359 0.750000
0 0.382812 0.757812 0.365234 0.757812 0.363281 0.759766 0.349609 0.759766 0.347656 0.761719 0.335938 0.761719 0.333984 0.763672 0.310547 0.765625 0.308594 0.767578 0.300781 0.767578 0.298828 0.769531 0.287109 0.769531 0.312500 0.767578 0.314453 0.765625 0.322266 0.765625 0.324219 0.763672 0.333984 0.763672 0.335938 0.761719 0.349609 0.761719 0.351562 0.759766 0.363281 0.759766 0.365234 0.757812
0 0.970703 0.851562 0.970703 0.855469 0.974609 0.855469 0.976562 0.853516 0.976562 0.851562
0 0.863281 0.867188 0.863281 0.869141 0.865234 0.869141
0 0.273438 0.916016 0.273438 0.955078 0.275391 0.957031 0.275391 0.966797 0.273438 0.968750 0.279297 0.968750 0.283203 0.972656 0.283203 0.974609 0.283203 0.972656 0.279297 0.966797 0.279297 0.962891 0.277344 0.960938 0.277344 0.947266 0.275391 0.945312 0.275391 0.923828 0.273438 0.921875
0 0.835938 0.919922 0.835938 0.923828 0.837891 0.923828 0.837891 0.919922
0 0.859375 0.937500 0.859375 0.939453 0.863281 0.939453 0.861328 0.937500
0 0.867188 0.937500 0.867188 0.939453 0.869141 0.939453 0.869141 0.937500
0 0.884766 0.945312 0.882812 0.945312 0.882812 0.947266
0 0.851562 0.953125 0.851562 0.955078 0.853516 0.955078 0.853516 0.953125
0 0.859375 0.953125 0.859375 0.955078 0.861328 0.955078 0.861328 0.953125
0 0.859375 0.968750 0.859375 0.970703 0.861328 0.970703 0.861328 0.968750
0 0.867188 0.968750 0.867188 0.970703 0.869141 0.970703 0.869141 0.968750
0 0.294922 0.994141 0.289062 0.994141 0.285156 0.990234 0.285156 0.982422 0.285156 0.990234 0.279297 0.996094 0.269531 0.996094 0.267578 0.998047 0.257812 0.998047 0.294922 0.998047
0 0.398438 0.988281 0.400391 0.988281 0.402344 0.986328 0.398438 0.986328
0 0.390625 0.990234 0.388672 0.988281 0.382812 0.988281 0.380859 0.990234 0.367188 0.990234 0.363281 0.994141 0.361328 0.992188 0.357422 0.992188 0.355469 0.990234 0.353516 0.992188 0.343750 0.992188 0.343750 0.994141 0.345703 0.996094 0.345703 0.998047 0.351562 0.998047 0.351562 0.996094 0.355469 0.992188 0.357422 0.992188 0.361328 0.998047 0.376953 0.998047 0.376953 0.996094 0.375000 0.994141 0.375000 0.992188 0.376953 0.990234 0.380859 0.990234 0.382812 0.992188 0.384766 0.992188 0.386719 0.990234
0 0.451172 0.998047 0.449219 0.996094 0.445312 0.996094 0.443359 0.998047 0.441406 0.998047 0.439453 0.996094 0.433594 0.996094 0.431641 0.994141 0.429688 0.996094 0.414062 0.996094 0.412109 0.998047 0.408203 0.998047 0.406250 0.996094 0.398438 0.996094 0.396484 0.998047 0.390625 0.996094 0.388672 0.998047 0.386719 0.998047 0.384766 0.996094 0.382812 0.996094 0.382812 0.998047
0 0.300781 0.996094 0.300781 0.998047 0.306641 0.998047 0.304688 0.996094
2 0.037109 0.550781 0.033203 0.556641 0.033203 0.574219 0.035156 0.576172 0.035156 0.580078 0.042969 0.591797 0.044922 0.601562 0.046875 0.603516 0.070312 0.603516 0.072266 0.601562 0.080078 0.601562 0.082031 0.597656 0.082031 0.593750 0.080078 0.591797 0.080078 0.583984 0.070312 0.564453 0.070312 0.554688 0.068359 0.552734 0.068359 0.548828 0.066406 0.546875 0.050781 0.546875 0.048828 0.548828 0.041016 0.548828
2 0.371094 0.546875 0.363281 0.546875 0.361328 0.548828 0.347656 0.548828 0.339844 0.552734 0.326172 0.552734 0.314453 0.558594 0.312500 0.562500 0.312500 0.570312 0.318359 0.582031 0.318359 0.591797 0.320312 0.593750 0.320312 0.599609 0.322266 0.601562 0.335938 0.601562 0.335938 0.599609 0.343750 0.589844 0.347656 0.589844 0.349609 0.587891 0.361328 0.587891 0.363281 0.585938 0.373047 0.585938 0.375000 0.583984 0.375000 0.556641 0.373047 0.554688 0.373047 0.548828
2 0.140625 0.566406 0.136719 0.562500 0.103516 0.562500 0.097656 0.568359 0.089844 0.570312 0.087891 0.572266 0.087891 0.601562 0.089844 0.603516 0.087891 0.605469 0.074219 0.605469 0.064453 0.609375 0.068359 0.634766 0.097656 0.632812 0.119141 0.626953 0.148438 0.623047 0.148438 0.607422 0.144531 0.603516 0.144531 0.587891 0.142578 0.585938
2 0.548828 0.583984 0.207031 0.623047 0.207031 0.695312 0.224609 0.767578 0.261719 0.773438 0.226562 0.783203 0.240234 0.886719 0.476562 0.861328 0.603516 0.865234 0.580078 0.808594 0.580078 0.777344 0.542969 0.777344 0.537109 0.740234 0.525391 0.738281 0.576172 0.724609
2 0.494141 0.984375 0.482422 0.972656 0.480469 0.941406 0.453125 0.908203 0.464844 0.886719 0.406250 0.884766 0.341797 0.906250 0.322266 0.900391 0.273438 0.908203 0.242188 0.904297 0.166016 0.919922 0.166016 0.955078 0.179688 0.982422 0.187500 0.984375 0.187500 0.998047 0.279297 0.994141 0.285156 0.980469 0.289062 0.992188 0.388672 0.986328 0.392578 0.990234 0.376953 0.992188 0.378906 0.998047 0.431641 0.992188 0.492188 0.998047
2 0.605469 0.917969 0.605469 0.919922 0.607422 0.919922
2 0.109375 0.935547 0.035156 0.937500 0.000000 0.947266 0.000000 0.982422 0.001953 0.984375 0.000000 0.998047 0.115234 0.998047 0.115234 0.986328 0.123047 0.976562 0.123047 0.970703
2 0.501953 0.986328 0.500000 0.988281 0.500000 0.992188 0.501953 0.994141 0.500000 0.996094 0.500000 0.998047 0.505859 0.998047 0.505859 0.986328
2 0.513672 0.996094 0.511719 0.998047 0.513672 0.998047
