0 0.554688 0.025391 0.562500 0.046875 0.564453 0.093750 0.576172 0.103516 0.582031 0.117188 0.646484 0.113281 0.656250 0.105469 0.664062 0.087891 0.683594 0.072266 0.689453 0.062500 0.699219 0.060547 0.724609 0.037109 0.724609 0.031250 0.714844 0.025391 0.681641 0.019531 0.673828 0.007812 0.666016 0.003906 0.646484 0.003906 0.634766 0.009766 0.591797 0.003906 0.578125 0.017578 0.570312 0.019531 0.562500 0.015625 0.562500 0.021484
0 0.746094 0.035156 0.753906 0.039062 0.744141 0.048828 0.751953 0.054688 0.753906 0.078125 0.744141 0.078125 0.750000 0.087891 0.740234 0.121094 0.757812 0.150391 0.773438 0.152344 0.777344 0.162109 0.783203 0.162109 0.781250 0.152344 0.789062 0.156250 0.787109 0.175781 0.783203 0.166016 0.779297 0.207031 0.802734 0.214844 0.833984 0.212891 0.861328 0.201172 0.925781 0.203125 0.943359 0.189453 0.947266 0.175781 0.939453 0.181641 0.921875 0.177734 0.951172 0.171875 0.964844 0.160156 0.962891 0.136719 0.978516 0.099609 0.957031 0.064453 0.880859 0.046875 0.835938 0.046875 0.826172 0.031250 0.777344 0.025391
0 0.000000 0.072266 0.000000 0.113281 0.013672 0.126953 0.023438 0.130859 0.046875 0.132812 0.062500 0.126953 0.066406 0.130859 0.064453 0.134766 0.087891 0.148438 0.105469 0.150391 0.128906 0.146484 0.134766 0.126953 0.144531 0.117188 0.150391 0.121094 0.148438 0.126953 0.160156 0.125000 0.158203 0.119141 0.148438 0.117188 0.144531 0.107422 0.138672 0.103516 0.119141 0.099609 0.095703 0.083984 0.070312 0.076172 0.052734 0.062500 0.023438 0.060547
0 0.734375 0.064453 0.732422 0.066406 0.734375 0.066406
0 0.736328 0.107422 0.734375 0.109375 0.734375 0.113281 0.736328 0.115234
0 0.128906 0.162109 0.130859 0.197266 0.154297 0.218750 0.185547 0.220703 0.191406 0.226562 0.189453 0.242188 0.197266 0.242188 0.236328 0.259766 0.275391 0.265625 0.283203 0.259766 0.281250 0.251953 0.298828 0.232422 0.302734 0.232422 0.291016 0.203125 0.277344 0.187500 0.216797 0.166016 0.173828 0.136719 0.150391 0.140625
0 0.757812 0.166016 0.757812 0.169922 0.759766 0.169922 0.761719 0.171875 0.765625 0.171875 0.765625 0.167969 0.761719 0.167969 0.759766 0.166016
0 0.757812 0.183594 0.757812 0.193359 0.761719 0.193359 0.763672 0.191406 0.763672 0.189453
0 0.750000 0.187500 0.750000 0.191406 0.751953 0.191406 0.751953 0.187500
0 0.763672 0.203125 0.761719 0.203125 0.759766 0.201172 0.757812 0.201172 0.757812 0.203125 0.755859 0.205078 0.753906 0.205078 0.751953 0.203125 0.750000 0.203125 0.750000 0.207031 0.751953 0.207031 0.753906 0.205078 0.757812 0.208984 0.761719 0.208984 0.763672 0.207031
0 0.867188 0.226562 0.857422 0.236328 0.857422 0.240234 0.845703 0.248047 0.845703 0.277344 0.851562 0.289062 0.863281 0.294922 0.878906 0.296875 0.890625 0.310547 0.896484 0.312500 0.931641 0.314453 0.949219 0.306641 0.947266 0.283203 0.955078 0.275391 0.953125 0.267578 0.957031 0.263672 0.958984 0.253906 0.957031 0.236328 0.951172 0.230469 0.919922 0.212891 0.906250 0.212891 0.904297 0.216797 0.896484 0.218750 0.888672 0.216797 0.880859 0.222656
0 0.757812 0.216797 0.753906 0.220703 0.753906 0.222656 0.761719 0.230469 0.763672 0.230469 0.761719 0.228516 0.761719 0.218750 0.759766 0.216797
0 0.486328 0.289062 0.480469 0.316406 0.478516 0.388672 0.480469 0.412109 0.486328 0.417969 0.529297 0.419922 0.544922 0.408203 0.552734 0.388672 0.568359 0.388672 0.585938 0.402344 0.595703 0.419922 0.619141 0.429688 0.650391 0.433594 0.664062 0.427734 0.675781 0.412109 0.675781 0.392578 0.666016 0.376953 0.646484 0.361328 0.605469 0.351562 0.580078 0.359375 0.558594 0.347656 0.539062 0.310547 0.537109 0.292969 0.519531 0.277344 0.498047 0.279297
0 0.623047 0.503906 0.607422 0.562500 0.623047 0.585938 0.611328 0.585938 0.613281 0.593750 0.591797 0.609375 0.613281 0.621094 0.601562 0.626953 0.617188 0.636719 0.609375 0.644531 0.634766 0.650391 0.640625 0.632812 0.648438 0.642578 0.660156 0.634766 0.726562 0.664062 0.806641 0.677734 0.849609 0.701172 0.869141 0.701172 0.894531 0.673828 0.900391 0.658203 0.875000 0.621094 0.878906 0.613281 0.863281 0.591797 0.865234 0.582031 0.857422 0.582031 0.865234 0.576172 0.861328 0.560547 0.869141 0.548828 0.849609 0.544922 0.851562 0.535156 0.791016 0.505859 0.728516 0.505859 0.671875 0.488281 0.640625 0.486328 0.640625 0.494141
0 0.601562 0.658203 0.605469 0.658203 0.609375 0.662109 0.611328 0.662109 0.615234 0.658203 0.617188 0.660156 0.617188 0.664062 0.619141 0.664062 0.621094 0.662109 0.626953 0.662109 0.626953 0.660156 0.628906 0.658203 0.630859 0.658203 0.632812 0.660156 0.632812 0.664062 0.634766 0.664062 0.634766 0.662109 0.636719 0.660156 0.642578 0.660156 0.642578 0.658203 0.638672 0.658203 0.636719 0.656250 0.630859 0.656250 0.628906 0.658203 0.626953 0.656250 0.625000 0.656250 0.623047 0.658203 0.621094 0.656250 0.617188 0.656250 0.615234 0.658203
0 0.648438 0.656250 0.646484 0.658203 0.648438 0.660156 0.650391 0.660156 0.650391 0.656250
0 0.625000 0.675781 0.623047 0.673828 0.621094 0.673828 0.619141 0.671875 0.617188 0.671875 0.613281 0.675781 0.611328 0.673828 0.601562 0.673828 0.597656 0.677734 0.595703 0.675781 0.593750 0.677734 0.591797 0.677734 0.589844 0.679688 0.587891 0.679688 0.593750 0.679688 0.595703 0.681641 0.599609 0.681641 0.601562 0.683594 0.605469 0.683594 0.609375 0.679688 0.615234 0.679688 0.617188 0.681641 0.619141 0.681641 0.619141 0.679688 0.623047 0.675781
0 0.632812 0.673828 0.634766 0.675781 0.634766 0.673828
0 0.615234 0.689453 0.615234 0.695312 0.617188 0.695312 0.619141 0.697266 0.623047 0.697266 0.625000 0.695312 0.626953 0.695312 0.628906 0.697266 0.638672 0.697266 0.638672 0.695312 0.636719 0.695312 0.634766 0.693359 0.632812 0.693359 0.630859 0.695312 0.626953 0.695312 0.619141 0.687500 0.617188 0.687500
1 0.000000 0.000000 0.000000 0.068359 0.046875 0.058594 0.169922 0.111328 0.195312 0.146484 0.291016 0.187500 0.324219 0.246094 0.447266 0.341797 0.455078 0.326172 0.474609 0.324219 0.492188 0.251953 0.439453 0.224609 0.427734 0.187500 0.386719 0.148438 0.337891 0.117188 0.292969 0.105469 0.294922 0.089844 0.263672 0.039062 0.300781 0.023438 0.304688 0.000000
1 0.550781 0.054688 0.539062 0.054688 0.533203 0.058594 0.527344 0.082031 0.527344 0.095703 0.517578 0.105469 0.511719 0.125000 0.501953 0.136719 0.496094 0.150391 0.513672 0.183594 0.527344 0.199219 0.544922 0.201172 0.552734 0.195312 0.566406 0.166016 0.568359 0.140625 0.580078 0.117188 0.574219 0.109375 0.574219 0.103516 0.562500 0.093750 0.560547 0.058594
1 0.644531 0.119141 0.634766 0.138672 0.613281 0.222656 0.656250 0.234375 0.662109 0.187500 0.685547 0.171875 0.707031 0.173828 0.720703 0.185547 0.728516 0.203125 0.720703 0.230469 0.728516 0.234375 0.726562 0.246094 0.718750 0.246094 0.718750 0.250000 0.730469 0.259766 0.748047 0.259766 0.759766 0.242188 0.751953 0.238281 0.755859 0.230469 0.744141 0.222656 0.750000 0.171875 0.744141 0.138672 0.722656 0.121094 0.685547 0.119141 0.681641 0.113281 0.673828 0.117188 0.664062 0.109375 0.666016 0.105469
1 0.152344 0.226562 0.144531 0.226562 0.140625 0.238281 0.130859 0.255859 0.130859 0.259766 0.119141 0.281250 0.115234 0.285156 0.111328 0.296875 0.109375 0.314453 0.119141 0.326172 0.128906 0.326172 0.138672 0.312500 0.148438 0.283203 0.152344 0.279297 0.156250 0.267578 0.162109 0.257812 0.162109 0.246094
1 0.605469 0.316406 0.609375 0.351562 0.644531 0.353516 0.689453 0.388672 0.960938 0.468750 0.984375 0.466797 0.994141 0.447266 0.994141 0.421875 0.976562 0.410156 0.855469 0.376953 0.697266 0.320312 0.619141 0.304688
1 0.000000 0.330078 0.000000 0.445312 0.056641 0.453125 0.072266 0.439453 0.093750 0.410156 0.097656 0.396484 0.095703 0.386719 0.099609 0.380859 0.099609 0.369141 0.091797 0.363281 0.093750 0.355469 0.050781 0.330078 0.037109 0.330078 0.029297 0.333984
1 0.113281 0.402344 0.105469 0.443359 0.105469 0.453125 0.113281 0.460938 0.248047 0.457031 0.259766 0.453125 0.253906 0.443359 0.250000 0.443359 0.228516 0.425781 0.203125 0.419922 0.160156 0.396484 0.140625 0.392578 0.123047 0.396484
2 0.396484 0.353516 0.396484 0.357422 0.394531 0.359375 0.394531 0.367188 0.408203 0.380859 0.410156 0.380859 0.414062 0.384766 0.419922 0.384766 0.421875 0.382812 0.423828 0.382812 0.429688 0.376953 0.431641 0.376953 0.433594 0.375000 0.433594 0.369141 0.416016 0.351562 0.412109 0.351562 0.410156 0.349609 0.406250 0.349609 0.404297 0.351562 0.400391 0.351562 0.398438 0.353516
2 0.330078 0.496094 0.324219 0.507812 0.328125 0.513672 0.339844 0.517578 0.343750 0.521484 0.353516 0.525391 0.365234 0.525391 0.376953 0.529297 0.378906 0.533203 0.373047 0.542969 0.375000 0.548828 0.384766 0.552734 0.396484 0.552734 0.398438 0.550781 0.402344 0.537109 0.410156 0.523438 0.410156 0.517578 0.408203 0.515625 0.402344 0.515625 0.400391 0.513672 0.384766 0.513672 0.369141 0.501953 0.351562 0.494141 0.335938 0.492188
2 0.320312 0.523438 0.318359 0.525391 0.318359 0.529297 0.316406 0.531250 0.316406 0.539062 0.318359 0.541016 0.320312 0.541016 0.322266 0.542969 0.326172 0.542969 0.328125 0.544922 0.332031 0.544922 0.333984 0.546875 0.339844 0.546875 0.341797 0.544922 0.341797 0.539062 0.343750 0.537109 0.343750 0.531250 0.341797 0.529297 0.341797 0.527344 0.337891 0.527344 0.335938 0.525391 0.332031 0.525391 0.330078 0.523438
2 0.306641 0.589844 0.306641 0.591797 0.304688 0.593750 0.304688 0.597656 0.302734 0.599609 0.302734 0.603516 0.304688 0.605469 0.304688 0.609375 0.306641 0.611328 0.306641 0.615234 0.312500 0.621094 0.318359 0.621094 0.320312 0.623047 0.333984 0.623047 0.335938 0.621094 0.347656 0.621094 0.347656 0.615234 0.345703 0.613281 0.345703 0.609375 0.343750 0.607422 0.343750 0.601562 0.345703 0.599609 0.343750 0.593750 0.341797 0.593750 0.339844 0.591797 0.335938 0.591797 0.333984 0.589844 0.332031 0.589844 0.330078 0.587891 0.326172 0.587891 0.324219 0.585938 0.310547 0.585938
2 0.089844 0.609375 0.076172 0.609375 0.074219 0.607422 0.064453 0.607422 0.062500 0.605469 0.050781 0.605469 0.048828 0.607422 0.044922 0.607422 0.041016 0.611328 0.037109 0.619141 0.037109 0.623047 0.029297 0.634766 0.029297 0.638672 0.025391 0.644531 0.029297 0.650391 0.037109 0.654297 0.039062 0.658203 0.039062 0.667969 0.042969 0.667969 0.044922 0.669922 0.056641 0.667969 0.074219 0.640625 0.080078 0.640625 0.085938 0.636719 0.093750 0.621094 0.093750 0.613281
2 0.140625 0.628906 0.126953 0.628906 0.123047 0.634766 0.126953 0.644531 0.123047 0.648438 0.117188 0.648438 0.111328 0.654297 0.111328 0.667969 0.101562 0.669922 0.095703 0.675781 0.097656 0.695312 0.091797 0.722656 0.097656 0.726562 0.113281 0.728516 0.119141 0.734375 0.123047 0.732422 0.123047 0.720703 0.134766 0.691406 0.136719 0.681641 0.132812 0.677734 0.140625 0.675781 0.148438 0.664062 0.148438 0.656250 0.144531 0.648438 0.136719 0.648438 0.126953 0.644531 0.128906 0.640625 0.132812 0.642578 0.144531 0.640625 0.146484 0.634766
2 0.359375 0.712891 0.353516 0.724609 0.355469 0.726562 0.353516 0.757812 0.386719 0.781250 0.373047 0.789062 0.369141 0.822266 0.376953 0.832031 0.400391 0.833984 0.410156 0.794922 0.404297 0.785156 0.398438 0.785156 0.396484 0.781250 0.402344 0.779297 0.412109 0.761719 0.419922 0.753906 0.423828 0.744141 0.423828 0.732422 0.392578 0.716797 0.373047 0.716797
2 0.496094 0.804688 0.488281 0.824219 0.488281 0.841797 0.486328 0.847656 0.529297 0.869141 0.550781 0.871094 0.552734 0.869141 0.552734 0.859375 0.548828 0.853516 0.552734 0.849609 0.554688 0.841797 0.560547 0.835938 0.562500 0.830078 0.562500 0.816406 0.558594 0.812500 0.544922 0.812500 0.539062 0.810547 0.535156 0.806641 0.525391 0.802734 0.501953 0.802734
2 0.328125 0.816406 0.318359 0.828125 0.312500 0.863281 0.314453 0.867188 0.335938 0.876953 0.324219 0.890625 0.300781 0.890625 0.296875 0.894531 0.291016 0.914062 0.292969 0.921875 0.296875 0.925781 0.318359 0.927734 0.353516 0.939453 0.371094 0.939453 0.378906 0.933594 0.382812 0.906250 0.347656 0.882812 0.357422 0.869141 0.378906 0.861328 0.384766 0.851562 0.375000 0.839844 0.361328 0.833984 0.349609 0.822266
2 0.585938 0.832031 0.582031 0.835938 0.580078 0.843750 0.578125 0.845703 0.578125 0.853516 0.576172 0.855469 0.576172 0.867188 0.580078 0.871094 0.587891 0.875000 0.597656 0.876953 0.603516 0.880859 0.615234 0.880859 0.617188 0.882812 0.632812 0.882812 0.636719 0.878906 0.638672 0.869141 0.642578 0.863281 0.642578 0.845703 0.640625 0.841797 0.636719 0.839844 0.630859 0.839844 0.628906 0.837891 0.623047 0.837891 0.621094 0.835938 0.615234 0.835938 0.613281 0.833984 0.597656 0.833984 0.595703 0.832031
2 0.708984 0.841797 0.695312 0.861328 0.689453 0.884766 0.691406 0.888672 0.699219 0.894531 0.703125 0.894531 0.718750 0.902344 0.728516 0.902344 0.738281 0.894531 0.744141 0.882812 0.744141 0.871094 0.746094 0.869141 0.746094 0.853516 0.732422 0.845703 0.728516 0.845703 0.720703 0.841797
2 0.466797 0.906250 0.453125 0.947266 0.451172 0.998047 0.628906 0.998047 0.638672 0.958984 0.638672 0.933594 0.632812 0.927734 0.609375 0.917969 0.595703 0.917969 0.542969 0.900391 0.525391 0.898438 0.503906 0.886719 0.490234 0.886719 0.478516 0.902344
2 0.660156 0.935547 0.660156 0.943359 0.658203 0.945312 0.658203 0.964844 0.660156 0.966797 0.664062 0.966797 0.671875 0.970703 0.681641 0.970703 0.683594 0.972656 0.689453 0.972656 0.691406 0.974609 0.695312 0.974609 0.697266 0.976562 0.705078 0.976562 0.707031 0.978516 0.714844 0.976562 0.716797 0.972656 0.716797 0.955078 0.714844 0.953125 0.716797 0.939453 0.710938 0.933594 0.695312 0.929688 0.687500 0.923828 0.681641 0.923828 0.679688 0.925781 0.667969 0.927734
3 0.218750 0.271484 0.187500 0.308594 0.191406 0.314453 0.187500 0.318359 0.187500 0.330078 0.195312 0.335938 0.189453 0.339844 0.189453 0.349609 0.193359 0.351562 0.187500 0.355469 0.187500 0.363281 0.197266 0.369141 0.199219 0.382812 0.240234 0.406250 0.261719 0.425781 0.289062 0.441406 0.322266 0.437500 0.333984 0.421875 0.341797 0.396484 0.341797 0.371094 0.332031 0.351562 0.238281 0.273438 0.226562 0.275391
3 0.320312 0.693359 0.273438 0.662109 0.244141 0.660156 0.242188 0.710938 0.228516 0.718750 0.236328 0.703125 0.212891 0.691406 0.220703 0.646484 0.201172 0.640625 0.173828 0.667969 0.166016 0.718750 0.152344 0.730469 0.162109 0.742188 0.109375 0.736328 0.062500 0.765625 0.044922 0.750000 0.003906 0.750000 0.001953 0.888672 0.035156 0.880859 0.072266 0.927734 0.103516 0.923828 0.105469 0.890625 0.109375 0.904297 0.113281 0.894531 0.126953 0.904297 0.148438 0.892578 0.156250 0.906250 0.160156 0.892578 0.164062 0.902344 0.175781 0.894531 0.195312 0.927734 0.232422 0.927734 0.242188 0.892578 0.228516 0.787109 0.292969 0.812500 0.326172 0.802734
3 0.003906 0.736328 0.003906 0.738281 0.005859 0.738281
3 0.021484 0.738281 0.019531 0.738281 0.019531 0.740234
3 0.142578 0.902344 0.140625 0.902344 0.140625 0.904297
3 0.111328 0.917969 0.109375 0.917969 0.109375 0.919922
3 0.183594 0.919922 0.181641 0.921875 0.181641 0.923828 0.179688 0.925781 0.181641 0.927734 0.185547 0.927734 0.187500 0.925781 0.185547 0.923828 0.185547 0.921875
3 0.185547 0.941406 0.183594 0.939453 0.181641 0.941406
3 0.199219 0.939453 0.199219 0.941406 0.203125 0.941406 0.201172 0.939453
5 0.000000 0.474609 0.001953 0.511719 0.255859 0.544922 0.429688 0.669922 0.998047 0.876953 0.160156 0.498047 0.396484 0.503906 0.371094 0.462891 0.519531 0.443359 0.814453 0.501953 0.992188 0.582031 0.878906 0.498047 0.525391 0.421875 0.333984 0.464844
5 0.000000 0.542969 0.000000 0.564453 0.486328 0.732422 0.408203 0.998047 0.429688 0.994141 0.509766 0.736328 0.998047 0.912109 0.998047 0.892578 0.718750 0.783203
