0 0.296875 0.175781 0.283203 0.166016 0.226562 0.169922 0.203125 0.179688 0.148438 0.187500 0.125000 0.203125 0.113281 0.218750 0.113281 0.240234 0.121094 0.259766 0.125000 0.300781 0.136719 0.308594 0.222656 0.306641 0.255859 0.302734 0.285156 0.289062 0.294922 0.269531 0.300781 0.236328
0 0.849609 0.189453 0.812500 0.230469 0.806641 0.246094 0.810547 0.269531 0.826172 0.285156 0.841797 0.285156 0.873047 0.271484 0.880859 0.289062 0.878906 0.304688 0.886719 0.318359 0.916016 0.335938 0.933594 0.335938 0.949219 0.357422 0.968750 0.365234 0.982422 0.343750 0.982422 0.330078 0.968750 0.310547 0.970703 0.273438 0.962891 0.248047 0.962891 0.234375 0.972656 0.224609 0.968750 0.195312 0.949219 0.183594 0.929688 0.183594 0.900391 0.195312 0.875000 0.189453 0.871094 0.183594
0 0.746094 0.253906 0.722656 0.224609 0.697266 0.222656 0.595703 0.267578 0.597656 0.306641 0.636719 0.302734 0.603516 0.384766 0.523438 0.419922 0.527344 0.386719 0.488281 0.353516 0.500000 0.332031 0.488281 0.306641 0.460938 0.347656 0.335938 0.359375 0.308594 0.384766 0.357422 0.416016 0.386719 0.392578 0.410156 0.425781 0.439453 0.400391 0.462891 0.421875 0.486328 0.414062 0.394531 0.441406 0.396484 0.494141 0.460938 0.496094 0.482422 0.533203 0.511719 0.533203 0.527344 0.556641 0.531250 0.509766 0.564453 0.496094 0.601562 0.546875 0.589844 0.597656 0.605469 0.619141 0.646484 0.544922 0.656250 0.480469 0.699219 0.474609 0.699219 0.398438 0.732422 0.353516
0 0.310547 0.298828 0.310547 0.302734 0.308594 0.304688 0.310547 0.306641 0.310547 0.310547 0.316406 0.316406 0.320312 0.316406 0.322266 0.318359 0.326172 0.318359 0.328125 0.320312 0.332031 0.320312 0.333984 0.322266 0.339844 0.322266 0.341797 0.324219 0.349609 0.324219 0.351562 0.326172 0.361328 0.324219 0.365234 0.320312 0.365234 0.316406 0.367188 0.314453 0.367188 0.312500 0.365234 0.310547 0.365234 0.306641 0.357422 0.300781 0.353516 0.300781 0.351562 0.298828 0.343750 0.298828 0.341797 0.300781 0.339844 0.298828 0.335938 0.298828 0.332031 0.294922 0.328125 0.294922 0.326172 0.292969 0.320312 0.292969 0.318359 0.294922 0.314453 0.294922
0 0.871094 0.378906 0.863281 0.386719 0.863281 0.416016 0.865234 0.419922 0.875000 0.423828 0.882812 0.429688 0.898438 0.429688 0.900391 0.427734 0.908203 0.425781 0.914062 0.419922 0.916016 0.419922 0.917969 0.414062 0.925781 0.404297 0.925781 0.394531 0.921875 0.386719 0.916016 0.380859 0.908203 0.376953 0.896484 0.376953 0.894531 0.375000 0.878906 0.375000
0 0.130859 0.466797 0.125000 0.476562 0.126953 0.482422 0.130859 0.486328 0.142578 0.490234 0.142578 0.521484 0.140625 0.527344 0.132812 0.533203 0.130859 0.539062 0.132812 0.544922 0.142578 0.550781 0.162109 0.546875 0.167969 0.541016 0.181641 0.548828 0.189453 0.548828 0.199219 0.544922 0.205078 0.535156 0.205078 0.519531 0.203125 0.517578 0.205078 0.513672 0.201172 0.492188 0.193359 0.474609 0.189453 0.470703 0.175781 0.468750 0.167969 0.464844
0 0.199219 0.578125 0.199219 0.582031 0.197266 0.583984 0.199219 0.585938 0.199219 0.589844 0.203125 0.593750 0.218750 0.597656 0.230469 0.603516 0.232422 0.601562 0.234375 0.603516 0.236328 0.613281 0.240234 0.617188 0.244141 0.617188 0.246094 0.619141 0.248047 0.617188 0.251953 0.617188 0.255859 0.613281 0.255859 0.609375 0.257812 0.607422 0.257812 0.591797 0.265625 0.582031 0.265625 0.578125 0.267578 0.576172 0.265625 0.574219 0.265625 0.570312 0.261719 0.566406 0.257812 0.566406 0.255859 0.564453 0.240234 0.566406 0.230469 0.570312 0.226562 0.566406 0.218750 0.564453 0.216797 0.566406 0.212891 0.566406 0.207031 0.574219 0.203125 0.574219
0 0.359375 0.593750 0.355469 0.648438 0.400391 0.699219 0.457031 0.695312 0.515625 0.642578 0.558594 0.652344 0.554688 0.683594 0.511719 0.681641 0.488281 0.693359 0.480469 0.726562 0.492188 0.738281 0.513672 0.705078 0.554688 0.705078 0.562500 0.714844 0.544922 0.730469 0.539062 0.781250 0.507812 0.779297 0.496094 0.792969 0.525391 0.808594 0.531250 0.826172 0.566406 0.832031 0.580078 0.730469 0.595703 0.716797 0.597656 0.673828 0.615234 0.660156 0.615234 0.644531 0.583984 0.621094 0.535156 0.621094 0.525391 0.585938 0.503906 0.597656 0.472656 0.564453 0.431641 0.566406 0.394531 0.591797
0 0.138672 0.587891 0.138672 0.591797 0.136719 0.593750 0.138672 0.595703 0.138672 0.599609 0.142578 0.603516 0.146484 0.603516 0.148438 0.605469 0.154297 0.605469 0.162109 0.611328 0.173828 0.615234 0.177734 0.623047 0.183594 0.628906 0.187500 0.628906 0.191406 0.630859 0.193359 0.628906 0.197266 0.628906 0.201172 0.625000 0.201172 0.621094 0.203125 0.619141 0.201172 0.617188 0.201172 0.613281 0.197266 0.609375 0.195312 0.603516 0.187500 0.595703 0.183594 0.593750 0.179688 0.593750 0.171875 0.587891 0.167969 0.587891 0.166016 0.585938 0.162109 0.585938 0.154297 0.582031 0.148438 0.582031 0.146484 0.583984 0.142578 0.583984
0 0.208984 0.630859 0.212891 0.646484 0.285156 0.691406 0.353516 0.751953 0.392578 0.769531 0.441406 0.812500 0.503906 0.851562 0.521484 0.847656 0.521484 0.835938 0.509766 0.824219 0.457031 0.794922 0.412109 0.753906 0.365234 0.732422 0.298828 0.671875 0.232422 0.626953 0.218750 0.625000
0 0.544922 0.855469 0.542969 0.857422 0.539062 0.857422 0.535156 0.861328 0.535156 0.865234 0.533203 0.867188 0.535156 0.869141 0.535156 0.873047 0.539062 0.876953 0.542969 0.876953 0.544922 0.878906 0.546875 0.876953 0.550781 0.876953 0.554688 0.873047 0.554688 0.869141 0.556641 0.867188 0.554688 0.865234 0.554688 0.861328 0.550781 0.857422 0.546875 0.857422
0 0.363281 0.923828 0.357422 0.947266 0.357422 0.968750 0.351562 0.978516 0.347656 0.998047 0.423828 0.998047 0.433594 0.988281 0.447266 0.984375 0.453125 0.966797 0.453125 0.958984 0.443359 0.937500 0.414062 0.929688 0.410156 0.925781 0.394531 0.919922 0.384766 0.919922 0.376953 0.916016 0.369141 0.917969
1 0.064453 0.177734 0.033203 0.179688 0.013672 0.189453 0.000000 0.189453 0.000000 0.320312 0.011719 0.330078 0.025391 0.332031 0.039062 0.341797 0.058594 0.347656 0.062500 0.343750 0.078125 0.345703 0.093750 0.332031 0.101562 0.281250 0.093750 0.226562 0.093750 0.195312 0.082031 0.181641
1 0.841797 0.181641 0.816406 0.179688 0.792969 0.183594 0.753906 0.201172 0.746094 0.232422 0.748047 0.269531 0.744141 0.283203 0.748047 0.312500 0.736328 0.332031 0.736328 0.375000 0.777344 0.380859 0.802734 0.367188 0.812500 0.304688 0.818359 0.292969 0.818359 0.281250 0.804688 0.261719 0.804688 0.246094 0.820312 0.214844 0.841797 0.193359
2 0.705078 0.128906 0.705078 0.136719 0.710938 0.140625 0.753906 0.140625 0.755859 0.138672 0.755859 0.125000 0.746094 0.125000 0.744141 0.123047 0.740234 0.123047 0.736328 0.119141 0.734375 0.119141 0.732422 0.117188 0.724609 0.117188 0.714844 0.123047 0.708984 0.123047
2 0.386719 0.423828 0.353516 0.417969 0.318359 0.419922 0.314453 0.441406 0.308594 0.435547 0.292969 0.435547 0.244141 0.449219 0.242188 0.466797 0.232422 0.449219 0.199219 0.458984 0.195312 0.466797 0.208984 0.531250 0.248047 0.535156 0.250000 0.523438 0.240234 0.490234 0.246094 0.476562 0.283203 0.462891 0.308594 0.460938 0.318359 0.453125 0.316406 0.474609 0.328125 0.496094 0.339844 0.498047 0.353516 0.490234 0.373047 0.498047 0.390625 0.484375 0.384766 0.453125
2 0.125000 0.474609 0.111328 0.476562 0.097656 0.482422 0.089844 0.482422 0.087891 0.484375 0.072266 0.488281 0.074219 0.519531 0.078125 0.523438 0.082031 0.523438 0.083984 0.521484 0.093750 0.521484 0.095703 0.519531 0.101562 0.519531 0.103516 0.517578 0.109375 0.517578 0.111328 0.515625 0.128906 0.515625 0.130859 0.513672 0.136719 0.513672 0.140625 0.505859 0.138672 0.503906 0.138672 0.500000 0.125000 0.482422 0.125000 0.478516 0.123047 0.476562
2 0.576172 0.548828 0.570312 0.554688 0.570312 0.558594 0.568359 0.560547 0.568359 0.568359 0.566406 0.570312 0.566406 0.574219 0.568359 0.576172 0.568359 0.593750 0.574219 0.597656 0.580078 0.597656 0.585938 0.593750 0.585938 0.589844 0.587891 0.587891 0.587891 0.572266 0.589844 0.570312 0.589844 0.566406 0.593750 0.560547 0.593750 0.556641 0.591797 0.554688 0.589844 0.554688 0.587891 0.552734 0.585938 0.552734 0.580078 0.548828
2 0.470703 0.726562 0.466797 0.726562 0.466797 0.730469 0.464844 0.732422 0.447266 0.732422 0.441406 0.736328 0.441406 0.744141 0.439453 0.746094 0.439453 0.751953 0.441406 0.753906 0.441406 0.757812 0.443359 0.761719 0.451172 0.767578 0.451172 0.775391 0.453125 0.777344 0.453125 0.785156 0.455078 0.787109 0.470703 0.787109 0.474609 0.783203 0.474609 0.779297 0.476562 0.777344 0.476562 0.759766 0.478516 0.757812 0.478516 0.751953 0.480469 0.750000 0.480469 0.732422 0.476562 0.728516 0.472656 0.728516
2 0.515625 0.730469 0.511719 0.734375 0.511719 0.746094 0.509766 0.748047 0.509766 0.753906 0.507812 0.755859 0.507812 0.765625 0.505859 0.767578 0.505859 0.769531 0.507812 0.771484 0.507812 0.773438 0.529297 0.773438 0.529297 0.771484 0.531250 0.769531 0.531250 0.744141 0.533203 0.742188 0.533203 0.734375 0.527344 0.730469
3 0.998047 0.449219 0.888672 0.453125 0.814453 0.482422 0.765625 0.466797 0.703125 0.482422 0.667969 0.474609 0.626953 0.589844 0.587891 0.802734 0.804688 0.826172 0.931641 0.873047 0.953125 0.855469 0.941406 0.847656 0.960938 0.810547 0.988281 0.816406 0.968750 0.824219 0.998047 0.828125 0.988281 0.818359 0.998047 0.798828 0.982422 0.794922 0.998047 0.791016
3 0.982422 0.837891 0.984375 0.839844 0.986328 0.839844 0.988281 0.837891 0.992188 0.837891 0.994141 0.839844 0.996094 0.837891 0.998047 0.837891 0.998047 0.835938 0.984375 0.835938
3 0.996094 0.843750 0.996094 0.845703 0.998047 0.845703 0.998047 0.843750
3 0.998047 0.906250 0.996094 0.906250 0.994141 0.908203 0.988281 0.908203 0.998047 0.908203
4 0.000000 0.896484 0.000000 0.998047 0.345703 0.998047 0.375000 0.914062 0.443359 0.935547 0.449219 0.982422 0.492188 0.998047 0.949219 0.998047 0.998047 0.982422 0.998047 0.916016 0.892578 0.917969 0.878906 0.865234 0.794922 0.830078 0.587891 0.812500 0.574219 0.878906 0.533203 0.886719 0.199219 0.652344 0.101562 0.750000
