0 0.656250 0.000000 0.656250 0.007812 0.669922 0.027344 0.705078 0.039062 0.742188 0.078125 0.746094 0.095703 0.759766 0.109375 0.783203 0.160156 0.798828 0.169922 0.816406 0.167969 0.826172 0.152344 0.826172 0.142578 0.802734 0.101562 0.800781 0.085938 0.808594 0.046875 0.830078 0.015625 0.810547 0.000000
0 0.847656 0.250000 0.830078 0.300781 0.822266 0.365234 0.824219 0.443359 0.853516 0.494141 0.849609 0.542969 0.841797 0.541016 0.832031 0.556641 0.835938 0.607422 0.914062 0.619141 0.917969 0.697266 0.994141 0.703125 0.998047 0.421875 0.970703 0.357422 0.970703 0.333984 0.957031 0.302734 0.910156 0.246094
0 0.566406 0.734375 0.550781 0.712891 0.507812 0.697266 0.511719 0.666016 0.486328 0.675781 0.480469 0.658203 0.433594 0.662109 0.402344 0.675781 0.365234 0.802734 0.337891 0.775391 0.273438 0.806641 0.201172 0.808594 0.173828 0.789062 0.136719 0.787109 0.107422 0.800781 0.101562 0.859375 0.128906 0.873047 0.232422 0.880859 0.296875 0.906250 0.388672 0.914062 0.414062 0.927734 0.480469 0.908203 0.500000 0.929688 0.535156 0.939453 0.548828 0.931641 0.576172 0.816406
0 0.500000 0.660156 0.500000 0.662109 0.505859 0.662109 0.505859 0.660156
0 0.515625 0.691406 0.515625 0.693359 0.517578 0.693359
0 0.000000 0.773438 0.000000 0.837891 0.029297 0.847656 0.048828 0.847656 0.062500 0.851562 0.087891 0.863281 0.093750 0.861328 0.091797 0.851562 0.087891 0.847656 0.089844 0.841797 0.085938 0.833984 0.089844 0.828125 0.085938 0.818359 0.089844 0.814453 0.089844 0.808594 0.085938 0.800781 0.089844 0.796875 0.093750 0.798828 0.095703 0.796875 0.064453 0.781250 0.046875 0.783203 0.023438 0.773438 0.013672 0.771484
1 0.197266 0.130859 0.169922 0.164062 0.136719 0.144531 0.117188 0.160156 0.072266 0.501953 0.138672 0.541016 0.138672 0.605469 0.107422 0.628906 0.001953 0.607422 0.000000 0.677734 0.062500 0.703125 0.062500 0.763672 0.083984 0.783203 0.269531 0.800781 0.324219 0.763672 0.392578 0.601562 0.349609 0.570312 0.255859 0.597656 0.236328 0.587891 0.287109 0.507812 0.287109 0.429688 0.296875 0.466797 0.300781 0.433594 0.345703 0.421875 0.335938 0.390625 0.289062 0.375000 0.277344 0.181641 0.216797 0.162109
1 0.837891 0.162109 0.837891 0.177734 0.839844 0.181641 0.851562 0.189453 0.861328 0.203125 0.875000 0.214844 0.892578 0.216797 0.921875 0.199219 0.927734 0.191406 0.927734 0.183594 0.921875 0.175781 0.890625 0.169922 0.882812 0.166016 0.876953 0.160156 0.869141 0.158203 0.859375 0.152344 0.847656 0.152344 0.841797 0.156250
1 0.443359 0.166016 0.439453 0.179688 0.443359 0.210938 0.507812 0.318359 0.523438 0.333984 0.632812 0.351562 0.646484 0.349609 0.654297 0.341797 0.679688 0.273438 0.673828 0.253906 0.494141 0.177734 0.474609 0.162109 0.449219 0.160156
1 0.294922 0.242188 0.294922 0.244141 0.292969 0.246094 0.292969 0.251953 0.291016 0.253906 0.291016 0.275391 0.292969 0.277344 0.292969 0.287109 0.294922 0.287109 0.300781 0.292969 0.304688 0.292969 0.310547 0.289062 0.312500 0.291016 0.314453 0.289062 0.328125 0.289062 0.330078 0.287109 0.330078 0.279297 0.324219 0.271484 0.324219 0.269531 0.320312 0.265625 0.320312 0.263672 0.316406 0.259766 0.316406 0.257812 0.310547 0.250000 0.310547 0.248047 0.304688 0.242188 0.300781 0.242188 0.298828 0.240234 0.296875 0.242188
1 0.474609 0.455078 0.472656 0.587891 0.482422 0.599609 0.470703 0.644531 0.478516 0.650391 0.542969 0.650391 0.582031 0.619141 0.607422 0.621094 0.638672 0.611328 0.707031 0.619141 0.763672 0.648438 0.783203 0.650391 0.812500 0.611328 0.708984 0.527344 0.667969 0.509766 0.603516 0.500000 0.574219 0.460938 0.492188 0.445312
1 0.796875 0.662109 0.798828 0.667969 0.806641 0.669922 0.824219 0.687500 0.839844 0.691406 0.849609 0.701172 0.865234 0.708984 0.894531 0.705078 0.902344 0.707031 0.906250 0.701172 0.916016 0.699219 0.917969 0.683594 0.914062 0.677734 0.910156 0.646484 0.912109 0.619141 0.902344 0.615234 0.833984 0.609375 0.830078 0.611328 0.828125 0.623047 0.814453 0.642578 0.804688 0.650391
1 0.933594 0.701172 0.919922 0.708984 0.929688 0.732422 0.931641 0.751953 0.927734 0.777344 0.914062 0.794922 0.910156 0.814453 0.912109 0.859375 0.919922 0.869141 0.937500 0.871094 0.955078 0.843750 0.964844 0.847656 0.966797 0.841797 0.978516 0.841797 0.984375 0.853516 0.982422 0.865234 0.986328 0.865234 0.998047 0.841797 0.998047 0.710938 0.982422 0.701172
1 0.757812 0.742188 0.751953 0.742188 0.730469 0.763672 0.714844 0.771484 0.703125 0.783203 0.697266 0.808594 0.710938 0.847656 0.720703 0.857422 0.726562 0.871094 0.742188 0.884766 0.761719 0.880859 0.767578 0.875000 0.771484 0.865234 0.783203 0.853516 0.791016 0.833984 0.794922 0.830078 0.798828 0.835938 0.802734 0.822266 0.794922 0.791016 0.779297 0.765625 0.777344 0.753906
1 0.812500 0.828125 0.812500 0.830078 0.814453 0.832031 0.814453 0.833984 0.816406 0.833984 0.818359 0.835938 0.820312 0.835938 0.822266 0.837891 0.822266 0.839844 0.828125 0.839844 0.830078 0.841797 0.832031 0.841797 0.832031 0.839844 0.828125 0.835938 0.826172 0.835938 0.820312 0.830078 0.818359 0.830078 0.816406 0.828125
2 0.115234 0.019531 0.111328 0.025391 0.111328 0.031250 0.109375 0.033203 0.109375 0.035156 0.105469 0.039062 0.105469 0.044922 0.107422 0.046875 0.111328 0.046875 0.113281 0.048828 0.117188 0.048828 0.126953 0.054688 0.130859 0.054688 0.132812 0.056641 0.136719 0.056641 0.138672 0.058594 0.148438 0.058594 0.150391 0.056641 0.150391 0.050781 0.152344 0.048828 0.152344 0.044922 0.154297 0.042969 0.154297 0.031250 0.148438 0.027344 0.138672 0.027344 0.132812 0.023438 0.128906 0.023438 0.126953 0.021484 0.121094 0.021484 0.119141 0.019531
2 0.253906 0.941406 0.251953 0.941406 0.248047 0.937500 0.238281 0.937500 0.236328 0.939453 0.230469 0.937500 0.216797 0.949219 0.212891 0.945312 0.210938 0.945312 0.210938 0.955078 0.208984 0.957031 0.208984 0.974609 0.207031 0.976562 0.207031 0.984375 0.205078 0.986328 0.205078 0.998047 0.253906 0.998047 0.253906 0.953125 0.255859 0.951172 0.255859 0.943359
2 0.412109 0.976562 0.412109 0.998047 0.466797 0.998047 0.466797 0.976562 0.464844 0.974609 0.414062 0.974609
5 0.068359 0.000000 0.050781 0.005859 0.044922 0.087891 0.005859 0.236328 0.000000 0.476562 0.015625 0.441406 0.009766 0.380859 0.019531 0.271484 0.062500 0.089844
5 0.000000 0.853516 0.000000 0.869141 0.052734 0.894531 0.410156 0.960938 0.515625 0.957031 0.613281 0.984375 0.888672 0.998047 0.601562 0.964844 0.505859 0.937500 0.396484 0.939453 0.179688 0.906250
6 0.353516 0.011719 0.371094 0.017578 0.339844 0.044922 0.365234 0.083984 0.525391 0.093750 0.476562 0.097656 0.492188 0.103516 0.460938 0.115234 0.455078 0.154297 0.679688 0.253906 0.675781 0.345703 0.646484 0.355469 0.662109 0.486328 0.710938 0.464844 0.707031 0.515625 0.816406 0.580078 0.833984 0.240234 0.787109 0.175781 0.763672 0.208984 0.777344 0.228516 0.755859 0.228516 0.771484 0.214844 0.746094 0.171875 0.771484 0.167969 0.744141 0.164062 0.771484 0.152344 0.728516 0.068359 0.687500 0.041016 0.720703 0.082031 0.654297 0.058594 0.626953 0.076172 0.636719 0.060547 0.603516 0.060547 0.619141 0.029297 0.560547 0.011719
6 0.671875 0.037109 0.673828 0.039062 0.673828 0.041016 0.671875 0.042969 0.673828 0.042969 0.675781 0.044922 0.679688 0.044922 0.681641 0.042969 0.677734 0.042969 0.673828 0.039062 0.675781 0.037109
6 0.650391 0.042969 0.650391 0.044922 0.652344 0.044922
6 0.652344 0.050781 0.650391 0.050781 0.648438 0.052734 0.652344 0.052734
6 0.666016 0.050781 0.664062 0.052734 0.666016 0.052734
6 0.679688 0.050781 0.679688 0.052734 0.681641 0.052734 0.681641 0.050781
6 0.671875 0.068359 0.669922 0.066406 0.669922 0.064453 0.667969 0.062500 0.667969 0.060547 0.667969 0.062500 0.664062 0.066406 0.660156 0.066406 0.660156 0.068359
6 0.683594 0.062500 0.681641 0.062500 0.677734 0.066406 0.677734 0.068359 0.679688 0.068359 0.681641 0.070312 0.683594 0.068359 0.685547 0.068359 0.685547 0.064453
6 0.710938 0.066406 0.710938 0.068359 0.712891 0.068359 0.712891 0.066406
6 0.429688 0.109375 0.433594 0.113281 0.435547 0.113281 0.433594 0.113281 0.431641 0.111328 0.431641 0.109375
6 0.769531 0.160156 0.769531 0.162109 0.771484 0.162109 0.771484 0.160156
6 0.734375 0.269531 0.736328 0.271484 0.736328 0.269531
6 0.730469 0.285156 0.730469 0.287109 0.732422 0.287109 0.732422 0.285156
6 0.730469 0.300781 0.730469 0.302734 0.732422 0.302734 0.732422 0.300781
6 0.714844 0.347656 0.714844 0.349609 0.716797 0.349609 0.716797 0.347656
6 0.716797 0.355469 0.714844 0.357422 0.714844 0.365234 0.716797 0.365234 0.716797 0.361328 0.714844 0.359375 0.716797 0.357422
