0 0.156250 0.111328 0.101562 0.101562 0.082031 0.117188 0.000000 0.123047 0.000000 0.330078 0.039062 0.341797 0.066406 0.357422 0.097656 0.357422 0.121094 0.345703 0.126953 0.304688 0.146484 0.292969 0.152344 0.279297 0.134766 0.246094 0.144531 0.226562 0.146484 0.201172 0.160156 0.185547 0.164062 0.126953
0 0.501953 0.244141 0.470703 0.244141 0.457031 0.253906 0.447266 0.255859 0.429688 0.277344 0.417969 0.287109 0.406250 0.291016 0.400391 0.308594 0.410156 0.330078 0.421875 0.337891 0.423828 0.353516 0.427734 0.357422 0.466797 0.357422 0.509766 0.363281 0.519531 0.355469 0.513672 0.300781 0.515625 0.261719
0 0.652344 0.242188 0.634766 0.242188 0.625000 0.248047 0.619141 0.257812 0.619141 0.267578 0.613281 0.281250 0.611328 0.312500 0.613281 0.314453 0.613281 0.322266 0.615234 0.326172 0.623047 0.330078 0.642578 0.332031 0.650391 0.328125 0.662109 0.314453 0.664062 0.308594 0.662109 0.261719 0.660156 0.259766 0.658203 0.248047
0 0.484375 0.582031 0.480469 0.585938 0.480469 0.595703 0.476562 0.599609 0.472656 0.609375 0.466797 0.613281 0.468750 0.621094 0.482422 0.636719 0.490234 0.640625 0.496094 0.646484 0.500000 0.646484 0.501953 0.648438 0.511719 0.648438 0.537109 0.625000 0.537109 0.593750 0.529297 0.583984 0.519531 0.582031 0.517578 0.580078
0 0.447266 0.699219 0.441406 0.685547 0.419922 0.677734 0.414062 0.654297 0.353516 0.654297 0.330078 0.687500 0.318359 0.662109 0.283203 0.662109 0.259766 0.675781 0.195312 0.734375 0.193359 0.775391 0.224609 0.802734 0.248047 0.808594 0.292969 0.800781 0.318359 0.779297 0.439453 0.796875 0.445312 0.791016 0.449219 0.748047
0 0.132812 0.808594 0.132812 0.810547 0.134766 0.810547 0.134766 0.808594
0 0.062500 0.835938 0.060547 0.873047 0.097656 0.884766 0.097656 0.916016 0.087891 0.923828 0.074219 0.921875 0.072266 0.898438 0.066406 0.900391 0.058594 0.978516 0.064453 0.966797 0.076172 0.998047 0.320312 0.998047 0.353516 0.972656 0.349609 0.890625 0.267578 0.878906 0.191406 0.880859 0.183594 0.873047 0.189453 0.826172 0.175781 0.820312 0.115234 0.818359 0.101562 0.830078 0.078125 0.828125
0 0.072266 0.892578 0.074219 0.892578 0.076172 0.894531 0.080078 0.894531 0.082031 0.896484 0.083984 0.896484 0.085938 0.898438 0.087891 0.898438 0.089844 0.896484 0.091797 0.896484 0.091797 0.894531 0.082031 0.894531 0.080078 0.892578 0.080078 0.890625 0.076172 0.890625 0.074219 0.892578
0 0.089844 0.902344 0.087891 0.904297 0.085938 0.904297 0.083984 0.902344 0.083984 0.904297 0.080078 0.908203 0.078125 0.908203 0.078125 0.910156 0.080078 0.912109 0.083984 0.912109 0.085938 0.910156 0.089844 0.910156 0.087891 0.908203 0.087891 0.906250 0.089844 0.904297
0 0.060547 0.982422 0.058594 0.982422 0.058594 0.984375 0.056641 0.986328 0.056641 0.990234 0.058594 0.992188 0.058594 0.994141 0.060547 0.992188
2 0.625000 0.017578 0.626953 0.042969 0.634766 0.068359 0.650391 0.076172 0.708984 0.074219 0.718750 0.068359 0.824219 0.060547 0.832031 0.054688 0.830078 0.015625 0.822266 0.000000 0.816406 0.003906 0.812500 0.000000 0.656250 0.000000 0.636719 0.007812
2 0.556641 0.054688 0.552734 0.050781 0.542969 0.050781 0.541016 0.052734 0.521484 0.052734 0.519531 0.054688 0.482422 0.056641 0.480469 0.058594 0.468750 0.060547 0.464844 0.066406 0.466797 0.070312 0.466797 0.087891 0.468750 0.091797 0.472656 0.093750 0.490234 0.093750 0.492188 0.091797 0.513672 0.091797 0.515625 0.089844 0.525391 0.089844 0.535156 0.085938 0.556641 0.083984 0.558594 0.082031
2 0.521484 0.140625 0.505859 0.142578 0.503906 0.144531 0.462891 0.144531 0.460938 0.146484 0.460938 0.181641 0.462891 0.183594 0.462891 0.205078 0.464844 0.208984 0.470703 0.210938 0.472656 0.208984 0.482422 0.208984 0.484375 0.207031 0.488281 0.208984 0.492188 0.207031 0.507812 0.207031 0.509766 0.205078 0.521484 0.205078 0.529297 0.201172 0.529297 0.187500 0.527344 0.185547 0.525391 0.158203 0.523438 0.156250 0.523438 0.144531
2 0.896484 0.158203 0.896484 0.195312 0.900391 0.201172 0.929688 0.199219 0.935547 0.197266 0.939453 0.191406 0.943359 0.195312 0.998047 0.199219 0.998047 0.150391 0.986328 0.154297 0.972656 0.154297 0.966797 0.150391 0.941406 0.148438 0.937500 0.154297 0.939453 0.156250 0.937500 0.166016 0.931641 0.156250 0.923828 0.154297 0.898438 0.154297
2 0.701172 0.173828 0.660156 0.175781 0.658203 0.177734 0.650391 0.177734 0.648438 0.179688 0.648438 0.193359 0.650391 0.195312 0.650391 0.207031 0.652344 0.208984 0.652344 0.224609 0.654297 0.226562 0.654297 0.234375 0.660156 0.238281 0.689453 0.238281 0.691406 0.236328 0.699219 0.236328 0.707031 0.232422 0.705078 0.177734
2 0.406250 0.183594 0.308594 0.193359 0.310547 0.224609 0.328125 0.226562 0.332031 0.271484 0.365234 0.277344 0.267578 0.275391 0.302734 0.267578 0.302734 0.232422 0.263672 0.236328 0.261719 0.273438 0.169922 0.271484 0.164062 0.316406 0.175781 0.349609 0.189453 0.357422 0.357422 0.359375 0.367188 0.351562 0.386719 0.357422 0.400391 0.279297 0.373047 0.273438 0.392578 0.271484 0.384766 0.220703 0.406250 0.216797
2 0.804688 0.226562 0.802734 0.228516 0.802734 0.238281 0.804688 0.240234 0.804688 0.277344 0.808594 0.281250 0.841797 0.281250 0.843750 0.279297 0.843750 0.253906 0.841797 0.251953 0.841797 0.228516 0.837891 0.224609 0.818359 0.224609 0.816406 0.226562
2 0.521484 0.269531 0.517578 0.279297 0.517578 0.308594 0.519531 0.310547 0.523438 0.353516 0.560547 0.353516 0.562500 0.349609 0.560547 0.316406 0.564453 0.306641 0.564453 0.292969 0.558594 0.289062 0.548828 0.287109 0.546875 0.285156 0.550781 0.281250 0.535156 0.281250 0.533203 0.279297 0.525391 0.281250 0.521484 0.277344 0.531250 0.273438 0.544922 0.273438 0.546875 0.269531 0.542969 0.267578
2 0.984375 0.447266 0.970703 0.316406 0.960938 0.294922 0.919922 0.304688 0.919922 0.333984 0.908203 0.296875 0.843750 0.308594 0.847656 0.318359 0.841797 0.324219 0.802734 0.324219 0.796875 0.312500 0.763672 0.316406 0.765625 0.349609 0.773438 0.355469 0.826172 0.367188 0.914062 0.365234 0.925781 0.357422 0.941406 0.451172
2 0.353516 0.367188 0.351562 0.369141 0.351562 0.390625 0.349609 0.392578 0.349609 0.439453 0.347656 0.441406 0.347656 0.451172 0.349609 0.453125 0.371094 0.453125 0.378906 0.457031 0.380859 0.455078 0.410156 0.457031 0.412109 0.455078 0.414062 0.380859 0.416016 0.378906 0.414062 0.373047 0.408203 0.369141 0.392578 0.369141 0.390625 0.367188
2 0.898438 0.505859 0.873047 0.503906 0.867188 0.490234 0.843750 0.492188 0.833984 0.511719 0.832031 0.537109 0.787109 0.539062 0.783203 0.498047 0.687500 0.503906 0.673828 0.509766 0.679688 0.515625 0.671875 0.517578 0.683594 0.521484 0.683594 0.574219 0.687500 0.576172 0.783203 0.574219 0.789062 0.570312 0.791016 0.552734 0.794922 0.572266 0.833984 0.572266 0.835938 0.566406 0.837891 0.572266 0.847656 0.574219 0.898438 0.566406
2 0.953125 0.488281 0.949219 0.490234 0.945312 0.494141 0.945312 0.496094 0.947266 0.498047 0.947266 0.505859 0.951172 0.513672 0.951172 0.519531 0.957031 0.533203 0.957031 0.539062 0.958984 0.541016 0.958984 0.546875 0.960938 0.548828 0.960938 0.556641 0.962891 0.558594 0.962891 0.566406 0.964844 0.568359 0.980469 0.568359 0.984375 0.566406 0.984375 0.560547 0.982422 0.558594 0.982422 0.550781 0.980469 0.548828 0.978516 0.529297 0.972656 0.517578 0.972656 0.501953 0.968750 0.496094 0.968750 0.490234 0.966797 0.488281
2 0.603516 0.505859 0.603516 0.525391 0.662109 0.525391 0.664062 0.523438 0.664062 0.513672 0.662109 0.511719 0.662109 0.503906 0.658203 0.503906 0.656250 0.501953 0.609375 0.501953
2 0.277344 0.515625 0.277344 0.558594 0.283203 0.564453 0.320312 0.564453 0.328125 0.570312 0.349609 0.564453 0.357422 0.576172 0.376953 0.562500 0.414062 0.566406 0.417969 0.560547 0.419922 0.576172 0.425781 0.580078 0.507812 0.574219 0.505859 0.548828 0.500000 0.544922 0.425781 0.548828 0.427734 0.515625 0.421875 0.511719 0.357422 0.509766
2 0.673828 0.523438 0.671875 0.525391 0.671875 0.531250 0.673828 0.531250 0.673828 0.527344 0.675781 0.525391
2 0.603516 0.546875 0.603516 0.550781 0.601562 0.552734 0.601562 0.582031 0.603516 0.583984 0.607422 0.583984 0.609375 0.585938 0.628906 0.585938 0.634766 0.582031 0.652344 0.582031 0.654297 0.580078 0.664062 0.580078 0.667969 0.576172 0.667969 0.570312 0.666016 0.568359 0.666016 0.544922 0.662109 0.542969 0.660156 0.544922 0.644531 0.544922 0.642578 0.542969 0.613281 0.542969 0.611328 0.544922 0.605469 0.544922
2 0.289062 0.582031 0.285156 0.585938 0.285156 0.587891 0.283203 0.589844 0.283203 0.619141 0.285156 0.621094 0.285156 0.623047 0.287109 0.625000 0.294922 0.625000 0.296875 0.623047 0.320312 0.623047 0.320312 0.621094 0.322266 0.619141 0.322266 0.607422 0.320312 0.605469 0.320312 0.587891 0.308594 0.578125 0.296875 0.578125 0.294922 0.580078
2 0.998047 0.638672 0.972656 0.640625 0.958984 0.664062 0.955078 0.693359 0.955078 0.832031 0.958984 0.851562 0.968750 0.867188 0.964844 0.876953 0.974609 0.882812 0.972656 0.888672 0.980469 0.873047 0.998047 0.873047
2 0.884766 0.654297 0.880859 0.644531 0.875000 0.642578 0.847656 0.644531 0.843750 0.648438 0.759766 0.648438 0.748047 0.656250 0.734375 0.656250 0.732422 0.685547 0.736328 0.691406 0.736328 0.703125 0.777344 0.708984 0.791016 0.716797 0.802734 0.714844 0.806641 0.710938 0.830078 0.710938 0.845703 0.707031 0.880859 0.710938 0.888672 0.707031
2 0.419922 0.654297 0.419922 0.671875 0.427734 0.679688 0.445312 0.679688 0.447266 0.677734 0.451172 0.677734 0.453125 0.675781 0.453125 0.654297 0.449219 0.654297 0.447266 0.656250 0.445312 0.654297 0.443359 0.656250 0.441406 0.654297 0.439453 0.656250 0.437500 0.654297 0.435547 0.656250 0.433594 0.654297 0.431641 0.656250 0.429688 0.654297 0.427734 0.654297 0.425781 0.656250 0.423828 0.654297 0.421875 0.656250
2 0.621094 0.662109 0.621094 0.701172 0.625000 0.716797 0.666016 0.716797 0.669922 0.712891 0.685547 0.720703 0.728516 0.724609 0.730469 0.716797 0.728516 0.656250 0.707031 0.654297 0.697266 0.662109 0.685547 0.658203 0.636719 0.654297
2 0.054688 0.669922 0.052734 0.671875 0.052734 0.691406 0.050781 0.693359 0.050781 0.705078 0.052734 0.707031 0.052734 0.708984 0.054688 0.710938 0.062500 0.710938 0.064453 0.708984 0.068359 0.708984 0.070312 0.707031 0.074219 0.707031 0.076172 0.705078 0.082031 0.703125 0.082031 0.699219 0.085938 0.693359 0.085938 0.681641 0.083984 0.679688 0.083984 0.677734 0.082031 0.675781 0.078125 0.675781 0.076172 0.673828 0.072266 0.673828 0.066406 0.669922
2 0.117188 0.675781 0.113281 0.681641 0.113281 0.691406 0.111328 0.693359 0.111328 0.708984 0.109375 0.710938 0.111328 0.718750 0.117188 0.718750 0.119141 0.720703 0.128906 0.720703 0.130859 0.722656 0.162109 0.722656 0.162109 0.720703 0.169922 0.714844 0.169922 0.710938 0.164062 0.707031 0.164062 0.705078 0.167969 0.701172 0.167969 0.685547 0.166016 0.683594 0.164062 0.671875 0.158203 0.671875 0.156250 0.669922 0.128906 0.669922
2 0.925781 0.714844 0.886719 0.714844 0.884766 0.716797 0.888672 0.716797 0.892578 0.720703 0.892578 0.732422 0.882812 0.736328 0.824219 0.738281 0.820312 0.744141 0.822266 0.759766 0.923828 0.757812 0.925781 0.755859 0.923828 0.753906 0.925781 0.751953 0.923828 0.750000 0.925781 0.746094 0.923828 0.744141 0.925781 0.740234 0.923828 0.738281 0.925781 0.736328 0.923828 0.734375 0.925781 0.732422 0.923828 0.716797
2 0.457031 0.730469 0.455078 0.732422 0.455078 0.748047 0.449219 0.761719 0.449219 0.781250 0.451172 0.787109 0.455078 0.791016 0.513672 0.792969 0.517578 0.785156 0.519531 0.732422 0.515625 0.730469 0.505859 0.730469 0.503906 0.728516 0.464844 0.728516 0.462891 0.730469
2 0.671875 0.738281 0.671875 0.763672 0.679688 0.769531 0.707031 0.777344 0.748047 0.777344 0.783203 0.783203 0.792969 0.779297 0.796875 0.763672 0.796875 0.744141 0.791016 0.740234 0.750000 0.732422 0.712891 0.732422 0.710938 0.734375 0.679688 0.732422 0.673828 0.734375
2 0.603516 0.757812 0.605469 0.759766 0.605469 0.757812
2 0.580078 0.765625 0.576172 0.785156 0.576172 0.828125 0.572266 0.837891 0.574219 0.841797 0.568359 0.900391 0.572266 0.906250 0.630859 0.906250 0.634766 0.818359 0.632812 0.769531 0.613281 0.765625
2 0.707031 0.787109 0.707031 0.816406 0.708984 0.820312 0.722656 0.820312 0.724609 0.822266 0.765625 0.822266 0.773438 0.818359 0.773438 0.814453 0.775391 0.812500 0.775391 0.791016 0.773438 0.789062 0.767578 0.789062 0.765625 0.787109 0.759766 0.787109 0.757812 0.785156 0.751953 0.785156 0.750000 0.783203 0.744141 0.783203 0.742188 0.781250 0.720703 0.781250 0.718750 0.783203 0.710938 0.783203
2 0.000000 0.804688 0.000000 0.849609 0.003906 0.853516 0.011719 0.853516 0.013672 0.855469 0.019531 0.853516 0.021484 0.855469 0.021484 0.867188 0.023438 0.871094 0.048828 0.871094 0.050781 0.873047 0.054688 0.865234 0.056641 0.845703 0.058594 0.843750 0.058594 0.828125 0.060547 0.826172 0.060547 0.814453 0.058594 0.808594 0.046875 0.804688 0.037109 0.804688 0.035156 0.802734 0.025391 0.802734 0.023438 0.804688 0.017578 0.804688 0.007812 0.800781
2 0.460938 0.826172 0.460938 0.837891 0.462891 0.837891 0.464844 0.839844 0.468750 0.839844 0.470703 0.841797 0.492188 0.841797 0.494141 0.843750 0.517578 0.843750 0.519531 0.841797 0.519531 0.818359 0.517578 0.816406 0.468750 0.816406
2 0.248047 0.824219 0.246094 0.828125 0.246094 0.835938 0.244141 0.837891 0.244141 0.849609 0.242188 0.851562 0.242188 0.873047 0.246094 0.873047 0.248047 0.875000 0.263672 0.875000 0.265625 0.873047 0.267578 0.875000 0.294922 0.875000 0.296875 0.873047 0.296875 0.841797 0.298828 0.839844 0.298828 0.828125 0.292969 0.824219 0.259766 0.824219 0.257812 0.822266 0.251953 0.822266
2 0.195312 0.828125 0.195312 0.830078 0.193359 0.832031 0.193359 0.855469 0.191406 0.857422 0.191406 0.865234 0.189453 0.867188 0.189453 0.871094 0.191406 0.873047 0.220703 0.873047 0.224609 0.867188 0.224609 0.837891 0.226562 0.835938 0.226562 0.830078 0.224609 0.828125 0.218750 0.828125 0.216797 0.826172 0.199219 0.826172 0.197266 0.828125
2 0.408203 0.849609 0.408203 0.873047 0.414062 0.876953 0.412109 0.878906 0.431641 0.882812 0.490234 0.884766 0.439453 0.888672 0.439453 0.910156 0.470703 0.914062 0.503906 0.914062 0.515625 0.910156 0.515625 0.888672 0.498047 0.884766 0.511719 0.882812 0.507812 0.873047 0.509766 0.851562 0.462891 0.843750 0.435547 0.843750
2 0.046875 0.875000 0.021484 0.875000 0.021484 0.876953 0.019531 0.878906 0.019531 0.929688 0.021484 0.931641 0.027344 0.931641 0.029297 0.929688 0.035156 0.927734 0.042969 0.919922 0.042969 0.917969 0.044922 0.916016 0.044922 0.902344 0.046875 0.900391 0.046875 0.898438 0.050781 0.892578 0.050781 0.888672 0.052734 0.886719 0.052734 0.878906
2 0.966797 0.886719 0.966797 0.890625 0.964844 0.892578 0.964844 0.896484 0.966797 0.896484
2 0.988281 0.888672 0.988281 0.890625 0.982422 0.896484 0.978516 0.896484 0.976562 0.898438 0.980469 0.902344 0.988281 0.902344 0.988281 0.898438 0.990234 0.896484 0.990234 0.890625
2 0.568359 0.921875 0.568359 0.937500 0.566406 0.939453 0.566406 0.949219 0.564453 0.951172 0.564453 0.966797 0.576172 0.966797 0.578125 0.968750 0.617188 0.968750 0.619141 0.970703 0.628906 0.968750 0.630859 0.964844 0.630859 0.957031 0.628906 0.955078 0.628906 0.935547 0.630859 0.933594 0.630859 0.923828 0.628906 0.921875 0.623047 0.921875 0.621094 0.919922 0.597656 0.919922 0.595703 0.917969 0.572266 0.917969
2 0.513672 0.931641 0.509766 0.925781 0.505859 0.925781 0.503906 0.923828 0.500000 0.923828 0.496094 0.927734 0.476562 0.927734 0.474609 0.929688 0.449219 0.929688 0.447266 0.927734 0.441406 0.927734 0.441406 0.933594 0.439453 0.935547 0.439453 0.943359 0.441406 0.945312 0.441406 0.960938 0.443359 0.962891 0.494141 0.962891 0.496094 0.964844 0.507812 0.964844 0.511719 0.962891 0.513672 0.958984
2 0.634766 0.927734 0.634766 0.953125 0.638672 0.955078 0.642578 0.949219 0.650391 0.947266 0.656250 0.957031 0.654297 0.970703 0.826172 0.970703 0.820312 0.960938 0.818359 0.937500 0.794922 0.937500 0.777344 0.927734 0.671875 0.921875 0.656250 0.925781 0.658203 0.935547 0.654297 0.939453 0.642578 0.935547 0.650391 0.927734
2 0.566406 0.976562 0.566406 0.994141 0.564453 0.998047 0.634766 0.998047 0.634766 0.978516 0.630859 0.976562 0.621094 0.976562 0.619141 0.974609 0.601562 0.974609 0.599609 0.972656 0.591797 0.972656 0.589844 0.974609 0.568359 0.974609
2 0.830078 0.976562 0.830078 0.982422 0.828125 0.984375 0.828125 0.998047 0.898438 0.998047 0.898438 0.982422 0.892578 0.976562 0.886719 0.976562 0.884766 0.974609 0.832031 0.974609
4 0.000000 0.064453 0.039062 0.076172 0.099609 0.066406 0.128906 0.050781 0.220703 0.052734 0.359375 0.029297 0.503906 0.023438 0.568359 0.003906 0.000000 0.000000
4 0.007812 0.076172 0.005859 0.074219 0.001953 0.078125 0.003906 0.076172
5 0.003906 0.078125 0.037109 0.103516 0.580078 0.046875 0.529297 0.998047 0.591797 0.640625 0.998047 0.625000 0.953125 0.585938 0.593750 0.589844 0.605469 0.000000
5 0.460938 0.640625 0.447266 0.626953 0.349609 0.626953 0.287109 0.632812 0.175781 0.630859 0.162109 0.646484 0.175781 0.660156 0.289062 0.658203 0.351562 0.652344 0.447266 0.654297
5 0.939453 0.703125 0.925781 0.716797 0.923828 0.822266 0.937500 0.878906 0.939453 0.998047 0.962891 0.998047 0.962891 0.876953 0.951172 0.822266 0.953125 0.716797
