0 0.083984 0.000000 0.097656 0.052734 0.115234 0.076172 0.099609 0.117188 0.128906 0.136719 0.138672 0.134766 0.138672 0.142578 0.150391 0.144531 0.171875 0.132812 0.253906 0.134766 0.281250 0.117188 0.306641 0.128906 0.339844 0.113281 0.367188 0.113281 0.371094 0.093750 0.363281 0.089844 0.367188 0.076172 0.361328 0.066406 0.371094 0.060547 0.369141 0.021484 0.380859 0.003906
0 0.580078 0.091797 0.576172 0.097656 0.580078 0.171875 0.587891 0.175781 0.597656 0.171875 0.607422 0.175781 0.628906 0.173828 0.642578 0.179688 0.652344 0.167969 0.652344 0.160156 0.646484 0.156250 0.646484 0.152344 0.650391 0.148438 0.654297 0.150391 0.646484 0.142578 0.650391 0.138672 0.660156 0.136719 0.669922 0.123047 0.671875 0.125000 0.671875 0.121094 0.669922 0.123047 0.664062 0.119141 0.664062 0.107422 0.660156 0.095703 0.652344 0.097656 0.642578 0.083984 0.621094 0.085938 0.615234 0.083984
0 0.375000 0.121094 0.375000 0.154297 0.394531 0.171875 0.425781 0.181641 0.441406 0.193359 0.453125 0.193359 0.472656 0.201172 0.482422 0.201172 0.505859 0.183594 0.517578 0.169922 0.519531 0.144531 0.511719 0.134766 0.496094 0.125000 0.460938 0.119141 0.431641 0.103516 0.396484 0.107422
0 0.599609 0.265625 0.583984 0.251953 0.566406 0.265625 0.535156 0.267578 0.523438 0.283203 0.521484 0.236328 0.468750 0.222656 0.494141 0.214844 0.462891 0.214844 0.367188 0.261719 0.345703 0.296875 0.322266 0.275391 0.216797 0.304688 0.205078 0.343750 0.208984 0.373047 0.224609 0.404297 0.246094 0.410156 0.267578 0.394531 0.353516 0.392578 0.365234 0.380859 0.402344 0.404297 0.453125 0.402344 0.505859 0.384766 0.521484 0.392578 0.523438 0.378906 0.539062 0.390625 0.542969 0.378906 0.550781 0.400391 0.582031 0.376953 0.587891 0.347656 0.601562 0.339844
0 0.296875 0.435547 0.296875 0.445312 0.302734 0.449219 0.343750 0.457031 0.359375 0.466797 0.365234 0.474609 0.390625 0.476562 0.394531 0.470703 0.412109 0.460938 0.412109 0.441406 0.408203 0.429688 0.412109 0.417969 0.416016 0.416016 0.406250 0.406250 0.404297 0.410156 0.390625 0.410156 0.388672 0.398438 0.320312 0.398438 0.316406 0.402344 0.324219 0.408203 0.314453 0.417969 0.310547 0.416016 0.308594 0.419922 0.312500 0.423828 0.300781 0.427734
0 0.419922 0.412109 0.427734 0.412109 0.429688 0.410156 0.433594 0.410156 0.435547 0.408203 0.439453 0.408203 0.441406 0.406250 0.443359 0.406250 0.423828 0.406250 0.421875 0.408203 0.419922 0.408203
0 0.548828 0.406250 0.550781 0.408203 0.552734 0.408203 0.552734 0.406250
0 0.482422 0.457031 0.441406 0.472656 0.431641 0.482422 0.429688 0.550781 0.437500 0.556641 0.437500 0.582031 0.445312 0.603516 0.458984 0.617188 0.458984 0.626953 0.503906 0.630859 0.511719 0.619141 0.523438 0.623047 0.531250 0.617188 0.533203 0.621094 0.535156 0.613281 0.539062 0.619141 0.544922 0.607422 0.544922 0.583984 0.552734 0.574219 0.546875 0.566406 0.552734 0.564453 0.554688 0.546875 0.552734 0.492188 0.537109 0.478516 0.533203 0.466797
0 0.812500 0.564453 0.812500 0.611328 0.843750 0.632812 0.910156 0.636719 0.925781 0.646484 0.980469 0.656250 0.998047 0.654297 0.998047 0.580078 0.955078 0.576172 0.923828 0.564453 0.900391 0.562500 0.878906 0.541016 0.873047 0.541016 0.873047 0.546875 0.869141 0.544922 0.859375 0.552734 0.849609 0.552734 0.845703 0.560547 0.828125 0.554688
0 0.208984 0.685547 0.189453 0.626953 0.177734 0.626953 0.167969 0.632812 0.091797 0.636719 0.054688 0.632812 0.023438 0.636719 0.017578 0.644531 0.000000 0.650391 0.000000 0.714844 0.101562 0.710938 0.152344 0.693359 0.203125 0.695312
0 0.634766 0.689453 0.634766 0.697266 0.636719 0.699219 0.634766 0.701172 0.634766 0.710938 0.632812 0.712891 0.632812 0.716797 0.634766 0.718750 0.636719 0.716797 0.642578 0.716797 0.654297 0.722656 0.658203 0.722656 0.660156 0.724609 0.664062 0.724609 0.666016 0.726562 0.675781 0.728516 0.681641 0.732422 0.685547 0.732422 0.685547 0.728516 0.689453 0.720703 0.689453 0.705078 0.685547 0.697266 0.677734 0.689453 0.666016 0.689453 0.664062 0.687500 0.636719 0.687500
0 0.621094 0.738281 0.613281 0.744141 0.609375 0.763672 0.599609 0.771484 0.595703 0.779297 0.595703 0.791016 0.597656 0.794922 0.615234 0.802734 0.626953 0.812500 0.630859 0.812500 0.640625 0.824219 0.642578 0.837891 0.648438 0.841797 0.656250 0.837891 0.656250 0.828125 0.664062 0.818359 0.666016 0.810547 0.679688 0.802734 0.691406 0.767578 0.689453 0.757812 0.652344 0.744141 0.640625 0.742188 0.634766 0.738281 0.632812 0.740234
0 0.804688 0.818359 0.802734 0.824219 0.791016 0.835938 0.792969 0.851562 0.791016 0.861328 0.787109 0.867188 0.789062 0.882812 0.796875 0.890625 0.806641 0.890625 0.814453 0.900391 0.833984 0.900391 0.855469 0.906250 0.861328 0.910156 0.871094 0.910156 0.876953 0.904297 0.876953 0.880859 0.867188 0.865234 0.867188 0.857422 0.863281 0.847656 0.822266 0.824219
2 0.029297 0.000000 0.029297 0.005859 0.035156 0.015625 0.039062 0.031250 0.048828 0.046875 0.041016 0.050781 0.039062 0.056641 0.041016 0.062500 0.048828 0.066406 0.052734 0.064453 0.056641 0.068359 0.074219 0.103516 0.085938 0.103516 0.099609 0.095703 0.109375 0.083984 0.107422 0.070312 0.091797 0.060547 0.089844 0.037109 0.078125 0.011719 0.056641 0.000000
2 0.947266 0.000000 0.921875 0.000000 0.921875 0.005859 0.917969 0.013672 0.914062 0.011719 0.904297 0.011719 0.902344 0.013672 0.896484 0.013672 0.890625 0.017578 0.890625 0.029297 0.894531 0.037109 0.894531 0.042969 0.904297 0.052734 0.917969 0.052734 0.921875 0.048828 0.937500 0.048828 0.939453 0.046875 0.951172 0.044922 0.955078 0.041016 0.955078 0.037109 0.957031 0.035156 0.957031 0.025391 0.955078 0.023438 0.955078 0.015625 0.953125 0.013672 0.953125 0.009766
2 0.685547 0.025391 0.681641 0.021484 0.671875 0.021484 0.666016 0.025391 0.626953 0.037109 0.626953 0.044922 0.623047 0.052734 0.617188 0.046875 0.611328 0.046875 0.576172 0.058594 0.574219 0.062500 0.576172 0.083984 0.611328 0.080078 0.619141 0.074219 0.617188 0.066406 0.621094 0.062500 0.626953 0.066406 0.626953 0.074219 0.636719 0.078125 0.666016 0.064453 0.679688 0.062500 0.693359 0.056641 0.695312 0.050781 0.685547 0.031250
2 0.521484 0.056641 0.498047 0.078125 0.484375 0.085938 0.472656 0.101562 0.472656 0.105469 0.480469 0.107422 0.486328 0.115234 0.500000 0.121094 0.503906 0.126953 0.525391 0.140625 0.523438 0.166016 0.535156 0.181641 0.548828 0.181641 0.568359 0.175781 0.576172 0.167969 0.570312 0.085938 0.552734 0.076172 0.535156 0.056641
2 0.144531 0.162109 0.126953 0.160156 0.107422 0.164062 0.068359 0.181641 0.062500 0.181641 0.035156 0.197266 0.033203 0.201172 0.060547 0.255859 0.070312 0.253906 0.109375 0.230469 0.138672 0.220703 0.162109 0.216797 0.162109 0.208984 0.150391 0.187500
2 0.171875 0.250000 0.156250 0.234375 0.148438 0.234375 0.144531 0.230469 0.136719 0.228516 0.107422 0.240234 0.105469 0.244141 0.111328 0.250000 0.099609 0.261719 0.095703 0.261719 0.074219 0.273438 0.074219 0.281250 0.078125 0.287109 0.089844 0.291016 0.095703 0.306641 0.123047 0.302734 0.138672 0.296875 0.152344 0.294922 0.177734 0.285156 0.177734 0.273438
2 0.800781 0.251953 0.783203 0.232422 0.779297 0.230469 0.771484 0.230469 0.769531 0.232422 0.757812 0.234375 0.753906 0.238281 0.746094 0.242188 0.742188 0.242188 0.740234 0.244141 0.736328 0.244141 0.734375 0.246094 0.726562 0.248047 0.724609 0.251953 0.724609 0.265625 0.726562 0.269531 0.736328 0.277344 0.771484 0.277344 0.773438 0.275391 0.789062 0.275391 0.792969 0.273438 0.794922 0.265625 0.800781 0.259766
2 0.998047 0.251953 0.984375 0.250000 0.978516 0.246094 0.875000 0.251953 0.873047 0.248047 0.863281 0.248047 0.849609 0.255859 0.847656 0.289062 0.851562 0.292969 0.875000 0.292969 0.898438 0.289062 0.998047 0.283203
2 0.613281 0.271484 0.609375 0.332031 0.623047 0.332031 0.656250 0.343750 0.662109 0.339844 0.667969 0.328125 0.710938 0.335938 0.724609 0.333984 0.722656 0.306641 0.718750 0.302734 0.707031 0.302734 0.703125 0.298828 0.701172 0.285156 0.697266 0.281250 0.675781 0.277344 0.667969 0.271484 0.648438 0.267578 0.619141 0.267578
2 0.052734 0.314453 0.044922 0.314453 0.033203 0.320312 0.017578 0.320312 0.015625 0.322266 0.000000 0.326172 0.000000 0.375000 0.015625 0.371094 0.035156 0.361328 0.050781 0.359375 0.052734 0.357422 0.062500 0.355469 0.066406 0.351562 0.064453 0.349609 0.062500 0.339844 0.052734 0.326172
2 0.869141 0.380859 0.865234 0.376953 0.843750 0.376953 0.835938 0.380859 0.767578 0.378906 0.744141 0.386719 0.740234 0.390625 0.740234 0.396484 0.759766 0.416016 0.765625 0.417969 0.798828 0.417969 0.800781 0.419922 0.839844 0.417969 0.841797 0.419922 0.851562 0.419922 0.853516 0.417969 0.853516 0.400391 0.867188 0.390625
2 0.431641 0.421875 0.431641 0.429688 0.433594 0.431641 0.433594 0.439453 0.435547 0.441406 0.435547 0.443359 0.437500 0.443359 0.439453 0.445312 0.460938 0.445312 0.462891 0.443359 0.482422 0.443359 0.484375 0.441406 0.484375 0.417969 0.478516 0.412109 0.474609 0.412109 0.472656 0.410156 0.466797 0.410156 0.464844 0.408203 0.455078 0.408203 0.453125 0.410156 0.445312 0.410156 0.443359 0.412109 0.437500 0.414062
2 0.224609 0.451172 0.224609 0.470703 0.222656 0.472656 0.222656 0.478516 0.224609 0.480469 0.224609 0.488281 0.230469 0.501953 0.234375 0.503906 0.248047 0.503906 0.250000 0.501953 0.263672 0.501953 0.265625 0.500000 0.289062 0.500000 0.294922 0.496094 0.292969 0.470703 0.291016 0.468750 0.291016 0.453125 0.289062 0.451172 0.248047 0.451172 0.246094 0.449219 0.230469 0.449219 0.228516 0.451172
2 0.664062 0.478516 0.656250 0.503906 0.644531 0.505859 0.638672 0.511719 0.636719 0.544922 0.642578 0.554688 0.681641 0.556641 0.683594 0.558594 0.681641 0.560547 0.667969 0.560547 0.666016 0.564453 0.666016 0.589844 0.687500 0.591797 0.689453 0.562500 0.683594 0.558594 0.687500 0.539062 0.687500 0.503906 0.701172 0.498047 0.699219 0.496094 0.701172 0.482422 0.697266 0.478516
2 0.394531 0.511719 0.320312 0.515625 0.292969 0.529297 0.228516 0.531250 0.191406 0.541016 0.189453 0.544922 0.199219 0.548828 0.193359 0.552734 0.193359 0.568359 0.203125 0.580078 0.199219 0.582031 0.201172 0.589844 0.214844 0.591797 0.390625 0.556641 0.396484 0.544922
2 0.039062 0.531250 0.037109 0.529297 0.031250 0.529297 0.029297 0.527344 0.027344 0.527344 0.025391 0.529297 0.000000 0.529297 0.000000 0.566406 0.011719 0.566406 0.013672 0.564453 0.033203 0.564453 0.035156 0.562500 0.039062 0.562500
2 0.792969 0.539062 0.783203 0.542969 0.746094 0.541016 0.738281 0.546875 0.734375 0.564453 0.738281 0.587891 0.732422 0.609375 0.755859 0.615234 0.748047 0.617188 0.734375 0.669922 0.722656 0.671875 0.714844 0.679688 0.714844 0.707031 0.742188 0.710938 0.765625 0.724609 0.779297 0.724609 0.781250 0.710938 0.757812 0.681641 0.742188 0.675781 0.759766 0.671875 0.769531 0.664062 0.775391 0.621094 0.757812 0.617188 0.779297 0.615234 0.781250 0.609375 0.800781 0.605469 0.802734 0.574219 0.794922 0.558594
2 0.601562 0.609375 0.597656 0.613281 0.595703 0.619141 0.595703 0.662109 0.597656 0.664062 0.597656 0.677734 0.605469 0.683594 0.626953 0.685547 0.630859 0.683594 0.632812 0.679688 0.632812 0.669922 0.638672 0.662109 0.646484 0.666016 0.658203 0.664062 0.660156 0.660156 0.660156 0.648438 0.662109 0.646484 0.660156 0.634766 0.658203 0.632812 0.660156 0.630859 0.656250 0.626953 0.654297 0.619141 0.646484 0.613281 0.621094 0.613281 0.619141 0.611328
2 0.365234 0.656250 0.367188 0.677734 0.375000 0.685547 0.402344 0.685547 0.408203 0.681641 0.412109 0.685547 0.435547 0.685547 0.441406 0.708984 0.457031 0.710938 0.470703 0.705078 0.472656 0.707031 0.468750 0.693359 0.468750 0.662109 0.464844 0.650391 0.464844 0.640625 0.460938 0.634766 0.431641 0.634766 0.416016 0.636719 0.410156 0.640625 0.398438 0.640625 0.380859 0.650391 0.369141 0.652344
2 0.332031 0.654297 0.328125 0.654297 0.326172 0.656250 0.322266 0.656250 0.316406 0.660156 0.306641 0.662109 0.302734 0.666016 0.302734 0.675781 0.310547 0.689453 0.312500 0.699219 0.316406 0.703125 0.326172 0.703125 0.328125 0.701172 0.339844 0.701172 0.345703 0.697266 0.345703 0.685547 0.343750 0.683594 0.343750 0.679688 0.341797 0.677734 0.341797 0.671875 0.339844 0.669922 0.339844 0.662109 0.337891 0.660156 0.337891 0.658203
2 0.966797 0.662109 0.964844 0.664062 0.964844 0.669922 0.962891 0.671875 0.962891 0.679688 0.960938 0.681641 0.960938 0.687500 0.964844 0.691406 0.972656 0.691406 0.982422 0.697266 0.988281 0.697266 0.990234 0.699219 0.998047 0.699219 0.998047 0.666016 0.992188 0.666016 0.990234 0.664062 0.984375 0.664062 0.982422 0.662109
2 0.843750 0.691406 0.841797 0.693359 0.839844 0.693359 0.839844 0.697266 0.837891 0.699219 0.837891 0.705078 0.833984 0.710938 0.833984 0.716797 0.839844 0.720703 0.843750 0.720703 0.849609 0.724609 0.853516 0.724609 0.855469 0.726562 0.857422 0.726562 0.859375 0.724609 0.861328 0.724609 0.861328 0.720703 0.863281 0.718750 0.863281 0.714844 0.865234 0.712891 0.865234 0.710938 0.869141 0.705078 0.869141 0.701172 0.867188 0.701172 0.865234 0.699219 0.861328 0.699219 0.859375 0.697266 0.857422 0.697266 0.853516 0.693359 0.847656 0.693359 0.845703 0.691406
2 0.941406 0.701172 0.935547 0.710938 0.935547 0.714844 0.929688 0.720703 0.923828 0.722656 0.914062 0.736328 0.914062 0.740234 0.912109 0.742188 0.912109 0.755859 0.916016 0.761719 0.925781 0.765625 0.939453 0.775391 0.943359 0.775391 0.951172 0.779297 0.966797 0.779297 0.968750 0.767578 0.972656 0.759766 0.972656 0.744141 0.974609 0.742188 0.972656 0.708984 0.968750 0.703125 0.964844 0.701172
2 0.585938 0.726562 0.576172 0.718750 0.566406 0.716797 0.564453 0.718750 0.541016 0.720703 0.525391 0.730469 0.505859 0.732422 0.503906 0.736328 0.505859 0.738281 0.505859 0.755859 0.507812 0.757812 0.507812 0.775391 0.513672 0.783203 0.533203 0.783203 0.541016 0.779297 0.576172 0.773438 0.585938 0.769531 0.591797 0.759766 0.591797 0.744141
2 0.203125 0.718750 0.179688 0.718750 0.177734 0.720703 0.169922 0.720703 0.167969 0.722656 0.167969 0.736328 0.169922 0.738281 0.169922 0.751953 0.171875 0.753906 0.171875 0.761719 0.173828 0.763672 0.181641 0.763672 0.183594 0.761719 0.185547 0.761719 0.187500 0.763672 0.189453 0.761719 0.193359 0.761719 0.203125 0.755859 0.203125 0.753906 0.205078 0.751953 0.205078 0.750000 0.203125 0.748047
2 0.498047 0.732422 0.492188 0.730469 0.466797 0.730469 0.464844 0.732422 0.462891 0.730469 0.453125 0.734375 0.451172 0.732422 0.449219 0.734375 0.441406 0.734375 0.437500 0.736328 0.427734 0.759766 0.427734 0.785156 0.429688 0.789062 0.457031 0.787109 0.458984 0.785156 0.466797 0.785156 0.472656 0.781250 0.476562 0.783203 0.482422 0.783203 0.484375 0.781250 0.498047 0.783203 0.500000 0.779297 0.500000 0.746094 0.498047 0.744141
2 0.830078 0.742188 0.828125 0.744141 0.828125 0.751953 0.826172 0.753906 0.826172 0.761719 0.824219 0.763672 0.824219 0.769531 0.826172 0.769531 0.832031 0.773438 0.839844 0.773438 0.841797 0.775391 0.843750 0.773438 0.847656 0.773438 0.847656 0.759766 0.849609 0.757812 0.849609 0.750000 0.851562 0.748047 0.851562 0.746094 0.845703 0.746094 0.843750 0.744141 0.839844 0.744141 0.837891 0.742188
2 0.111328 0.750000 0.095703 0.769531 0.095703 0.787109 0.097656 0.789062 0.097656 0.798828 0.099609 0.800781 0.099609 0.804688 0.103516 0.806641 0.111328 0.806641 0.113281 0.804688 0.134766 0.804688 0.136719 0.802734 0.144531 0.802734 0.148438 0.796875 0.148438 0.791016 0.152344 0.785156 0.152344 0.777344 0.150391 0.775391 0.150391 0.755859 0.146484 0.751953 0.132812 0.751953 0.130859 0.753906 0.128906 0.751953 0.119141 0.751953 0.117188 0.750000
2 0.238281 0.765625 0.232422 0.759766 0.228516 0.759766 0.226562 0.761719 0.205078 0.761719 0.199219 0.765625 0.195312 0.765625 0.193359 0.767578 0.185547 0.767578 0.183594 0.769531 0.181641 0.767578 0.175781 0.767578 0.171875 0.775391 0.171875 0.798828 0.175781 0.804688 0.193359 0.804688 0.195312 0.802734 0.203125 0.802734 0.210938 0.798828 0.220703 0.798828 0.222656 0.796875 0.238281 0.794922 0.240234 0.792969 0.240234 0.771484 0.238281 0.769531
2 0.712891 0.779297 0.708984 0.785156 0.708984 0.789062 0.707031 0.791016 0.707031 0.794922 0.701172 0.806641 0.697266 0.820312 0.707031 0.832031 0.714844 0.835938 0.718750 0.835938 0.732422 0.843750 0.744141 0.843750 0.750000 0.835938 0.750000 0.832031 0.753906 0.826172 0.755859 0.816406 0.763672 0.800781 0.763672 0.794922 0.744141 0.783203 0.740234 0.783203 0.726562 0.777344
2 0.925781 0.794922 0.925781 0.796875 0.919922 0.804688 0.919922 0.822266 0.925781 0.828125 0.927734 0.828125 0.929688 0.830078 0.933594 0.830078 0.935547 0.832031 0.939453 0.832031 0.945312 0.835938 0.949219 0.835938 0.951172 0.837891 0.960938 0.839844 0.960938 0.837891 0.962891 0.835938 0.962891 0.832031 0.964844 0.830078 0.964844 0.826172 0.966797 0.824219 0.968750 0.824219 0.968750 0.822266 0.972656 0.816406 0.972656 0.806641 0.970703 0.804688 0.970703 0.802734 0.966797 0.798828 0.962891 0.798828 0.960938 0.796875 0.949219 0.796875 0.947266 0.794922
2 0.302734 0.818359 0.302734 0.824219 0.316406 0.845703 0.335938 0.845703 0.337891 0.843750 0.339844 0.845703 0.347656 0.845703 0.349609 0.843750 0.402344 0.843750 0.406250 0.839844 0.408203 0.806641 0.402344 0.804688 0.380859 0.804688 0.378906 0.806641 0.330078 0.804688 0.324219 0.808594 0.308594 0.812500
2 0.603516 0.812500 0.597656 0.814453 0.593750 0.818359 0.585938 0.818359 0.583984 0.820312 0.576172 0.820312 0.572266 0.822266 0.570312 0.830078 0.562500 0.843750 0.564453 0.849609 0.570312 0.851562 0.574219 0.855469 0.580078 0.857422 0.583984 0.861328 0.591797 0.865234 0.611328 0.865234 0.615234 0.861328 0.615234 0.857422 0.617188 0.855469 0.617188 0.851562 0.621094 0.843750 0.628906 0.839844 0.628906 0.833984 0.623047 0.826172 0.623047 0.824219 0.613281 0.816406 0.605469 0.814453
2 0.109375 0.826172 0.107422 0.824219 0.076172 0.824219 0.019531 0.830078 0.017578 0.832031 0.019531 0.875000 0.013672 0.882812 0.013672 0.892578 0.019531 0.896484 0.042969 0.896484 0.064453 0.888672 0.070312 0.894531 0.072266 0.900391 0.070312 0.902344 0.074219 0.908203 0.109375 0.902344 0.111328 0.900391
2 0.187500 0.845703 0.187500 0.851562 0.191406 0.859375 0.193359 0.875000 0.203125 0.888672 0.226562 0.888672 0.228516 0.886719 0.236328 0.886719 0.251953 0.876953 0.251953 0.873047 0.253906 0.871094 0.253906 0.849609 0.250000 0.843750 0.244141 0.843750 0.242188 0.841797 0.236328 0.841797 0.234375 0.839844 0.208984 0.837891 0.207031 0.839844 0.193359 0.841797
2 0.392578 0.847656 0.369141 0.847656 0.367188 0.849609 0.359375 0.849609 0.357422 0.851562 0.353516 0.851562 0.349609 0.855469 0.349609 0.878906 0.351562 0.880859 0.351562 0.892578 0.369141 0.892578 0.371094 0.890625 0.378906 0.890625 0.380859 0.888672 0.392578 0.888672 0.394531 0.886719 0.396484 0.886719 0.396484 0.884766 0.398438 0.882812 0.398438 0.880859 0.396484 0.878906 0.396484 0.855469 0.394531 0.853516 0.394531 0.849609
2 0.705078 0.875000 0.691406 0.875000 0.687500 0.878906 0.673828 0.884766 0.669922 0.888672 0.667969 0.894531 0.662109 0.902344 0.662109 0.906250 0.660156 0.908203 0.662109 0.914062 0.666016 0.917969 0.681641 0.925781 0.685547 0.925781 0.687500 0.927734 0.697266 0.927734 0.699219 0.925781 0.699219 0.921875 0.701172 0.919922 0.701172 0.916016 0.705078 0.908203 0.714844 0.898438 0.716797 0.898438 0.722656 0.890625 0.722656 0.884766 0.720703 0.880859 0.712891 0.876953 0.707031 0.876953
2 0.480469 0.919922 0.478516 0.917969 0.478516 0.914062 0.464844 0.900391 0.462891 0.894531 0.458984 0.892578 0.453125 0.892578 0.445312 0.898438 0.443359 0.904297 0.439453 0.908203 0.431641 0.912109 0.425781 0.912109 0.423828 0.914062 0.419922 0.914062 0.412109 0.917969 0.410156 0.923828 0.417969 0.931641 0.423828 0.931641 0.425781 0.933594 0.433594 0.933594 0.435547 0.931641 0.476562 0.929688 0.480469 0.925781
2 0.791016 0.906250 0.791016 0.927734 0.794922 0.941406 0.804688 0.943359 0.818359 0.951172 0.824219 0.945312 0.828125 0.960938 0.845703 0.972656 0.863281 0.976562 0.869141 0.982422 0.878906 0.980469 0.882812 0.984375 0.904297 0.982422 0.902344 0.939453 0.892578 0.929688 0.876953 0.923828 0.871094 0.917969 0.841797 0.919922 0.837891 0.925781 0.835938 0.916016 0.826172 0.908203 0.804688 0.902344 0.794922 0.902344
2 0.330078 0.998047 0.298828 0.941406 0.292969 0.921875 0.283203 0.916016 0.253906 0.917969 0.240234 0.925781 0.158203 0.937500 0.156250 0.941406 0.156250 0.998047
2 0.683594 0.935547 0.662109 0.927734 0.660156 0.923828 0.656250 0.923828 0.658203 0.925781 0.656250 0.929688 0.634766 0.929688 0.617188 0.933594 0.601562 0.947266 0.603516 0.951172 0.619141 0.955078 0.630859 0.968750 0.642578 0.972656 0.619141 0.974609 0.615234 0.978516 0.613281 0.988281 0.601562 0.998047 0.654297 0.998047 0.646484 0.978516 0.648438 0.976562 0.660156 0.982422 0.681641 0.980469 0.687500 0.972656 0.687500 0.962891 0.681641 0.955078
2 0.384766 0.927734 0.384766 0.929688 0.375000 0.937500 0.373047 0.949219 0.367188 0.958984 0.359375 0.982422 0.359375 0.988281 0.365234 0.998047 0.441406 0.998047 0.441406 0.992188 0.435547 0.986328 0.431641 0.976562 0.427734 0.972656 0.427734 0.968750 0.419922 0.958984 0.421875 0.953125 0.419922 0.951172 0.419922 0.941406 0.417969 0.937500 0.416016 0.937500 0.406250 0.925781 0.388672 0.925781
2 0.527344 0.978516 0.523438 0.974609 0.519531 0.966797 0.513672 0.960938 0.501953 0.955078 0.488281 0.955078 0.486328 0.957031 0.480469 0.957031 0.476562 0.960938 0.474609 0.960938 0.462891 0.972656 0.462891 0.974609 0.458984 0.978516 0.458984 0.992188 0.462891 0.996094 0.462891 0.998047 0.509766 0.998047 0.509766 0.994141 0.511719 0.990234 0.517578 0.984375 0.521484 0.984375 0.525391 0.982422
2 0.681641 0.990234 0.681641 0.994141 0.683594 0.996094 0.683594 0.998047 0.730469 0.998047 0.732422 0.988281 0.736328 0.982422 0.736328 0.976562 0.728516 0.968750 0.726562 0.968750 0.724609 0.966797 0.720703 0.966797 0.718750 0.964844 0.710938 0.964844 0.708984 0.962891 0.703125 0.962891 0.701172 0.964844 0.699219 0.964844 0.699219 0.968750 0.683594 0.984375 0.683594 0.988281
2 0.109375 0.970703 0.103516 0.966797 0.095703 0.966797 0.093750 0.968750 0.068359 0.968750 0.066406 0.970703 0.048828 0.970703 0.046875 0.972656 0.007812 0.972656 0.005859 0.974609 0.000000 0.972656 0.000000 0.998047 0.109375 0.998047
5 0.000000 0.154297 0.214844 0.691406 0.000000 0.738281 0.224609 0.714844 0.292969 0.888672 0.000000 0.955078 0.298828 0.908203 0.351562 0.998047 0.271484 0.765625 0.560547 0.708984 0.695312 0.757812 0.591797 0.929688 0.494141 0.904297 0.566406 0.998047 0.714844 0.763672 0.998047 0.921875 0.710938 0.740234 0.712891 0.425781 0.687500 0.736328 0.546875 0.691406 0.263672 0.744141 0.091797 0.330078 0.451172 0.201172 0.085938 0.312500
