0 0.564453 0.123047 0.560547 0.144531 0.570312 0.148438 0.576172 0.146484 0.580078 0.154297 0.601562 0.166016 0.601562 0.175781 0.613281 0.181641 0.685547 0.197266 0.714844 0.193359 0.732422 0.199219 0.732422 0.183594 0.710938 0.150391 0.701172 0.123047 0.681641 0.091797 0.650391 0.085938 0.640625 0.091797 0.638672 0.103516 0.626953 0.111328 0.587891 0.107422
0 0.394531 0.173828 0.390625 0.175781 0.390625 0.183594 0.382812 0.191406 0.376953 0.193359 0.373047 0.199219 0.373047 0.222656 0.376953 0.228516 0.386719 0.230469 0.404297 0.240234 0.417969 0.253906 0.427734 0.255859 0.457031 0.234375 0.457031 0.224609 0.458984 0.222656 0.457031 0.205078 0.451172 0.199219 0.451172 0.193359 0.449219 0.191406 0.425781 0.193359 0.419922 0.189453 0.414062 0.179688 0.406250 0.175781
0 0.648438 0.472656 0.648438 0.484375 0.642578 0.490234 0.636719 0.484375 0.621094 0.496094 0.603516 0.525391 0.603516 0.537109 0.613281 0.539062 0.625000 0.552734 0.626953 0.566406 0.621094 0.580078 0.632812 0.595703 0.640625 0.623047 0.642578 0.660156 0.660156 0.662109 0.703125 0.642578 0.724609 0.640625 0.740234 0.664062 0.757812 0.671875 0.765625 0.669922 0.773438 0.652344 0.771484 0.623047 0.755859 0.583984 0.740234 0.511719 0.722656 0.484375 0.720703 0.462891 0.716797 0.457031
0 0.417969 0.460938 0.414062 0.478516 0.390625 0.492188 0.390625 0.509766 0.384766 0.517578 0.384766 0.525391 0.402344 0.546875 0.408203 0.564453 0.412109 0.566406 0.416016 0.560547 0.425781 0.574219 0.431641 0.574219 0.443359 0.560547 0.457031 0.562500 0.470703 0.574219 0.474609 0.587891 0.500000 0.597656 0.500000 0.607422 0.503906 0.597656 0.529297 0.595703 0.517578 0.591797 0.519531 0.583984 0.531250 0.576172 0.541016 0.583984 0.542969 0.578125 0.509766 0.556641 0.507812 0.539062 0.539062 0.513672 0.537109 0.500000 0.542969 0.498047 0.503906 0.498047 0.500000 0.501953 0.458984 0.470703 0.435547 0.460938
0 0.408203 0.580078 0.416016 0.580078 0.417969 0.578125 0.419922 0.578125 0.410156 0.578125
0 0.541016 0.589844 0.539062 0.591797 0.541016 0.593750 0.539062 0.595703 0.539062 0.599609 0.541016 0.599609 0.541016 0.597656 0.542969 0.595703 0.542969 0.591797
0 0.541016 0.605469 0.539062 0.605469 0.539062 0.607422
0 0.998047 0.914062 0.974609 0.898438 0.960938 0.898438 0.935547 0.914062 0.869141 0.923828 0.857422 0.939453 0.845703 0.941406 0.833984 0.953125 0.820312 0.955078 0.808594 0.970703 0.812500 0.980469 0.802734 0.986328 0.812500 0.990234 0.845703 0.982422 0.878906 0.986328 0.908203 0.978516 0.914062 0.972656 0.943359 0.976562 0.974609 0.972656 0.980469 0.966797 0.986328 0.968750 0.998047 0.962891
1 0.998047 0.820312 0.988281 0.812500 0.814453 0.857422 0.265625 0.931641 0.244141 0.943359 0.242188 0.998047 0.761719 0.990234 0.800781 0.978516 0.814453 0.953125 0.837891 0.949219 0.871094 0.916016 0.994141 0.894531
1 0.816406 0.847656 0.814453 0.847656 0.812500 0.849609 0.816406 0.849609
1 0.146484 0.947266 0.142578 0.943359 0.123047 0.939453 0.105469 0.945312 0.097656 0.943359 0.062500 0.949219 0.000000 0.966797 0.000000 0.998047 0.144531 0.998047
1 0.998047 0.982422 0.996094 0.982422 0.994141 0.984375 0.992188 0.984375 0.990234 0.986328 0.990234 0.990234 0.986328 0.994141 0.988281 0.992188 0.992188 0.996094 0.992188 0.998047 0.998047 0.998047
2 0.019531 0.003906 0.031250 0.013672 0.037109 0.041016 0.046875 0.052734 0.060547 0.087891 0.072266 0.087891 0.101562 0.080078 0.132812 0.078125 0.146484 0.066406 0.146484 0.058594 0.138672 0.050781 0.134766 0.041016 0.125000 0.033203 0.119141 0.011719 0.111328 0.005859 0.109375 0.000000 0.025391 0.000000
2 0.373047 0.000000 0.326172 0.000000 0.322266 0.003906 0.318359 0.003906 0.304688 0.009766 0.287109 0.011719 0.283203 0.013672 0.283203 0.029297 0.285156 0.031250 0.306641 0.031250 0.308594 0.029297 0.324219 0.027344 0.326172 0.025391 0.330078 0.025391 0.332031 0.023438 0.335938 0.023438 0.355469 0.015625 0.361328 0.015625 0.363281 0.013672 0.367188 0.013672 0.371094 0.009766 0.373047 0.005859
2 0.671875 0.017578 0.666016 0.039062 0.761719 0.234375 0.861328 0.193359 0.878906 0.316406 0.890625 0.339844 0.998047 0.328125 0.998047 0.000000 0.816406 0.000000 0.808594 0.007812 0.732422 0.000000 0.685547 0.021484
2 0.259766 0.021484 0.248047 0.021484 0.240234 0.027344 0.220703 0.029297 0.218750 0.031250 0.208984 0.033203 0.203125 0.037109 0.189453 0.039062 0.185547 0.042969 0.187500 0.058594 0.189453 0.060547 0.195312 0.060547 0.197266 0.058594 0.203125 0.058594 0.205078 0.056641 0.218750 0.054688 0.220703 0.052734 0.224609 0.052734 0.226562 0.050781 0.230469 0.050781 0.232422 0.048828 0.236328 0.048828 0.244141 0.044922 0.259766 0.042969 0.261719 0.041016
2 0.384766 0.072266 0.324219 0.074219 0.310547 0.083984 0.296875 0.087891 0.273438 0.083984 0.261719 0.089844 0.259766 0.101562 0.242188 0.107422 0.242188 0.121094 0.263672 0.171875 0.265625 0.189453 0.271484 0.195312 0.298828 0.193359 0.347656 0.177734 0.376953 0.173828 0.408203 0.162109 0.410156 0.152344 0.406250 0.134766 0.394531 0.121094 0.390625 0.087891
2 0.085938 0.148438 0.085938 0.193359 0.105469 0.228516 0.111328 0.285156 0.195312 0.533203 0.302734 0.515625 0.404297 0.480469 0.412109 0.453125 0.367188 0.449219 0.332031 0.343750 0.300781 0.345703 0.283203 0.361328 0.265625 0.357422 0.281250 0.330078 0.277344 0.314453 0.236328 0.312500 0.244141 0.244141 0.230469 0.242188 0.222656 0.222656 0.185547 0.214844 0.156250 0.142578 0.132812 0.132812
2 0.640625 0.195312 0.638672 0.208984 0.654297 0.255859 0.697266 0.304688 0.699219 0.318359 0.708984 0.320312 0.714844 0.339844 0.718750 0.335938 0.734375 0.361328 0.753906 0.369141 0.744141 0.384766 0.765625 0.419922 0.785156 0.410156 0.814453 0.410156 0.826172 0.365234 0.861328 0.390625 0.888672 0.375000 0.888672 0.353516 0.875000 0.326172 0.871094 0.269531 0.853516 0.210938 0.783203 0.248047 0.759766 0.242188 0.712891 0.197266
2 0.683594 0.306641 0.683594 0.310547 0.685547 0.310547 0.685547 0.308594
2 0.701172 0.324219 0.699219 0.324219 0.699219 0.328125 0.701172 0.326172
2 0.699219 0.335938 0.697266 0.337891 0.697266 0.341797 0.701172 0.341797 0.701172 0.337891
2 0.998047 0.367188 0.982422 0.369141 0.968750 0.375000 0.962891 0.375000 0.960938 0.376953 0.949219 0.378906 0.939453 0.382812 0.939453 0.414062 0.941406 0.417969 0.945312 0.419922 0.951172 0.419922 0.953125 0.421875 0.958984 0.421875 0.960938 0.419922 0.968750 0.419922 0.970703 0.417969 0.986328 0.416016 0.988281 0.414062 0.988281 0.398438 0.986328 0.396484 0.986328 0.388672 0.994141 0.378906 0.998047 0.378906 0.998047 0.375000 0.992188 0.375000 0.990234 0.373047 0.992188 0.371094 0.998047 0.371094
2 0.902344 0.439453 0.835938 0.453125 0.789062 0.455078 0.777344 0.462891 0.791016 0.486328 0.800781 0.539062 0.806641 0.625000 0.826172 0.642578 0.902344 0.648438 0.931641 0.642578 0.951172 0.628906 0.947266 0.603516 0.935547 0.593750 0.914062 0.460938
2 0.998047 0.466797 0.996094 0.466797 0.994141 0.468750 0.982422 0.468750 0.980469 0.470703 0.980469 0.484375 0.982422 0.486328 0.982422 0.503906 0.984375 0.505859 0.984375 0.523438 0.986328 0.525391 0.986328 0.533203 0.998047 0.533203
2 0.515625 0.535156 0.515625 0.558594 0.548828 0.580078 0.542969 0.669922 0.570312 0.673828 0.576172 0.708984 0.589844 0.728516 0.636719 0.734375 0.621094 0.750000 0.644531 0.791016 0.703125 0.806641 0.792969 0.783203 0.794922 0.765625 0.765625 0.765625 0.759766 0.718750 0.679688 0.716797 0.636719 0.734375 0.669922 0.712891 0.660156 0.666016 0.638672 0.654297 0.638672 0.623047 0.619141 0.580078 0.621094 0.548828 0.601562 0.541016 0.580078 0.507812
2 0.300781 0.529297 0.271484 0.544922 0.218750 0.556641 0.216797 0.566406 0.238281 0.607422 0.248047 0.667969 0.265625 0.720703 0.281250 0.746094 0.287109 0.824219 0.322266 0.833984 0.333984 0.828125 0.341797 0.810547 0.394531 0.794922 0.396484 0.783203 0.347656 0.626953 0.337891 0.615234 0.330078 0.568359
2 0.640625 0.554688 0.640625 0.562500 0.642578 0.564453 0.642578 0.568359 0.650391 0.568359 0.650391 0.564453 0.648438 0.562500 0.648438 0.558594 0.644531 0.554688
2 0.462891 0.599609 0.421875 0.609375 0.367188 0.634766 0.369141 0.656250 0.394531 0.691406 0.406250 0.732422 0.439453 0.716797 0.464844 0.712891 0.427734 0.728516 0.408203 0.753906 0.416016 0.800781 0.453125 0.792969 0.554688 0.751953 0.552734 0.724609 0.544922 0.710938 0.486328 0.705078 0.498047 0.701172 0.496094 0.677734 0.480469 0.621094
5 0.000000 0.029297 0.000000 0.189453 0.207031 0.789062 0.148438 0.769531 0.058594 0.457031 0.001953 0.384766 0.097656 0.876953 0.001953 0.894531 0.000000 0.957031 0.136719 0.927734 0.158203 0.998047 0.222656 0.998047 0.222656 0.925781 0.287109 0.882812 0.998047 0.789062 0.976562 0.761719 0.292969 0.859375 0.037109 0.044922
