0 0.546875 0.382812 0.537109 0.378906 0.531250 0.380859 0.525391 0.388672 0.515625 0.390625 0.486328 0.388672 0.474609 0.392578 0.470703 0.400391 0.470703 0.416016 0.468750 0.417969 0.470703 0.458984 0.480469 0.464844 0.509766 0.468750 0.546875 0.466797 0.562500 0.457031 0.562500 0.400391
0 0.246094 0.494141 0.218750 0.486328 0.232422 0.476562 0.203125 0.476562 0.201172 0.468750 0.189453 0.490234 0.162109 0.478516 0.093750 0.470703 0.087891 0.480469 0.101562 0.482422 0.103516 0.490234 0.115234 0.486328 0.109375 0.496094 0.113281 0.501953 0.105469 0.500000 0.095703 0.511719 0.101562 0.523438 0.080078 0.527344 0.072266 0.509766 0.070312 0.521484 0.064453 0.523438 0.060547 0.500000 0.050781 0.515625 0.068359 0.537109 0.068359 0.566406 0.130859 0.580078 0.185547 0.578125 0.207031 0.583984 0.222656 0.566406 0.240234 0.558594 0.244141 0.542969 0.234375 0.523438
0 0.230469 0.697266 0.228516 0.722656 0.216797 0.732422 0.207031 0.775391 0.195312 0.792969 0.199219 0.845703 0.234375 0.853516 0.234375 0.871094 0.250000 0.884766 0.253906 0.908203 0.332031 0.900391 0.347656 0.908203 0.376953 0.904297 0.398438 0.880859 0.400391 0.822266 0.412109 0.798828 0.404297 0.792969 0.408203 0.781250 0.402344 0.777344 0.412109 0.771484 0.412109 0.763672 0.384766 0.767578 0.328125 0.761719 0.326172 0.736328 0.337891 0.724609 0.332031 0.730469
0 0.638672 0.726562 0.646484 0.785156 0.685547 0.787109 0.679688 0.800781 0.691406 0.796875 0.695312 0.777344 0.708984 0.767578 0.724609 0.773438 0.757812 0.761719 0.798828 0.763672 0.789062 0.775391 0.789062 0.806641 0.779297 0.832031 0.785156 0.853516 0.779297 0.929688 0.800781 0.921875 0.824219 0.937500 0.822266 0.949219 0.830078 0.953125 0.839844 0.884766 0.837891 0.757812 0.816406 0.755859 0.798828 0.730469 0.791016 0.746094 0.783203 0.712891 0.773438 0.708984
0 0.343750 0.724609 0.341797 0.726562 0.341797 0.728516 0.345703 0.732422 0.349609 0.732422 0.351562 0.730469 0.351562 0.728516 0.349609 0.728516 0.345703 0.724609
0 0.398438 0.728516 0.400391 0.728516 0.402344 0.730469 0.400391 0.728516
0 0.355469 0.730469 0.355469 0.732422 0.357422 0.732422 0.357422 0.730469
0 0.357422 0.742188 0.353516 0.742188 0.349609 0.746094 0.347656 0.746094 0.349609 0.748047 0.351562 0.746094 0.353516 0.748047 0.357422 0.748047
0 0.410156 0.750000 0.408203 0.751953 0.410156 0.753906 0.410156 0.755859
0 0.667969 0.792969 0.667969 0.794922 0.669922 0.796875 0.669922 0.798828 0.667969 0.800781 0.671875 0.800781 0.671875 0.792969
0 0.652344 0.798828 0.652344 0.802734 0.654297 0.802734 0.654297 0.800781
2 0.000000 0.000000 0.000000 0.105469 0.025391 0.103516 0.048828 0.095703 0.076172 0.091797 0.082031 0.083984 0.082031 0.062500 0.089844 0.039062 0.087891 0.031250 0.072266 0.019531 0.048828 0.011719 0.056641 0.005859 0.052734 0.000000 0.042969 0.000000 0.037109 0.005859 0.027344 0.000000 0.023438 0.001953 0.021484 0.009766 0.009766 0.007812 0.017578 0.000000
2 0.312500 0.000000 0.294922 0.000000 0.285156 0.003906 0.261719 0.005859 0.210938 0.015625 0.207031 0.023438 0.208984 0.025391 0.208984 0.044922 0.212891 0.062500 0.234375 0.064453 0.244141 0.058594 0.242188 0.056641 0.242188 0.044922 0.251953 0.039062 0.259766 0.039062 0.267578 0.035156 0.289062 0.031250 0.312500 0.031250 0.318359 0.027344 0.316406 0.025391 0.316406 0.007812
2 0.558594 0.005859 0.556641 0.025391 0.560547 0.033203 0.560547 0.054688 0.566406 0.087891 0.626953 0.085938 0.650391 0.082031 0.646484 0.000000 0.580078 0.000000 0.576172 0.003906
2 0.923828 0.000000 0.925781 0.039062 0.933594 0.066406 0.935547 0.113281 0.945312 0.166016 0.953125 0.181641 0.998047 0.173828 0.998047 0.078125 0.988281 0.000000
2 0.412109 0.015625 0.412109 0.033203 0.414062 0.035156 0.412109 0.054688 0.416016 0.056641 0.431641 0.052734 0.437500 0.076172 0.453125 0.078125 0.455078 0.080078 0.482422 0.080078 0.492188 0.074219 0.492188 0.066406 0.486328 0.044922 0.488281 0.039062 0.486328 0.031250 0.480469 0.029297 0.478516 0.031250 0.460938 0.031250 0.458984 0.033203 0.439453 0.033203 0.437500 0.031250 0.437500 0.019531 0.431641 0.011719 0.421875 0.011719
2 0.138672 0.019531 0.136719 0.046875 0.134766 0.048828 0.134766 0.064453 0.132812 0.066406 0.132812 0.080078 0.138672 0.083984 0.150391 0.083984 0.152344 0.082031 0.154297 0.068359 0.158203 0.064453 0.187500 0.064453 0.193359 0.060547 0.201172 0.046875 0.201172 0.025391 0.191406 0.021484 0.185547 0.021484 0.183594 0.019531 0.169922 0.019531 0.167969 0.017578 0.140625 0.017578
2 0.203125 0.123047 0.207031 0.125000 0.238281 0.123047 0.240234 0.095703 0.244141 0.103516 0.259766 0.103516 0.296875 0.095703 0.337891 0.091797 0.339844 0.083984 0.335938 0.070312 0.300781 0.070312 0.275391 0.074219 0.261719 0.070312 0.240234 0.070312 0.234375 0.074219 0.226562 0.068359 0.214844 0.068359 0.205078 0.078125 0.203125 0.085938
2 0.761719 0.072266 0.744141 0.074219 0.724609 0.085938 0.710938 0.087891 0.701172 0.093750 0.695312 0.107422 0.695312 0.132812 0.697266 0.134766 0.697266 0.146484 0.705078 0.156250 0.712891 0.156250 0.716797 0.152344 0.726562 0.152344 0.728516 0.150391 0.763672 0.148438 0.779297 0.142578 0.781250 0.138672 0.779297 0.095703 0.773438 0.087891 0.771484 0.080078
2 0.416016 0.080078 0.414062 0.089844 0.402344 0.093750 0.404297 0.138672 0.453125 0.142578 0.449219 0.183594 0.466797 0.191406 0.503906 0.193359 0.494141 0.199219 0.490234 0.228516 0.535156 0.234375 0.535156 0.201172 0.525391 0.195312 0.531250 0.193359 0.527344 0.158203 0.515625 0.148438 0.464844 0.144531 0.513672 0.142578 0.517578 0.130859 0.515625 0.085938 0.453125 0.085938
2 0.320312 0.103516 0.287109 0.103516 0.285156 0.105469 0.265625 0.105469 0.263672 0.107422 0.251953 0.107422 0.250000 0.109375 0.250000 0.128906 0.251953 0.130859 0.277344 0.130859 0.279297 0.128906 0.306641 0.128906 0.308594 0.126953 0.318359 0.126953 0.318359 0.111328 0.320312 0.109375
2 0.609375 0.107422 0.605469 0.109375 0.580078 0.109375 0.574219 0.113281 0.576172 0.117188 0.576172 0.128906 0.578125 0.130859 0.578125 0.144531 0.580078 0.146484 0.580078 0.164062 0.582031 0.166016 0.595703 0.166016 0.597656 0.164062 0.615234 0.164062 0.617188 0.162109 0.617188 0.128906 0.615234 0.126953 0.615234 0.111328
2 0.875000 0.109375 0.865234 0.109375 0.863281 0.111328 0.855469 0.111328 0.853516 0.113281 0.845703 0.113281 0.843750 0.115234 0.843750 0.126953 0.841797 0.128906 0.841797 0.130859 0.843750 0.132812 0.843750 0.136719 0.849609 0.144531 0.849609 0.160156 0.851562 0.162109 0.851562 0.164062 0.865234 0.166016 0.867188 0.164062 0.875000 0.164062 0.878906 0.160156 0.878906 0.142578 0.876953 0.140625 0.876953 0.113281 0.875000 0.111328
2 0.341797 0.142578 0.300781 0.142578 0.294922 0.136719 0.277344 0.134766 0.275391 0.142578 0.253906 0.146484 0.251953 0.171875 0.250000 0.162109 0.244141 0.158203 0.208984 0.162109 0.205078 0.167969 0.203125 0.197266 0.207031 0.201172 0.250000 0.197266 0.255859 0.185547 0.261719 0.191406 0.281250 0.191406 0.314453 0.197266 0.333984 0.183594 0.333984 0.169922 0.341797 0.158203 0.343750 0.148438
2 0.074219 0.146484 0.072266 0.144531 0.058594 0.144531 0.056641 0.146484 0.031250 0.146484 0.029297 0.148438 0.009766 0.148438 0.007812 0.150391 0.000000 0.150391 0.000000 0.179688 0.007812 0.179688 0.009766 0.177734 0.017578 0.177734 0.019531 0.175781 0.035156 0.175781 0.037109 0.173828 0.066406 0.173828 0.068359 0.171875 0.074219 0.171875
2 0.406250 0.152344 0.402344 0.148438 0.382812 0.146484 0.380859 0.148438 0.371094 0.148438 0.369141 0.150391 0.353516 0.154297 0.347656 0.164062 0.347656 0.193359 0.349609 0.195312 0.404297 0.195312 0.404297 0.183594 0.406250 0.181641 0.406250 0.171875 0.408203 0.169922 0.408203 0.156250
2 0.421875 0.146484 0.419922 0.148438 0.419922 0.154297 0.417969 0.156250 0.417969 0.158203 0.414062 0.164062 0.414062 0.169922 0.416016 0.171875 0.416016 0.173828 0.419922 0.177734 0.425781 0.177734 0.427734 0.179688 0.435547 0.179688 0.437500 0.181641 0.441406 0.181641 0.445312 0.177734 0.445312 0.148438 0.441406 0.148438 0.439453 0.146484
2 0.607422 0.177734 0.607422 0.179688 0.605469 0.181641 0.605469 0.185547 0.607422 0.187500 0.607422 0.197266 0.609375 0.199219 0.609375 0.203125 0.613281 0.207031 0.623047 0.207031 0.625000 0.205078 0.646484 0.205078 0.648438 0.203125 0.652344 0.203125 0.652344 0.201172 0.654297 0.199219 0.652344 0.197266 0.652344 0.177734 0.648438 0.171875 0.619141 0.171875 0.617188 0.173828 0.615234 0.173828 0.613281 0.175781 0.609375 0.175781
2 0.906250 0.185547 0.900391 0.185547 0.898438 0.187500 0.876953 0.187500 0.875000 0.189453 0.875000 0.191406 0.873047 0.193359 0.873047 0.222656 0.876953 0.226562 0.916016 0.226562 0.912109 0.226562 0.908203 0.222656 0.908203 0.220703 0.906250 0.218750 0.906250 0.214844 0.904297 0.212891 0.906250 0.210938 0.906250 0.199219 0.904297 0.197266 0.904297 0.193359 0.906250 0.191406 0.904297 0.189453 0.904297 0.187500
2 0.361328 0.205078 0.359375 0.207031 0.359375 0.222656 0.361328 0.224609 0.371094 0.226562 0.373047 0.228516 0.382812 0.232422 0.392578 0.242188 0.392578 0.244141 0.396484 0.244141 0.402344 0.248047 0.404297 0.246094 0.404297 0.236328 0.406250 0.234375 0.406250 0.226562 0.412109 0.218750 0.412109 0.208984 0.410156 0.207031 0.398438 0.207031 0.396484 0.205078
2 0.582031 0.224609 0.583984 0.240234 0.578125 0.248047 0.582031 0.273438 0.636719 0.277344 0.705078 0.275391 0.724609 0.279297 0.720703 0.283203 0.707031 0.283203 0.714844 0.287109 0.757812 0.285156 0.755859 0.267578 0.761719 0.257812 0.761719 0.236328 0.757812 0.232422 0.693359 0.232422 0.689453 0.228516 0.687500 0.210938 0.617188 0.212891
2 0.976562 0.216797 0.970703 0.220703 0.968750 0.228516 0.962891 0.234375 0.962891 0.242188 0.972656 0.294922 0.972656 0.343750 0.974609 0.347656 0.982422 0.349609 0.990234 0.359375 0.998047 0.359375 0.998047 0.214844
2 0.000000 0.226562 0.000000 0.259766 0.017578 0.259766 0.019531 0.261719 0.039062 0.261719 0.041016 0.259766 0.042969 0.259766 0.042969 0.246094 0.041016 0.244141 0.041016 0.230469 0.039062 0.228516 0.013672 0.228516 0.011719 0.226562
2 0.128906 0.234375 0.119141 0.234375 0.117188 0.236328 0.105469 0.236328 0.103516 0.238281 0.093750 0.238281 0.089844 0.246094 0.089844 0.253906 0.087891 0.255859 0.087891 0.265625 0.089844 0.267578 0.089844 0.279297 0.091797 0.281250 0.091797 0.289062 0.095703 0.292969 0.119141 0.292969 0.121094 0.294922 0.128906 0.292969 0.128906 0.289062 0.130859 0.287109 0.128906 0.283203 0.128906 0.267578 0.130859 0.265625 0.130859 0.240234 0.128906 0.238281
2 0.304688 0.267578 0.296875 0.289062 0.296875 0.302734 0.298828 0.304688 0.310547 0.306641 0.339844 0.320312 0.355469 0.324219 0.388672 0.324219 0.392578 0.320312 0.392578 0.294922 0.384766 0.289062 0.369141 0.287109 0.359375 0.283203 0.353516 0.273438 0.347656 0.269531 0.347656 0.255859 0.332031 0.246094 0.328125 0.246094 0.318359 0.255859 0.314453 0.255859
2 0.908203 0.269531 0.906250 0.267578 0.894531 0.267578 0.892578 0.265625 0.884766 0.265625 0.882812 0.267578 0.869141 0.267578 0.867188 0.269531 0.863281 0.269531 0.861328 0.271484 0.861328 0.292969 0.867188 0.292969 0.869141 0.294922 0.892578 0.294922 0.894531 0.296875 0.896484 0.296875 0.898438 0.294922 0.904297 0.294922 0.908203 0.289062
2 0.701172 0.283203 0.699219 0.283203 0.697266 0.285156 0.701172 0.285156
2 0.804688 0.294922 0.798828 0.298828 0.798828 0.332031 0.802734 0.335938 0.812500 0.335938 0.814453 0.337891 0.816406 0.335938 0.818359 0.335938 0.822266 0.330078 0.822266 0.328125 0.820312 0.326172 0.820312 0.298828 0.818359 0.296875 0.814453 0.296875 0.812500 0.294922
2 0.486328 0.300781 0.486328 0.310547 0.488281 0.312500 0.488281 0.324219 0.500000 0.324219 0.501953 0.326172 0.513672 0.326172 0.515625 0.324219 0.537109 0.324219 0.539062 0.322266 0.539062 0.314453 0.537109 0.312500 0.537109 0.304688 0.535156 0.302734 0.533203 0.304688 0.531250 0.302734 0.529297 0.304688 0.527344 0.304688 0.525391 0.302734 0.515625 0.300781 0.509766 0.296875 0.498047 0.296875 0.496094 0.298828 0.490234 0.298828 0.488281 0.300781
2 0.751953 0.308594 0.744141 0.304688 0.726562 0.304688 0.722656 0.302734 0.720703 0.304688 0.687500 0.304688 0.685547 0.306641 0.675781 0.308594 0.675781 0.310547 0.679688 0.314453 0.679688 0.320312 0.691406 0.332031 0.691406 0.335938 0.695312 0.343750 0.699219 0.345703 0.746094 0.345703 0.750000 0.339844
2 0.841797 0.314453 0.841797 0.335938 0.843750 0.337891 0.867188 0.337891 0.869141 0.335938 0.873047 0.335938 0.875000 0.333984 0.878906 0.333984 0.880859 0.332031 0.888672 0.332031 0.888672 0.328125 0.890625 0.326172 0.890625 0.304688 0.878906 0.304688 0.876953 0.302734 0.871094 0.302734 0.869141 0.300781 0.859375 0.300781 0.857422 0.302734 0.853516 0.302734 0.851562 0.304688 0.845703 0.306641 0.845703 0.308594
2 0.000000 0.306641 0.000000 0.314453 0.005859 0.314453 0.007812 0.312500 0.013672 0.312500 0.017578 0.308594 0.027344 0.308594 0.029297 0.310547 0.037109 0.310547 0.037109 0.308594 0.027344 0.308594 0.025391 0.306641
2 0.130859 0.314453 0.072266 0.306641 0.066406 0.335938 0.000000 0.318359 0.000000 0.375000 0.048828 0.373047 0.074219 0.378906 0.078125 0.365234 0.082031 0.388672 0.070312 0.392578 0.068359 0.416016 0.044922 0.416016 0.041016 0.431641 0.035156 0.414062 0.000000 0.408203 0.001953 0.460938 0.035156 0.460938 0.039062 0.435547 0.042969 0.458984 0.097656 0.449219 0.103516 0.396484 0.115234 0.380859 0.119141 0.351562 0.095703 0.345703 0.121094 0.343750
2 0.597656 0.332031 0.597656 0.351562 0.599609 0.357422 0.605469 0.361328 0.603516 0.373047 0.609375 0.386719 0.613281 0.388672 0.671875 0.388672 0.703125 0.380859 0.701172 0.367188 0.695312 0.359375 0.693359 0.361328 0.683594 0.357422 0.648438 0.357422 0.646484 0.355469 0.648438 0.353516 0.660156 0.351562 0.662109 0.345703 0.658203 0.337891 0.642578 0.326172 0.615234 0.326172 0.603516 0.328125
2 0.384766 0.337891 0.384766 0.343750 0.382812 0.345703 0.382812 0.371094 0.386719 0.376953 0.390625 0.378906 0.400391 0.378906 0.402344 0.380859 0.443359 0.380859 0.447266 0.376953 0.447266 0.355469 0.445312 0.353516 0.445312 0.349609 0.437500 0.343750 0.425781 0.341797 0.414062 0.335938 0.402344 0.335938 0.400391 0.333984 0.388672 0.333984
2 0.488281 0.353516 0.488281 0.382812 0.494141 0.386719 0.521484 0.386719 0.533203 0.375000 0.535156 0.375000 0.537109 0.373047 0.537109 0.353516 0.535156 0.351562 0.507812 0.351562 0.505859 0.349609 0.492188 0.349609
2 0.708984 0.367188 0.710938 0.371094 0.710938 0.382812 0.714844 0.382812 0.716797 0.384766 0.732422 0.384766 0.734375 0.386719 0.738281 0.384766 0.769531 0.384766 0.771484 0.382812 0.779297 0.382812 0.787109 0.376953 0.785156 0.359375 0.779297 0.355469 0.748047 0.355469 0.746094 0.353516 0.720703 0.355469 0.718750 0.357422 0.710938 0.359375 0.710938 0.365234
2 0.896484 0.423828 0.884766 0.425781 0.878906 0.429688 0.875000 0.429688 0.849609 0.441406 0.847656 0.447266 0.849609 0.449219 0.849609 0.480469 0.851562 0.482422 0.855469 0.482422 0.867188 0.488281 0.873047 0.488281 0.888672 0.480469 0.902344 0.478516 0.904297 0.476562 0.912109 0.476562 0.917969 0.472656 0.916016 0.470703 0.914062 0.460938 0.906250 0.451172 0.904297 0.439453
2 0.839844 0.449219 0.837891 0.447266 0.816406 0.447266 0.814453 0.449219 0.794922 0.449219 0.792969 0.451172 0.777344 0.451172 0.773438 0.453125 0.773438 0.468750 0.775391 0.470703 0.775391 0.478516 0.777344 0.480469 0.777344 0.486328 0.781250 0.492188 0.791016 0.492188 0.792969 0.490234 0.802734 0.490234 0.804688 0.488281 0.816406 0.488281 0.818359 0.486328 0.839844 0.484375 0.841797 0.482422 0.841797 0.455078 0.839844 0.453125
2 0.373047 0.455078 0.365234 0.453125 0.347656 0.455078 0.345703 0.457031 0.318359 0.457031 0.310547 0.455078 0.304688 0.462891 0.304688 0.476562 0.302734 0.478516 0.302734 0.517578 0.300781 0.519531 0.300781 0.531250 0.304688 0.535156 0.335938 0.537109 0.337891 0.539062 0.355469 0.539062 0.359375 0.537109 0.359375 0.531250 0.371094 0.517578 0.371094 0.509766 0.373047 0.507812 0.373047 0.486328 0.371094 0.484375
2 0.613281 0.453125 0.615234 0.455078 0.615234 0.460938 0.617188 0.462891 0.617188 0.468750 0.619141 0.470703 0.617188 0.472656 0.619141 0.474609 0.617188 0.476562 0.617188 0.478516 0.619141 0.480469 0.619141 0.482422 0.617188 0.484375 0.636719 0.484375 0.638672 0.478516 0.646484 0.468750 0.646484 0.464844 0.648438 0.462891 0.646484 0.460938 0.646484 0.458984 0.644531 0.457031 0.642578 0.457031 0.640625 0.455078 0.636719 0.455078 0.634766 0.453125
2 0.171875 0.457031 0.169922 0.458984 0.169922 0.460938 0.167969 0.462891 0.167969 0.470703 0.166016 0.472656 0.166016 0.478516 0.169922 0.482422 0.171875 0.482422 0.173828 0.484375 0.175781 0.484375 0.177734 0.486328 0.183594 0.486328 0.185547 0.488281 0.189453 0.488281 0.191406 0.486328 0.191406 0.474609 0.193359 0.472656 0.193359 0.466797 0.189453 0.462891 0.187500 0.462891 0.185547 0.460938 0.183594 0.460938 0.181641 0.458984 0.179688 0.458984 0.177734 0.457031
2 0.712891 0.464844 0.710938 0.468750 0.710938 0.484375 0.712891 0.486328 0.712891 0.498047 0.714844 0.498047 0.718750 0.501953 0.718750 0.503906 0.722656 0.505859 0.732422 0.505859 0.740234 0.501953 0.751953 0.501953 0.753906 0.500000 0.763672 0.500000 0.769531 0.496094 0.771484 0.492188 0.771484 0.482422 0.769531 0.480469 0.769531 0.474609 0.765625 0.470703 0.765625 0.464844 0.763672 0.460938 0.736328 0.460938 0.734375 0.458984 0.728516 0.458984 0.726562 0.460938 0.722656 0.460938 0.720703 0.462891
2 0.541016 0.494141 0.537109 0.498047 0.525391 0.500000 0.523438 0.501953 0.523438 0.505859 0.521484 0.507812 0.517578 0.507812 0.517578 0.511719 0.509766 0.525391 0.511719 0.527344 0.511719 0.542969 0.513672 0.546875 0.517578 0.548828 0.527344 0.546875 0.529297 0.548828 0.537109 0.548828 0.539062 0.550781 0.542969 0.550781 0.546875 0.554688 0.550781 0.554688 0.558594 0.550781 0.566406 0.541016 0.566406 0.537109 0.568359 0.535156 0.568359 0.509766 0.566406 0.507812 0.566406 0.501953 0.562500 0.496094 0.558594 0.498047 0.556641 0.494141 0.546875 0.494141 0.546875 0.496094 0.542969 0.498047
2 0.406250 0.501953 0.406250 0.525391 0.408203 0.527344 0.423828 0.527344 0.425781 0.529297 0.427734 0.529297 0.429688 0.527344 0.431641 0.529297 0.445312 0.529297 0.447266 0.527344 0.447266 0.501953 0.445312 0.500000 0.408203 0.500000
2 0.617188 0.507812 0.619141 0.509766 0.617188 0.511719 0.619141 0.513672 0.617188 0.515625 0.619141 0.517578 0.617188 0.519531 0.619141 0.521484 0.617188 0.523438 0.619141 0.525391 0.619141 0.535156 0.621094 0.537109 0.619141 0.539062 0.623047 0.544922 0.630859 0.544922 0.634766 0.548828 0.634766 0.550781 0.642578 0.556641 0.664062 0.556641 0.664062 0.527344 0.666016 0.525391 0.666016 0.507812 0.658203 0.507812 0.656250 0.505859 0.642578 0.505859 0.640625 0.503906 0.623047 0.503906
2 0.865234 0.541016 0.863281 0.539062 0.861328 0.533203 0.859375 0.531250 0.855469 0.531250 0.853516 0.529297 0.847656 0.529297 0.845703 0.531250 0.839844 0.531250 0.837891 0.533203 0.832031 0.533203 0.830078 0.535156 0.818359 0.535156 0.812500 0.539062 0.812500 0.552734 0.814453 0.552734 0.816406 0.554688 0.828125 0.554688 0.830078 0.552734 0.835938 0.552734 0.837891 0.550781 0.845703 0.550781 0.847656 0.548828 0.853516 0.548828 0.855469 0.546875 0.859375 0.546875 0.861328 0.544922 0.863281 0.544922 0.863281 0.542969
2 0.369141 0.550781 0.359375 0.550781 0.357422 0.548828 0.347656 0.548828 0.345703 0.550781 0.335938 0.550781 0.330078 0.556641 0.330078 0.568359 0.332031 0.570312 0.332031 0.583984 0.335938 0.589844 0.341797 0.589844 0.343750 0.587891 0.349609 0.587891 0.351562 0.585938 0.357422 0.585938 0.359375 0.583984 0.365234 0.583984 0.367188 0.582031 0.373047 0.580078 0.373047 0.578125 0.375000 0.576172 0.375000 0.570312 0.373047 0.568359 0.373047 0.556641
2 0.291016 0.564453 0.285156 0.564453 0.277344 0.560547 0.261719 0.560547 0.259766 0.562500 0.253906 0.562500 0.250000 0.564453 0.248047 0.572266 0.242188 0.583984 0.242188 0.595703 0.240234 0.597656 0.242188 0.609375 0.246094 0.613281 0.253906 0.615234 0.255859 0.613281 0.265625 0.613281 0.267578 0.611328 0.279297 0.611328 0.287109 0.607422 0.287109 0.605469 0.292969 0.599609 0.294922 0.599609 0.294922 0.595703 0.296875 0.593750 0.296875 0.582031 0.294922 0.580078 0.294922 0.572266
2 0.572266 0.601562 0.552734 0.607422 0.527344 0.605469 0.564453 0.589844 0.564453 0.578125 0.554688 0.568359 0.496094 0.585938 0.480469 0.576172 0.363281 0.605469 0.335938 0.623047 0.345703 0.646484 0.371094 0.650391 0.474609 0.615234 0.498047 0.615234 0.496094 0.628906 0.505859 0.634766 0.572266 0.628906
2 0.878906 0.578125 0.882812 0.613281 0.890625 0.615234 0.892578 0.613281 0.929688 0.605469 0.935547 0.607422 0.939453 0.611328 0.941406 0.621094 0.943359 0.621094 0.943359 0.611328 0.947266 0.609375 0.949219 0.611328 0.947266 0.623047 0.949219 0.623047 0.947266 0.580078 0.941406 0.574219 0.917969 0.574219 0.906250 0.568359 0.890625 0.568359 0.884766 0.576172
2 0.066406 0.578125 0.062500 0.589844 0.062500 0.605469 0.066406 0.619141 0.072266 0.623047 0.101562 0.625000 0.125000 0.619141 0.126953 0.621094 0.117188 0.628906 0.117188 0.660156 0.132812 0.667969 0.152344 0.667969 0.154297 0.625000 0.146484 0.621094 0.125000 0.619141 0.142578 0.611328 0.146484 0.585938 0.093750 0.580078 0.083984 0.576172
2 0.628906 0.578125 0.628906 0.601562 0.636719 0.607422 0.644531 0.607422 0.646484 0.609375 0.652344 0.609375 0.660156 0.615234 0.660156 0.621094 0.664062 0.626953 0.667969 0.628906 0.671875 0.626953 0.693359 0.628906 0.697266 0.625000 0.697266 0.619141 0.693359 0.611328 0.693359 0.601562 0.691406 0.599609 0.691406 0.583984 0.687500 0.580078 0.675781 0.578125 0.673828 0.576172 0.658203 0.576172 0.656250 0.574219 0.632812 0.574219
2 0.826172 0.613281 0.820312 0.613281 0.816406 0.609375 0.816406 0.605469 0.814453 0.603516 0.814453 0.591797 0.806641 0.587891 0.802734 0.587891 0.800781 0.589844 0.798828 0.587891 0.796875 0.589844 0.773438 0.589844 0.765625 0.595703 0.765625 0.617188 0.767578 0.619141 0.767578 0.623047 0.769531 0.623047 0.777344 0.628906 0.787109 0.628906 0.789062 0.630859 0.794922 0.630859 0.796875 0.628906 0.802734 0.628906 0.804688 0.626953 0.814453 0.626953 0.816406 0.625000 0.824219 0.625000 0.826172 0.623047
2 0.199219 0.669922 0.197266 0.675781 0.207031 0.685547 0.232422 0.691406 0.308594 0.718750 0.320312 0.718750 0.330078 0.699219 0.335938 0.666016 0.328125 0.658203 0.304688 0.654297 0.279297 0.642578 0.255859 0.636719 0.246094 0.640625 0.236328 0.640625 0.222656 0.648438 0.214844 0.648438
2 0.523438 0.650391 0.521484 0.652344 0.521484 0.681641 0.523438 0.687500 0.531250 0.693359 0.527344 0.695312 0.527344 0.724609 0.531250 0.726562 0.554688 0.726562 0.558594 0.724609 0.558594 0.695312 0.556641 0.693359 0.564453 0.685547 0.564453 0.681641 0.572266 0.675781 0.578125 0.656250 0.574219 0.654297 0.562500 0.654297 0.560547 0.652344 0.531250 0.652344 0.529297 0.650391
2 0.873047 0.656250 0.871094 0.658203 0.873047 0.658203 0.875000 0.660156 0.875000 0.662109 0.876953 0.664062 0.878906 0.664062 0.878906 0.662109 0.880859 0.660156 0.880859 0.658203 0.878906 0.656250
2 0.847656 0.669922 0.822266 0.673828 0.820312 0.675781 0.814453 0.675781 0.808594 0.679688 0.808594 0.685547 0.810547 0.687500 0.808594 0.691406 0.808594 0.718750 0.810547 0.720703 0.810547 0.730469 0.812500 0.732422 0.812500 0.740234 0.814453 0.744141 0.822266 0.751953 0.839844 0.751953 0.841797 0.750000 0.849609 0.750000 0.861328 0.746094 0.861328 0.699219 0.855469 0.687500 0.853516 0.675781 0.851562 0.671875
2 0.921875 0.671875 0.921875 0.695312 0.923828 0.697266 0.923828 0.708984 0.925781 0.710938 0.925781 0.714844 0.927734 0.718750 0.931641 0.720703 0.935547 0.720703 0.937500 0.718750 0.949219 0.718750 0.960938 0.712891 0.968750 0.712891 0.972656 0.707031 0.970703 0.689453 0.958984 0.679688 0.958984 0.673828 0.953125 0.669922 0.931641 0.669922 0.929688 0.671875
2 0.068359 0.677734 0.050781 0.675781 0.046875 0.681641 0.044922 0.677734 0.000000 0.681641 0.000000 0.757812 0.042969 0.755859 0.048828 0.751953 0.050781 0.753906 0.074219 0.753906 0.076172 0.748047 0.074219 0.746094 0.072266 0.699219 0.070312 0.697266 0.070312 0.679688
2 0.673828 0.675781 0.673828 0.693359 0.675781 0.695312 0.675781 0.703125 0.679688 0.707031 0.718750 0.707031 0.720703 0.705078 0.726562 0.705078 0.726562 0.681641 0.722656 0.675781
2 0.083984 0.679688 0.082031 0.681641 0.082031 0.751953 0.085938 0.755859 0.117188 0.757812 0.121094 0.755859 0.134766 0.740234 0.134766 0.734375 0.136719 0.732422 0.136719 0.710938 0.138672 0.708984 0.136719 0.687500 0.132812 0.683594 0.128906 0.683594 0.123047 0.679688
2 0.453125 0.707031 0.449219 0.705078 0.445312 0.705078 0.443359 0.707031 0.419922 0.707031 0.412109 0.710938 0.412109 0.724609 0.414062 0.726562 0.414062 0.742188 0.416016 0.744141 0.416016 0.755859 0.427734 0.755859 0.429688 0.757812 0.435547 0.757812 0.437500 0.755859 0.453125 0.755859 0.455078 0.753906 0.458984 0.753906 0.458984 0.750000 0.453125 0.740234
2 0.501953 0.707031 0.500000 0.705078 0.496094 0.705078 0.494141 0.703125 0.492188 0.705078 0.482422 0.705078 0.480469 0.707031 0.476562 0.707031 0.474609 0.708984 0.472656 0.708984 0.472656 0.732422 0.507812 0.732422 0.507812 0.720703 0.505859 0.718750 0.505859 0.714844 0.503906 0.712891 0.503906 0.710938 0.501953 0.708984
2 0.207031 0.748047 0.205078 0.746094 0.199219 0.746094 0.197266 0.748047 0.193359 0.742188 0.193359 0.738281 0.187500 0.734375 0.158203 0.732422 0.154297 0.738281 0.152344 0.755859 0.142578 0.765625 0.142578 0.769531 0.134766 0.781250 0.119141 0.781250 0.119141 0.794922 0.128906 0.800781 0.132812 0.798828 0.138672 0.800781 0.142578 0.796875 0.144531 0.798828 0.154297 0.796875 0.162109 0.792969 0.167969 0.792969 0.171875 0.789062 0.193359 0.787109 0.197266 0.777344 0.203125 0.771484
2 0.886719 0.753906 0.847656 0.753906 0.839844 0.757812 0.839844 0.855469 0.843750 0.871094 0.843750 0.884766 0.839844 0.888672 0.839844 0.935547 0.843750 0.945312 0.859375 0.949219 0.876953 0.947266 0.894531 0.939453 0.900391 0.933594 0.902344 0.919922 0.900391 0.896484 0.892578 0.873047 0.886719 0.867188 0.892578 0.849609 0.890625 0.769531
2 0.455078 0.763672 0.451172 0.765625 0.449219 0.773438 0.453125 0.791016 0.453125 0.810547 0.457031 0.818359 0.455078 0.820312 0.455078 0.830078 0.458984 0.839844 0.462891 0.865234 0.466797 0.867188 0.480469 0.863281 0.498047 0.863281 0.505859 0.857422 0.496094 0.816406 0.496094 0.791016 0.494141 0.789062 0.492188 0.765625 0.486328 0.761719
2 0.792969 0.765625 0.789062 0.763672 0.763672 0.763672 0.761719 0.765625 0.755859 0.765625 0.750000 0.771484 0.746094 0.771484 0.744141 0.773438 0.730469 0.773438 0.722656 0.777344 0.720703 0.781250 0.720703 0.791016 0.718750 0.792969 0.720703 0.812500 0.728516 0.816406 0.779297 0.816406 0.785156 0.810547 0.785156 0.804688 0.787109 0.802734 0.787109 0.773438 0.792969 0.769531
2 0.593750 0.796875 0.589844 0.791016 0.570312 0.791016 0.568359 0.792969 0.542969 0.794922 0.541016 0.796875 0.533203 0.796875 0.531250 0.798828 0.515625 0.800781 0.513672 0.802734 0.513672 0.822266 0.515625 0.824219 0.515625 0.830078 0.521484 0.832031 0.523438 0.830078 0.550781 0.828125 0.552734 0.826172 0.595703 0.824219 0.597656 0.820312 0.597656 0.812500 0.593750 0.804688
2 0.431641 0.818359 0.408203 0.820312 0.404297 0.824219 0.404297 0.904297 0.373047 0.912109 0.373047 0.962891 0.376953 0.972656 0.404297 0.968750 0.410156 0.962891 0.437500 0.955078 0.435547 0.916016 0.439453 0.896484 0.445312 0.931641 0.457031 0.931641 0.466797 0.937500 0.484375 0.933594 0.482422 0.882812 0.435547 0.878906 0.433594 0.832031 0.437500 0.822266
2 0.708984 0.828125 0.705078 0.832031 0.705078 0.833984 0.707031 0.835938 0.707031 0.869141 0.716797 0.869141 0.718750 0.871094 0.720703 0.869141 0.732422 0.869141 0.734375 0.871094 0.740234 0.871094 0.742188 0.869141 0.744141 0.869141 0.744141 0.859375 0.742188 0.857422 0.742188 0.833984 0.740234 0.832031 0.740234 0.828125 0.734375 0.828125 0.732422 0.830078 0.720703 0.830078 0.718750 0.828125
2 0.568359 0.859375 0.566406 0.861328 0.566406 0.867188 0.568359 0.869141 0.568359 0.894531 0.570312 0.896484 0.570312 0.906250 0.572266 0.908203 0.572266 0.916016 0.580078 0.921875 0.585938 0.921875 0.587891 0.923828 0.591797 0.921875 0.595703 0.921875 0.599609 0.917969 0.601562 0.914062 0.601562 0.908203 0.603516 0.906250 0.603516 0.890625 0.601562 0.888672 0.601562 0.865234 0.599609 0.861328 0.593750 0.857422 0.580078 0.857422 0.578125 0.859375
2 0.525391 0.873047 0.496094 0.875000 0.498047 0.914062 0.492188 0.917969 0.492188 0.962891 0.468750 0.966797 0.470703 0.998047 0.505859 0.998047 0.537109 0.994141 0.539062 0.960938 0.537109 0.955078 0.527344 0.949219 0.529297 0.923828 0.525391 0.917969 0.529297 0.910156
2 0.650391 0.876953 0.652344 0.878906 0.652344 0.880859 0.650391 0.882812 0.652344 0.884766 0.652344 0.910156 0.654297 0.912109 0.654297 0.914062 0.664062 0.914062 0.666016 0.916016 0.687500 0.916016 0.691406 0.910156 0.689453 0.908203 0.689453 0.890625 0.691406 0.888672 0.691406 0.882812 0.689453 0.880859 0.683594 0.880859 0.681641 0.878906 0.671875 0.878906 0.669922 0.876953
2 0.957031 0.876953 0.935547 0.876953 0.933594 0.875000 0.931641 0.876953 0.927734 0.876953 0.927734 0.878906 0.923828 0.882812 0.919922 0.880859 0.921875 0.876953 0.906250 0.876953 0.902344 0.878906 0.900391 0.882812 0.900391 0.886719 0.906250 0.896484 0.906250 0.902344 0.908203 0.904297 0.908203 0.908203 0.910156 0.910156 0.919922 0.910156 0.921875 0.908203 0.929688 0.908203 0.931641 0.906250 0.935547 0.906250 0.937500 0.908203 0.941406 0.906250 0.958984 0.906250 0.960938 0.904297 0.960938 0.898438 0.958984 0.896484 0.958984 0.882812 0.957031 0.880859
2 0.226562 0.884766 0.222656 0.888672 0.222656 0.898438 0.224609 0.900391 0.224609 0.908203 0.226562 0.910156 0.226562 0.912109 0.228516 0.914062 0.228516 0.916016 0.230469 0.917969 0.246094 0.917969 0.248047 0.916016 0.248047 0.894531 0.246094 0.892578 0.246094 0.886719 0.242188 0.882812 0.232422 0.882812 0.230469 0.884766
2 0.167969 0.908203 0.158203 0.908203 0.138672 0.929688 0.125000 0.949219 0.125000 0.964844 0.126953 0.966797 0.128906 0.986328 0.132812 0.998047 0.181641 0.998047 0.183594 0.996094 0.181641 0.972656 0.179688 0.970703 0.181641 0.966797 0.181641 0.957031 0.177734 0.949219 0.177734 0.931641 0.175781 0.929688 0.173828 0.914062
2 0.283203 0.910156 0.283203 0.917969 0.281250 0.919922 0.281250 0.943359 0.285156 0.947266 0.292969 0.947266 0.294922 0.945312 0.300781 0.945312 0.302734 0.943359 0.306641 0.943359 0.308594 0.941406 0.314453 0.941406 0.316406 0.939453 0.322266 0.937500 0.326172 0.933594 0.326172 0.923828 0.324219 0.921875 0.324219 0.916016 0.322266 0.914062 0.322266 0.910156 0.320312 0.910156 0.318359 0.908203 0.287109 0.908203 0.285156 0.910156
2 0.199219 0.925781 0.197266 0.927734 0.197266 0.939453 0.205078 0.962891 0.205078 0.982422 0.207031 0.984375 0.205078 0.996094 0.207031 0.998047 0.263672 0.998047 0.263672 0.974609 0.259766 0.962891 0.255859 0.958984 0.251953 0.958984 0.238281 0.947266 0.234375 0.923828 0.224609 0.921875 0.212891 0.925781
2 0.791016 0.923828 0.789062 0.925781 0.787109 0.933594 0.783203 0.935547 0.779297 0.941406 0.779297 0.958984 0.781250 0.960938 0.781250 0.972656 0.785156 0.980469 0.785156 0.986328 0.792969 0.988281 0.794922 0.986328 0.808594 0.986328 0.810547 0.984375 0.822266 0.984375 0.824219 0.982422 0.828125 0.982422 0.830078 0.980469 0.830078 0.972656 0.826172 0.966797 0.826172 0.960938 0.820312 0.949219 0.820312 0.941406 0.822266 0.939453 0.820312 0.935547 0.814453 0.931641 0.808594 0.931641 0.804688 0.929688 0.798828 0.923828
2 0.726562 0.929688 0.720703 0.929688 0.712891 0.935547 0.693359 0.935547 0.691406 0.937500 0.687500 0.937500 0.687500 0.947266 0.689453 0.949219 0.689453 0.958984 0.691406 0.960938 0.691406 0.988281 0.697266 0.992188 0.699219 0.990234 0.726562 0.990234 0.732422 0.986328 0.732422 0.982422 0.730469 0.980469 0.732422 0.978516 0.732422 0.968750 0.730469 0.966797 0.730469 0.957031 0.732422 0.955078 0.732422 0.933594
2 0.572266 0.951172 0.572266 0.953125 0.570312 0.955078 0.570312 0.962891 0.572266 0.964844 0.572266 0.976562 0.574219 0.978516 0.582031 0.978516 0.583984 0.976562 0.593750 0.976562 0.595703 0.974609 0.597656 0.974609 0.597656 0.957031 0.595703 0.955078 0.595703 0.951172 0.582031 0.951172 0.580078 0.949219 0.576172 0.949219 0.574219 0.951172
2 0.031250 0.962891 0.031250 0.970703 0.033203 0.972656 0.033203 0.978516 0.035156 0.980469 0.035156 0.990234 0.039062 0.998047 0.060547 0.998047 0.062500 0.996094 0.068359 0.996094 0.070312 0.994141 0.091797 0.994141 0.093750 0.996094 0.103516 0.996094 0.105469 0.992188 0.105469 0.988281 0.103516 0.986328 0.103516 0.968750 0.101562 0.964844 0.095703 0.960938 0.087891 0.960938 0.085938 0.958984 0.054688 0.958984 0.052734 0.957031 0.041016 0.957031 0.039062 0.958984 0.033203 0.958984
4 0.316406 0.404297 0.312500 0.433594 0.314453 0.453125 0.326172 0.453125 0.330078 0.449219 0.373047 0.449219 0.380859 0.455078 0.378906 0.462891 0.382812 0.468750 0.468750 0.464844 0.468750 0.441406 0.464844 0.433594 0.468750 0.392578 0.345703 0.378906 0.326172 0.390625
5 0.001953 0.195312 0.001953 0.214844 0.294922 0.232422 0.546875 0.304688 0.619141 0.982422 0.650391 0.998047 0.617188 0.470703 0.542969 0.000000 0.505859 0.003906 0.541016 0.285156 0.267578 0.208984
5 0.884766 0.000000 0.880859 0.007812 0.880859 0.031250 0.904297 0.140625 0.906250 0.212891 0.910156 0.222656 0.917969 0.226562 0.927734 0.216797 0.917969 0.105469 0.900391 0.037109 0.900391 0.007812 0.896484 0.000000
