0 0.898438 0.115234 0.896484 0.121094 0.900391 0.130859 0.898438 0.136719 0.888672 0.144531 0.888672 0.158203 0.896484 0.185547 0.904297 0.195312 0.912109 0.201172 0.931641 0.205078 0.949219 0.199219 0.953125 0.201172 0.970703 0.195312 0.998047 0.191406 0.998047 0.123047 0.994141 0.119141 0.978516 0.115234 0.962891 0.119141 0.957031 0.125000 0.953125 0.125000 0.937500 0.109375 0.921875 0.105469 0.906250 0.109375
0 0.816406 0.173828 0.800781 0.177734 0.787109 0.191406 0.783203 0.207031 0.787109 0.222656 0.792969 0.228516 0.789062 0.240234 0.792969 0.263672 0.812500 0.281250 0.804688 0.292969 0.804688 0.308594 0.812500 0.310547 0.820312 0.318359 0.820312 0.332031 0.835938 0.335938 0.851562 0.332031 0.865234 0.318359 0.869141 0.302734 0.865234 0.287109 0.847656 0.271484 0.853516 0.265625 0.857422 0.250000 0.851562 0.224609 0.845703 0.218750 0.849609 0.207031 0.845703 0.191406 0.832031 0.177734
0 0.966797 0.968750 0.929688 0.929688 0.865234 0.832031 0.855469 0.783203 0.822266 0.761719 0.771484 0.787109 0.744141 0.853516 0.714844 0.875000 0.636719 0.867188 0.574219 0.898438 0.566406 0.917969 0.576172 0.943359 0.593750 0.953125 0.601562 0.986328 0.626953 0.998047 0.968750 0.998047
2 0.296875 0.095703 0.226562 0.109375 0.226562 0.121094 0.240234 0.152344 0.242188 0.171875 0.250000 0.195312 0.261719 0.218750 0.265625 0.236328 0.275391 0.250000 0.300781 0.238281 0.330078 0.236328 0.337891 0.232422 0.349609 0.234375 0.345703 0.212891 0.341797 0.208984 0.341797 0.197266 0.333984 0.185547 0.335938 0.171875 0.316406 0.142578
2 0.152344 0.226562 0.138672 0.224609 0.119141 0.232422 0.072266 0.242188 0.066406 0.246094 0.066406 0.255859 0.072266 0.277344 0.082031 0.289062 0.082031 0.294922 0.085938 0.298828 0.097656 0.298828 0.132812 0.287109 0.154297 0.287109 0.164062 0.281250 0.164062 0.271484 0.158203 0.259766 0.156250 0.238281
2 0.398438 0.384766 0.386719 0.343750 0.369141 0.349609 0.333984 0.353516 0.316406 0.363281 0.306641 0.361328 0.294922 0.367188 0.257812 0.371094 0.253906 0.375000 0.253906 0.392578 0.263672 0.408203 0.273438 0.416016 0.326172 0.412109 0.318359 0.378906 0.320312 0.367188 0.328125 0.396484 0.339844 0.404297 0.396484 0.396484
2 0.181641 0.390625 0.166016 0.394531 0.160156 0.398438 0.140625 0.400391 0.128906 0.406250 0.128906 0.414062 0.134766 0.429688 0.134766 0.433594 0.132812 0.435547 0.132812 0.449219 0.134766 0.451172 0.136719 0.460938 0.150391 0.460938 0.152344 0.458984 0.162109 0.458984 0.164062 0.457031 0.175781 0.457031 0.181641 0.449219 0.191406 0.447266 0.197266 0.443359 0.197266 0.427734 0.193359 0.419922 0.193359 0.412109 0.185547 0.402344 0.185547 0.398438
2 0.072266 0.416016 0.046875 0.416016 0.041016 0.421875 0.029297 0.425781 0.000000 0.427734 0.000000 0.494141 0.027344 0.488281 0.042969 0.480469 0.085938 0.474609 0.091797 0.470703 0.091797 0.464844 0.078125 0.439453 0.076172 0.423828
2 0.042969 0.488281 0.037109 0.494141 0.037109 0.507812 0.044922 0.523438 0.048828 0.546875 0.054688 0.552734 0.062500 0.554688 0.060547 0.564453 0.068359 0.603516 0.080078 0.613281 0.093750 0.613281 0.101562 0.609375 0.130859 0.605469 0.134766 0.595703 0.132812 0.578125 0.115234 0.562500 0.111328 0.548828 0.103516 0.544922 0.109375 0.541016 0.109375 0.531250 0.101562 0.505859 0.091797 0.492188 0.089844 0.480469 0.080078 0.478516
2 0.263672 0.486328 0.255859 0.484375 0.248047 0.488281 0.226562 0.488281 0.224609 0.490234 0.216797 0.490234 0.214844 0.492188 0.214844 0.498047 0.218750 0.507812 0.218750 0.525391 0.220703 0.527344 0.220703 0.537109 0.222656 0.541016 0.226562 0.542969 0.246094 0.542969 0.248047 0.541016 0.277344 0.541016 0.279297 0.539062 0.279297 0.533203 0.275391 0.525391 0.273438 0.507812 0.271484 0.505859 0.271484 0.501953 0.263672 0.490234
2 0.156250 0.505859 0.156250 0.507812 0.154297 0.509766 0.154297 0.533203 0.156250 0.535156 0.156250 0.541016 0.160156 0.546875 0.162109 0.546875 0.164062 0.544922 0.171875 0.544922 0.173828 0.542969 0.185547 0.542969 0.187500 0.544922 0.191406 0.544922 0.193359 0.542969 0.199219 0.542969 0.201172 0.541016 0.201172 0.531250 0.199219 0.529297 0.199219 0.521484 0.193359 0.513672 0.193359 0.507812 0.187500 0.507812 0.185547 0.505859 0.175781 0.505859 0.173828 0.503906 0.162109 0.503906 0.160156 0.505859
2 0.355469 0.521484 0.328125 0.529297 0.310547 0.531250 0.304688 0.535156 0.300781 0.541016 0.308594 0.554688 0.308594 0.560547 0.306641 0.562500 0.310547 0.578125 0.320312 0.583984 0.328125 0.595703 0.339844 0.593750 0.357422 0.583984 0.363281 0.583984 0.365234 0.585938 0.380859 0.583984 0.382812 0.572266 0.373047 0.539062 0.365234 0.529297
2 0.902344 0.529297 0.898438 0.529297 0.896484 0.527344 0.888672 0.527344 0.886719 0.529297 0.886719 0.535156 0.880859 0.541016 0.873047 0.541016 0.871094 0.542969 0.871094 0.546875 0.873047 0.548828 0.873047 0.552734 0.871094 0.554688 0.871094 0.560547 0.873047 0.562500 0.873047 0.564453 0.890625 0.564453 0.892578 0.566406 0.898438 0.566406 0.900391 0.564453 0.900391 0.562500 0.902344 0.560547 0.902344 0.550781 0.904297 0.548828 0.904297 0.531250
2 0.169922 0.572266 0.175781 0.585938 0.175781 0.595703 0.179688 0.601562 0.179688 0.609375 0.185547 0.619141 0.203125 0.619141 0.212891 0.623047 0.230469 0.623047 0.232422 0.621094 0.248047 0.619141 0.253906 0.615234 0.251953 0.580078 0.250000 0.578125 0.251953 0.576172 0.250000 0.574219 0.250000 0.568359 0.246094 0.564453 0.228516 0.562500 0.216797 0.556641 0.199219 0.562500 0.181641 0.564453
2 0.755859 0.617188 0.751953 0.613281 0.730469 0.615234 0.703125 0.611328 0.697266 0.607422 0.673828 0.613281 0.667969 0.619141 0.650391 0.656250 0.648438 0.669922 0.632812 0.707031 0.632812 0.720703 0.636719 0.724609 0.652344 0.728516 0.662109 0.716797 0.664062 0.695312 0.667969 0.691406 0.716797 0.685547 0.722656 0.671875 0.751953 0.669922
2 0.083984 0.619141 0.078125 0.625000 0.083984 0.656250 0.091797 0.675781 0.107422 0.681641 0.099609 0.683594 0.099609 0.695312 0.117188 0.746094 0.156250 0.742188 0.119141 0.755859 0.134766 0.802734 0.146484 0.806641 0.199219 0.798828 0.183594 0.746094 0.169922 0.736328 0.177734 0.732422 0.177734 0.720703 0.166016 0.685547 0.158203 0.673828 0.140625 0.671875 0.134766 0.652344 0.132812 0.611328
2 0.906250 0.619141 0.906250 0.621094 0.904297 0.623047 0.904297 0.634766 0.902344 0.636719 0.902344 0.644531 0.900391 0.646484 0.900391 0.654297 0.898438 0.656250 0.898438 0.660156 0.900391 0.662109 0.904297 0.662109 0.906250 0.664062 0.914062 0.664062 0.916016 0.666016 0.925781 0.666016 0.927734 0.664062 0.927734 0.652344 0.929688 0.650391 0.929688 0.640625 0.931641 0.638672 0.931641 0.632812 0.933594 0.630859 0.933594 0.625000 0.935547 0.623047 0.933594 0.621094 0.923828 0.621094 0.921875 0.619141
2 0.265625 0.646484 0.238281 0.654297 0.207031 0.654297 0.197266 0.658203 0.203125 0.679688 0.216797 0.707031 0.238281 0.789062 0.251953 0.804688 0.275391 0.802734 0.310547 0.791016 0.310547 0.773438 0.294922 0.740234 0.291016 0.718750
2 0.216797 0.853516 0.197266 0.851562 0.185547 0.855469 0.173828 0.855469 0.156250 0.859375 0.156250 0.884766 0.169922 0.910156 0.171875 0.927734 0.175781 0.937500 0.185547 0.933594 0.187500 0.935547 0.201172 0.927734 0.208984 0.927734 0.228516 0.919922 0.236328 0.919922 0.236328 0.916016 0.230469 0.906250 0.222656 0.900391 0.220703 0.892578 0.220703 0.873047 0.222656 0.869141
2 0.519531 0.962891 0.519531 0.974609 0.521484 0.978516 0.535156 0.980469 0.539062 0.984375 0.539062 0.986328 0.531250 0.992188 0.531250 0.998047 0.605469 0.998047 0.603516 0.990234 0.593750 0.978516 0.589844 0.955078 0.585938 0.951172 0.572266 0.951172 0.558594 0.958984 0.550781 0.958984 0.542969 0.951172 0.533203 0.951172 0.523438 0.957031
2 0.169922 0.974609 0.152344 0.974609 0.146484 0.978516 0.142578 0.978516 0.140625 0.980469 0.136719 0.980469 0.134766 0.982422 0.132812 0.980469 0.130859 0.980469 0.128906 0.982422 0.119141 0.984375 0.115234 0.990234 0.115234 0.994141 0.113281 0.996094 0.113281 0.998047 0.173828 0.998047 0.171875 0.996094 0.171875 0.992188 0.167969 0.986328 0.167969 0.982422 0.169922 0.980469
3 0.000000 0.000000 0.000000 0.029297 0.068359 0.238281 0.142578 0.220703 0.132812 0.164062 0.109375 0.117188 0.074219 0.000000
3 0.109375 0.000000 0.138672 0.097656 0.158203 0.121094 0.166016 0.167969 0.201172 0.271484 0.224609 0.271484 0.263672 0.255859 0.259766 0.220703 0.248047 0.201172 0.240234 0.162109 0.201172 0.052734 0.214844 0.015625 0.210938 0.009766 0.228516 0.003906
3 0.312500 0.000000 0.396484 0.228516 0.902344 0.105469 0.998047 0.119141 0.998047 0.000000
5 0.890625 0.117188 0.388672 0.240234 0.269531 0.000000 0.363281 0.238281 0.199219 0.283203 0.080078 0.000000 0.171875 0.291016 0.064453 0.332031 0.250000 0.917969 0.001953 0.998047 0.246094 0.945312 0.310547 0.998047 0.259766 0.843750 0.572266 0.757812 0.253906 0.820312 0.189453 0.654297 0.730469 0.521484 0.183594 0.630859 0.142578 0.503906 0.820312 0.324219 0.150391 0.480469 0.097656 0.335938
5 0.958984 0.707031 0.957031 0.701172 0.945312 0.693359 0.912109 0.708984 0.816406 0.734375 0.794922 0.746094 0.773438 0.746094 0.765625 0.757812 0.773438 0.769531 0.787109 0.771484 0.798828 0.763672 0.812500 0.763672 0.818359 0.757812 0.822266 0.759766 0.845703 0.751953 0.865234 0.750000 0.939453 0.726562 0.951172 0.718750
5 0.611328 0.855469 0.599609 0.855469 0.541016 0.882812 0.529297 0.894531 0.492188 0.910156 0.394531 0.968750 0.326172 0.984375 0.318359 0.996094 0.402344 0.994141 0.552734 0.906250 0.611328 0.880859 0.619141 0.869141
