2 0.710938 0.001953 0.707031 0.001953 0.705078 0.000000 0.693359 0.000000 0.689453 0.003906 0.687500 0.003906 0.666016 0.023438 0.664062 0.023438 0.662109 0.027344 0.662109 0.037109 0.667969 0.042969 0.671875 0.042969 0.689453 0.052734 0.697266 0.052734 0.699219 0.048828 0.699219 0.042969 0.703125 0.037109 0.703125 0.033203 0.714844 0.021484 0.716797 0.021484 0.722656 0.013672 0.720703 0.007812 0.718750 0.007812
2 0.478516 0.042969 0.476562 0.039062 0.474609 0.039062 0.460938 0.025391 0.458984 0.019531 0.451172 0.019531 0.437500 0.035156 0.433594 0.037109 0.427734 0.037109 0.419922 0.041016 0.416016 0.041016 0.412109 0.044922 0.412109 0.050781 0.419922 0.056641 0.441406 0.056641 0.443359 0.054688 0.470703 0.054688 0.478516 0.050781
2 0.109375 0.095703 0.103516 0.091797 0.048828 0.097656 0.000000 0.099609 0.000000 0.156250 0.064453 0.148438 0.107422 0.148438 0.115234 0.144531 0.109375 0.125000
2 0.599609 0.123047 0.605469 0.130859 0.607422 0.138672 0.650391 0.199219 0.656250 0.201172 0.685547 0.199219 0.695312 0.191406 0.705078 0.169922 0.705078 0.164062 0.699219 0.158203 0.687500 0.154297 0.681641 0.148438 0.666016 0.142578 0.652344 0.130859 0.652344 0.121094 0.648438 0.111328 0.642578 0.103516 0.625000 0.101562 0.615234 0.113281
2 0.589844 0.189453 0.576172 0.171875 0.558594 0.162109 0.556641 0.156250 0.542969 0.144531 0.541016 0.132812 0.533203 0.126953 0.515625 0.128906 0.496094 0.138672 0.488281 0.148438 0.472656 0.154297 0.466797 0.162109 0.453125 0.169922 0.441406 0.185547 0.455078 0.201172 0.462891 0.216797 0.470703 0.222656 0.505859 0.203125 0.517578 0.191406 0.523438 0.195312 0.541016 0.222656 0.544922 0.222656 0.583984 0.197266
2 0.818359 0.128906 0.812500 0.138672 0.814453 0.140625 0.814453 0.148438 0.824219 0.148438 0.830078 0.152344 0.830078 0.162109 0.828125 0.167969 0.816406 0.181641 0.816406 0.193359 0.820312 0.195312 0.832031 0.208984 0.861328 0.212891 0.865234 0.205078 0.865234 0.197266 0.869141 0.191406 0.869141 0.187500 0.880859 0.171875 0.880859 0.162109 0.871094 0.158203 0.855469 0.144531 0.839844 0.138672 0.828125 0.130859
2 0.130859 0.169922 0.123047 0.164062 0.103516 0.164062 0.101562 0.166016 0.080078 0.166016 0.078125 0.167969 0.076172 0.166016 0.074219 0.167969 0.062500 0.167969 0.062500 0.181641 0.064453 0.183594 0.066406 0.201172 0.070312 0.205078 0.093750 0.205078 0.095703 0.203125 0.123047 0.203125 0.125000 0.201172 0.128906 0.201172 0.130859 0.199219
2 0.357422 0.181641 0.353516 0.173828 0.351562 0.173828 0.345703 0.167969 0.316406 0.167969 0.308594 0.171875 0.302734 0.171875 0.296875 0.175781 0.283203 0.175781 0.279297 0.177734 0.279297 0.197266 0.281250 0.199219 0.281250 0.203125 0.285156 0.205078 0.298828 0.205078 0.300781 0.203125 0.306641 0.203125 0.308594 0.201172 0.312500 0.201172 0.314453 0.199219 0.322266 0.199219 0.324219 0.197266 0.349609 0.197266 0.351562 0.195312 0.357422 0.195312 0.359375 0.191406 0.357422 0.189453
2 0.378906 0.205078 0.363281 0.205078 0.361328 0.207031 0.349609 0.208984 0.341797 0.212891 0.318359 0.216797 0.314453 0.220703 0.314453 0.230469 0.316406 0.232422 0.314453 0.234375 0.316406 0.236328 0.314453 0.244141 0.322266 0.244141 0.324219 0.242188 0.339844 0.240234 0.341797 0.238281 0.355469 0.238281 0.357422 0.236328 0.365234 0.236328 0.367188 0.234375 0.382812 0.232422 0.382812 0.216797 0.380859 0.214844 0.380859 0.208984
2 0.064453 0.220703 0.066406 0.248047 0.070312 0.255859 0.076172 0.255859 0.078125 0.253906 0.115234 0.253906 0.117188 0.255859 0.130859 0.255859 0.132812 0.251953 0.132812 0.218750 0.128906 0.210938 0.093750 0.210938 0.091797 0.212891 0.083984 0.212891 0.082031 0.210938 0.074219 0.212891 0.072266 0.210938
2 0.607422 0.246094 0.599609 0.246094 0.587891 0.255859 0.578125 0.259766 0.572266 0.267578 0.572266 0.277344 0.576172 0.281250 0.585938 0.300781 0.593750 0.310547 0.601562 0.310547 0.605469 0.306641 0.607422 0.306641 0.619141 0.294922 0.619141 0.292969 0.626953 0.285156 0.628906 0.281250 0.628906 0.277344 0.621094 0.269531 0.621094 0.261719 0.617188 0.253906
2 0.068359 0.267578 0.068359 0.277344 0.066406 0.279297 0.066406 0.294922 0.070312 0.300781 0.074219 0.300781 0.076172 0.302734 0.111328 0.302734 0.113281 0.304688 0.121094 0.304688 0.123047 0.302734 0.125000 0.304688 0.132812 0.300781 0.132812 0.277344 0.130859 0.275391 0.130859 0.265625 0.128906 0.263672 0.074219 0.263672
2 0.775391 0.279297 0.761719 0.294922 0.759766 0.304688 0.748047 0.316406 0.746094 0.320312 0.746094 0.332031 0.750000 0.335938 0.759766 0.357422 0.763672 0.361328 0.783203 0.365234 0.789062 0.361328 0.794922 0.345703 0.804688 0.332031 0.804688 0.328125 0.810547 0.316406 0.812500 0.296875 0.808594 0.291016 0.794922 0.287109 0.783203 0.279297
2 0.640625 0.294922 0.634766 0.296875 0.613281 0.316406 0.607422 0.318359 0.605469 0.324219 0.613281 0.333984 0.617188 0.343750 0.623047 0.349609 0.625000 0.349609 0.632812 0.355469 0.634766 0.355469 0.638672 0.351562 0.642578 0.351562 0.646484 0.347656 0.658203 0.341797 0.669922 0.341797 0.667969 0.330078 0.652344 0.310547 0.648438 0.298828
2 0.222656 0.310547 0.222656 0.322266 0.224609 0.326172 0.228516 0.328125 0.236328 0.328125 0.238281 0.330078 0.291016 0.330078 0.294922 0.328125 0.296875 0.324219 0.296875 0.320312 0.294922 0.318359 0.294922 0.306641 0.289062 0.298828 0.244141 0.296875 0.242188 0.298828 0.230469 0.300781
2 0.486328 0.332031 0.480469 0.318359 0.474609 0.312500 0.464844 0.296875 0.458984 0.296875 0.429688 0.306641 0.410156 0.316406 0.406250 0.320312 0.398438 0.322266 0.394531 0.326172 0.396484 0.335938 0.404297 0.343750 0.419922 0.343750 0.421875 0.345703 0.427734 0.345703 0.437500 0.359375 0.441406 0.361328 0.449219 0.361328 0.451172 0.359375 0.462891 0.357422 0.468750 0.351562 0.478516 0.347656 0.486328 0.337891
2 0.939453 0.312500 0.935547 0.316406 0.927734 0.339844 0.929688 0.355469 0.970703 0.375000 0.976562 0.380859 0.998047 0.382812 0.998047 0.322266 0.990234 0.320312 0.986328 0.316406 0.976562 0.312500
2 0.111328 0.353516 0.074219 0.355469 0.066406 0.359375 0.066406 0.369141 0.068359 0.371094 0.068359 0.396484 0.070312 0.398438 0.070312 0.412109 0.074219 0.417969 0.109375 0.417969 0.113281 0.410156 0.113281 0.373047 0.115234 0.371094
2 0.000000 0.355469 0.000000 0.414062 0.031250 0.414062 0.035156 0.410156 0.035156 0.390625 0.033203 0.388672 0.033203 0.361328 0.031250 0.359375 0.023438 0.359375 0.021484 0.357422 0.013672 0.357422 0.011719 0.355469
2 0.626953 0.367188 0.617188 0.375000 0.601562 0.394531 0.603516 0.404297 0.617188 0.416016 0.617188 0.427734 0.636719 0.455078 0.652344 0.488281 0.656250 0.490234 0.671875 0.476562 0.699219 0.460938 0.701172 0.453125 0.681641 0.423828 0.671875 0.416016 0.664062 0.400391 0.652344 0.388672 0.646484 0.376953 0.632812 0.367188
2 0.460938 0.376953 0.455078 0.375000 0.453125 0.376953 0.449219 0.376953 0.447266 0.378906 0.441406 0.378906 0.439453 0.380859 0.433594 0.380859 0.431641 0.382812 0.429688 0.382812 0.429688 0.384766 0.427734 0.386719 0.427734 0.400391 0.429688 0.402344 0.429688 0.406250 0.431641 0.408203 0.431641 0.412109 0.433594 0.414062 0.435547 0.414062 0.437500 0.416016 0.445312 0.416016 0.447266 0.414062 0.449219 0.414062 0.455078 0.408203 0.457031 0.408203 0.462891 0.404297 0.466797 0.404297 0.468750 0.402344 0.468750 0.394531 0.466797 0.392578 0.466797 0.386719
2 0.951172 0.394531 0.955078 0.394531 0.957031 0.396484 0.960938 0.396484 0.960938 0.394531
2 0.474609 0.449219 0.470703 0.453125 0.466797 0.470703 0.468750 0.472656 0.468750 0.486328 0.470703 0.488281 0.472656 0.498047 0.480469 0.511719 0.484375 0.527344 0.486328 0.529297 0.490234 0.529297 0.505859 0.521484 0.511719 0.521484 0.513672 0.519531 0.515625 0.521484 0.517578 0.519531 0.525391 0.519531 0.529297 0.517578 0.519531 0.503906 0.515625 0.486328 0.503906 0.468750 0.501953 0.458984 0.498047 0.451172 0.494141 0.451172 0.492188 0.449219
2 0.443359 0.455078 0.429688 0.455078 0.412109 0.460938 0.414062 0.494141 0.416016 0.496094 0.417969 0.507812 0.423828 0.517578 0.423828 0.529297 0.431641 0.546875 0.439453 0.542969 0.445312 0.542969 0.451172 0.539062 0.462891 0.537109 0.466797 0.535156 0.468750 0.529297 0.466797 0.507812 0.458984 0.490234 0.458984 0.482422 0.457031 0.480469 0.453125 0.462891
2 0.136719 0.488281 0.132812 0.484375 0.121094 0.480469 0.113281 0.482422 0.011719 0.484375 0.007812 0.498047 0.007812 0.519531 0.011719 0.525391 0.058594 0.523438 0.083984 0.519531 0.121094 0.521484 0.134766 0.515625
2 0.140625 0.494141 0.142578 0.496094 0.142578 0.498047 0.142578 0.494141
2 0.140625 0.503906 0.140625 0.505859 0.142578 0.505859 0.142578 0.503906
2 0.667969 0.548828 0.666016 0.550781 0.660156 0.550781 0.660156 0.566406 0.662109 0.568359 0.662109 0.578125 0.664062 0.580078 0.667969 0.601562 0.671875 0.609375 0.673828 0.630859 0.675781 0.632812 0.683594 0.632812 0.693359 0.626953 0.693359 0.595703 0.691406 0.593750 0.691406 0.574219 0.689453 0.572266 0.689453 0.550781 0.687500 0.548828
2 0.419922 0.609375 0.414062 0.619141 0.414062 0.646484 0.416016 0.648438 0.416016 0.662109 0.425781 0.697266 0.431641 0.707031 0.435547 0.707031 0.441406 0.710938 0.443359 0.708984 0.458984 0.708984 0.462891 0.705078 0.462891 0.689453 0.460938 0.687500 0.462891 0.664062 0.460938 0.662109 0.458984 0.644531 0.451172 0.630859 0.449219 0.613281 0.445312 0.609375 0.435547 0.605469 0.433594 0.607422
2 0.191406 0.628906 0.187500 0.632812 0.187500 0.644531 0.195312 0.675781 0.195312 0.695312 0.189453 0.701172 0.199219 0.705078 0.251953 0.701172 0.257812 0.683594 0.263672 0.707031 0.265625 0.748047 0.275391 0.751953 0.298828 0.746094 0.300781 0.714844 0.291016 0.617188 0.279297 0.611328 0.255859 0.621094 0.253906 0.632812 0.250000 0.621094
2 0.949219 0.632812 0.947266 0.634766 0.939453 0.634766 0.931641 0.638672 0.925781 0.638672 0.917969 0.642578 0.914062 0.648438 0.914062 0.679688 0.921875 0.695312 0.927734 0.703125 0.945312 0.703125 0.955078 0.697266 0.960938 0.697266 0.964844 0.693359 0.964844 0.673828 0.966797 0.671875 0.966797 0.658203 0.964844 0.656250 0.964844 0.652344 0.960938 0.648438 0.957031 0.648438 0.953125 0.644531 0.953125 0.640625
2 0.093750 0.644531 0.087891 0.644531 0.085938 0.646484 0.074219 0.646484 0.072266 0.648438 0.064453 0.648438 0.062500 0.650391 0.054688 0.652344 0.054688 0.662109 0.056641 0.664062 0.056641 0.673828 0.058594 0.675781 0.060547 0.693359 0.062500 0.695312 0.072266 0.695312 0.078125 0.701172 0.078125 0.710938 0.091797 0.710938 0.093750 0.708984 0.099609 0.708984 0.101562 0.707031 0.099609 0.683594 0.097656 0.681641 0.097656 0.660156 0.095703 0.658203 0.095703 0.646484
2 0.410156 0.656250 0.406250 0.656250 0.404297 0.654297 0.394531 0.654297 0.390625 0.656250 0.386719 0.664062 0.382812 0.664062 0.380859 0.666016 0.371094 0.666016 0.369141 0.667969 0.361328 0.667969 0.359375 0.671875 0.359375 0.693359 0.361328 0.695312 0.361328 0.701172 0.367188 0.707031 0.384766 0.705078 0.386719 0.703125 0.392578 0.703125 0.394531 0.701172 0.404297 0.701172 0.412109 0.697266 0.412109 0.685547 0.414062 0.681641 0.412109 0.679688 0.412109 0.660156
2 0.734375 0.669922 0.716797 0.667969 0.681641 0.675781 0.660156 0.677734 0.658203 0.703125 0.654297 0.707031 0.615234 0.707031 0.613281 0.779297 0.662109 0.785156 0.662109 0.751953 0.689453 0.755859 0.732422 0.753906
2 0.552734 0.722656 0.548828 0.726562 0.548828 0.730469 0.546875 0.732422 0.546875 0.779297 0.548828 0.781250 0.554688 0.781250 0.556641 0.779297 0.605469 0.779297 0.607422 0.777344 0.607422 0.732422 0.605469 0.730469 0.587891 0.730469 0.585938 0.728516 0.580078 0.728516 0.564453 0.720703 0.560547 0.722656
2 0.496094 0.744141 0.492188 0.746094 0.470703 0.746094 0.470703 0.777344 0.474609 0.781250 0.472656 0.783203 0.472656 0.789062 0.474609 0.791016 0.474609 0.794922 0.472656 0.796875 0.472656 0.818359 0.476562 0.822266 0.500000 0.824219 0.500000 0.820312 0.501953 0.818359 0.501953 0.791016 0.503906 0.787109 0.500000 0.781250 0.505859 0.777344 0.505859 0.757812 0.507812 0.755859 0.507812 0.751953 0.503906 0.746094 0.498047 0.746094
2 0.351562 0.750000 0.349609 0.748047 0.337891 0.748047 0.335938 0.750000 0.318359 0.750000 0.316406 0.751953 0.312500 0.751953 0.306641 0.759766 0.306641 0.771484 0.308594 0.773438 0.308594 0.783203 0.312500 0.787109 0.316406 0.787109 0.318359 0.789062 0.328125 0.789062 0.330078 0.787109 0.351562 0.787109
2 0.189453 0.773438 0.185547 0.773438 0.183594 0.775391 0.156250 0.777344 0.154297 0.781250 0.154297 0.812500 0.152344 0.814453 0.152344 0.822266 0.156250 0.830078 0.158203 0.849609 0.160156 0.851562 0.189453 0.849609 0.191406 0.847656 0.191406 0.828125 0.189453 0.826172 0.189453 0.818359 0.191406 0.816406 0.191406 0.775391
2 0.390625 0.777344 0.390625 0.785156 0.388672 0.787109 0.388672 0.837891 0.392578 0.843750 0.431641 0.843750 0.433594 0.841797 0.433594 0.833984 0.431641 0.832031 0.431641 0.816406 0.433594 0.814453 0.433594 0.808594 0.431641 0.806641 0.431641 0.779297 0.429688 0.775391 0.425781 0.773438 0.396484 0.773438
2 0.662109 0.789062 0.662109 0.794922 0.664062 0.794922 0.664062 0.789062
2 0.042969 0.798828 0.027344 0.798828 0.025391 0.800781 0.015625 0.800781 0.013672 0.802734 0.003906 0.802734 0.000000 0.804688 0.000000 0.875000 0.013672 0.875000 0.015625 0.873047 0.035156 0.871094 0.044922 0.867188 0.048828 0.859375 0.048828 0.812500 0.046875 0.810547 0.046875 0.804688
2 0.662109 0.800781 0.660156 0.800781 0.660156 0.802734 0.658203 0.804688 0.652344 0.804688 0.652344 0.806641 0.660156 0.806641 0.662109 0.804688
2 0.675781 0.810547 0.675781 0.830078 0.677734 0.832031 0.689453 0.832031 0.691406 0.830078 0.699219 0.830078 0.701172 0.828125 0.714844 0.828125 0.716797 0.826172 0.722656 0.826172 0.724609 0.824219 0.726562 0.824219 0.726562 0.806641 0.679688 0.806641
2 0.798828 0.806641 0.794922 0.812500 0.792969 0.830078 0.791016 0.832031 0.791016 0.843750 0.792969 0.845703 0.791016 0.851562 0.796875 0.855469 0.783203 0.859375 0.783203 0.886719 0.791016 0.890625 0.845703 0.888672 0.847656 0.882812 0.845703 0.880859 0.845703 0.865234 0.841797 0.853516 0.845703 0.847656 0.845703 0.824219 0.843750 0.822266 0.843750 0.808594 0.841797 0.804688 0.808594 0.804688 0.806641 0.806641
2 0.472656 0.828125 0.470703 0.830078 0.470703 0.851562 0.472656 0.853516 0.472656 0.859375 0.482422 0.865234 0.500000 0.865234 0.501953 0.863281 0.505859 0.863281 0.505859 0.832031 0.501953 0.828125
2 0.306641 0.847656 0.300781 0.847656 0.298828 0.845703 0.287109 0.845703 0.285156 0.847656 0.275391 0.847656 0.267578 0.851562 0.267578 0.859375 0.269531 0.861328 0.269531 0.888672 0.271484 0.890625 0.271484 0.898438 0.273438 0.902344 0.277344 0.900391 0.283203 0.900391 0.285156 0.898438 0.287109 0.900391 0.289062 0.898438 0.292969 0.900391 0.294922 0.898438 0.298828 0.900391 0.302734 0.898438 0.308594 0.898438 0.310547 0.894531 0.310547 0.876953 0.308594 0.875000 0.308594 0.849609
2 0.740234 0.867188 0.728516 0.865234 0.726562 0.863281 0.710938 0.863281 0.708984 0.865234 0.695312 0.865234 0.693359 0.867188 0.681641 0.867188 0.679688 0.869141 0.675781 0.869141 0.669922 0.875000 0.669922 0.880859 0.667969 0.882812 0.669922 0.894531 0.673828 0.902344 0.681641 0.906250 0.703125 0.906250 0.705078 0.908203 0.738281 0.908203 0.742188 0.904297 0.742188 0.898438 0.744141 0.896484 0.742188 0.892578 0.742188 0.871094
2 0.865234 0.878906 0.863281 0.886719 0.863281 0.923828 0.865234 0.933594 0.869141 0.937500 0.906250 0.933594 0.908203 0.931641 0.925781 0.931641 0.927734 0.929688 0.953125 0.931641 0.955078 0.933594 0.964844 0.931641 0.962891 0.904297 0.957031 0.888672 0.953125 0.884766 0.935547 0.878906 0.894531 0.878906 0.892578 0.876953 0.869141 0.876953
2 0.826172 0.894531 0.824219 0.892578 0.822266 0.894531 0.814453 0.894531 0.814453 0.904297 0.824219 0.904297 0.826172 0.902344
2 0.929688 0.992188 0.921875 0.984375 0.916016 0.972656 0.914062 0.964844 0.906250 0.958984 0.890625 0.960938 0.888672 0.962891 0.880859 0.964844 0.875000 0.972656 0.865234 0.976562 0.859375 0.986328 0.859375 0.998047 0.931641 0.998047
2 0.720703 0.968750 0.708984 0.968750 0.707031 0.970703 0.699219 0.970703 0.697266 0.972656 0.683594 0.972656 0.681641 0.974609 0.681641 0.998047 0.718750 0.998047 0.718750 0.984375 0.720703 0.982422
5 0.998047 0.113281 0.818359 0.453125 0.566406 0.074219 0.455078 0.001953 0.789062 0.482422 0.660156 0.501953 0.529297 0.283203 0.347656 0.103516 0.328125 0.037109 0.390625 0.000000 0.001953 0.041016 0.009766 0.078125 0.285156 0.042969 0.615234 0.501953 0.007812 0.628906 0.000000 0.669922 0.833984 0.517578
5 0.773438 0.839844 0.751953 0.820312 0.419922 0.888672 0.220703 0.912109 0.134766 0.939453 0.000000 0.957031 0.000000 0.992188 0.050781 0.994141 0.222656 0.949219 0.666016 0.882812 0.681641 0.865234 0.757812 0.859375
