0 0.138672 0.000000 0.138672 0.003906 0.146484 0.011719 0.160156 0.013672 0.167969 0.017578 0.171875 0.017578 0.173828 0.015625 0.183594 0.019531 0.185547 0.017578 0.189453 0.019531 0.191406 0.017578 0.195312 0.019531 0.197266 0.017578 0.199219 0.019531 0.201172 0.017578 0.205078 0.019531 0.207031 0.017578 0.210938 0.019531 0.212891 0.017578 0.220703 0.019531 0.222656 0.017578 0.226562 0.017578 0.232422 0.011719 0.232422 0.007812 0.234375 0.005859 0.232422 0.003906 0.232422 0.000000
0 0.296875 0.130859 0.292969 0.130859 0.291016 0.132812 0.283203 0.132812 0.277344 0.136719 0.273438 0.136719 0.271484 0.138672 0.269531 0.138672 0.265625 0.142578 0.265625 0.146484 0.263672 0.148438 0.263672 0.152344 0.265625 0.154297 0.265625 0.158203 0.281250 0.175781 0.285156 0.175781 0.287109 0.173828 0.289062 0.175781 0.291016 0.173828 0.298828 0.173828 0.300781 0.171875 0.302734 0.171875 0.302734 0.167969 0.304688 0.166016 0.304688 0.140625 0.302734 0.138672 0.302734 0.134766
0 0.453125 0.162109 0.449219 0.166016 0.449219 0.181641 0.455078 0.187500 0.457031 0.187500 0.458984 0.189453 0.466797 0.189453 0.468750 0.187500 0.468750 0.183594 0.470703 0.181641 0.470703 0.179688 0.472656 0.177734 0.472656 0.166016 0.468750 0.162109
0 0.160156 0.195312 0.150391 0.189453 0.123047 0.191406 0.087891 0.181641 0.072266 0.183594 0.060547 0.193359 0.058594 0.214844 0.054688 0.218750 0.037109 0.220703 0.013672 0.234375 0.000000 0.234375 0.000000 0.273438 0.066406 0.255859 0.080078 0.240234 0.113281 0.238281 0.126953 0.218750 0.152344 0.205078
0 0.500000 0.255859 0.478516 0.253906 0.466797 0.259766 0.455078 0.259766 0.417969 0.277344 0.410156 0.343750 0.386719 0.369141 0.386719 0.386719 0.392578 0.394531 0.412109 0.398438 0.439453 0.390625 0.453125 0.376953 0.503906 0.376953 0.517578 0.369141 0.523438 0.357422 0.519531 0.330078 0.505859 0.312500
0 0.169922 0.265625 0.169922 0.267578 0.167969 0.269531 0.167969 0.275391 0.166016 0.277344 0.166016 0.291016 0.167969 0.292969 0.167969 0.294922 0.179688 0.306641 0.189453 0.306641 0.191406 0.304688 0.197266 0.302734 0.201172 0.298828 0.201172 0.296875 0.203125 0.294922 0.203125 0.287109 0.201172 0.285156 0.199219 0.279297 0.197266 0.279297 0.193359 0.275391 0.191406 0.275391 0.185547 0.269531 0.183594 0.269531 0.177734 0.265625
0 0.154297 0.330078 0.154297 0.361328 0.183594 0.392578 0.166016 0.412109 0.189453 0.443359 0.189453 0.486328 0.203125 0.503906 0.205078 0.558594 0.226562 0.617188 0.234375 0.667969 0.244141 0.677734 0.263672 0.677734 0.273438 0.640625 0.230469 0.505859 0.226562 0.466797 0.236328 0.445312 0.228516 0.425781 0.212891 0.421875 0.218750 0.410156 0.238281 0.421875 0.261719 0.417969 0.265625 0.386719 0.248047 0.376953 0.224609 0.378906 0.224609 0.361328 0.203125 0.333984
0 0.976562 0.343750 0.962891 0.349609 0.955078 0.363281 0.933594 0.363281 0.912109 0.369141 0.910156 0.375000 0.919922 0.388672 0.929688 0.390625 0.949219 0.416016 0.947266 0.423828 0.935547 0.425781 0.925781 0.435547 0.917969 0.437500 0.910156 0.449219 0.916016 0.472656 0.929688 0.490234 0.949219 0.492188 0.960938 0.482422 0.968750 0.468750 0.978516 0.470703 0.998047 0.462891 0.998047 0.347656
0 0.488281 0.392578 0.488281 0.402344 0.490234 0.404297 0.490234 0.408203 0.492188 0.412109 0.501953 0.417969 0.507812 0.417969 0.509766 0.419922 0.515625 0.419922 0.517578 0.421875 0.539062 0.421875 0.541016 0.419922 0.546875 0.419922 0.550781 0.416016 0.550781 0.402344 0.548828 0.400391 0.548828 0.394531 0.546875 0.392578 0.546875 0.388672 0.542969 0.386719 0.521484 0.386719 0.519531 0.384766 0.501953 0.384766 0.500000 0.386719 0.496094 0.386719 0.492188 0.388672
0 0.726562 0.384766 0.644531 0.515625 0.605469 0.519531 0.564453 0.558594 0.599609 0.601562 0.658203 0.587891 0.707031 0.693359 0.685547 0.722656 0.685547 0.683594 0.644531 0.623047 0.587891 0.615234 0.529297 0.705078 0.533203 0.773438 0.603516 0.816406 0.621094 0.865234 0.677734 0.898438 0.736328 0.902344 0.740234 0.998047 0.939453 0.998047 0.927734 0.851562 0.945312 0.781250 0.833984 0.589844 0.828125 0.539062 0.792969 0.513672 0.783203 0.435547
0 0.996094 0.472656 0.992188 0.472656 0.988281 0.476562 0.986328 0.474609 0.980469 0.478516 0.978516 0.476562 0.972656 0.482422 0.970703 0.482422 0.970703 0.484375 0.968750 0.486328 0.968750 0.490234 0.970703 0.490234 0.972656 0.492188 0.972656 0.494141 0.974609 0.496094 0.974609 0.498047 0.976562 0.500000 0.976562 0.501953 0.980469 0.501953 0.982422 0.503906 0.984375 0.503906 0.986328 0.501953 0.998047 0.501953 0.998047 0.474609
0 0.316406 0.509766 0.316406 0.517578 0.318359 0.519531 0.318359 0.523438 0.320312 0.525391 0.320312 0.527344 0.326172 0.531250 0.332031 0.531250 0.333984 0.533203 0.335938 0.533203 0.337891 0.531250 0.343750 0.531250 0.345703 0.529297 0.351562 0.529297 0.353516 0.527344 0.357422 0.527344 0.359375 0.525391 0.361328 0.525391 0.361328 0.523438 0.363281 0.521484 0.363281 0.515625 0.361328 0.513672 0.361328 0.509766 0.355469 0.503906 0.353516 0.503906 0.349609 0.500000 0.345703 0.500000 0.339844 0.496094 0.333984 0.496094 0.332031 0.498047 0.328125 0.498047 0.326172 0.500000 0.324219 0.500000 0.318359 0.505859 0.318359 0.507812
0 0.275391 0.664062 0.275391 0.677734 0.281250 0.681641 0.308594 0.681641 0.310547 0.683594 0.316406 0.683594 0.318359 0.685547 0.347656 0.683594 0.357422 0.675781 0.357422 0.671875 0.359375 0.669922 0.357422 0.664062 0.351562 0.662109 0.341797 0.648438 0.335938 0.648438 0.333984 0.646484 0.312500 0.646484 0.306641 0.652344 0.306641 0.656250 0.302734 0.660156 0.279297 0.660156
0 0.000000 0.722656 0.007812 0.990234 0.072266 0.935547 0.089844 0.972656 0.164062 0.980469 0.169922 0.998047 0.373047 0.998047 0.394531 0.906250 0.433594 0.841797 0.425781 0.816406 0.392578 0.814453 0.277344 0.857422 0.185547 0.863281 0.185547 0.835938 0.355469 0.816406 0.369141 0.796875 0.357422 0.777344 0.306641 0.775391 0.238281 0.796875 0.101562 0.785156 0.072266 0.794922
2 0.412109 0.437500 0.408203 0.498047 0.392578 0.482422 0.376953 0.486328 0.369141 0.501953 0.373047 0.568359 0.410156 0.572266 0.417969 0.548828 0.423828 0.568359 0.427734 0.535156 0.437500 0.570312 0.449219 0.568359 0.464844 0.519531 0.505859 0.519531 0.509766 0.503906 0.511719 0.529297 0.535156 0.537109 0.521484 0.568359 0.496094 0.570312 0.490234 0.587891 0.541016 0.603516 0.560547 0.535156 0.595703 0.525391 0.591797 0.507812 0.564453 0.501953 0.597656 0.500000 0.599609 0.462891 0.578125 0.447266 0.511719 0.439453 0.503906 0.480469 0.466797 0.476562 0.464844 0.437500
2 0.394531 0.476562 0.394531 0.478516 0.396484 0.478516
2 0.369141 0.583984 0.367188 0.607422 0.371094 0.611328 0.369141 0.636719 0.373047 0.642578 0.402344 0.644531 0.408203 0.648438 0.408203 0.658203 0.423828 0.666016 0.445312 0.669922 0.468750 0.669922 0.468750 0.591797 0.427734 0.587891 0.419922 0.593750 0.406250 0.593750 0.400391 0.585938 0.408203 0.582031 0.394531 0.578125 0.376953 0.578125
4 0.964844 0.000000 0.000000 0.000000 0.000000 0.232422 0.072266 0.181641 0.162109 0.195312 0.000000 0.275391 0.000000 0.720703 0.072266 0.792969 0.357422 0.775391 0.359375 0.816406 0.185547 0.861328 0.425781 0.814453 0.382812 0.970703 0.576172 0.582031 0.566406 0.546875 0.619141 0.515625
4 0.998047 0.000000 0.728516 0.382812 0.794922 0.433594 0.828125 0.513672 0.800781 0.474609 0.794922 0.513672 0.830078 0.539062 0.835938 0.589844 0.947266 0.781250 0.929688 0.851562 0.941406 0.998047 0.998047 0.998047 0.998047 0.546875 0.970703 0.521484 0.988281 0.511719 0.998047 0.539062 0.998047 0.503906 0.966797 0.490234 0.998047 0.464844 0.931641 0.500000 0.908203 0.449219 0.943359 0.421875 0.908203 0.375000 0.998047 0.345703
4 0.228516 0.382812 0.224609 0.382812 0.222656 0.384766 0.224609 0.386719 0.218750 0.392578 0.218750 0.396484 0.216797 0.398438 0.218750 0.400391 0.218750 0.408203 0.226562 0.408203 0.226562 0.390625 0.224609 0.388672 0.224609 0.386719
4 0.791016 0.453125 0.792969 0.455078 0.792969 0.457031 0.796875 0.460938 0.796875 0.462891 0.798828 0.464844 0.798828 0.470703 0.800781 0.470703 0.800781 0.466797 0.798828 0.464844 0.800781 0.462891 0.798828 0.460938 0.796875 0.460938 0.792969 0.457031 0.794922 0.455078 0.794922 0.453125
4 0.640625 0.507812 0.640625 0.509766 0.634766 0.515625 0.642578 0.515625 0.644531 0.517578 0.642578 0.515625 0.642578 0.509766
4 0.414062 0.517578 0.416016 0.517578 0.417969 0.519531 0.417969 0.521484 0.421875 0.517578 0.427734 0.517578
4 0.419922 0.539062 0.417969 0.541016 0.417969 0.544922 0.419922 0.544922
4 0.591797 0.599609 0.583984 0.615234 0.609375 0.607422 0.623047 0.607422 0.634766 0.611328 0.646484 0.623047 0.664062 0.648438 0.667969 0.664062 0.687500 0.683594 0.687500 0.720703 0.693359 0.703125 0.705078 0.693359 0.699219 0.673828 0.701172 0.671875 0.695312 0.656250 0.683594 0.646484 0.660156 0.607422 0.656250 0.595703 0.658203 0.589844 0.642578 0.601562 0.599609 0.603516
4 0.564453 0.638672 0.560547 0.642578 0.560547 0.644531 0.558594 0.646484 0.558594 0.650391 0.554688 0.654297 0.554688 0.656250 0.552734 0.658203 0.552734 0.662109 0.548828 0.666016 0.548828 0.669922 0.544922 0.675781 0.544922 0.679688 0.542969 0.681641 0.542969 0.683594 0.539062 0.687500 0.539062 0.691406 0.537109 0.693359 0.548828 0.681641 0.548828 0.679688 0.556641 0.671875 0.558594 0.671875 0.560547 0.669922 0.560547 0.662109 0.562500 0.660156 0.560547 0.658203 0.562500 0.656250 0.562500 0.648438 0.564453 0.646484 0.562500 0.644531 0.564453 0.642578
4 0.523438 0.718750 0.498047 0.791016 0.437500 0.894531 0.402344 0.998047 0.738281 0.998047 0.734375 0.902344 0.677734 0.900391 0.656250 0.880859 0.621094 0.867188 0.601562 0.816406 0.580078 0.806641 0.566406 0.787109 0.544922 0.787109 0.533203 0.777344 0.529297 0.761719 0.539062 0.736328
4 0.099609 0.839844 0.099609 0.843750 0.101562 0.845703 0.101562 0.847656 0.103516 0.845703 0.109375 0.845703 0.111328 0.843750 0.113281 0.845703 0.115234 0.845703 0.117188 0.843750 0.119141 0.845703 0.121094 0.845703 0.123047 0.843750 0.126953 0.843750 0.123047 0.843750 0.121094 0.841797 0.119141 0.843750 0.117188 0.841797 0.111328 0.841797 0.109375 0.839844 0.103516 0.839844 0.101562 0.837891
4 0.115234 0.906250 0.117188 0.908203 0.117188 0.912109 0.115234 0.914062 0.115234 0.917969 0.109375 0.923828 0.111328 0.923828 0.113281 0.925781 0.117188 0.925781 0.119141 0.927734 0.123047 0.927734 0.125000 0.929688 0.130859 0.929688 0.132812 0.931641 0.136719 0.931641 0.138672 0.933594 0.146484 0.933594 0.148438 0.935547 0.146484 0.933594 0.146484 0.927734 0.144531 0.925781 0.144531 0.919922 0.142578 0.917969 0.144531 0.916016 0.144531 0.910156 0.146484 0.908203 0.144531 0.908203 0.142578 0.910156 0.140625 0.910156 0.138672 0.908203 0.136719 0.910156 0.134766 0.908203 0.125000 0.908203 0.123047 0.906250
4 0.000000 0.984375 0.000000 0.998047 0.167969 0.998047 0.167969 0.984375 0.130859 0.976562 0.103516 0.978516 0.089844 0.974609 0.083984 0.968750 0.082031 0.951172 0.072266 0.937500 0.062500 0.949219 0.052734 0.955078 0.042969 0.970703 0.021484 0.992188 0.007812 0.992188
5 0.996094 0.000000 0.966797 0.000000 0.941406 0.025391 0.843750 0.169922 0.779297 0.244141 0.744141 0.314453 0.617188 0.494141 0.621094 0.515625 0.658203 0.488281 0.744141 0.351562 0.804688 0.292969 0.798828 0.263672
5 0.583984 0.583984 0.566406 0.589844 0.527344 0.644531 0.486328 0.730469 0.472656 0.781250 0.412109 0.880859 0.392578 0.958984 0.375000 0.978516 0.375000 0.998047 0.400391 0.998047 0.435547 0.894531 0.496094 0.791016 0.509766 0.744141 0.558594 0.642578 0.589844 0.603516
