0 0.000000 0.000000 0.027344 0.603516 0.794922 0.808594 0.804688 0.681641 0.605469 0.519531 0.562500 0.259766 0.500000 0.263672 0.359375 0.494141 0.400391 0.529297 0.478516 0.378906 0.552734 0.390625 0.576172 0.593750 0.482422 0.644531 0.244141 0.632812 0.275391 0.501953 0.126953 0.279297 0.177734 0.250000 0.349609 0.394531 0.458984 0.193359 0.609375 0.207031 0.687500 0.531250 0.810547 0.597656 0.923828 0.000000
0 0.958984 0.000000 0.929688 0.128906 0.867188 0.591797 0.888672 0.609375 0.990234 0.625000 0.998047 0.527344 0.953125 0.521484 0.945312 0.507812 0.982422 0.169922 0.998047 0.146484 0.998047 0.000000
0 0.150391 0.322266 0.148438 0.324219 0.148438 0.326172 0.150391 0.326172
0 0.593750 0.324219 0.593750 0.328125 0.595703 0.328125 0.595703 0.324219
0 0.271484 0.363281 0.265625 0.363281 0.265625 0.365234 0.267578 0.367188 0.263672 0.371094 0.261719 0.371094 0.263672 0.373047 0.265625 0.373047 0.267578 0.371094 0.265625 0.369141 0.269531 0.365234 0.271484 0.365234
0 0.390625 0.382812 0.390625 0.384766 0.396484 0.384766 0.396484 0.382812
0 0.382812 0.390625 0.382812 0.394531 0.384766 0.396484 0.384766 0.398438 0.386719 0.400391 0.386719 0.406250 0.388672 0.404297 0.388672 0.396484 0.386719 0.396484 0.384766 0.394531 0.386719 0.392578 0.388672 0.392578 0.388672 0.390625 0.386719 0.392578 0.384766 0.390625
0 0.226562 0.419922 0.226562 0.435547 0.228516 0.435547 0.228516 0.425781 0.226562 0.423828
0 0.226562 0.449219 0.226562 0.451172 0.228516 0.451172 0.228516 0.449219
0 0.529297 0.494141 0.529297 0.498047 0.531250 0.500000 0.531250 0.501953 0.531250 0.498047 0.529297 0.496094
0 0.355469 0.496094 0.351562 0.496094 0.351562 0.501953 0.353516 0.503906 0.349609 0.509766 0.345703 0.507812 0.332031 0.507812 0.330078 0.505859 0.322266 0.505859 0.320312 0.507812 0.310547 0.507812 0.308594 0.505859 0.296875 0.505859 0.294922 0.507812 0.291016 0.507812 0.291016 0.515625 0.296875 0.515625 0.298828 0.517578 0.308594 0.517578 0.310547 0.519531 0.318359 0.519531 0.320312 0.521484 0.324219 0.519531 0.328125 0.521484 0.332031 0.519531 0.347656 0.519531 0.349609 0.517578 0.351562 0.519531 0.353516 0.517578 0.357422 0.517578 0.357422 0.507812 0.353516 0.505859 0.353516 0.498047
0 0.525391 0.503906 0.525391 0.505859 0.527344 0.505859 0.527344 0.503906
0 0.289062 0.628906 0.289062 0.630859 0.291016 0.630859 0.291016 0.628906
0 0.339844 0.636719 0.341797 0.638672 0.341797 0.636719
0 0.847656 0.695312 0.833984 0.816406 0.847656 0.828125 0.855469 0.826172 0.878906 0.837891 0.990234 0.855469 0.998047 0.845703 0.990234 0.837891 0.998047 0.830078 0.994141 0.828125 0.998047 0.792969 0.984375 0.794922 0.957031 0.787109 0.937500 0.771484 0.931641 0.751953 0.935547 0.734375 0.929688 0.730469 0.925781 0.705078 0.900391 0.703125 0.894531 0.695312 0.884766 0.697266 0.880859 0.689453 0.857422 0.687500
0 0.421875 0.761719 0.421875 0.792969 0.425781 0.798828 0.437500 0.798828 0.439453 0.800781 0.449219 0.802734 0.458984 0.808594 0.466797 0.808594 0.476562 0.800781 0.482422 0.798828 0.490234 0.791016 0.490234 0.783203 0.478516 0.773438 0.470703 0.769531 0.460938 0.767578 0.447266 0.757812 0.429688 0.757812
0 0.000000 0.849609 0.000000 0.898438 0.013672 0.898438 0.015625 0.900391 0.027344 0.902344 0.029297 0.904297 0.027344 0.906250 0.027344 0.910156 0.037109 0.910156 0.039062 0.908203 0.042969 0.908203 0.054688 0.896484 0.054688 0.892578 0.056641 0.890625 0.054688 0.878906 0.048828 0.871094 0.044922 0.861328 0.044922 0.851562 0.041016 0.849609 0.039062 0.851562 0.027344 0.851562 0.025391 0.849609
0 0.361328 0.888672 0.355469 0.933594 0.365234 0.976562 0.345703 0.998047 0.642578 0.998047 0.644531 0.992188 0.648438 0.998047 0.730469 0.998047 0.724609 0.992188 0.728516 0.970703 0.673828 0.957031 0.683594 0.962891 0.671875 0.968750 0.667969 0.984375 0.652344 0.992188 0.640625 0.984375 0.636719 0.992188 0.632812 0.984375 0.609375 0.982422 0.607422 0.943359 0.597656 0.931641 0.578125 0.935547 0.533203 0.914062 0.419922 0.906250 0.380859 0.888672
0 0.810547 0.960938 0.810547 0.968750 0.816406 0.974609 0.857422 0.980469 0.871094 0.998047 0.998047 0.998047 0.998047 0.910156 0.970703 0.906250 0.960938 0.898438 0.925781 0.898438 0.912109 0.890625 0.898438 0.890625 0.875000 0.898438 0.871094 0.908203 0.861328 0.908203 0.871094 0.910156 0.875000 0.917969 0.859375 0.937500 0.828125 0.935547
0 0.847656 0.908203 0.847656 0.912109 0.849609 0.912109 0.849609 0.908203
0 0.642578 0.972656 0.640625 0.972656 0.640625 0.974609
0 0.658203 0.972656 0.660156 0.972656 0.662109 0.974609 0.666016 0.974609 0.666016 0.972656
0 0.730469 0.988281 0.730469 0.990234 0.732422 0.990234 0.732422 0.988281
1 0.791016 0.013672 0.785156 0.019531 0.765625 0.080078 0.767578 0.097656 0.812500 0.111328 0.859375 0.117188 0.867188 0.101562 0.867188 0.082031 0.871094 0.068359 0.871094 0.046875 0.867188 0.035156 0.863281 0.031250 0.847656 0.029297 0.818359 0.015625 0.798828 0.011719
1 0.998047 0.148438 0.982422 0.177734 0.958984 0.398438 0.947266 0.455078 0.949219 0.515625 0.994141 0.525391
1 0.128906 0.279297 0.222656 0.412109 0.222656 0.462891 0.320312 0.505859 0.417969 0.443359 0.402344 0.417969 0.441406 0.398438 0.498047 0.263672 0.556641 0.253906 0.603516 0.332031 0.605469 0.392578 0.574219 0.400391 0.597656 0.406250 0.607422 0.519531 0.644531 0.589844 0.707031 0.642578 0.816406 0.667969 0.822266 0.574219 0.810547 0.599609 0.781250 0.597656 0.685547 0.531250 0.660156 0.285156 0.613281 0.210938 0.458984 0.195312 0.376953 0.384766 0.349609 0.396484 0.277344 0.375000 0.177734 0.251953 0.134766 0.296875
1 0.291016 0.353516 0.289062 0.353516 0.289062 0.357422 0.287109 0.359375 0.283203 0.359375 0.281250 0.361328 0.287109 0.361328 0.289062 0.359375 0.289062 0.355469
1 0.304688 0.375000 0.304688 0.376953 0.306641 0.376953 0.306641 0.375000
1 0.865234 0.591797 0.853516 0.662109 0.855469 0.677734 0.898438 0.683594 0.937500 0.705078 0.933594 0.751953 0.939453 0.771484 0.957031 0.785156 0.984375 0.792969 0.998047 0.791016 0.998047 0.625000 0.974609 0.626953 0.929688 0.611328 0.888672 0.611328
2 0.000000 0.562500 0.000000 0.671875 0.011719 0.675781 0.019531 0.662109 0.017578 0.656250 0.019531 0.654297 0.019531 0.640625 0.021484 0.638672 0.023438 0.611328 0.025391 0.609375 0.023438 0.607422 0.023438 0.591797 0.021484 0.589844 0.019531 0.578125 0.007812 0.572266 0.001953 0.566406 0.001953 0.562500
2 0.044922 0.652344 0.046875 0.679688 0.064453 0.677734 0.216797 0.695312 0.226562 0.691406 0.224609 0.685547 0.214844 0.677734 0.187500 0.664062 0.160156 0.658203 0.144531 0.644531 0.123047 0.634766 0.109375 0.634766 0.103516 0.626953 0.060547 0.628906 0.056641 0.632812 0.054688 0.644531
2 0.117188 0.734375 0.083984 0.732422 0.080078 0.736328 0.080078 0.740234 0.078125 0.742188 0.080078 0.753906 0.083984 0.757812 0.087891 0.757812 0.089844 0.759766 0.087891 0.761719 0.082031 0.761719 0.078125 0.765625 0.078125 0.777344 0.076172 0.779297 0.076172 0.800781 0.093750 0.800781 0.093750 0.789062 0.095703 0.787109 0.095703 0.763672 0.091797 0.763672 0.089844 0.761719 0.091797 0.759766 0.111328 0.759766 0.115234 0.753906
2 0.144531 0.734375 0.144531 0.740234 0.142578 0.742188 0.142578 0.746094 0.140625 0.748047 0.140625 0.753906 0.142578 0.755859 0.142578 0.759766 0.144531 0.761719 0.144531 0.763672 0.146484 0.763672 0.148438 0.765625 0.164062 0.765625 0.166016 0.763672 0.175781 0.763672 0.177734 0.765625 0.183594 0.765625 0.191406 0.759766 0.193359 0.759766 0.193359 0.740234 0.191406 0.738281 0.191406 0.736328 0.185547 0.730469 0.148438 0.730469
2 0.216797 0.736328 0.210938 0.746094 0.220703 0.810547 0.230469 0.804688 0.238281 0.853516 0.289062 0.861328 0.296875 0.873047 0.335938 0.873047 0.337891 0.814453 0.322266 0.808594 0.267578 0.808594 0.279297 0.804688 0.291016 0.785156 0.298828 0.783203 0.312500 0.791016 0.318359 0.787109 0.326172 0.767578 0.326172 0.748047 0.285156 0.738281
2 0.367188 0.759766 0.361328 0.765625 0.359375 0.796875 0.367188 0.800781 0.365234 0.802734 0.359375 0.802734 0.353516 0.808594 0.349609 0.816406 0.349609 0.826172 0.355469 0.837891 0.394531 0.839844 0.400391 0.835938 0.400391 0.810547 0.396484 0.804688 0.388672 0.800781 0.390625 0.798828 0.390625 0.765625 0.376953 0.757812
2 0.041016 0.767578 0.009766 0.771484 0.000000 0.775391 0.000000 0.845703 0.013672 0.845703 0.015625 0.847656 0.042969 0.847656 0.044922 0.845703 0.044922 0.837891 0.039062 0.824219 0.039062 0.816406 0.044922 0.804688 0.046875 0.787109 0.044922 0.785156 0.044922 0.773438
2 0.503906 0.781250 0.500000 0.787109 0.494141 0.841797 0.484375 0.843750 0.480469 0.847656 0.478516 0.857422 0.472656 0.865234 0.472656 0.888672 0.478516 0.896484 0.517578 0.900391 0.519531 0.902344 0.523438 0.896484 0.523438 0.882812 0.531250 0.873047 0.531250 0.851562 0.525391 0.847656 0.519531 0.847656 0.515625 0.843750 0.519531 0.822266 0.519531 0.785156 0.513672 0.781250
2 0.210938 0.810547 0.208984 0.808594 0.208984 0.804688 0.207031 0.802734 0.205078 0.796875 0.199219 0.796875 0.197266 0.798828 0.185547 0.798828 0.183594 0.800781 0.166016 0.800781 0.162109 0.804688 0.162109 0.816406 0.164062 0.818359 0.164062 0.822266 0.166016 0.822266 0.167969 0.824219 0.181641 0.824219 0.183594 0.822266 0.195312 0.822266 0.197266 0.820312 0.201172 0.820312 0.203125 0.818359 0.207031 0.818359 0.208984 0.816406 0.210938 0.816406
2 0.076172 0.824219 0.076172 0.826172 0.074219 0.828125 0.074219 0.855469 0.076172 0.857422 0.095703 0.857422 0.097656 0.859375 0.121094 0.859375 0.123047 0.857422 0.123047 0.847656 0.115234 0.841797 0.115234 0.837891 0.113281 0.835938 0.113281 0.832031 0.111328 0.830078 0.111328 0.828125 0.109375 0.828125 0.107422 0.826172 0.099609 0.826172 0.097656 0.824219 0.085938 0.824219 0.083984 0.822266 0.082031 0.822266 0.080078 0.824219
2 0.423828 0.824219 0.416016 0.837891 0.416016 0.851562 0.417969 0.853516 0.417969 0.873047 0.419922 0.875000 0.419922 0.878906 0.421875 0.880859 0.455078 0.880859 0.455078 0.869141 0.453125 0.867188 0.453125 0.847656 0.449219 0.839844 0.453125 0.832031 0.453125 0.826172 0.451172 0.824219 0.445312 0.824219 0.443359 0.822266 0.427734 0.822266
2 0.177734 0.830078 0.177734 0.843750 0.175781 0.845703 0.175781 0.853516 0.177734 0.855469 0.181641 0.855469 0.183594 0.857422 0.214844 0.857422 0.214844 0.835938 0.212891 0.833984 0.208984 0.833984 0.207031 0.832031 0.201172 0.832031 0.199219 0.830078 0.195312 0.830078 0.193359 0.828125 0.179688 0.828125
2 0.546875 0.832031 0.544922 0.859375 0.548828 0.880859 0.544922 0.888672 0.544922 0.908203 0.548828 0.912109 0.576172 0.914062 0.591797 0.919922 0.642578 0.917969 0.644531 0.914062 0.642578 0.894531 0.636719 0.888672 0.634766 0.880859 0.623047 0.871094 0.623047 0.843750 0.589844 0.839844 0.583984 0.843750 0.582031 0.849609 0.580078 0.839844 0.574219 0.833984 0.554688 0.830078
2 0.685547 0.837891 0.681641 0.841797 0.679688 0.869141 0.675781 0.875000 0.666016 0.876953 0.662109 0.892578 0.654297 0.900391 0.650391 0.925781 0.660156 0.935547 0.740234 0.949219 0.753906 0.955078 0.771484 0.935547 0.771484 0.908203 0.777344 0.878906 0.771484 0.859375 0.761719 0.859375 0.746094 0.847656 0.722656 0.837891 0.710938 0.837891 0.703125 0.841797
2 0.160156 0.847656 0.130859 0.845703 0.126953 0.847656 0.126953 0.861328 0.134766 0.861328 0.136719 0.863281 0.134766 0.865234 0.109375 0.865234 0.107422 0.867188 0.107422 0.871094 0.109375 0.873047 0.107422 0.902344 0.109375 0.904297 0.150391 0.904297 0.152344 0.902344 0.152344 0.888672 0.154297 0.886719 0.156250 0.867188 0.152344 0.867188 0.150391 0.865234 0.152344 0.863281 0.160156 0.863281 0.162109 0.859375 0.162109 0.849609
2 0.164062 0.871094 0.164062 0.888672 0.162109 0.890625 0.162109 0.902344 0.210938 0.902344 0.210938 0.894531 0.208984 0.892578 0.208984 0.873047 0.207031 0.871094 0.205078 0.871094 0.203125 0.869141 0.197266 0.869141 0.195312 0.867188 0.187500 0.867188 0.185547 0.865234 0.173828 0.865234 0.171875 0.867188 0.167969 0.867188
2 0.271484 0.890625 0.269531 0.914062 0.271484 0.917969 0.275391 0.919922 0.287109 0.919922 0.291016 0.917969 0.298828 0.923828 0.322266 0.923828 0.324219 0.925781 0.326172 0.923828 0.343750 0.923828 0.343750 0.917969 0.345703 0.916016 0.345703 0.900391 0.349609 0.890625 0.349609 0.882812 0.347656 0.880859 0.343750 0.880859 0.341797 0.878906 0.330078 0.878906 0.328125 0.876953 0.294922 0.876953 0.291016 0.878906 0.291016 0.888672 0.289062 0.890625 0.285156 0.888672 0.275391 0.888672
2 0.140625 0.916016 0.134766 0.923828 0.134766 0.943359 0.130859 0.947266 0.130859 0.949219 0.136719 0.951172 0.140625 0.955078 0.140625 0.958984 0.138672 0.962891 0.148438 0.962891 0.150391 0.964844 0.175781 0.964844 0.175781 0.955078 0.177734 0.953125 0.177734 0.917969 0.175781 0.916016 0.164062 0.916016 0.162109 0.914062
2 0.019531 0.933594 0.015625 0.937500 0.015625 0.941406 0.013672 0.943359 0.013672 0.958984 0.011719 0.960938 0.011719 0.970703 0.013672 0.972656 0.013672 0.974609 0.015625 0.976562 0.019531 0.976562 0.021484 0.974609 0.029297 0.974609 0.035156 0.978516 0.046875 0.978516 0.048828 0.976562 0.050781 0.976562 0.050781 0.968750 0.052734 0.966797 0.052734 0.945312 0.054688 0.943359 0.054688 0.937500 0.052734 0.935547 0.052734 0.933594 0.050781 0.933594 0.048828 0.931641 0.031250 0.931641 0.029297 0.929688 0.027344 0.931641 0.023438 0.931641 0.021484 0.933594
2 0.089844 0.929688 0.085938 0.937500 0.085938 0.943359 0.083984 0.945312 0.083984 0.949219 0.076172 0.962891 0.074219 0.988281 0.080078 0.992188 0.105469 0.992188 0.107422 0.988281 0.107422 0.976562 0.109375 0.974609 0.109375 0.970703 0.111328 0.968750 0.111328 0.962891 0.115234 0.955078 0.117188 0.933594 0.115234 0.931641 0.107422 0.931641 0.105469 0.929688
2 0.798828 0.933594 0.798828 0.935547 0.796875 0.937500 0.796875 0.941406 0.794922 0.943359 0.794922 0.947266 0.792969 0.949219 0.792969 0.953125 0.791016 0.955078 0.791016 0.966797 0.792969 0.968750 0.808594 0.968750 0.808594 0.960938 0.810547 0.958984 0.810547 0.955078 0.816406 0.949219 0.816406 0.947266 0.818359 0.945312 0.818359 0.943359 0.822266 0.939453 0.822266 0.935547 0.818359 0.935547 0.816406 0.933594
2 0.292969 0.943359 0.291016 0.941406 0.291016 0.937500 0.279297 0.937500 0.277344 0.939453 0.271484 0.939453 0.269531 0.941406 0.248047 0.941406 0.246094 0.939453 0.244141 0.941406 0.242188 0.941406 0.242188 0.953125 0.244141 0.955078 0.287109 0.955078 0.289062 0.953125 0.291016 0.953125 0.291016 0.949219 0.292969 0.947266
3 0.550781 0.390625 0.527344 0.380859 0.509766 0.406250 0.503906 0.392578 0.492188 0.398438 0.488281 0.376953 0.478516 0.380859 0.453125 0.433594 0.455078 0.490234 0.394531 0.488281 0.404297 0.496094 0.400391 0.531250 0.371094 0.531250 0.359375 0.496094 0.351562 0.521484 0.289062 0.515625 0.294922 0.505859 0.267578 0.505859 0.261719 0.521484 0.273438 0.533203 0.251953 0.539062 0.257812 0.574219 0.248047 0.576172 0.261719 0.630859 0.246094 0.632812 0.275391 0.626953 0.339844 0.644531 0.351562 0.628906 0.435547 0.642578 0.558594 0.628906 0.578125 0.566406 0.552734 0.494141
3 0.386719 0.482422 0.384766 0.482422 0.382812 0.480469 0.380859 0.480469 0.378906 0.478516 0.376953 0.480469 0.367188 0.480469 0.365234 0.482422 0.365234 0.484375 0.361328 0.488281 0.359375 0.488281 0.359375 0.490234 0.361328 0.490234 0.367188 0.484375 0.371094 0.484375 0.373047 0.482422 0.382812 0.482422 0.384766 0.484375 0.386719 0.484375
3 0.351562 0.503906 0.349609 0.501953 0.349609 0.498047 0.347656 0.498047 0.347656 0.500000 0.345703 0.501953 0.341797 0.501953 0.339844 0.503906 0.333984 0.503906 0.332031 0.505859 0.345703 0.505859 0.347656 0.507812 0.349609 0.507812 0.349609 0.505859
3 0.248047 0.503906 0.248047 0.505859 0.255859 0.505859 0.253906 0.503906 0.251953 0.505859 0.250000 0.505859
5 0.957031 0.000000 0.925781 0.000000 0.796875 0.828125 0.277344 0.691406 0.000000 0.685547 0.000000 0.718750 0.183594 0.722656 0.218750 0.960938 0.244141 0.857422 0.216797 0.718750 0.998047 0.904297 0.998047 0.876953 0.826172 0.833984
