0 0.378906 0.011719 0.396484 0.044922 0.433594 0.052734 0.423828 0.111328 0.441406 0.197266 0.464844 0.210938 0.580078 0.193359 0.574219 0.123047 0.593750 0.111328 0.746094 0.095703 0.912109 0.058594 0.998047 0.064453 0.998047 0.000000 0.396484 0.000000
0 0.445312 0.423828 0.400391 0.429688 0.384766 0.449219 0.400391 0.501953 0.339844 0.523438 0.312500 0.472656 0.349609 0.470703 0.355469 0.451172 0.236328 0.406250 0.265625 0.511719 0.292969 0.511719 0.291016 0.527344 0.236328 0.554688 0.218750 0.587891 0.162109 0.583984 0.109375 0.648438 0.007812 0.683594 0.000000 0.748047 0.099609 0.732422 0.164062 0.804688 0.130859 0.830078 0.134766 0.853516 0.212891 0.812500 0.224609 0.849609 0.257812 0.865234 0.271484 0.851562 0.250000 0.802734 0.419922 0.734375 0.464844 0.742188 0.544922 0.695312 0.544922 0.646484 0.496094 0.597656 0.373047 0.630859 0.320312 0.605469 0.353516 0.552734 0.437500 0.529297 0.419922 0.466797 0.451172 0.441406
2 0.355469 0.064453 0.349609 0.068359 0.349609 0.070312 0.345703 0.076172 0.345703 0.082031 0.339844 0.091797 0.339844 0.101562 0.341797 0.103516 0.341797 0.107422 0.343750 0.109375 0.343750 0.111328 0.347656 0.115234 0.351562 0.115234 0.353516 0.117188 0.371094 0.117188 0.375000 0.113281 0.375000 0.093750 0.373047 0.091797 0.373047 0.078125 0.371094 0.076172 0.371094 0.070312 0.365234 0.064453
2 0.931641 0.062500 0.914062 0.062500 0.912109 0.064453 0.902344 0.064453 0.900391 0.066406 0.894531 0.066406 0.892578 0.068359 0.886719 0.068359 0.884766 0.070312 0.884766 0.078125 0.888672 0.085938 0.890625 0.115234 0.894531 0.123047 0.902344 0.119141 0.910156 0.119141 0.912109 0.117188 0.929688 0.115234 0.931641 0.113281 0.937500 0.113281 0.939453 0.111328 0.937500 0.107422 0.937500 0.099609 0.935547 0.097656 0.935547 0.085938 0.933594 0.083984 0.933594 0.064453
2 0.845703 0.080078 0.828125 0.078125 0.826172 0.080078 0.814453 0.080078 0.806641 0.083984 0.779297 0.085938 0.765625 0.093750 0.761719 0.105469 0.763672 0.125000 0.771484 0.132812 0.779297 0.154297 0.808594 0.148438 0.814453 0.144531 0.816406 0.136719 0.820312 0.146484 0.835938 0.146484 0.845703 0.144531 0.851562 0.140625 0.851562 0.099609
2 0.097656 0.085938 0.072266 0.082031 0.000000 0.089844 0.000000 0.226562 0.035156 0.216797 0.041016 0.210938 0.050781 0.210938 0.080078 0.195312 0.083984 0.185547 0.080078 0.171875 0.095703 0.160156 0.099609 0.146484
2 0.732422 0.099609 0.718750 0.099609 0.703125 0.107422 0.687500 0.105469 0.687500 0.125000 0.689453 0.126953 0.689453 0.130859 0.693359 0.138672 0.693359 0.144531 0.701172 0.154297 0.707031 0.154297 0.710938 0.150391 0.718750 0.150391 0.726562 0.146484 0.734375 0.146484 0.736328 0.144531 0.740234 0.144531 0.740234 0.128906 0.738281 0.126953 0.738281 0.119141 0.734375 0.111328
2 0.648438 0.111328 0.640625 0.111328 0.623047 0.117188 0.597656 0.119141 0.580078 0.125000 0.585938 0.171875 0.589844 0.175781 0.595703 0.189453 0.617188 0.187500 0.630859 0.181641 0.662109 0.175781 0.667969 0.171875 0.658203 0.156250 0.656250 0.136719 0.650391 0.123047
2 0.880859 0.173828 0.876953 0.177734 0.876953 0.197266 0.875000 0.199219 0.875000 0.212891 0.873047 0.214844 0.873047 0.240234 0.876953 0.244141 0.890625 0.246094 0.892578 0.248047 0.894531 0.246094 0.910156 0.246094 0.912109 0.244141 0.917969 0.244141 0.927734 0.240234 0.929688 0.238281 0.927734 0.234375 0.929688 0.232422 0.927734 0.218750 0.925781 0.216797 0.925781 0.212891 0.917969 0.208984 0.912109 0.179688 0.904297 0.173828
2 0.998047 0.181641 0.988281 0.181641 0.986328 0.183594 0.980469 0.183594 0.978516 0.185547 0.968750 0.185547 0.966797 0.187500 0.966797 0.210938 0.968750 0.212891 0.968750 0.218750 0.970703 0.220703 0.972656 0.234375 0.978516 0.240234 0.988281 0.240234 0.990234 0.238281 0.998047 0.238281
2 0.335938 0.214844 0.335938 0.222656 0.339844 0.230469 0.353516 0.242188 0.369141 0.242188 0.371094 0.240234 0.380859 0.240234 0.382812 0.238281 0.400391 0.236328 0.414062 0.228516 0.423828 0.226562 0.427734 0.220703 0.425781 0.197266 0.423828 0.191406 0.419922 0.187500 0.400391 0.187500 0.398438 0.189453 0.375000 0.187500 0.343750 0.203125
2 0.318359 0.214844 0.244141 0.222656 0.228516 0.232422 0.232422 0.279297 0.238281 0.300781 0.238281 0.322266 0.255859 0.341797 0.318359 0.333984 0.335938 0.328125 0.335938 0.318359 0.332031 0.312500 0.328125 0.251953
2 0.757812 0.238281 0.755859 0.236328 0.744141 0.236328 0.742188 0.238281 0.728516 0.240234 0.720703 0.250000 0.716797 0.248047 0.710938 0.248047 0.708984 0.250000 0.703125 0.250000 0.695312 0.253906 0.689453 0.253906 0.687500 0.257812 0.689453 0.269531 0.695312 0.277344 0.707031 0.277344 0.708984 0.275391 0.720703 0.273438 0.724609 0.267578 0.728516 0.267578 0.730469 0.265625 0.757812 0.265625 0.761719 0.261719
2 0.605469 0.332031 0.601562 0.328125 0.589844 0.328125 0.587891 0.330078 0.552734 0.332031 0.537109 0.335938 0.511719 0.351562 0.494141 0.353516 0.494141 0.363281 0.498047 0.367188 0.501953 0.382812 0.503906 0.382812 0.503906 0.376953 0.507812 0.373047 0.511719 0.375000 0.511719 0.382812 0.515625 0.380859 0.517578 0.382812 0.554688 0.380859 0.576172 0.376953 0.580078 0.373047 0.595703 0.371094 0.601562 0.365234 0.605469 0.345703
2 0.826172 0.361328 0.818359 0.361328 0.816406 0.363281 0.810547 0.363281 0.808594 0.365234 0.802734 0.365234 0.800781 0.367188 0.798828 0.367188 0.798828 0.371094 0.796875 0.373047 0.796875 0.375000 0.798828 0.376953 0.798828 0.380859 0.800781 0.382812 0.800781 0.388672 0.798828 0.390625 0.798828 0.398438 0.802734 0.402344 0.804688 0.402344 0.806641 0.404297 0.810547 0.404297 0.812500 0.402344 0.814453 0.402344 0.824219 0.396484 0.828125 0.396484 0.830078 0.394531 0.830078 0.367188
2 0.753906 0.375000 0.740234 0.375000 0.722656 0.382812 0.718750 0.382812 0.716797 0.386719 0.718750 0.396484 0.726562 0.416016 0.728516 0.437500 0.730469 0.439453 0.734375 0.455078 0.740234 0.458984 0.755859 0.457031 0.767578 0.451172 0.771484 0.451172 0.771484 0.414062 0.765625 0.400391 0.765625 0.384766 0.761719 0.378906
2 0.357422 0.382812 0.353516 0.378906 0.332031 0.378906 0.330078 0.380859 0.314453 0.382812 0.312500 0.384766 0.296875 0.384766 0.294922 0.386719 0.291016 0.386719 0.289062 0.390625 0.289062 0.402344 0.292969 0.410156 0.296875 0.410156 0.298828 0.412109 0.302734 0.412109 0.304688 0.414062 0.308594 0.414062 0.316406 0.417969 0.328125 0.417969 0.330078 0.416016 0.345703 0.416016 0.347656 0.414062 0.355469 0.414062 0.359375 0.412109
2 0.882812 0.402344 0.886719 0.425781 0.972656 0.582031 0.980469 0.607422 0.986328 0.615234 0.996094 0.615234 0.998047 0.535156 0.992188 0.521484 0.980469 0.509766 0.972656 0.476562 0.958984 0.468750 0.955078 0.453125 0.927734 0.404297 0.927734 0.394531 0.916016 0.388672
2 0.603516 0.394531 0.574219 0.396484 0.568359 0.400391 0.570312 0.419922 0.580078 0.441406 0.580078 0.453125 0.574219 0.460938 0.562500 0.460938 0.558594 0.464844 0.556641 0.462891 0.554688 0.468750 0.556641 0.480469 0.568359 0.478516 0.574219 0.474609 0.601562 0.470703 0.615234 0.464844 0.615234 0.449219 0.607422 0.425781 0.607422 0.414062 0.605469 0.412109 0.605469 0.398438
2 0.193359 0.400391 0.191406 0.402344 0.187500 0.402344 0.183594 0.416016 0.173828 0.423828 0.173828 0.427734 0.181641 0.441406 0.183594 0.455078 0.187500 0.460938 0.189453 0.476562 0.191406 0.478516 0.208984 0.478516 0.210938 0.476562 0.208984 0.474609 0.208984 0.468750 0.212891 0.466797 0.214844 0.468750 0.214844 0.472656 0.214844 0.460938 0.216797 0.458984 0.216797 0.455078 0.220703 0.451172 0.220703 0.445312 0.216797 0.435547 0.216797 0.406250 0.212891 0.402344
2 0.816406 0.443359 0.796875 0.457031 0.796875 0.472656 0.833984 0.542969 0.812500 0.546875 0.810547 0.568359 0.835938 0.607422 0.843750 0.634766 0.867188 0.626953 0.871094 0.613281 0.882812 0.636719 0.902344 0.636719 0.896484 0.644531 0.908203 0.679688 0.937500 0.677734 0.941406 0.660156 0.927734 0.628906 0.910156 0.628906 0.925781 0.617188 0.921875 0.599609 0.906250 0.576172 0.843750 0.441406
2 0.458984 0.447266 0.447266 0.447266 0.435547 0.453125 0.431641 0.453125 0.427734 0.457031 0.427734 0.462891 0.429688 0.464844 0.429688 0.476562 0.437500 0.492188 0.437500 0.498047 0.439453 0.500000 0.439453 0.513672 0.441406 0.515625 0.453125 0.515625 0.455078 0.513672 0.460938 0.513672 0.462891 0.511719 0.468750 0.511719 0.472656 0.509766 0.472656 0.498047 0.474609 0.496094 0.474609 0.490234 0.472656 0.488281 0.472656 0.482422 0.470703 0.480469 0.470703 0.476562 0.466797 0.468750 0.464844 0.457031
2 0.212891 0.523438 0.210938 0.521484 0.205078 0.521484 0.203125 0.519531 0.199219 0.519531 0.197266 0.521484 0.171875 0.521484 0.167969 0.523438 0.164062 0.527344 0.164062 0.533203 0.162109 0.535156 0.162109 0.560547 0.164062 0.562500 0.169922 0.562500 0.171875 0.560547 0.177734 0.560547 0.179688 0.558594 0.189453 0.558594 0.193359 0.560547 0.203125 0.570312 0.210938 0.572266 0.214844 0.568359 0.214844 0.529297 0.212891 0.527344
2 0.474609 0.537109 0.462891 0.537109 0.431641 0.546875 0.392578 0.566406 0.371094 0.568359 0.367188 0.574219 0.339844 0.585938 0.333984 0.593750 0.333984 0.601562 0.347656 0.619141 0.392578 0.615234 0.412109 0.601562 0.431641 0.597656 0.445312 0.585938 0.474609 0.582031 0.480469 0.578125
2 0.130859 0.548828 0.125000 0.542969 0.117188 0.542969 0.099609 0.548828 0.000000 0.566406 0.000000 0.603516 0.039062 0.595703 0.050781 0.595703 0.078125 0.587891 0.105469 0.585938 0.117188 0.580078 0.134766 0.576172
2 0.582031 0.542969 0.578125 0.542969 0.576172 0.544922 0.566406 0.544922 0.556641 0.550781 0.556641 0.580078 0.554688 0.582031 0.554688 0.591797 0.556641 0.593750 0.556641 0.597656 0.558594 0.599609 0.574219 0.599609 0.576172 0.597656 0.576172 0.593750 0.578125 0.591797 0.578125 0.589844 0.582031 0.585938 0.595703 0.582031 0.595703 0.560547 0.593750 0.558594 0.593750 0.552734 0.585938 0.544922 0.583984 0.544922
2 0.738281 0.593750 0.738281 0.611328 0.744141 0.617188 0.750000 0.619141 0.757812 0.613281 0.767578 0.613281 0.789062 0.632812 0.792969 0.640625 0.798828 0.646484 0.804688 0.646484 0.814453 0.640625 0.812500 0.626953 0.791016 0.585938 0.777344 0.585938 0.775391 0.587891 0.771484 0.587891 0.765625 0.582031 0.759766 0.580078 0.757812 0.582031 0.753906 0.582031
2 0.650391 0.619141 0.650391 0.626953 0.658203 0.636719 0.667969 0.660156 0.677734 0.673828 0.677734 0.677734 0.681641 0.683594 0.683594 0.691406 0.687500 0.693359 0.697266 0.693359 0.699219 0.691406 0.697266 0.669922 0.695312 0.667969 0.693359 0.660156 0.679688 0.646484 0.679688 0.642578 0.677734 0.640625 0.677734 0.632812 0.675781 0.628906 0.671875 0.625000 0.671875 0.623047 0.664062 0.617188 0.654297 0.617188
2 0.625000 0.640625 0.621094 0.640625 0.619141 0.642578 0.613281 0.642578 0.611328 0.644531 0.607422 0.644531 0.605469 0.646484 0.597656 0.646484 0.591797 0.650391 0.591797 0.667969 0.593750 0.669922 0.593750 0.677734 0.595703 0.679688 0.595703 0.685547 0.597656 0.687500 0.597656 0.689453 0.609375 0.689453 0.611328 0.687500 0.617188 0.687500 0.619141 0.685547 0.623047 0.685547 0.628906 0.681641 0.632812 0.681641 0.634766 0.679688 0.636719 0.679688 0.636719 0.673828 0.634766 0.671875 0.634766 0.669922 0.632812 0.667969 0.632812 0.664062 0.626953 0.654297 0.626953 0.644531 0.625000 0.642578
2 0.642578 0.701172 0.636719 0.701172 0.625000 0.707031 0.619141 0.707031 0.617188 0.708984 0.611328 0.708984 0.609375 0.710938 0.609375 0.744141 0.611328 0.748047 0.625000 0.759766 0.626953 0.767578 0.628906 0.769531 0.634766 0.769531 0.644531 0.763672 0.648438 0.763672 0.650391 0.761719 0.658203 0.761719 0.662109 0.759766 0.662109 0.748047 0.660156 0.746094 0.660156 0.740234 0.658203 0.738281 0.656250 0.728516 0.648438 0.714844 0.648438 0.710938
2 0.708984 0.705078 0.701172 0.705078 0.695312 0.708984 0.687500 0.708984 0.681641 0.712891 0.681641 0.720703 0.683594 0.722656 0.683594 0.724609 0.687500 0.728516 0.687500 0.730469 0.689453 0.732422 0.689453 0.736328 0.693359 0.740234 0.695312 0.740234 0.697266 0.738281 0.701172 0.738281 0.703125 0.736328 0.705078 0.736328 0.707031 0.734375 0.708984 0.734375 0.710938 0.732422 0.712891 0.732422 0.714844 0.730469 0.716797 0.730469 0.716797 0.728516 0.718750 0.726562 0.718750 0.722656 0.716797 0.720703 0.716797 0.716797 0.714844 0.714844 0.714844 0.712891 0.712891 0.710938 0.712891 0.708984
2 0.230469 0.712891 0.222656 0.708984 0.212891 0.708984 0.210938 0.710938 0.208984 0.708984 0.201172 0.708984 0.199219 0.710938 0.185547 0.710938 0.177734 0.714844 0.175781 0.722656 0.164062 0.732422 0.164062 0.744141 0.167969 0.753906 0.181641 0.765625 0.197266 0.765625 0.205078 0.761719 0.210938 0.761719 0.212891 0.759766 0.218750 0.759766 0.220703 0.757812 0.230469 0.755859 0.238281 0.740234 0.238281 0.732422
2 0.535156 0.736328 0.535156 0.765625 0.533203 0.767578 0.535156 0.769531 0.535156 0.785156 0.537109 0.787109 0.537109 0.792969 0.539062 0.796875 0.542969 0.800781 0.550781 0.800781 0.552734 0.798828 0.560547 0.798828 0.562500 0.796875 0.582031 0.796875 0.585938 0.794922 0.585938 0.775391 0.583984 0.773438 0.583984 0.767578 0.582031 0.765625 0.582031 0.759766 0.580078 0.757812 0.580078 0.750000 0.576172 0.744141 0.572266 0.744141 0.566406 0.738281 0.566406 0.736328 0.562500 0.734375 0.554688 0.734375 0.552734 0.732422 0.541016 0.732422
2 0.125000 0.775391 0.121094 0.765625 0.117188 0.763672 0.082031 0.763672 0.080078 0.751953 0.072266 0.744141 0.027344 0.750000 0.000000 0.757812 0.000000 0.800781 0.027344 0.798828 0.048828 0.791016 0.074219 0.791016 0.085938 0.787109 0.109375 0.785156 0.123047 0.781250
2 0.457031 0.771484 0.457031 0.775391 0.458984 0.777344 0.458984 0.787109 0.460938 0.789062 0.460938 0.794922 0.462891 0.796875 0.464844 0.806641 0.468750 0.814453 0.474609 0.820312 0.482422 0.820312 0.484375 0.818359 0.492188 0.818359 0.494141 0.816406 0.505859 0.816406 0.513672 0.812500 0.513672 0.800781 0.507812 0.792969 0.507812 0.791016 0.501953 0.785156 0.498047 0.777344 0.494141 0.761719 0.490234 0.759766 0.480469 0.759766 0.472656 0.763672 0.466797 0.763672
2 0.869141 0.763672 0.867188 0.767578 0.884766 0.810547 0.886719 0.812500 0.890625 0.812500 0.892578 0.810547 0.896484 0.812500 0.892578 0.816406 0.892578 0.824219 0.894531 0.828125 0.902344 0.835938 0.912109 0.835938 0.914062 0.833984 0.921875 0.833984 0.925781 0.832031 0.931641 0.826172 0.931641 0.818359 0.927734 0.808594 0.921875 0.802734 0.917969 0.802734 0.916016 0.800781 0.916016 0.794922 0.910156 0.785156 0.910156 0.777344 0.908203 0.775391 0.906250 0.763672 0.904297 0.761719 0.900391 0.763672
2 0.353516 0.820312 0.302734 0.822266 0.294922 0.818359 0.292969 0.806641 0.291016 0.818359 0.279297 0.822266 0.275391 0.820312 0.277344 0.828125 0.273438 0.837891 0.273438 0.853516 0.277344 0.859375 0.283203 0.888672 0.281250 0.904297 0.285156 0.908203 0.277344 0.916016 0.330078 0.904297 0.347656 0.898438 0.355469 0.888672 0.363281 0.890625 0.367188 0.886719 0.363281 0.832031
2 0.212891 0.835938 0.167969 0.841797 0.171875 0.890625 0.144531 0.888672 0.128906 0.861328 0.091797 0.867188 0.093750 0.892578 0.101562 0.912109 0.103516 0.957031 0.136719 0.951172 0.158203 0.935547 0.177734 0.933594 0.181641 0.925781 0.183594 0.929688 0.214844 0.929688 0.218750 0.925781 0.216797 0.914062 0.208984 0.906250 0.181641 0.908203 0.177734 0.902344 0.179688 0.892578 0.205078 0.890625 0.212891 0.894531 0.216797 0.884766
2 0.775391 0.843750 0.771484 0.843750 0.771484 0.847656 0.759766 0.857422 0.757812 0.869141 0.740234 0.902344 0.740234 0.917969 0.750000 0.933594 0.753906 0.951172 0.759766 0.958984 0.767578 0.958984 0.791016 0.949219 0.818359 0.943359 0.822266 0.937500 0.816406 0.904297 0.800781 0.890625 0.800781 0.878906 0.792969 0.869141 0.791016 0.857422 0.781250 0.853516 0.775391 0.847656
2 0.246094 0.875000 0.246094 0.880859 0.248047 0.880859 0.248047 0.876953
2 0.986328 0.888672 0.964844 0.890625 0.957031 0.894531 0.943359 0.906250 0.943359 0.916016 0.945312 0.917969 0.945312 0.947266 0.947266 0.949219 0.947266 0.953125 0.955078 0.960938 0.962891 0.962891 0.968750 0.966797 0.974609 0.966797 0.984375 0.960938 0.994141 0.960938 0.998047 0.958984 0.998047 0.908203 0.992188 0.894531
2 0.474609 0.898438 0.474609 0.900391 0.470703 0.904297 0.470703 0.910156 0.472656 0.912109 0.472656 0.933594 0.478516 0.941406 0.480469 0.941406 0.482422 0.943359 0.488281 0.943359 0.490234 0.941406 0.500000 0.941406 0.501953 0.939453 0.507812 0.939453 0.509766 0.937500 0.513672 0.937500 0.515625 0.935547 0.515625 0.925781 0.513672 0.923828 0.513672 0.912109 0.511719 0.910156 0.511719 0.902344 0.509766 0.900391 0.509766 0.896484 0.505859 0.890625 0.488281 0.890625 0.486328 0.892578 0.480469 0.894531 0.476562 0.898438
2 0.460938 0.941406 0.457031 0.943359 0.437500 0.943359 0.435547 0.945312 0.427734 0.945312 0.425781 0.947266 0.427734 0.949219 0.429688 0.960938 0.431641 0.962891 0.431641 0.972656 0.433594 0.974609 0.433594 0.980469 0.435547 0.982422 0.435547 0.988281 0.437500 0.990234 0.437500 0.998047 0.476562 0.998047 0.474609 0.994141 0.474609 0.986328 0.472656 0.984375 0.472656 0.976562 0.470703 0.974609 0.470703 0.968750 0.468750 0.966797 0.468750 0.960938 0.466797 0.958984 0.466797 0.949219
2 0.343750 0.949219 0.343750 0.958984 0.345703 0.960938 0.345703 0.972656 0.347656 0.974609 0.347656 0.984375 0.349609 0.986328 0.349609 0.998047 0.375000 0.998047 0.375000 0.992188 0.373047 0.990234 0.373047 0.986328 0.371094 0.984375 0.371094 0.980469 0.369141 0.978516 0.369141 0.964844 0.367188 0.962891 0.367188 0.949219 0.365234 0.947266 0.347656 0.947266 0.345703 0.949219
2 0.240234 0.980469 0.238281 0.978516 0.230469 0.978516 0.228516 0.980469 0.222656 0.980469 0.220703 0.982422 0.218750 0.982422 0.216797 0.984375 0.207031 0.984375 0.205078 0.986328 0.203125 0.986328 0.203125 0.998047 0.240234 0.998047
5 0.998047 0.138672 0.464844 0.212891 0.406250 0.054688 0.427734 0.224609 0.582031 0.203125 0.617188 0.365234 0.343750 0.421875 0.625000 0.398438 0.628906 0.470703 0.498047 0.517578 0.595703 0.814453 0.060547 0.996094 0.994141 0.714844 0.623047 0.810547 0.542969 0.527344 0.658203 0.480469 0.650391 0.386719 0.998047 0.326172 0.644531 0.363281 0.621094 0.218750
