2 0.693359 0.019531 0.693359 0.048828 0.695312 0.050781 0.695312 0.062500 0.697266 0.064453 0.701172 0.062500 0.712891 0.062500 0.714844 0.060547 0.728516 0.060547 0.730469 0.058594 0.742188 0.058594 0.746094 0.054688 0.746094 0.046875 0.744141 0.044922 0.742188 0.027344 0.740234 0.025391 0.740234 0.019531 0.736328 0.011719 0.732422 0.009766 0.712891 0.009766 0.705078 0.013672 0.699219 0.013672
2 0.566406 0.095703 0.566406 0.134766 0.583984 0.134766 0.585938 0.136719 0.625000 0.136719 0.628906 0.132812 0.628906 0.115234 0.625000 0.115234 0.617188 0.111328 0.617188 0.103516 0.613281 0.095703
2 0.681641 0.140625 0.681641 0.154297 0.677734 0.166016 0.679688 0.167969 0.679688 0.175781 0.687500 0.193359 0.687500 0.199219 0.693359 0.207031 0.703125 0.214844 0.708984 0.214844 0.716797 0.210938 0.751953 0.203125 0.750000 0.167969 0.746094 0.154297 0.738281 0.144531 0.730469 0.140625 0.720703 0.140625 0.705078 0.132812 0.695312 0.132812 0.685547 0.136719
2 0.580078 0.199219 0.578125 0.203125 0.578125 0.214844 0.574219 0.222656 0.568359 0.228516 0.568359 0.236328 0.566406 0.238281 0.566406 0.248047 0.572266 0.251953 0.583984 0.251953 0.585938 0.253906 0.609375 0.253906 0.611328 0.255859 0.625000 0.255859 0.626953 0.253906 0.652344 0.251953 0.654297 0.250000 0.654297 0.214844 0.652344 0.208984 0.646484 0.205078 0.626953 0.203125 0.625000 0.201172
2 0.212891 0.330078 0.208984 0.333984 0.207031 0.380859 0.205078 0.382812 0.205078 0.398438 0.203125 0.400391 0.203125 0.406250 0.207031 0.410156 0.216797 0.410156 0.218750 0.412109 0.244141 0.412109 0.248047 0.414062 0.250000 0.412109 0.250000 0.396484 0.251953 0.394531 0.251953 0.375000 0.253906 0.373047 0.253906 0.347656 0.255859 0.345703 0.255859 0.335938 0.251953 0.332031 0.246094 0.332031 0.244141 0.330078
2 0.404297 0.341797 0.398438 0.347656 0.398438 0.351562 0.396484 0.353516 0.396484 0.384766 0.398438 0.386719 0.398438 0.392578 0.400391 0.394531 0.443359 0.394531 0.447266 0.390625 0.447266 0.343750 0.443359 0.339844 0.408203 0.339844
2 0.119141 0.367188 0.115234 0.375000 0.105469 0.501953 0.142578 0.505859 0.146484 0.498047 0.146484 0.466797 0.152344 0.431641 0.156250 0.373047 0.154297 0.369141
2 0.279297 0.419922 0.279297 0.423828 0.281250 0.425781 0.289062 0.427734 0.294922 0.431641 0.296875 0.435547 0.296875 0.455078 0.298828 0.457031 0.302734 0.457031 0.304688 0.458984 0.312500 0.458984 0.314453 0.460938 0.343750 0.460938 0.345703 0.458984 0.345703 0.425781 0.347656 0.423828 0.347656 0.416016 0.345703 0.414062 0.316406 0.414062 0.314453 0.416016 0.292969 0.416016 0.291016 0.417969 0.281250 0.417969
2 0.347656 0.462891 0.343750 0.466797 0.343750 0.472656 0.341797 0.474609 0.341797 0.507812 0.337891 0.517578 0.339844 0.519531 0.339844 0.527344 0.343750 0.531250 0.380859 0.531250 0.384766 0.529297 0.386719 0.521484 0.384766 0.519531 0.384766 0.503906 0.382812 0.501953 0.382812 0.494141 0.380859 0.492188 0.380859 0.462891 0.376953 0.458984 0.361328 0.458984 0.359375 0.460938
2 0.824219 0.484375 0.824219 0.513672 0.826172 0.515625 0.826172 0.531250 0.828125 0.533203 0.835938 0.531250 0.855469 0.531250 0.857422 0.533203 0.880859 0.531250 0.898438 0.525391 0.923828 0.521484 0.927734 0.515625 0.925781 0.492188 0.916016 0.486328 0.859375 0.484375 0.853516 0.474609 0.833984 0.474609 0.828125 0.476562
2 0.136719 0.521484 0.107422 0.521484 0.105469 0.523438 0.103516 0.546875 0.099609 0.558594 0.099609 0.587891 0.105469 0.591797 0.095703 0.593750 0.089844 0.601562 0.087891 0.619141 0.089844 0.640625 0.119141 0.640625 0.140625 0.634766 0.142578 0.601562 0.138672 0.597656 0.125000 0.595703 0.138672 0.589844 0.138672 0.556641 0.142578 0.525391
2 0.554688 0.628906 0.550781 0.634766 0.550781 0.667969 0.576172 0.673828 0.560547 0.679688 0.558594 0.708984 0.562500 0.716797 0.535156 0.718750 0.521484 0.724609 0.509766 0.753906 0.591797 0.765625 0.617188 0.761719 0.615234 0.734375 0.607422 0.722656 0.595703 0.720703 0.605469 0.716797 0.609375 0.683594 0.574219 0.675781 0.615234 0.673828 0.621094 0.664062 0.621094 0.646484 0.603516 0.640625 0.585938 0.642578 0.574219 0.630859
2 0.216797 0.689453 0.207031 0.714844 0.203125 0.773438 0.232422 0.777344 0.234375 0.794922 0.238281 0.796875 0.271484 0.800781 0.273438 0.796875 0.273438 0.707031 0.271484 0.703125 0.246094 0.703125 0.244141 0.705078 0.240234 0.691406 0.228516 0.687500
2 0.066406 0.693359 0.062500 0.697266 0.062500 0.730469 0.060547 0.732422 0.060547 0.744141 0.064453 0.750000 0.074219 0.750000 0.076172 0.751953 0.093750 0.751953 0.095703 0.753906 0.101562 0.753906 0.105469 0.751953 0.105469 0.708984 0.107422 0.707031 0.105469 0.701172 0.101562 0.699219 0.095703 0.699219 0.093750 0.697266 0.085938 0.697266 0.083984 0.695312 0.074219 0.695312 0.072266 0.693359
2 0.076172 0.757812 0.072266 0.761719 0.072266 0.765625 0.074219 0.767578 0.074219 0.800781 0.080078 0.814453 0.087891 0.822266 0.087891 0.826172 0.091797 0.828125 0.113281 0.830078 0.117188 0.824219 0.117188 0.816406 0.119141 0.814453 0.121094 0.761719 0.115234 0.757812
2 0.105469 0.847656 0.101562 0.847656 0.099609 0.845703 0.091797 0.845703 0.089844 0.843750 0.083984 0.843750 0.082031 0.845703 0.078125 0.845703 0.076172 0.847656 0.070312 0.849609 0.070312 0.851562 0.068359 0.853516 0.068359 0.880859 0.072266 0.886719 0.078125 0.886719 0.080078 0.888672 0.085938 0.888672 0.087891 0.886719 0.093750 0.886719 0.095703 0.884766 0.097656 0.884766 0.097656 0.882812 0.105469 0.875000 0.105469 0.871094 0.107422 0.869141 0.107422 0.851562 0.105469 0.849609
2 0.056641 0.904297 0.052734 0.912109 0.052734 0.957031 0.056641 0.960938 0.062500 0.960938 0.064453 0.962891 0.078125 0.962891 0.080078 0.964844 0.099609 0.964844 0.103516 0.960938 0.103516 0.945312 0.105469 0.943359 0.103516 0.914062 0.101562 0.912109 0.089844 0.912109 0.076172 0.906250 0.062500 0.906250 0.060547 0.904297
2 0.283203 0.916016 0.279297 0.919922 0.279297 0.955078 0.277344 0.957031 0.279297 0.998047 0.347656 0.998047 0.347656 0.970703 0.349609 0.968750 0.349609 0.917969 0.347656 0.914062 0.337891 0.914062 0.335938 0.912109 0.312500 0.912109 0.308594 0.914062 0.300781 0.912109 0.292969 0.916016
4 0.000000 0.064453 0.000000 0.148438 0.005859 0.152344 0.000000 0.156250 0.000000 0.203125 0.023438 0.214844 0.033203 0.234375 0.046875 0.224609 0.080078 0.222656 0.085938 0.210938 0.099609 0.212891 0.119141 0.236328 0.248047 0.232422 0.285156 0.222656 0.281250 0.201172 0.302734 0.175781 0.316406 0.136719 0.320312 0.085938 0.306641 0.072266 0.281250 0.066406 0.128906 0.066406 0.062500 0.076172 0.039062 0.064453
4 0.640625 0.277344 0.621094 0.279297 0.595703 0.265625 0.589844 0.265625 0.580078 0.277344 0.564453 0.275391 0.558594 0.269531 0.541016 0.277344 0.513672 0.277344 0.509766 0.326172 0.511719 0.382812 0.507812 0.404297 0.539062 0.414062 0.560547 0.414062 0.566406 0.406250 0.574219 0.406250 0.582031 0.414062 0.601562 0.414062 0.609375 0.400391 0.636719 0.388672 0.636719 0.375000 0.626953 0.353516 0.632812 0.333984 0.625000 0.326172 0.625000 0.312500 0.636719 0.294922
4 0.210938 0.417969 0.214844 0.423828 0.195312 0.488281 0.199219 0.531250 0.193359 0.646484 0.199219 0.654297 0.271484 0.658203 0.304688 0.652344 0.298828 0.527344 0.281250 0.494141 0.283203 0.457031 0.277344 0.494141 0.275391 0.472656 0.267578 0.462891 0.267578 0.427734 0.253906 0.431641 0.250000 0.425781 0.246094 0.431641 0.234375 0.431641 0.230469 0.417969
4 0.642578 0.460938 0.626953 0.677734 0.636719 0.687500 0.628906 0.720703 0.636719 0.738281 0.628906 0.746094 0.642578 0.753906 0.642578 0.767578 0.687500 0.775391 0.693359 0.783203 0.775391 0.785156 0.785156 0.640625 0.767578 0.556641 0.789062 0.550781 0.791016 0.468750
4 0.183594 0.488281 0.185547 0.490234 0.185547 0.488281
5 0.513672 0.000000 0.451172 0.669922 0.000000 0.646484 0.433594 0.703125 0.441406 0.990234 0.464844 0.783203 0.988281 0.812500 0.460938 0.753906 0.484375 0.439453 0.998047 0.457031 0.488281 0.416016
