0 0.000000 0.000000 0.000000 0.160156 0.009766 0.164062 0.033203 0.166016 0.041016 0.164062 0.048828 0.152344 0.048828 0.113281 0.041016 0.076172 0.052734 0.062500 0.052734 0.039062 0.039062 0.023438 0.023438 0.013672 0.019531 0.000000
0 0.636719 0.001953 0.636719 0.035156 0.712891 0.062500 0.740234 0.183594 0.734375 0.246094 0.892578 0.273438 0.890625 0.382812 0.851562 0.525391 0.871094 0.552734 0.859375 0.623047 0.910156 0.679688 0.949219 0.671875 0.998047 0.691406 0.998047 0.207031 0.900391 0.214844 0.890625 0.189453 0.925781 0.160156 0.998047 0.160156 0.998047 0.000000
0 0.304688 0.042969 0.298828 0.037109 0.285156 0.052734 0.222656 0.048828 0.201172 0.078125 0.183594 0.078125 0.181641 0.070312 0.177734 0.074219 0.150391 0.056641 0.107422 0.056641 0.060547 0.066406 0.054688 0.074219 0.058594 0.152344 0.064453 0.148438 0.066406 0.154297 0.093750 0.158203 0.138672 0.152344 0.191406 0.179688 0.201172 0.201172 0.244141 0.203125 0.244141 0.208984 0.255859 0.201172 0.263672 0.208984 0.265625 0.201172 0.273438 0.201172 0.279297 0.208984 0.281250 0.201172 0.292969 0.201172 0.306641 0.162109
2 0.363281 0.013672 0.359375 0.019531 0.359375 0.023438 0.361328 0.025391 0.361328 0.035156 0.363281 0.037109 0.363281 0.050781 0.365234 0.052734 0.365234 0.056641 0.375000 0.056641 0.376953 0.058594 0.404297 0.058594 0.406250 0.056641 0.406250 0.054688 0.404297 0.052734 0.404297 0.031250 0.406250 0.029297 0.406250 0.021484 0.402344 0.017578 0.396484 0.017578 0.394531 0.015625 0.369141 0.015625 0.367188 0.013672
2 0.476562 0.050781 0.472656 0.054688 0.474609 0.056641 0.474609 0.089844 0.476562 0.091797 0.486328 0.091797 0.488281 0.093750 0.494141 0.093750 0.496094 0.095703 0.498047 0.095703 0.500000 0.093750 0.500000 0.070312 0.501953 0.068359 0.501953 0.054688 0.496094 0.050781
2 0.457031 0.111328 0.453125 0.107422 0.431641 0.105469 0.417969 0.115234 0.406250 0.117188 0.396484 0.099609 0.361328 0.109375 0.357422 0.117188 0.359375 0.142578 0.404297 0.142578 0.416016 0.152344 0.406250 0.154297 0.394531 0.148438 0.349609 0.148438 0.347656 0.177734 0.419922 0.179688 0.421875 0.154297 0.453125 0.160156 0.457031 0.154297
2 0.503906 0.123047 0.501953 0.125000 0.501953 0.132812 0.500000 0.134766 0.500000 0.138672 0.498047 0.140625 0.498047 0.144531 0.496094 0.146484 0.496094 0.150391 0.494141 0.152344 0.494141 0.156250 0.490234 0.164062 0.498047 0.169922 0.503906 0.169922 0.511719 0.173828 0.517578 0.173828 0.519531 0.175781 0.525391 0.175781 0.527344 0.177734 0.537109 0.177734 0.539062 0.179688 0.544922 0.175781 0.544922 0.166016 0.546875 0.164062 0.546875 0.154297 0.548828 0.152344 0.548828 0.130859 0.542969 0.126953 0.527344 0.125000 0.525391 0.123047
2 0.109375 0.164062 0.066406 0.253906 0.068359 0.283203 0.083984 0.287109 0.072266 0.292969 0.097656 0.291016 0.105469 0.294922 0.101562 0.298828 0.144531 0.306641 0.195312 0.332031 0.228516 0.333984 0.230469 0.326172 0.212891 0.300781 0.210938 0.279297 0.214844 0.275391 0.246094 0.277344 0.257812 0.259766 0.263672 0.236328 0.199219 0.207031 0.191406 0.199219 0.189453 0.185547 0.154297 0.162109 0.136719 0.158203
2 0.349609 0.244141 0.349609 0.281250 0.353516 0.285156 0.382812 0.285156 0.384766 0.287109 0.398438 0.287109 0.404297 0.283203 0.404297 0.277344 0.410156 0.267578 0.410156 0.248047 0.406250 0.244141 0.400391 0.242188 0.396484 0.238281 0.392578 0.238281 0.390625 0.236328 0.382812 0.236328 0.380859 0.234375 0.363281 0.236328 0.357422 0.240234 0.353516 0.240234
2 0.636719 0.236328 0.630859 0.242188 0.626953 0.271484 0.619141 0.298828 0.642578 0.314453 0.664062 0.322266 0.669922 0.332031 0.681641 0.337891 0.697266 0.335938 0.701172 0.332031 0.701172 0.314453 0.705078 0.302734 0.705078 0.292969 0.712891 0.275391 0.716797 0.251953 0.710938 0.248047 0.695312 0.248047 0.669922 0.240234
2 0.775391 0.271484 0.765625 0.298828 0.765625 0.320312 0.773438 0.320312 0.796875 0.328125 0.802734 0.324219 0.802734 0.318359 0.804688 0.316406 0.808594 0.328125 0.843750 0.328125 0.845703 0.324219 0.845703 0.318359 0.843750 0.316406 0.843750 0.304688 0.845703 0.302734 0.843750 0.300781 0.843750 0.294922 0.839844 0.292969 0.824219 0.292969 0.818359 0.289062 0.812500 0.292969 0.810547 0.291016 0.812500 0.277344 0.808594 0.273438 0.804688 0.273438 0.798828 0.269531 0.781250 0.267578
2 0.886719 0.273438 0.884766 0.273438 0.882812 0.271484 0.875000 0.271484 0.873047 0.273438 0.869141 0.273438 0.867188 0.275391 0.861328 0.275391 0.859375 0.273438 0.853516 0.273438 0.851562 0.275391 0.851562 0.281250 0.849609 0.283203 0.849609 0.316406 0.853516 0.320312 0.855469 0.318359 0.869141 0.318359 0.871094 0.320312 0.882812 0.320312 0.884766 0.318359 0.886719 0.318359
2 0.091797 0.300781 0.091797 0.296875 0.089844 0.294922 0.087891 0.296875 0.082031 0.296875 0.087891 0.296875
2 0.361328 0.294922 0.357422 0.300781 0.359375 0.304688 0.357422 0.322266 0.359375 0.324219 0.359375 0.345703 0.361328 0.347656 0.359375 0.351562 0.361328 0.357422 0.361328 0.371094 0.373047 0.380859 0.373047 0.386719 0.376953 0.390625 0.384766 0.390625 0.390625 0.386719 0.390625 0.382812 0.396484 0.371094 0.396484 0.365234 0.400391 0.355469 0.400391 0.345703 0.408203 0.328125 0.410156 0.306641 0.408203 0.302734 0.396484 0.298828 0.380859 0.298828 0.378906 0.296875 0.363281 0.296875
2 0.066406 0.300781 0.064453 0.304688 0.064453 0.320312 0.068359 0.322266 0.074219 0.322266 0.083984 0.328125 0.087891 0.328125 0.101562 0.335938 0.105469 0.335938 0.115234 0.341797 0.125000 0.343750 0.130859 0.347656 0.138672 0.347656 0.138672 0.339844 0.142578 0.332031 0.140625 0.324219 0.126953 0.320312 0.125000 0.318359 0.121094 0.318359 0.111328 0.312500 0.107422 0.312500 0.093750 0.304688 0.089844 0.304688 0.082031 0.300781 0.076172 0.300781 0.074219 0.298828
2 0.830078 0.333984 0.832031 0.335938 0.832031 0.351562 0.833984 0.353516 0.843750 0.353516 0.845703 0.355469 0.873047 0.355469 0.875000 0.357422 0.876953 0.357422 0.878906 0.355469 0.884766 0.355469 0.886719 0.353516 0.886719 0.337891 0.884766 0.335938 0.884766 0.333984 0.882812 0.333984 0.880859 0.335938 0.871094 0.335938 0.869141 0.333984 0.861328 0.333984 0.859375 0.332031 0.832031 0.332031
2 0.408203 0.359375 0.406250 0.369141 0.398438 0.376953 0.400391 0.380859 0.394531 0.388672 0.392578 0.410156 0.396484 0.417969 0.406250 0.408203 0.410156 0.408203 0.414062 0.400391 0.419922 0.402344 0.410156 0.445312 0.414062 0.457031 0.431641 0.464844 0.451172 0.468750 0.480469 0.466797 0.486328 0.458984 0.490234 0.410156 0.496094 0.392578 0.492188 0.376953 0.476562 0.369141 0.453125 0.369141 0.427734 0.359375
2 0.640625 0.363281 0.626953 0.378906 0.619141 0.402344 0.607422 0.408203 0.582031 0.408203 0.572266 0.443359 0.593750 0.453125 0.626953 0.449219 0.664062 0.466797 0.666016 0.482422 0.648438 0.490234 0.640625 0.511719 0.630859 0.519531 0.630859 0.548828 0.681641 0.564453 0.689453 0.558594 0.703125 0.503906 0.697266 0.496094 0.714844 0.492188 0.718750 0.460938 0.738281 0.435547 0.742188 0.410156 0.714844 0.390625
2 0.798828 0.449219 0.792969 0.457031 0.792969 0.460938 0.789062 0.468750 0.789062 0.474609 0.783203 0.486328 0.783203 0.494141 0.785156 0.498047 0.791016 0.501953 0.808594 0.503906 0.810547 0.505859 0.816406 0.505859 0.826172 0.509766 0.847656 0.511719 0.855469 0.470703 0.845703 0.462891 0.832031 0.458984 0.812500 0.447266 0.802734 0.447266
2 0.058594 0.476562 0.046875 0.482422 0.007812 0.591797 0.000000 0.601562 0.000000 0.697266 0.003906 0.701172 0.009766 0.664062 0.025391 0.632812 0.033203 0.601562 0.078125 0.492188 0.076172 0.484375
2 0.117188 0.501953 0.109375 0.501953 0.103516 0.509766 0.060547 0.628906 0.029297 0.701172 0.025391 0.722656 0.048828 0.734375 0.056641 0.728516 0.072266 0.671875 0.134766 0.519531 0.134766 0.511719
2 0.740234 0.501953 0.728516 0.539062 0.728516 0.578125 0.794922 0.609375 0.816406 0.623047 0.851562 0.634766 0.855469 0.595703 0.839844 0.578125 0.839844 0.568359 0.857422 0.552734 0.855469 0.546875 0.757812 0.500000
2 0.310547 0.537109 0.306641 0.542969 0.306641 0.548828 0.298828 0.566406 0.298828 0.572266 0.294922 0.582031 0.294922 0.593750 0.300781 0.599609 0.320312 0.607422 0.359375 0.611328 0.369141 0.578125 0.369141 0.566406 0.367188 0.564453 0.369141 0.552734 0.367188 0.548828 0.357422 0.542969 0.351562 0.542969 0.341797 0.539062
2 0.503906 0.625000 0.496094 0.650391 0.496094 0.664062 0.494141 0.666016 0.496094 0.677734 0.500000 0.681641 0.507812 0.683594 0.539062 0.685547 0.544922 0.683594 0.544922 0.681641 0.539062 0.679688 0.541016 0.669922 0.552734 0.660156 0.560547 0.667969 0.558594 0.673828 0.560547 0.675781 0.554688 0.685547 0.560547 0.685547 0.564453 0.667969 0.564453 0.654297 0.566406 0.652344 0.564453 0.642578 0.531250 0.626953
2 0.294922 0.648438 0.291016 0.658203 0.291016 0.666016 0.289062 0.667969 0.285156 0.707031 0.283203 0.708984 0.283203 0.718750 0.281250 0.720703 0.281250 0.734375 0.287109 0.738281 0.304688 0.740234 0.306641 0.734375 0.310547 0.730469 0.312500 0.732422 0.322266 0.732422 0.324219 0.730469 0.324219 0.714844 0.326172 0.712891 0.326172 0.701172 0.328125 0.699219 0.324219 0.673828 0.326172 0.671875 0.328125 0.658203 0.324219 0.652344 0.308594 0.650391 0.306641 0.648438
2 0.490234 0.699219 0.490234 0.701172 0.486328 0.707031 0.486328 0.712891 0.484375 0.714844 0.484375 0.718750 0.488281 0.722656 0.492188 0.722656 0.494141 0.724609 0.500000 0.724609 0.501953 0.726562 0.507812 0.726562 0.509766 0.728516 0.513672 0.728516 0.515625 0.730469 0.523438 0.730469 0.525391 0.732422 0.529297 0.732422 0.531250 0.730469 0.531250 0.726562 0.533203 0.724609 0.533203 0.720703 0.535156 0.718750 0.535156 0.710938 0.537109 0.708984 0.537109 0.707031 0.533203 0.703125 0.531250 0.703125 0.529297 0.701172 0.525391 0.701172 0.523438 0.699219 0.511719 0.699219 0.509766 0.697266 0.492188 0.697266
2 0.669922 0.716797 0.628906 0.708984 0.609375 0.712891 0.548828 0.998047 0.656250 0.998047 0.701172 0.791016 0.695312 0.789062 0.695312 0.736328
2 0.812500 0.740234 0.800781 0.753906 0.798828 0.771484 0.796875 0.773438 0.796875 0.794922 0.802734 0.800781 0.818359 0.804688 0.820312 0.806641 0.818359 0.808594 0.824219 0.810547 0.830078 0.816406 0.833984 0.816406 0.830078 0.814453 0.839844 0.808594 0.863281 0.808594 0.871094 0.787109 0.871094 0.773438 0.873047 0.771484 0.871094 0.767578 0.871094 0.757812 0.867188 0.753906 0.863281 0.753906 0.837891 0.742188 0.832031 0.742188 0.822266 0.738281
2 0.259766 0.751953 0.255859 0.755859 0.251953 0.794922 0.240234 0.845703 0.240234 0.857422 0.246094 0.861328 0.281250 0.867188 0.285156 0.865234 0.289062 0.853516 0.289062 0.837891 0.294922 0.822266 0.294922 0.810547 0.302734 0.785156 0.304688 0.759766 0.296875 0.755859 0.275391 0.755859
2 0.000000 0.765625 0.000000 0.980469 0.007812 0.970703 0.013672 0.941406 0.027344 0.919922 0.074219 0.800781 0.072266 0.791016
2 0.371094 0.779297 0.369141 0.781250 0.369141 0.785156 0.367188 0.787109 0.367188 0.792969 0.365234 0.794922 0.365234 0.800781 0.363281 0.802734 0.363281 0.806641 0.365234 0.806641 0.367188 0.808594 0.375000 0.808594 0.376953 0.810547 0.392578 0.810547 0.394531 0.808594 0.394531 0.804688 0.396484 0.802734 0.396484 0.796875 0.398438 0.794922 0.398438 0.791016 0.396484 0.789062 0.396484 0.787109 0.394531 0.785156 0.392578 0.785156 0.390625 0.783203 0.386719 0.783203 0.384766 0.781250 0.376953 0.781250 0.375000 0.779297
2 0.902344 0.792969 0.896484 0.808594 0.896484 0.841797 0.904297 0.847656 0.917969 0.851562 0.929688 0.861328 0.933594 0.861328 0.945312 0.867188 0.958984 0.867188 0.962891 0.859375 0.966797 0.835938 0.972656 0.824219 0.972656 0.816406 0.964844 0.810547 0.945312 0.804688 0.931641 0.794922 0.910156 0.792969 0.908203 0.791016
2 0.787109 0.818359 0.787109 0.824219 0.785156 0.826172 0.785156 0.833984 0.783203 0.835938 0.783203 0.839844 0.785156 0.841797 0.785156 0.843750 0.791016 0.843750 0.792969 0.845703 0.794922 0.845703 0.800781 0.849609 0.804688 0.849609 0.806641 0.851562 0.833984 0.851562 0.835938 0.849609 0.835938 0.839844 0.837891 0.837891 0.837891 0.824219 0.835938 0.822266 0.833984 0.822266 0.832031 0.820312 0.828125 0.820312 0.826172 0.818359 0.820312 0.818359 0.818359 0.816406 0.802734 0.816406 0.800781 0.814453 0.796875 0.814453 0.794922 0.816406 0.789062 0.816406
2 0.894531 0.884766 0.882812 0.908203 0.875000 0.955078 0.906250 0.964844 0.921875 0.978516 0.939453 0.978516 0.941406 0.976562 0.955078 0.978516 0.957031 0.976562 0.943359 0.974609 0.939453 0.970703 0.939453 0.943359 0.947266 0.937500 0.949219 0.923828 0.947266 0.916016 0.953125 0.904297 0.953125 0.896484 0.945312 0.890625 0.917969 0.886719 0.906250 0.880859
2 0.757812 0.921875 0.757812 0.929688 0.759766 0.931641 0.763672 0.931641 0.769531 0.935547 0.775391 0.935547 0.777344 0.937500 0.785156 0.937500 0.787109 0.939453 0.798828 0.939453 0.800781 0.941406 0.814453 0.941406 0.816406 0.939453 0.816406 0.935547 0.818359 0.933594 0.818359 0.917969 0.816406 0.917969 0.814453 0.916016 0.808594 0.916016 0.806641 0.914062 0.802734 0.914062 0.800781 0.912109 0.796875 0.912109 0.794922 0.910156 0.791016 0.910156 0.789062 0.908203 0.781250 0.908203 0.779297 0.906250 0.767578 0.906250 0.765625 0.908203 0.763672 0.917969 0.759766 0.921875
5 0.000000 0.308594 0.001953 0.375000 0.470703 0.572266 0.609375 0.607422 0.998047 0.787109 0.998047 0.742188 0.734375 0.609375 0.386719 0.486328
