0 0.238281 0.000000 0.226562 0.011719 0.226562 0.037109 0.228516 0.039062 0.232422 0.039062 0.238281 0.042969 0.253906 0.042969 0.259766 0.037109 0.259766 0.035156 0.261719 0.033203 0.261719 0.023438 0.263672 0.021484 0.263672 0.015625 0.261719 0.013672 0.261719 0.011719 0.251953 0.001953 0.250000 0.001953 0.248047 0.000000
0 0.970703 0.238281 0.966797 0.244141 0.966797 0.273438 0.986328 0.294922 0.998047 0.300781 0.998047 0.234375 0.994141 0.234375 0.986328 0.238281
0 0.757812 0.347656 0.750000 0.376953 0.771484 0.404297 0.859375 0.437500 0.886719 0.435547 0.902344 0.457031 0.945312 0.468750 0.970703 0.488281 0.998047 0.492188 0.998047 0.455078 0.968750 0.453125 0.958984 0.443359 0.957031 0.433594 0.962891 0.431641 0.917969 0.410156 0.908203 0.417969 0.898438 0.398438 0.841797 0.378906 0.863281 0.355469 0.861328 0.328125 0.841797 0.310547 0.826172 0.306641 0.802734 0.322266 0.792969 0.335938 0.791016 0.361328 0.775391 0.347656
0 0.615234 0.505859 0.599609 0.505859 0.597656 0.507812 0.591797 0.507812 0.587891 0.511719 0.583984 0.521484 0.580078 0.525391 0.574219 0.527344 0.568359 0.535156 0.560547 0.556641 0.560547 0.582031 0.566406 0.585938 0.583984 0.585938 0.587891 0.587891 0.589844 0.585938 0.603516 0.583984 0.621094 0.570312 0.623047 0.566406 0.623047 0.558594 0.625000 0.556641 0.625000 0.548828 0.626953 0.546875 0.626953 0.527344
2 0.986328 0.007812 0.777344 0.000000 0.761719 0.046875 0.769531 0.097656 0.742188 0.191406 0.738281 0.173828 0.527344 0.099609 0.498047 0.173828 0.490234 0.242188 0.712891 0.330078 0.728516 0.255859 0.816406 0.283203 0.849609 0.117188 0.949219 0.136719
2 0.076172 0.003906 0.072266 0.005859 0.068359 0.064453 0.076172 0.074219 0.083984 0.078125 0.091797 0.078125 0.097656 0.082031 0.103516 0.080078 0.107422 0.083984 0.105469 0.085938 0.095703 0.085938 0.089844 0.089844 0.095703 0.095703 0.091797 0.103516 0.117188 0.113281 0.123047 0.107422 0.126953 0.095703 0.126953 0.083984 0.130859 0.076172 0.132812 0.056641 0.130859 0.037109 0.134766 0.007812 0.132812 0.005859
2 0.265625 0.019531 0.261719 0.037109 0.253906 0.044922 0.246094 0.044922 0.242188 0.048828 0.242188 0.058594 0.240234 0.060547 0.240234 0.068359 0.238281 0.070312 0.238281 0.091797 0.242188 0.093750 0.273438 0.095703 0.275391 0.097656 0.279297 0.097656 0.283203 0.093750 0.283203 0.080078 0.287109 0.074219 0.287109 0.062500 0.291016 0.054688 0.291016 0.046875 0.294922 0.037109 0.294922 0.025391 0.292969 0.023438 0.283203 0.023438 0.273438 0.019531
2 0.238281 0.105469 0.236328 0.107422 0.236328 0.111328 0.232422 0.115234 0.228516 0.130859 0.224609 0.136719 0.224609 0.140625 0.220703 0.148438 0.220703 0.158203 0.226562 0.164062 0.240234 0.171875 0.244141 0.171875 0.257812 0.177734 0.271484 0.177734 0.275391 0.173828 0.275391 0.160156 0.277344 0.158203 0.279297 0.142578 0.271484 0.132812 0.261719 0.132812 0.238281 0.115234 0.242188 0.111328 0.246094 0.113281 0.248047 0.111328 0.248047 0.107422
2 0.265625 0.113281 0.265625 0.115234 0.271484 0.115234 0.269531 0.115234 0.267578 0.113281
2 0.060547 0.214844 0.033203 0.275391 0.019531 0.287109 0.000000 0.326172 0.000000 0.365234 0.072266 0.394531 0.080078 0.380859 0.083984 0.396484 0.160156 0.425781 0.175781 0.388672 0.203125 0.347656 0.205078 0.333984 0.220703 0.308594 0.226562 0.279297 0.152344 0.251953 0.140625 0.259766 0.138672 0.250000 0.121094 0.238281
2 0.367188 0.357422 0.365234 0.361328 0.365234 0.380859 0.367188 0.378906 0.373047 0.378906 0.375000 0.380859 0.390625 0.382812 0.402344 0.392578 0.406250 0.392578 0.414062 0.396484 0.419922 0.402344 0.429688 0.406250 0.439453 0.416016 0.443359 0.416016 0.453125 0.390625 0.453125 0.386719 0.449219 0.380859 0.439453 0.376953 0.429688 0.376953 0.421875 0.373047 0.416016 0.367188 0.400391 0.361328 0.384766 0.349609 0.375000 0.349609 0.371094 0.355469
2 0.234375 0.376953 0.232422 0.378906 0.230469 0.378906 0.226562 0.384766 0.226562 0.388672 0.224609 0.390625 0.224609 0.394531 0.220703 0.400391 0.220703 0.406250 0.222656 0.408203 0.224609 0.408203 0.226562 0.410156 0.228516 0.410156 0.230469 0.412109 0.232422 0.412109 0.234375 0.414062 0.240234 0.416016 0.244141 0.419922 0.250000 0.419922 0.257812 0.408203 0.257812 0.404297 0.259766 0.402344 0.259766 0.398438 0.261719 0.396484 0.261719 0.390625 0.259766 0.388672 0.255859 0.388672 0.253906 0.386719 0.251953 0.386719 0.250000 0.384766 0.248047 0.384766 0.246094 0.382812 0.244141 0.382812
2 0.000000 0.396484 0.000000 0.511719 0.017578 0.496094 0.019531 0.478516 0.025391 0.460938 0.037109 0.439453 0.037109 0.431641 0.039062 0.429688 0.039062 0.414062 0.029297 0.410156 0.025391 0.412109 0.013672 0.408203
2 0.480469 0.396484 0.421875 0.505859 0.414062 0.533203 0.439453 0.546875 0.490234 0.564453 0.505859 0.537109 0.492188 0.523438 0.492188 0.511719 0.500000 0.496094 0.494141 0.484375 0.498047 0.482422 0.509766 0.490234 0.525391 0.492188 0.531250 0.476562 0.539062 0.472656 0.552734 0.431641 0.523438 0.414062
2 0.587891 0.419922 0.574219 0.423828 0.566406 0.431641 0.531250 0.500000 0.525391 0.521484 0.498047 0.560547 0.498047 0.566406 0.503906 0.572266 0.541016 0.587891 0.552734 0.585938 0.564453 0.535156 0.582031 0.511719 0.585938 0.494141 0.615234 0.445312 0.603516 0.427734
2 0.371094 0.423828 0.361328 0.423828 0.357422 0.427734 0.353516 0.439453 0.345703 0.449219 0.345703 0.453125 0.326172 0.488281 0.326172 0.496094 0.328125 0.498047 0.332031 0.498047 0.337891 0.503906 0.345703 0.505859 0.351562 0.511719 0.361328 0.511719 0.363281 0.509766 0.363281 0.505859 0.371094 0.492188 0.371094 0.488281 0.375000 0.484375 0.396484 0.441406 0.394531 0.435547
2 0.125000 0.501953 0.109375 0.535156 0.107422 0.546875 0.111328 0.552734 0.134766 0.558594 0.146484 0.556641 0.207031 0.578125 0.220703 0.578125 0.224609 0.574219 0.236328 0.587891 0.250000 0.595703 0.259766 0.595703 0.285156 0.521484 0.277344 0.511719 0.253906 0.505859 0.248047 0.509766 0.246094 0.519531 0.244141 0.498047 0.232422 0.501953 0.226562 0.498047 0.236328 0.494141 0.214844 0.490234 0.193359 0.476562 0.179688 0.480469 0.164062 0.515625 0.134766 0.501953
2 0.720703 0.494141 0.716797 0.523438 0.707031 0.537109 0.707031 0.544922 0.710938 0.548828 0.724609 0.552734 0.732422 0.552734 0.736328 0.544922 0.742188 0.560547 0.750000 0.564453 0.759766 0.576172 0.791016 0.591797 0.808594 0.593750 0.820312 0.576172 0.828125 0.550781 0.826172 0.539062 0.820312 0.533203 0.800781 0.527344 0.771484 0.511719 0.755859 0.511719 0.753906 0.500000 0.746094 0.492188
2 0.632812 0.531250 0.626953 0.552734 0.626953 0.564453 0.623047 0.572266 0.613281 0.582031 0.595703 0.589844 0.591797 0.593750 0.591797 0.599609 0.654297 0.628906 0.675781 0.632812 0.689453 0.630859 0.693359 0.625000 0.697266 0.603516 0.710938 0.583984 0.708984 0.560547 0.697266 0.550781 0.685547 0.548828 0.675781 0.539062 0.666016 0.535156
2 0.839844 0.550781 0.839844 0.558594 0.837891 0.560547 0.833984 0.576172 0.839844 0.580078 0.849609 0.582031 0.871094 0.593750 0.875000 0.593750 0.888672 0.601562 0.896484 0.601562 0.898438 0.603516 0.908203 0.601562 0.921875 0.585938 0.921875 0.574219 0.919922 0.572266 0.898438 0.564453 0.892578 0.564453 0.871094 0.550781 0.867188 0.550781 0.861328 0.546875 0.855469 0.546875 0.853516 0.544922 0.847656 0.544922
2 0.107422 0.562500 0.091797 0.609375 0.093750 0.617188 0.119141 0.623047 0.132812 0.587891 0.134766 0.595703 0.125000 0.619141 0.126953 0.628906 0.146484 0.636719 0.183594 0.644531 0.199219 0.644531 0.205078 0.638672 0.216797 0.634766 0.218750 0.626953 0.212891 0.605469 0.214844 0.589844 0.210938 0.583984 0.156250 0.564453 0.144531 0.564453 0.140625 0.568359 0.136719 0.562500 0.111328 0.558594
2 0.406250 0.632812 0.414062 0.642578 0.429688 0.646484 0.468750 0.671875 0.541016 0.699219 0.548828 0.695312 0.550781 0.705078 0.570312 0.714844 0.583984 0.712891 0.640625 0.664062 0.589844 0.640625 0.582031 0.640625 0.574219 0.652344 0.568359 0.630859 0.552734 0.623047 0.523438 0.623047 0.515625 0.609375 0.492188 0.605469 0.464844 0.587891 0.435547 0.578125 0.425781 0.585938
2 0.773438 0.603516 0.755859 0.636719 0.751953 0.652344 0.738281 0.677734 0.734375 0.693359 0.755859 0.708984 0.781250 0.714844 0.787109 0.712891 0.818359 0.679688 0.839844 0.662109 0.849609 0.638672 0.828125 0.625000 0.814453 0.623047 0.796875 0.615234 0.785156 0.603516
2 0.271484 0.640625 0.271484 0.656250 0.267578 0.667969 0.269531 0.685547 0.275391 0.691406 0.277344 0.701172 0.283203 0.707031 0.292969 0.707031 0.294922 0.708984 0.357422 0.708984 0.363281 0.707031 0.365234 0.703125 0.363281 0.701172 0.365234 0.662109 0.361328 0.648438 0.341797 0.648438 0.339844 0.650391 0.320312 0.646484 0.318359 0.648438 0.316406 0.646484 0.308594 0.648438 0.287109 0.638672 0.273438 0.638672
2 0.884766 0.662109 0.880859 0.658203 0.871094 0.656250 0.853516 0.664062 0.798828 0.718750 0.781250 0.730469 0.759766 0.751953 0.761719 0.761719 0.781250 0.773438 0.791016 0.775391 0.798828 0.771484 0.882812 0.693359 0.886719 0.679688
2 0.197266 0.673828 0.195312 0.677734 0.197266 0.679688 0.197266 0.693359 0.205078 0.705078 0.205078 0.720703 0.207031 0.722656 0.207031 0.728516 0.210938 0.734375 0.251953 0.728516 0.263672 0.724609 0.271484 0.718750 0.269531 0.716797 0.271484 0.707031 0.267578 0.699219 0.267578 0.693359 0.259766 0.685547 0.259766 0.671875 0.257812 0.669922 0.207031 0.669922
2 0.076172 0.689453 0.041016 0.691406 0.039062 0.693359 0.031250 0.693359 0.029297 0.695312 0.029297 0.718750 0.031250 0.720703 0.029297 0.722656 0.031250 0.724609 0.031250 0.728516 0.029297 0.730469 0.031250 0.732422 0.029297 0.734375 0.031250 0.738281 0.029297 0.740234 0.033203 0.750000 0.076172 0.748047 0.080078 0.744141 0.078125 0.693359
2 0.087891 0.697266 0.089844 0.699219 0.087891 0.701172 0.087891 0.714844 0.091797 0.726562 0.091797 0.744141 0.093750 0.746094 0.126953 0.746094 0.128906 0.744141 0.138672 0.744141 0.140625 0.742188 0.162109 0.746094 0.167969 0.740234 0.169922 0.732422 0.167969 0.730469 0.167969 0.714844 0.164062 0.703125 0.162109 0.705078 0.156250 0.705078 0.154297 0.703125 0.136719 0.703125 0.134766 0.701172 0.130859 0.703125 0.125000 0.701172 0.095703 0.701172 0.089844 0.695312
2 0.498047 0.703125 0.492188 0.705078 0.482422 0.720703 0.482422 0.732422 0.490234 0.736328 0.480469 0.738281 0.460938 0.753906 0.457031 0.771484 0.470703 0.787109 0.486328 0.798828 0.511719 0.800781 0.517578 0.792969 0.527344 0.787109 0.529297 0.781250 0.529297 0.761719 0.517578 0.751953 0.523438 0.750000 0.546875 0.761719 0.558594 0.763672 0.566406 0.757812 0.568359 0.738281 0.529297 0.716797 0.515625 0.714844
2 0.210938 0.748047 0.208984 0.748047 0.208984 0.750000
2 0.263672 0.753906 0.259766 0.750000 0.242188 0.750000 0.240234 0.751953 0.216797 0.753906 0.214844 0.755859 0.210938 0.755859 0.208984 0.753906 0.210938 0.792969 0.216797 0.796875 0.218750 0.794922 0.222656 0.796875 0.224609 0.794922 0.251953 0.794922 0.253906 0.792969 0.261719 0.792969 0.265625 0.789062 0.265625 0.777344 0.263672 0.775391
2 0.169922 0.755859 0.152344 0.753906 0.144531 0.759766 0.125000 0.765625 0.099609 0.769531 0.097656 0.779297 0.093750 0.783203 0.074219 0.781250 0.041016 0.785156 0.039062 0.787109 0.041016 0.808594 0.048828 0.820312 0.068359 0.820312 0.082031 0.816406 0.095703 0.816406 0.117188 0.808594 0.146484 0.806641 0.152344 0.802734 0.171875 0.800781 0.173828 0.796875 0.169922 0.785156 0.173828 0.775391 0.169922 0.765625 0.171875 0.761719
2 0.623047 0.757812 0.619141 0.761719 0.619141 0.763672 0.603516 0.777344 0.601562 0.781250 0.601562 0.791016 0.609375 0.798828 0.611328 0.798828 0.619141 0.806641 0.625000 0.816406 0.632812 0.822266 0.642578 0.822266 0.644531 0.820312 0.650391 0.820312 0.654297 0.818359 0.664062 0.808594 0.669922 0.792969 0.664062 0.783203 0.654297 0.773438 0.654297 0.771484 0.652344 0.771484 0.638672 0.759766 0.630859 0.755859
2 0.410156 0.789062 0.410156 0.792969 0.412109 0.794922 0.412109 0.802734 0.416016 0.806641 0.417969 0.806641 0.427734 0.812500 0.431641 0.812500 0.439453 0.818359 0.443359 0.818359 0.445312 0.820312 0.449219 0.820312 0.451172 0.822266 0.457031 0.822266 0.458984 0.820312 0.460938 0.820312 0.466797 0.814453 0.468750 0.814453 0.472656 0.808594 0.472656 0.804688 0.470703 0.802734 0.468750 0.802734 0.451172 0.792969 0.447266 0.792969 0.437500 0.787109 0.433594 0.787109 0.431641 0.785156 0.414062 0.785156
2 0.583984 0.791016 0.572266 0.800781 0.572266 0.806641 0.578125 0.812500 0.580078 0.820312 0.566406 0.832031 0.564453 0.841797 0.580078 0.859375 0.582031 0.859375 0.595703 0.873047 0.601562 0.875000 0.623047 0.855469 0.626953 0.845703 0.634766 0.835938 0.630859 0.828125 0.621094 0.822266 0.601562 0.802734 0.593750 0.791016
2 0.263672 0.816406 0.216797 0.818359 0.214844 0.820312 0.216797 0.824219 0.216797 0.830078 0.214844 0.833984 0.216797 0.835938 0.216797 0.841797 0.218750 0.843750 0.218750 0.851562 0.220703 0.853516 0.220703 0.857422 0.222656 0.859375 0.222656 0.863281 0.226562 0.871094 0.253906 0.871094 0.255859 0.869141 0.261719 0.869141 0.267578 0.863281 0.267578 0.855469 0.265625 0.853516 0.265625 0.826172 0.267578 0.824219
2 0.283203 0.837891 0.283203 0.851562 0.289062 0.865234 0.296875 0.875000 0.296875 0.886719 0.302734 0.898438 0.306641 0.900391 0.351562 0.900391 0.353516 0.898438 0.378906 0.898438 0.382812 0.894531 0.384766 0.882812 0.382812 0.880859 0.380859 0.845703 0.373047 0.832031 0.369141 0.830078 0.337891 0.830078 0.335938 0.832031 0.294922 0.833984
2 0.183594 0.835938 0.115234 0.833984 0.109375 0.835938 0.103516 0.849609 0.093750 0.843750 0.076172 0.843750 0.048828 0.849609 0.041016 0.841797 0.037109 0.853516 0.042969 0.878906 0.041016 0.884766 0.042969 0.888672 0.087891 0.884766 0.101562 0.878906 0.105469 0.871094 0.183594 0.871094
2 0.042969 0.835938 0.042969 0.837891 0.044922 0.837891
2 0.525391 0.878906 0.517578 0.878906 0.513672 0.886719 0.501953 0.898438 0.500000 0.898438 0.496094 0.902344 0.496094 0.921875 0.498047 0.925781 0.509766 0.935547 0.523438 0.935547 0.531250 0.927734 0.531250 0.925781 0.535156 0.923828 0.537109 0.919922 0.550781 0.908203 0.552734 0.904297 0.548828 0.896484 0.541016 0.888672 0.539062 0.888672 0.533203 0.882812
2 0.277344 0.888672 0.273438 0.886719 0.259766 0.886719 0.257812 0.888672 0.250000 0.888672 0.248047 0.890625 0.230469 0.892578 0.226562 0.896484 0.226562 0.904297 0.228516 0.906250 0.228516 0.917969 0.230469 0.919922 0.230469 0.933594 0.232422 0.935547 0.234375 0.933594 0.253906 0.933594 0.255859 0.931641 0.263672 0.931641 0.265625 0.929688 0.271484 0.929688 0.273438 0.927734 0.277344 0.927734 0.279297 0.925781 0.279297 0.902344 0.277344 0.900391
2 0.191406 0.908203 0.189453 0.906250 0.173828 0.906250 0.169922 0.900391 0.166016 0.898438 0.150391 0.900391 0.138672 0.906250 0.119141 0.906250 0.111328 0.912109 0.111328 0.917969 0.113281 0.919922 0.113281 0.945312 0.115234 0.947266 0.128906 0.947266 0.130859 0.945312 0.167969 0.945312 0.169922 0.943359 0.175781 0.943359 0.177734 0.945312 0.179688 0.943359 0.193359 0.943359 0.195312 0.941406 0.195312 0.927734 0.193359 0.925781 0.193359 0.914062 0.191406 0.912109
2 0.058594 0.916016 0.056641 0.919922 0.056641 0.925781 0.054688 0.927734 0.054688 0.943359 0.052734 0.945312 0.054688 0.949219 0.058594 0.951172 0.097656 0.951172 0.099609 0.949219 0.105469 0.949219 0.109375 0.945312 0.109375 0.935547 0.107422 0.939453 0.103516 0.935547 0.103516 0.929688 0.105469 0.927734 0.103516 0.925781 0.103516 0.917969 0.105469 0.914062 0.103516 0.914062 0.099609 0.910156 0.093750 0.910156 0.091797 0.908203 0.072266 0.908203 0.070312 0.910156 0.062500 0.912109
2 0.240234 0.968750 0.240234 0.976562 0.242188 0.978516 0.242188 0.984375 0.244141 0.986328 0.244141 0.998047 0.316406 0.998047 0.310547 0.986328 0.310547 0.978516 0.308594 0.976562 0.308594 0.972656 0.306641 0.968750 0.300781 0.964844 0.289062 0.962891 0.287109 0.960938 0.263672 0.960938 0.261719 0.962891 0.248047 0.962891 0.246094 0.964844 0.242188 0.964844
2 0.203125 0.976562 0.193359 0.976562 0.191406 0.974609 0.183594 0.972656 0.179688 0.968750 0.175781 0.970703 0.167969 0.966797 0.150391 0.968750 0.148438 0.970703 0.140625 0.970703 0.138672 0.972656 0.128906 0.972656 0.125000 0.970703 0.121094 0.974609 0.121094 0.998047 0.199219 0.998047 0.201172 0.996094 0.201172 0.990234 0.203125 0.988281
4 0.324219 0.000000 0.298828 0.175781 0.457031 0.236328 0.486328 0.224609 0.496094 0.167969 0.519531 0.103516 0.533203 0.093750 0.697266 0.156250 0.742188 0.162109 0.769531 0.000000
5 0.000000 0.099609 0.000000 0.136719 0.175781 0.218750 0.339844 0.263672 0.998047 0.542969 0.998047 0.507812 0.912109 0.462891
5 0.000000 0.369141 0.013672 0.406250 0.279297 0.498047 0.359375 0.552734 0.388672 0.849609 0.410156 0.916016 0.496094 0.859375 0.689453 0.683594 0.714844 0.681641 0.630859 0.621094 0.382812 0.539062 0.291016 0.478516
5 0.000000 0.621094 0.023438 0.990234 0.044922 0.984375 0.017578 0.648438 0.164062 0.687500 0.171875 0.789062 0.201172 0.875000 0.205078 0.992188 0.228516 0.998047 0.224609 0.880859 0.195312 0.791016 0.185547 0.666016
