0 0.117188 0.089844 0.095703 0.115234 0.070312 0.121094 0.070312 0.166016 0.060547 0.214844 0.060547 0.240234 0.066406 0.242188 0.062500 0.253906 0.068359 0.257812 0.070312 0.271484 0.082031 0.275391 0.072266 0.283203 0.076172 0.287109 0.181641 0.298828 0.179688 0.291016 0.199219 0.275391 0.199219 0.236328 0.216797 0.191406 0.222656 0.117188 0.199219 0.109375 0.177734 0.091797
0 0.394531 0.195312 0.386719 0.193359 0.380859 0.189453 0.375000 0.189453 0.373047 0.187500 0.347656 0.189453 0.337891 0.193359 0.332031 0.199219 0.328125 0.207031 0.328125 0.212891 0.326172 0.214844 0.326172 0.228516 0.328125 0.232422 0.341797 0.236328 0.343750 0.238281 0.357422 0.240234 0.359375 0.242188 0.369141 0.242188 0.382812 0.236328 0.392578 0.228516 0.396484 0.220703 0.398438 0.207031 0.396484 0.205078 0.396484 0.199219
0 0.685547 0.275391 0.683594 0.275391 0.681641 0.277344 0.681641 0.279297 0.683594 0.281250 0.685547 0.279297
0 0.683594 0.285156 0.677734 0.292969 0.673828 0.328125 0.669922 0.326172 0.667969 0.292969 0.664062 0.298828 0.652344 0.367188 0.648438 0.468750 0.652344 0.484375 0.666016 0.496094 0.683594 0.486328 0.691406 0.462891 0.691406 0.437500 0.685547 0.435547 0.677734 0.404297 0.677734 0.386719 0.685547 0.380859
0 0.859375 0.291016 0.857422 0.310547 0.863281 0.335938 0.876953 0.343750 0.898438 0.345703 0.904297 0.349609 0.904297 0.369141 0.900391 0.380859 0.906250 0.384766 0.933594 0.382812 0.939453 0.363281 0.937500 0.361328 0.939453 0.359375 0.937500 0.355469 0.939453 0.353516 0.937500 0.351562 0.939453 0.349609 0.937500 0.314453 0.925781 0.310547 0.923828 0.312500 0.916016 0.310547 0.906250 0.302734 0.880859 0.291016
0 0.894531 0.447266 0.884766 0.439453 0.869141 0.439453 0.861328 0.443359 0.861328 0.455078 0.857422 0.458984 0.798828 0.458984 0.794922 0.464844 0.794922 0.480469 0.789062 0.484375 0.787109 0.492188 0.779297 0.496094 0.779297 0.513672 0.785156 0.513672 0.789062 0.517578 0.785156 0.519531 0.796875 0.523438 0.800781 0.531250 0.826172 0.531250 0.828125 0.537109 0.832031 0.531250 0.855469 0.527344 0.855469 0.523438 0.861328 0.527344 0.863281 0.519531 0.884766 0.521484 0.882812 0.517578 0.888672 0.513672 0.886719 0.509766 0.890625 0.501953 0.898438 0.498047 0.902344 0.488281 0.902344 0.480469 0.898438 0.478516 0.896484 0.453125 0.890625 0.451172
0 0.478516 0.488281 0.427734 0.484375 0.404297 0.488281 0.398438 0.494141 0.398438 0.515625 0.376953 0.505859 0.339844 0.503906 0.330078 0.494141 0.277344 0.492188 0.271484 0.496094 0.273438 0.507812 0.267578 0.519531 0.275391 0.574219 0.279297 0.580078 0.304688 0.587891 0.324219 0.585938 0.390625 0.601562 0.398438 0.589844 0.396484 0.564453 0.412109 0.541016 0.423828 0.546875 0.460938 0.550781 0.478516 0.541016
0 0.732422 0.796875 0.720703 0.820312 0.699219 0.900391 0.705078 0.935547 0.716797 0.955078 0.777344 0.966797 0.783203 0.978516 0.787109 0.976562 0.783203 0.972656 0.792969 0.968750 0.804688 0.982422 0.787109 0.984375 0.804688 0.988281 0.816406 0.976562 0.820312 0.978516 0.818359 0.972656 0.837891 0.964844 0.863281 0.931641 0.865234 0.904297 0.859375 0.886719 0.867188 0.867188 0.869141 0.816406 0.828125 0.806641
2 0.052734 0.066406 0.058594 0.076172 0.089844 0.082031 0.183594 0.083984 0.179688 0.074219 0.181641 0.042969 0.234375 0.052734 0.259766 0.052734 0.265625 0.048828 0.259766 0.021484 0.261719 0.000000 0.058594 0.000000
2 0.316406 0.000000 0.322266 0.015625 0.337891 0.035156 0.373047 0.041016 0.400391 0.041016 0.441406 0.048828 0.447266 0.042969 0.445312 0.029297 0.437500 0.027344 0.451172 0.025391 0.468750 0.017578 0.476562 0.005859 0.476562 0.000000
2 0.568359 0.000000 0.568359 0.015625 0.566406 0.017578 0.566406 0.031250 0.564453 0.033203 0.564453 0.042969 0.562500 0.044922 0.564453 0.054688 0.578125 0.054688 0.580078 0.056641 0.593750 0.056641 0.595703 0.054688 0.595703 0.025391 0.597656 0.023438 0.597656 0.003906 0.599609 0.000000
2 0.695312 0.000000 0.650391 0.000000 0.650391 0.046875 0.634766 0.070312 0.634766 0.119141 0.630859 0.164062 0.626953 0.181641 0.671875 0.191406 0.673828 0.138672 0.681641 0.119141 0.689453 0.023438
2 0.773438 0.001953 0.775391 0.001953 0.777344 0.000000 0.773438 0.000000
2 0.769531 0.003906 0.759766 0.011719 0.755859 0.101562 0.751953 0.107422 0.740234 0.197266 0.748047 0.203125 0.791016 0.207031 0.794922 0.197266 0.796875 0.148438 0.804688 0.115234 0.804688 0.093750 0.796875 0.089844 0.798828 0.074219 0.804688 0.070312 0.804688 0.056641 0.810547 0.048828 0.808594 0.013672 0.775391 0.011719
2 0.927734 0.031250 0.923828 0.037109 0.925781 0.083984 0.931641 0.087891 0.953125 0.087891 0.955078 0.089844 0.964844 0.087891 0.966797 0.089844 0.976562 0.089844 0.978516 0.085938 0.978516 0.076172 0.980469 0.074219 0.980469 0.048828 0.978516 0.046875 0.978516 0.041016 0.976562 0.039062 0.964844 0.037109 0.958984 0.033203 0.953125 0.033203 0.951172 0.031250 0.937500 0.031250 0.935547 0.029297
2 0.820312 0.091797 0.816406 0.103516 0.816406 0.115234 0.826172 0.125000 0.839844 0.130859 0.853516 0.128906 0.867188 0.138672 0.890625 0.140625 0.908203 0.150391 0.921875 0.150391 0.931641 0.146484 0.929688 0.140625 0.929688 0.128906 0.933594 0.121094 0.931641 0.115234 0.906250 0.117188 0.896484 0.113281 0.886719 0.105469 0.861328 0.099609 0.839844 0.089844 0.824219 0.087891
2 0.828125 0.169922 0.828125 0.177734 0.826172 0.179688 0.826172 0.187500 0.824219 0.189453 0.826172 0.197266 0.841797 0.203125 0.847656 0.203125 0.853516 0.207031 0.859375 0.207031 0.875000 0.212891 0.880859 0.212891 0.886719 0.216797 0.892578 0.216797 0.894531 0.218750 0.902344 0.218750 0.906250 0.214844 0.906250 0.210938 0.912109 0.201172 0.912109 0.195312 0.910156 0.191406 0.908203 0.191406 0.898438 0.181641 0.888672 0.177734 0.873047 0.177734 0.857422 0.166016 0.833984 0.166016
2 0.794922 0.265625 0.787109 0.328125 0.787109 0.388672 0.806641 0.396484 0.847656 0.398438 0.859375 0.384766 0.894531 0.384766 0.902344 0.353516 0.892578 0.347656 0.861328 0.343750 0.845703 0.333984 0.847656 0.328125 0.843750 0.318359 0.843750 0.287109 0.804688 0.265625
2 0.773438 0.292969 0.753906 0.292969 0.736328 0.298828 0.728516 0.330078 0.710938 0.484375 0.732422 0.494141 0.761719 0.494141 0.765625 0.488281 0.771484 0.443359 0.773438 0.369141 0.781250 0.310547
2 0.273438 0.330078 0.277344 0.367188 0.283203 0.369141 0.406250 0.373047 0.408203 0.365234 0.406250 0.333984 0.388672 0.328125 0.386719 0.330078 0.384766 0.328125 0.275391 0.328125
2 0.421875 0.335938 0.421875 0.361328 0.419922 0.363281 0.419922 0.373047 0.423828 0.376953 0.460938 0.376953 0.462891 0.378906 0.476562 0.378906 0.478516 0.375000 0.478516 0.345703 0.470703 0.341797 0.464844 0.341797 0.462891 0.339844 0.453125 0.337891 0.447266 0.333984 0.445312 0.335938 0.433594 0.335938 0.431641 0.333984 0.429688 0.335938 0.427734 0.333984 0.423828 0.333984
2 0.982422 0.339844 0.982422 0.341797 0.992188 0.341797 0.992188 0.337891 0.990234 0.337891 0.988281 0.335938 0.986328 0.335938
2 0.093750 0.351562 0.093750 0.365234 0.097656 0.369141 0.097656 0.406250 0.107422 0.412109 0.142578 0.414062 0.144531 0.416016 0.177734 0.412109 0.185547 0.406250 0.189453 0.398438 0.189453 0.384766 0.199219 0.369141 0.197266 0.365234 0.181641 0.359375 0.162109 0.357422 0.119141 0.347656 0.095703 0.349609
2 0.976562 0.369141 0.966797 0.373047 0.968750 0.375000 0.966797 0.378906 0.968750 0.380859 0.966797 0.386719 0.968750 0.388672 0.968750 0.402344 0.966797 0.404297 0.968750 0.406250 0.966797 0.414062 0.968750 0.416016 0.966797 0.421875 0.968750 0.423828 0.964844 0.433594 0.966797 0.435547 0.958984 0.457031 0.960938 0.460938 0.957031 0.472656 0.992188 0.474609 0.998047 0.472656 0.998047 0.466797 0.994141 0.464844 0.992188 0.453125 0.998047 0.451172 0.998047 0.375000
2 0.810547 0.402344 0.808594 0.404297 0.810547 0.406250 0.810547 0.410156 0.808594 0.412109 0.808594 0.421875 0.806641 0.423828 0.804688 0.433594 0.800781 0.439453 0.800781 0.451172 0.806641 0.455078 0.820312 0.455078 0.822266 0.457031 0.853516 0.457031 0.857422 0.453125 0.855469 0.451172 0.857422 0.441406 0.861328 0.437500 0.867188 0.437500 0.869141 0.435547 0.869141 0.431641 0.871094 0.429688 0.871094 0.414062 0.869141 0.410156 0.857422 0.404297 0.845703 0.404297 0.843750 0.402344
2 0.000000 0.441406 0.000000 0.470703 0.042969 0.476562 0.107422 0.492188 0.167969 0.492188 0.166016 0.457031 0.130859 0.457031 0.015625 0.437500 0.003906 0.437500
2 0.261719 0.458984 0.259766 0.457031 0.238281 0.457031 0.236328 0.458984 0.218750 0.458984 0.216797 0.460938 0.199219 0.460938 0.197266 0.462891 0.185547 0.462891 0.183594 0.460938 0.179688 0.460938 0.177734 0.462891 0.177734 0.488281 0.179688 0.492188 0.187500 0.492188 0.189453 0.494141 0.191406 0.492188 0.228516 0.494141 0.230469 0.492188 0.248047 0.492188 0.250000 0.490234 0.257812 0.490234 0.261719 0.486328
2 0.662109 0.523438 0.662109 0.539062 0.666016 0.541016 0.693359 0.544922 0.740234 0.558594 0.757812 0.556641 0.761719 0.552734 0.761719 0.537109 0.763672 0.535156 0.761719 0.529297 0.708984 0.527344 0.707031 0.525391 0.701172 0.525391 0.693359 0.513672 0.683594 0.513672 0.681641 0.511719 0.667969 0.511719
2 0.947266 0.527344 0.947266 0.531250 0.945312 0.533203 0.947266 0.537109 0.945312 0.539062 0.947266 0.541016 0.943359 0.550781 0.945312 0.552734 0.943359 0.554688 0.945312 0.556641 0.945312 0.564453 0.949219 0.564453 0.957031 0.574219 0.984375 0.576172 0.986328 0.574219 0.982422 0.572266 0.972656 0.572266 0.970703 0.570312 0.972656 0.568359 0.998047 0.568359 0.998047 0.531250 0.996094 0.529297 0.974609 0.529297 0.972656 0.527344 0.962891 0.527344 0.960938 0.525391 0.949219 0.525391
2 0.777344 0.585938 0.777344 0.599609 0.775391 0.601562 0.775391 0.632812 0.777344 0.634766 0.806641 0.636719 0.808594 0.638672 0.818359 0.638672 0.839844 0.644531 0.845703 0.642578 0.857422 0.644531 0.861328 0.638672 0.861328 0.619141 0.859375 0.617188 0.859375 0.601562 0.857422 0.597656 0.830078 0.591797 0.826172 0.583984 0.783203 0.583984
2 0.505859 0.613281 0.507812 0.615234 0.505859 0.617188 0.507812 0.621094 0.505859 0.623047 0.507812 0.625000 0.505859 0.628906 0.507812 0.630859 0.503906 0.638672 0.505859 0.640625 0.503906 0.642578 0.503906 0.646484 0.511719 0.648438 0.513672 0.650391 0.519531 0.650391 0.521484 0.652344 0.535156 0.654297 0.537109 0.656250 0.544922 0.656250 0.546875 0.658203 0.556641 0.658203 0.556641 0.638672 0.554688 0.636719 0.554688 0.626953 0.550781 0.623047 0.546875 0.625000 0.539062 0.625000 0.531250 0.615234 0.527344 0.615234 0.519531 0.611328 0.507812 0.611328
2 0.964844 0.630859 0.962891 0.632812 0.962891 0.636719 0.960938 0.638672 0.960938 0.667969 0.962891 0.669922 0.962891 0.671875 0.964844 0.673828 0.986328 0.673828 0.988281 0.675781 0.998047 0.675781 0.998047 0.636719 0.992188 0.636719 0.990234 0.634766 0.980469 0.634766 0.978516 0.632812 0.968750 0.632812 0.966797 0.630859
2 0.511719 0.656250 0.509766 0.658203 0.511719 0.660156 0.511719 0.664062 0.509766 0.666016 0.509766 0.677734 0.498047 0.710938 0.498047 0.720703 0.511719 0.726562 0.519531 0.726562 0.535156 0.732422 0.542969 0.732422 0.544922 0.728516 0.544922 0.714844 0.546875 0.712891 0.546875 0.707031 0.548828 0.705078 0.550781 0.695312 0.554688 0.689453 0.558594 0.669922 0.554688 0.666016 0.550781 0.666016 0.533203 0.658203 0.527344 0.658203 0.525391 0.656250
2 0.574219 0.675781 0.568359 0.681641 0.568359 0.683594 0.562500 0.689453 0.560547 0.689453 0.560547 0.691406 0.556641 0.695312 0.552734 0.703125 0.552734 0.708984 0.550781 0.710938 0.550781 0.720703 0.552734 0.724609 0.560547 0.730469 0.568359 0.730469 0.570312 0.732422 0.578125 0.732422 0.580078 0.734375 0.591797 0.734375 0.593750 0.732422 0.593750 0.716797 0.597656 0.708984 0.597656 0.699219 0.599609 0.697266 0.599609 0.689453 0.591797 0.683594 0.587891 0.683594 0.585938 0.681641 0.582031 0.681641 0.578125 0.679688 0.576172 0.675781
2 0.388672 0.681641 0.386719 0.685547 0.386719 0.693359 0.384766 0.695312 0.384766 0.726562 0.390625 0.726562 0.392578 0.728516 0.410156 0.728516 0.412109 0.730469 0.431641 0.730469 0.435547 0.726562 0.435547 0.714844 0.437500 0.712891 0.437500 0.699219 0.439453 0.697266 0.439453 0.689453 0.433594 0.685547 0.427734 0.685547 0.425781 0.683594 0.419922 0.683594 0.417969 0.681641 0.410156 0.681641 0.408203 0.679688 0.392578 0.679688
2 0.634766 0.691406 0.630859 0.701172 0.630859 0.708984 0.628906 0.710938 0.628906 0.730469 0.636719 0.740234 0.656250 0.744141 0.658203 0.746094 0.677734 0.748047 0.693359 0.753906 0.699219 0.750000 0.699219 0.746094 0.705078 0.738281 0.707031 0.730469 0.714844 0.724609 0.714844 0.718750 0.710938 0.712891 0.675781 0.701172 0.669922 0.701172 0.654297 0.695312
2 0.755859 0.714844 0.746094 0.742188 0.746094 0.761719 0.734375 0.769531 0.732422 0.787109 0.738281 0.791016 0.828125 0.802734 0.839844 0.783203 0.841797 0.771484 0.835938 0.767578 0.791016 0.765625 0.789062 0.763672 0.794922 0.718750 0.779297 0.712891
2 0.158203 0.718750 0.148438 0.761719 0.144531 0.796875 0.148438 0.804688 0.267578 0.820312 0.289062 0.830078 0.298828 0.826172 0.296875 0.800781 0.304688 0.783203 0.300781 0.775391 0.308594 0.771484 0.310547 0.738281 0.250000 0.730469 0.246094 0.765625 0.242188 0.767578 0.203125 0.755859 0.189453 0.757812 0.191406 0.726562 0.164062 0.716797
2 0.806641 0.718750 0.806641 0.732422 0.812500 0.736328 0.816406 0.736328 0.818359 0.738281 0.832031 0.738281 0.833984 0.740234 0.845703 0.740234 0.847656 0.742188 0.851562 0.738281 0.851562 0.728516 0.853516 0.726562 0.853516 0.716797 0.851562 0.716797 0.849609 0.714844 0.814453 0.714844 0.812500 0.716797 0.808594 0.716797
2 0.490234 0.755859 0.484375 0.765625 0.484375 0.779297 0.482422 0.781250 0.480469 0.798828 0.476562 0.806641 0.476562 0.820312 0.484375 0.824219 0.513672 0.830078 0.521484 0.833984 0.537109 0.833984 0.539062 0.832031 0.541016 0.806641 0.548828 0.787109 0.548828 0.773438 0.546875 0.769531 0.541016 0.765625 0.527344 0.761719 0.509766 0.759766 0.501953 0.755859
2 0.554688 0.785156 0.546875 0.806641 0.544922 0.818359 0.558594 0.833984 0.583984 0.835938 0.585938 0.837891 0.593750 0.837891 0.601562 0.841797 0.611328 0.841797 0.613281 0.843750 0.621094 0.841797 0.625000 0.832031 0.628906 0.810547 0.626953 0.804688 0.615234 0.802734 0.609375 0.796875 0.609375 0.789062 0.611328 0.787109 0.611328 0.781250 0.609375 0.779297 0.574219 0.771484 0.560547 0.779297
2 0.236328 0.830078 0.228516 0.845703 0.228516 0.865234 0.230469 0.869141 0.236328 0.869141 0.240234 0.871094 0.246094 0.876953 0.246094 0.878906 0.271484 0.880859 0.275391 0.875000 0.275391 0.849609 0.279297 0.841797 0.279297 0.835938 0.277344 0.833984 0.265625 0.833984 0.257812 0.830078 0.248047 0.830078 0.246094 0.828125 0.240234 0.828125
2 0.345703 0.847656 0.339844 0.869141 0.339844 0.880859 0.337891 0.882812 0.337891 0.910156 0.345703 0.914062 0.373047 0.917969 0.378906 0.921875 0.390625 0.923828 0.398438 0.927734 0.406250 0.927734 0.408203 0.925781 0.410156 0.896484 0.412109 0.894531 0.412109 0.880859 0.414062 0.878906 0.416016 0.861328 0.384766 0.853516 0.376953 0.853516 0.359375 0.847656 0.351562 0.847656 0.349609 0.845703
2 0.619141 0.892578 0.605469 0.898438 0.595703 0.933594 0.597656 0.943359 0.576172 0.945312 0.566406 0.957031 0.564453 0.966797 0.570312 0.972656 0.580078 0.974609 0.589844 0.988281 0.611328 0.998047 0.642578 0.998047 0.650391 0.990234 0.658203 0.970703 0.658203 0.964844 0.652344 0.960938 0.667969 0.958984 0.673828 0.943359 0.683594 0.929688 0.687500 0.902344 0.677734 0.898438 0.658203 0.902344 0.644531 0.896484
2 0.115234 0.910156 0.115234 0.939453 0.117188 0.943359 0.130859 0.947266 0.136719 0.955078 0.128906 0.966797 0.115234 0.970703 0.113281 0.978516 0.117188 0.982422 0.156250 0.984375 0.167969 0.988281 0.185547 0.988281 0.193359 0.984375 0.220703 0.986328 0.222656 0.960938 0.212891 0.960938 0.208984 0.966797 0.205078 0.966797 0.199219 0.955078 0.187500 0.947266 0.185547 0.912109 0.181641 0.908203 0.148438 0.912109 0.136719 0.904297 0.123047 0.904297
2 0.224609 0.968750 0.222656 0.998047 0.367188 0.998047 0.369141 0.996094 0.369141 0.986328 0.365234 0.980469 0.341797 0.974609 0.328125 0.974609 0.306641 0.968750 0.269531 0.968750 0.234375 0.962891 0.226562 0.964844
2 0.439453 0.998047 0.531250 0.998047 0.531250 0.988281 0.525391 0.984375 0.509766 0.982422 0.503906 0.978516 0.498047 0.978516 0.472656 0.968750 0.449219 0.966797 0.445312 0.972656 0.443359 0.988281
5 0.998047 0.306641 0.591797 0.177734 0.517578 0.185547 0.503906 0.320312 0.000000 0.283203 0.507812 0.349609 0.421875 0.935547 0.203125 0.937500 0.437500 0.986328 0.515625 0.527344 0.757812 0.582031 0.513672 0.498047 0.546875 0.203125 0.939453 0.314453 0.898438 0.664062 0.769531 0.667969 0.894531 0.693359 0.880859 0.906250 0.917969 0.699219 0.998047 0.712891 0.921875 0.667969
6 0.228516 0.111328 0.234375 0.238281 0.246094 0.261719 0.236328 0.267578 0.246094 0.277344 0.238281 0.281250 0.253906 0.291016 0.267578 0.285156 0.277344 0.291016 0.289062 0.285156 0.361328 0.287109 0.455078 0.306641 0.476562 0.306641 0.498047 0.292969 0.509766 0.250000 0.515625 0.173828 0.507812 0.128906 0.326172 0.103516 0.253906 0.103516
6 0.000000 0.476562 0.000000 0.837891 0.080078 0.837891 0.119141 0.818359 0.136719 0.748047 0.140625 0.697266 0.125000 0.679688 0.126953 0.507812 0.062500 0.486328
