0 0.291016 0.000000 0.289062 0.017578 0.294922 0.042969 0.283203 0.070312 0.283203 0.113281 0.291016 0.115234 0.291016 0.125000 0.298828 0.132812 0.320312 0.128906 0.363281 0.128906 0.367188 0.121094 0.367188 0.068359 0.371094 0.056641 0.375000 0.000000
0 0.738281 0.000000 0.615234 0.000000 0.609375 0.005859 0.613281 0.029297 0.619141 0.029297 0.630859 0.046875 0.628906 0.062500 0.611328 0.080078 0.609375 0.101562 0.601562 0.109375 0.623047 0.162109 0.654297 0.162109 0.666016 0.148438 0.673828 0.146484 0.685547 0.123047 0.685547 0.103516 0.689453 0.099609 0.714844 0.109375 0.730469 0.109375 0.742188 0.082031 0.742188 0.050781 0.736328 0.037109
0 0.982422 0.031250 0.970703 0.031250 0.964844 0.035156 0.960938 0.044922 0.947266 0.058594 0.943359 0.072266 0.943359 0.109375 0.951172 0.121094 0.951172 0.126953 0.955078 0.130859 0.957031 0.138672 0.962891 0.144531 0.970703 0.146484 0.986328 0.142578 0.998047 0.142578 0.998047 0.037109 0.994141 0.033203 0.984375 0.033203
0 0.228516 0.173828 0.218750 0.183594 0.218750 0.201172 0.228516 0.212891 0.228516 0.216797 0.244141 0.230469 0.244141 0.244141 0.257812 0.257812 0.257812 0.263672 0.269531 0.277344 0.292969 0.277344 0.312500 0.257812 0.324219 0.255859 0.332031 0.248047 0.333984 0.238281 0.330078 0.222656 0.324219 0.216797 0.330078 0.208984 0.332031 0.197266 0.330078 0.187500 0.322266 0.177734 0.289062 0.166016 0.279297 0.167969 0.271484 0.173828
0 0.472656 0.199219 0.466797 0.195312 0.457031 0.193359 0.455078 0.195312 0.453125 0.193359 0.445312 0.195312 0.443359 0.193359 0.425781 0.193359 0.423828 0.195312 0.414062 0.193359 0.404297 0.195312 0.398438 0.199219 0.390625 0.208984 0.388672 0.218750 0.390625 0.220703 0.390625 0.230469 0.386719 0.242188 0.388672 0.261719 0.392578 0.267578 0.402344 0.275391 0.412109 0.277344 0.421875 0.275391 0.435547 0.261719 0.435547 0.253906 0.441406 0.244141 0.445312 0.242188 0.447266 0.244141 0.460938 0.234375 0.478516 0.230469 0.482422 0.218750 0.480469 0.208984
0 0.308594 0.339844 0.308594 0.349609 0.306641 0.351562 0.306641 0.369141 0.308594 0.371094 0.308594 0.376953 0.310547 0.378906 0.310547 0.380859 0.310547 0.375000 0.312500 0.373047 0.312500 0.365234 0.314453 0.363281 0.314453 0.355469 0.312500 0.353516 0.312500 0.345703 0.308594 0.341797
0 0.000000 0.515625 0.000000 0.539062 0.003906 0.542969 0.037109 0.546875 0.056641 0.560547 0.080078 0.570312 0.060547 0.583984 0.058594 0.601562 0.068359 0.617188 0.123047 0.625000 0.138672 0.621094 0.146484 0.613281 0.148438 0.603516 0.144531 0.589844 0.130859 0.570312 0.134766 0.558594 0.132812 0.537109 0.125000 0.529297 0.107422 0.527344 0.083984 0.535156 0.068359 0.521484 0.029297 0.509766 0.011719 0.509766
1 0.292969 0.298828 0.259766 0.296875 0.222656 0.316406 0.208984 0.398438 0.167969 0.550781 0.167969 0.576172 0.177734 0.591797 0.257812 0.591797 0.273438 0.582031 0.279297 0.462891 0.304688 0.328125 0.302734 0.310547
1 0.591797 0.396484 0.583984 0.398438 0.576172 0.406250 0.574219 0.414062 0.576172 0.490234 0.566406 0.535156 0.568359 0.544922 0.576172 0.552734 0.583984 0.554688 0.591797 0.552734 0.603516 0.539062 0.611328 0.492188 0.609375 0.490234 0.611328 0.466797 0.607422 0.449219 0.609375 0.414062 0.607422 0.406250 0.599609 0.398438
1 0.181641 0.630859 0.177734 0.632812 0.175781 0.730469 0.177734 0.734375 0.183594 0.736328 0.224609 0.734375 0.228516 0.732422 0.230469 0.710938 0.232422 0.708984 0.230469 0.695312 0.234375 0.675781 0.234375 0.636719 0.226562 0.632812 0.212891 0.632812 0.210938 0.630859
2 0.740234 0.000000 0.738281 0.037109 0.744141 0.050781 0.744141 0.082031 0.738281 0.101562 0.738281 0.123047 0.742188 0.128906 0.736328 0.138672 0.734375 0.191406 0.740234 0.197266 0.775391 0.191406 0.792969 0.193359 0.794922 0.134766 0.785156 0.130859 0.792969 0.128906 0.796875 0.119141 0.794922 0.062500 0.773438 0.058594 0.779297 0.000000
2 0.814453 0.023438 0.810547 0.031250 0.812500 0.064453 0.824219 0.068359 0.855469 0.070312 0.816406 0.074219 0.814453 0.082031 0.816406 0.115234 0.865234 0.117188 0.869141 0.107422 0.867188 0.072266 0.871094 0.035156 0.869141 0.023438
2 0.861328 0.128906 0.855469 0.128906 0.853516 0.130859 0.843750 0.130859 0.841797 0.132812 0.816406 0.132812 0.814453 0.134766 0.814453 0.156250 0.812500 0.158203 0.812500 0.181641 0.814453 0.183594 0.863281 0.183594 0.863281 0.177734 0.865234 0.175781 0.865234 0.136719
2 0.000000 0.144531 0.000000 0.203125 0.001953 0.205078 0.031250 0.205078 0.035156 0.199219 0.037109 0.185547 0.035156 0.183594 0.035156 0.179688 0.033203 0.175781 0.029297 0.171875 0.027344 0.166016 0.023438 0.162109 0.023438 0.158203 0.021484 0.156250 0.021484 0.148438 0.015625 0.142578 0.011719 0.142578 0.009766 0.144531
2 0.332031 0.207031 0.332031 0.224609 0.337891 0.232422 0.337891 0.234375 0.345703 0.242188 0.347656 0.242188 0.349609 0.244141 0.365234 0.244141 0.367188 0.246094 0.369141 0.244141 0.373047 0.244141 0.375000 0.242188 0.380859 0.242188 0.384766 0.238281 0.384766 0.234375 0.386719 0.232422 0.386719 0.216797 0.384766 0.214844 0.384766 0.212891 0.382812 0.212891 0.380859 0.210938 0.365234 0.210938 0.363281 0.208984 0.357422 0.208984 0.355469 0.207031 0.347656 0.207031 0.345703 0.205078 0.333984 0.205078
2 0.986328 0.214844 0.900391 0.224609 0.863281 0.525391 0.869141 0.544922 0.945312 0.558594 0.962891 0.552734 0.998047 0.224609
2 0.742188 0.251953 0.710938 0.244141 0.693359 0.246094 0.685547 0.261719 0.685547 0.308594 0.644531 0.304688 0.632812 0.320312 0.611328 0.445312 0.613281 0.494141 0.650391 0.498047 0.673828 0.494141 0.677734 0.433594 0.695312 0.330078 0.681641 0.326172 0.683594 0.310547 0.738281 0.322266
2 0.125000 0.250000 0.091797 0.248047 0.080078 0.251953 0.076172 0.265625 0.076172 0.294922 0.080078 0.302734 0.074219 0.310547 0.074219 0.318359 0.072266 0.320312 0.072266 0.339844 0.074219 0.341797 0.085938 0.341797 0.087891 0.343750 0.095703 0.341797 0.095703 0.335938 0.101562 0.330078 0.105469 0.332031 0.109375 0.330078 0.113281 0.322266 0.113281 0.312500 0.111328 0.310547 0.126953 0.306641 0.136719 0.292969 0.136719 0.269531 0.138672 0.263672 0.136719 0.257812
2 0.777344 0.255859 0.773438 0.259766 0.771484 0.310547 0.763672 0.357422 0.757812 0.371094 0.750000 0.449219 0.751953 0.457031 0.757812 0.460938 0.789062 0.462891 0.794922 0.460938 0.802734 0.449219 0.808594 0.351562 0.828125 0.285156 0.826172 0.263672 0.818359 0.257812
2 0.003906 0.287109 0.003906 0.289062 0.001953 0.291016 0.001953 0.310547 0.003906 0.312500 0.021484 0.312500 0.023438 0.314453 0.027344 0.314453 0.029297 0.312500 0.033203 0.312500 0.033203 0.310547 0.035156 0.308594 0.035156 0.298828 0.037109 0.296875 0.037109 0.287109 0.035156 0.285156 0.029297 0.285156 0.027344 0.283203 0.017578 0.283203 0.015625 0.285156 0.009766 0.285156 0.007812 0.287109
2 0.125000 0.328125 0.125000 0.337891 0.123047 0.339844 0.125000 0.341797 0.125000 0.349609 0.126953 0.349609 0.128906 0.351562 0.138672 0.351562 0.140625 0.353516 0.158203 0.353516 0.158203 0.351562 0.160156 0.349609 0.160156 0.339844 0.162109 0.337891 0.162109 0.328125 0.160156 0.326172 0.148438 0.326172 0.146484 0.324219 0.128906 0.324219
2 0.330078 0.335938 0.316406 0.335938 0.314453 0.337891 0.312500 0.337891 0.312500 0.339844 0.310547 0.341797 0.314453 0.345703 0.314453 0.353516 0.316406 0.355469 0.316406 0.363281 0.314453 0.365234 0.314453 0.367188 0.316406 0.367188 0.318359 0.369141 0.322266 0.369141 0.324219 0.367188 0.326172 0.367188 0.330078 0.363281 0.330078 0.353516 0.332031 0.351562 0.332031 0.337891
2 0.378906 0.339844 0.375000 0.345703 0.375000 0.363281 0.373047 0.365234 0.373047 0.384766 0.375000 0.388672 0.384766 0.390625 0.388672 0.392578 0.390625 0.396484 0.394531 0.396484 0.400391 0.400391 0.402344 0.398438 0.414062 0.396484 0.416016 0.382812 0.419922 0.376953 0.419922 0.371094 0.421875 0.369141 0.421875 0.351562 0.419922 0.349609 0.419922 0.345703 0.417969 0.343750 0.412109 0.343750 0.410156 0.341797 0.406250 0.341797 0.404297 0.339844 0.396484 0.339844 0.394531 0.337891 0.384766 0.337891 0.382812 0.339844
2 0.019531 0.341797 0.019531 0.355469 0.021484 0.357422 0.021484 0.361328 0.023438 0.361328 0.025391 0.363281 0.033203 0.363281 0.035156 0.365234 0.044922 0.365234 0.046875 0.363281 0.046875 0.359375 0.048828 0.357422 0.048828 0.349609 0.050781 0.347656 0.050781 0.345703 0.046875 0.341797
2 0.066406 0.347656 0.066406 0.349609 0.064453 0.351562 0.064453 0.355469 0.062500 0.357422 0.062500 0.363281 0.060547 0.365234 0.060547 0.367188 0.064453 0.373047 0.074219 0.373047 0.076172 0.375000 0.091797 0.375000 0.093750 0.376953 0.109375 0.376953 0.109375 0.353516 0.107422 0.351562 0.105469 0.351562 0.103516 0.349609 0.089844 0.349609 0.087891 0.347656 0.080078 0.347656 0.078125 0.345703 0.070312 0.345703 0.068359 0.347656
2 0.705078 0.347656 0.701172 0.353516 0.699219 0.412109 0.693359 0.455078 0.683594 0.480469 0.683594 0.494141 0.695312 0.498047 0.726562 0.500000 0.732422 0.492188 0.734375 0.441406 0.750000 0.357422 0.744141 0.351562
2 0.056641 0.414062 0.056641 0.433594 0.058594 0.435547 0.060547 0.435547 0.062500 0.437500 0.068359 0.437500 0.070312 0.439453 0.085938 0.439453 0.087891 0.437500 0.087891 0.433594 0.089844 0.431641 0.089844 0.423828 0.091797 0.421875 0.091797 0.417969 0.089844 0.416016 0.085938 0.416016 0.083984 0.414062 0.068359 0.414062 0.066406 0.412109 0.060547 0.412109 0.058594 0.414062
2 0.789062 0.548828 0.783203 0.542969 0.781250 0.517578 0.775391 0.507812 0.728516 0.509766 0.701172 0.515625 0.613281 0.523438 0.607422 0.527344 0.605469 0.539062 0.599609 0.546875 0.603516 0.574219 0.607422 0.578125 0.697266 0.564453 0.771484 0.560547 0.787109 0.556641
2 0.869141 0.570312 0.861328 0.564453 0.835938 0.564453 0.779297 0.572266 0.755859 0.583984 0.746094 0.578125 0.703125 0.583984 0.636719 0.583984 0.597656 0.593750 0.591797 0.609375 0.597656 0.623047 0.613281 0.625000 0.699219 0.617188 0.703125 0.613281 0.730469 0.615234 0.755859 0.609375 0.757812 0.595703 0.763672 0.609375 0.814453 0.601562 0.857422 0.601562 0.871094 0.593750
2 0.810547 0.669922 0.808594 0.687500 0.812500 0.710938 0.808594 0.726562 0.814453 0.738281 0.982422 0.732422 0.984375 0.671875 0.978516 0.664062 0.835938 0.664062
2 0.904297 0.873047 0.902344 0.876953 0.902344 0.890625 0.904297 0.892578 0.904297 0.949219 0.906250 0.951172 0.906250 0.966797 0.910156 0.970703 0.945312 0.970703 0.947266 0.964844 0.945312 0.962891 0.945312 0.919922 0.943359 0.917969 0.943359 0.898438 0.941406 0.896484 0.941406 0.875000 0.939453 0.873047
3 0.148438 0.001953 0.146484 0.011719 0.160156 0.042969 0.167969 0.080078 0.185547 0.095703 0.205078 0.095703 0.222656 0.105469 0.242188 0.109375 0.263672 0.105469 0.277344 0.093750 0.281250 0.068359 0.292969 0.042969 0.291016 0.025391 0.285156 0.017578 0.289062 0.000000
3 0.386719 0.000000 0.375000 0.105469 0.390625 0.128906 0.472656 0.158203 0.507812 0.158203 0.519531 0.140625 0.521484 0.156250 0.539062 0.167969 0.595703 0.167969 0.611328 0.158203 0.611328 0.142578 0.589844 0.115234 0.607422 0.101562 0.609375 0.080078 0.628906 0.054688 0.626953 0.039062 0.607422 0.027344 0.607422 0.000000
3 0.550781 0.226562 0.490234 0.220703 0.443359 0.251953 0.443359 0.273438 0.458984 0.289062 0.435547 0.482422 0.425781 0.507812 0.406250 0.513672 0.396484 0.533203 0.423828 0.580078 0.503906 0.574219 0.527344 0.554688 0.552734 0.410156 0.554688 0.337891 0.574219 0.279297 0.572266 0.248047
3 0.259766 0.617188 0.259766 0.632812 0.267578 0.640625 0.279297 0.644531 0.275391 0.666016 0.259766 0.695312 0.261719 0.705078 0.269531 0.712891 0.285156 0.712891 0.314453 0.701172 0.345703 0.701172 0.353516 0.699219 0.361328 0.691406 0.361328 0.673828 0.353516 0.666016 0.353516 0.636719 0.349609 0.621094 0.341797 0.613281 0.326172 0.607422 0.275391 0.607422 0.267578 0.609375
3 0.962891 0.736328 0.947266 0.736328 0.937500 0.746094 0.916016 0.748047 0.908203 0.755859 0.904297 0.845703 0.906250 0.853516 0.916016 0.863281 0.927734 0.865234 0.939453 0.861328 0.958984 0.867188 0.966797 0.865234 0.974609 0.857422 0.976562 0.832031 0.966797 0.808594 0.966797 0.777344 0.978516 0.767578 0.980469 0.759766 0.978516 0.751953
3 0.000000 0.755859 0.000000 0.998047 0.978516 0.994141 0.904297 0.974609 0.896484 0.931641 0.863281 0.917969 0.279297 0.939453 0.257812 0.761719
4 0.267578 0.728516 0.363281 0.882812 0.388672 0.855469 0.357422 0.748047 0.380859 0.744141 0.421875 0.875000 0.447266 0.849609 0.433594 0.736328 0.509766 0.730469 0.574219 0.765625 0.558594 0.820312 0.583984 0.876953 0.503906 0.875000 0.501953 0.773438 0.476562 0.755859 0.490234 0.876953 0.404297 0.898438 0.410156 0.941406 0.845703 0.917969 0.898438 0.886719 0.884766 0.751953 0.607422 0.750000 0.791016 0.740234 0.810547 0.699219 0.787109 0.654297 0.607422 0.687500 0.582031 0.607422 0.388672 0.605469 0.355469 0.621094 0.363281 0.691406
5 0.013672 0.130859 0.025391 0.148438 0.289062 0.164062 0.345703 0.189453 0.457031 0.191406 0.482422 0.216797 0.576172 0.230469 0.843750 0.232422 0.998047 0.199219 0.982422 0.173828 0.833984 0.195312 0.582031 0.193359 0.056641 0.107422
