0 0.150391 0.000000 0.150391 0.029297 0.121094 0.031250 0.091797 0.050781 0.111328 0.076172 0.167969 0.070312 0.181641 0.117188 0.214844 0.148438 0.232422 0.197266 0.187500 0.201172 0.179688 0.218750 0.199219 0.250000 0.230469 0.265625 0.234375 0.339844 0.255859 0.369141 0.291016 0.380859 0.302734 0.404297 0.322266 0.408203 0.330078 0.433594 0.388672 0.433594 0.394531 0.412109 0.363281 0.353516 0.343750 0.341797 0.314453 0.294922 0.302734 0.242188 0.273438 0.208984 0.197266 0.076172 0.171875 0.000000
0 0.605469 0.000000 0.587891 0.042969 0.605469 0.099609 0.585938 0.134766 0.605469 0.173828 0.597656 0.332031 0.617188 0.349609 0.656250 0.330078 0.699219 0.332031 0.716797 0.369141 0.724609 0.447266 0.744141 0.476562 0.779297 0.496094 0.839844 0.492188 0.863281 0.458984 0.863281 0.421875 0.794922 0.355469 0.857422 0.283203 0.857422 0.236328 0.832031 0.226562 0.818359 0.205078 0.816406 0.009766 0.804688 0.000000
0 0.015625 0.179688 0.025391 0.179688 0.025391 0.177734 0.027344 0.175781 0.029297 0.177734 0.035156 0.177734 0.037109 0.175781 0.041016 0.175781 0.017578 0.175781 0.015625 0.177734
0 0.000000 0.406250 0.000000 0.998047 0.949219 0.992188 0.962891 0.869141 0.917969 0.890625 0.531250 0.808594 0.558594 0.712891 0.513672 0.691406 0.537109 0.623047 0.458984 0.582031 0.763672 0.558594 0.755859 0.509766 0.697266 0.460938 0.261719 0.443359 0.130859 0.375000 0.107422 0.416016
0 0.207031 0.394531 0.207031 0.396484 0.208984 0.396484 0.208984 0.394531
0 0.970703 0.435547 0.947266 0.416016 0.939453 0.414062 0.892578 0.421875 0.878906 0.433594 0.873047 0.435547 0.873047 0.451172 0.867188 0.466797 0.867188 0.480469 0.875000 0.490234 0.894531 0.501953 0.921875 0.507812 0.943359 0.505859 0.951172 0.490234 0.960938 0.480469 0.966797 0.466797 0.974609 0.457031 0.974609 0.443359
0 0.769531 0.527344 0.769531 0.529297 0.773438 0.529297 0.771484 0.527344
0 0.773438 0.533203 0.771484 0.535156 0.769531 0.535156 0.769531 0.537109 0.773438 0.541016 0.771484 0.542969 0.771484 0.548828 0.769531 0.550781 0.769531 0.552734 0.771484 0.552734 0.777344 0.558594 0.777344 0.560547 0.775391 0.562500 0.773438 0.562500 0.771484 0.564453 0.771484 0.566406 0.773438 0.564453 0.775391 0.566406 0.777344 0.566406 0.777344 0.558594 0.775391 0.556641 0.779297 0.552734 0.779297 0.550781 0.777344 0.548828 0.777344 0.546875 0.779297 0.544922 0.779297 0.542969 0.781250 0.541016 0.781250 0.539062 0.779297 0.537109 0.779297 0.535156 0.777344 0.533203
0 0.712891 0.570312 0.716797 0.568359 0.720703 0.574219 0.716797 0.578125 0.716797 0.587891 0.720703 0.603516 0.720703 0.619141 0.728516 0.636719 0.753906 0.650391 0.771484 0.650391 0.785156 0.644531 0.787109 0.640625 0.792969 0.638672 0.798828 0.632812 0.804688 0.611328 0.804688 0.599609 0.800781 0.593750 0.791016 0.587891 0.783203 0.587891 0.777344 0.580078 0.773438 0.580078 0.769531 0.583984 0.765625 0.578125 0.759766 0.578125 0.753906 0.574219 0.732422 0.572266 0.730469 0.568359 0.724609 0.566406 0.720703 0.568359 0.714844 0.566406
0 0.742188 0.728516 0.736328 0.751953 0.740234 0.769531 0.748047 0.779297 0.763672 0.785156 0.794922 0.779297 0.820312 0.779297 0.826172 0.783203 0.824219 0.792969 0.816406 0.802734 0.812500 0.800781 0.810547 0.810547 0.812500 0.830078 0.818359 0.839844 0.849609 0.851562 0.863281 0.851562 0.878906 0.843750 0.878906 0.804688 0.871094 0.802734 0.867188 0.773438 0.873047 0.765625 0.904297 0.751953 0.904297 0.732422 0.896484 0.724609 0.873047 0.712891 0.857422 0.712891 0.837891 0.720703 0.818359 0.720703 0.791016 0.728516 0.767578 0.724609
0 0.937500 0.861328 0.937500 0.865234 0.957031 0.865234 0.957031 0.863281 0.955078 0.861328 0.953125 0.861328 0.951172 0.863281 0.949219 0.863281 0.947266 0.861328 0.945312 0.861328 0.943359 0.863281 0.941406 0.861328
0 0.986328 0.958984 0.990234 0.958984 0.992188 0.960938 0.992188 0.964844 0.994141 0.966797 0.996094 0.964844 0.998047 0.964844 0.998047 0.962891 0.994141 0.958984 0.992188 0.958984 0.990234 0.957031 0.988281 0.957031
0 0.960938 0.970703 0.958984 0.972656 0.960938 0.974609 0.962891 0.974609 0.962891 0.972656
2 0.839844 0.000000 0.832031 0.011719 0.832031 0.029297 0.828125 0.033203 0.824219 0.029297 0.826172 0.015625 0.822266 0.021484 0.822266 0.033203 0.826172 0.039062 0.826172 0.062500 0.855469 0.076172 0.865234 0.076172 0.867188 0.078125 0.884766 0.070312 0.890625 0.056641 0.888672 0.019531 0.876953 0.007812 0.873047 0.007812 0.861328 0.000000
2 0.943359 0.113281 0.937500 0.125000 0.931641 0.154297 0.962891 0.169922 0.955078 0.175781 0.951172 0.189453 0.935547 0.199219 0.933594 0.208984 0.943359 0.232422 0.970703 0.246094 0.980469 0.234375 0.990234 0.210938 0.984375 0.181641 0.998047 0.179688 0.998047 0.130859 0.957031 0.111328
2 0.880859 0.244141 0.876953 0.251953 0.876953 0.263672 0.875000 0.265625 0.875000 0.283203 0.878906 0.287109 0.878906 0.300781 0.882812 0.300781 0.884766 0.302734 0.890625 0.302734 0.896484 0.306641 0.904297 0.306641 0.906250 0.304688 0.906250 0.296875 0.908203 0.294922 0.908203 0.291016 0.910156 0.289062 0.910156 0.283203 0.912109 0.281250 0.912109 0.271484 0.914062 0.269531 0.912109 0.263672 0.914062 0.261719 0.914062 0.257812 0.916016 0.253906 0.910156 0.248047 0.906250 0.246094 0.902344 0.246094 0.900391 0.244141
2 0.974609 0.287109 0.966797 0.287109 0.964844 0.289062 0.960938 0.289062 0.958984 0.291016 0.951172 0.291016 0.951172 0.292969 0.949219 0.294922 0.949219 0.298828 0.945312 0.304688 0.945312 0.308594 0.943359 0.310547 0.943359 0.316406 0.941406 0.318359 0.941406 0.324219 0.939453 0.326172 0.939453 0.333984 0.941406 0.335938 0.945312 0.335938 0.947266 0.337891 0.953125 0.337891 0.955078 0.339844 0.960938 0.339844 0.962891 0.337891 0.962891 0.335938 0.966797 0.330078 0.966797 0.326172 0.970703 0.322266 0.970703 0.318359 0.978516 0.304688 0.978516 0.291016
2 0.935547 0.341797 0.929688 0.345703 0.921875 0.357422 0.917969 0.378906 0.910156 0.390625 0.906250 0.404297 0.912109 0.408203 0.921875 0.408203 0.923828 0.410156 0.945312 0.410156 0.951172 0.412109 0.958984 0.419922 0.966797 0.423828 0.972656 0.419922 0.974609 0.371094 0.980469 0.363281 0.982422 0.355469 0.990234 0.353516 0.964844 0.343750
2 0.833984 0.541016 0.833984 0.546875 0.832031 0.548828 0.832031 0.574219 0.833984 0.574219 0.835938 0.576172 0.843750 0.576172 0.845703 0.574219 0.847656 0.574219 0.849609 0.576172 0.867188 0.576172 0.869141 0.574219 0.873047 0.574219 0.875000 0.572266 0.875000 0.568359 0.876953 0.566406 0.876953 0.562500 0.878906 0.560547 0.878906 0.554688 0.880859 0.552734 0.878906 0.550781 0.878906 0.544922 0.875000 0.541016 0.869141 0.541016 0.867188 0.539062 0.847656 0.539062 0.845703 0.541016
4 0.000000 0.000000 0.000000 0.164062 0.062500 0.156250 0.152344 0.125000 0.160156 0.132812 0.162109 0.123047 0.177734 0.117188 0.167969 0.072266 0.142578 0.083984 0.109375 0.082031 0.085938 0.048828 0.093750 0.039062 0.126953 0.023438 0.146484 0.023438 0.150391 0.015625 0.144531 0.000000
4 0.175781 0.000000 0.199219 0.076172 0.275391 0.205078 0.304688 0.234375 0.328125 0.308594 0.367188 0.347656 0.390625 0.396484 0.419922 0.406250 0.591797 0.406250 0.583984 0.318359 0.595703 0.296875 0.599609 0.199219 0.578125 0.130859 0.597656 0.107422 0.578125 0.041016 0.597656 0.000000
4 0.199219 0.130859 0.183594 0.125000 0.162109 0.140625 0.125000 0.148438 0.052734 0.179688 0.000000 0.185547 0.000000 0.357422 0.083984 0.359375 0.119141 0.351562 0.181641 0.367188 0.236328 0.361328 0.226562 0.339844 0.224609 0.267578 0.195312 0.257812 0.171875 0.226562 0.181641 0.197266 0.214844 0.199219 0.224609 0.187500
4 0.521484 0.593750 0.544922 0.623047 0.546875 0.669922 0.531250 0.691406 0.556641 0.701172 0.564453 0.716797 0.562500 0.779297 0.539062 0.798828 0.541016 0.804688 0.630859 0.835938 0.689453 0.833984 0.730469 0.853516 0.810547 0.847656 0.806641 0.835938 0.693359 0.759766 0.611328 0.693359 0.560547 0.607422 0.562500 0.574219
4 0.652344 0.576172 0.650391 0.574219 0.648438 0.576172
4 0.656250 0.578125 0.656250 0.582031 0.658203 0.582031 0.660156 0.580078 0.658203 0.578125
4 0.664062 0.580078 0.666016 0.582031 0.666016 0.589844 0.667969 0.589844 0.673828 0.595703 0.673828 0.585938 0.675781 0.583984 0.677734 0.583984 0.683594 0.589844 0.681641 0.591797 0.679688 0.591797 0.679688 0.593750 0.677734 0.595703 0.677734 0.597656 0.681641 0.601562 0.685547 0.601562 0.687500 0.603516 0.693359 0.601562 0.699219 0.605469 0.705078 0.599609 0.707031 0.599609 0.707031 0.595703 0.701172 0.589844 0.701172 0.587891 0.697266 0.583984 0.693359 0.583984 0.691406 0.582031 0.687500 0.582031 0.681641 0.578125 0.671875 0.578125 0.669922 0.580078
