0 0.488281 0.000000 0.453125 0.080078 0.457031 0.185547 0.427734 0.265625 0.449219 0.347656 0.431641 0.542969 0.644531 0.582031 0.662109 0.544922 0.800781 0.539062 0.802734 0.564453 0.751953 0.578125 0.740234 0.603516 0.794922 0.630859 0.822266 0.683594 0.847656 0.648438 0.812500 0.406250 0.695312 0.126953 0.732422 0.105469 0.730469 0.085938 0.660156 0.003906
1 0.673828 0.000000 0.787109 0.144531 0.919922 0.396484 0.957031 0.687500 0.958984 0.990234 0.998047 0.998047 0.998047 0.169922 0.867188 0.000000
2 0.107422 0.000000 0.000000 0.000000 0.000000 0.167969 0.029297 0.169922 0.070312 0.154297 0.074219 0.132812 0.085938 0.121094 0.091797 0.099609 0.099609 0.023438 0.107422 0.013672
2 0.451172 0.003906 0.431641 0.005859 0.412109 0.027344 0.412109 0.033203 0.390625 0.042969 0.388672 0.048828 0.390625 0.058594 0.410156 0.078125 0.421875 0.085938 0.427734 0.095703 0.443359 0.099609 0.445312 0.093750 0.447266 0.062500 0.439453 0.060547 0.427734 0.046875 0.429688 0.044922 0.437500 0.052734 0.443359 0.052734 0.460938 0.027344 0.462891 0.009766
2 0.273438 0.041016 0.246094 0.041016 0.238281 0.044922 0.226562 0.041016 0.220703 0.046875 0.216797 0.046875 0.210938 0.052734 0.208984 0.070312 0.201172 0.082031 0.207031 0.093750 0.216797 0.099609 0.224609 0.101562 0.230469 0.107422 0.244141 0.115234 0.255859 0.109375 0.271484 0.091797 0.281250 0.087891 0.292969 0.072266 0.292969 0.070312 0.277344 0.056641 0.277344 0.044922
2 0.433594 0.121094 0.416016 0.101562 0.382812 0.085938 0.339844 0.095703 0.310547 0.117188 0.294922 0.158203 0.273438 0.175781 0.275391 0.189453 0.253906 0.185547 0.242188 0.195312 0.238281 0.224609 0.255859 0.244141 0.275391 0.246094 0.292969 0.228516 0.296875 0.203125 0.335938 0.222656 0.316406 0.236328 0.318359 0.261719 0.396484 0.275391 0.404297 0.251953 0.394531 0.246094 0.406250 0.242188 0.416016 0.207031 0.398438 0.197266 0.417969 0.199219 0.423828 0.193359 0.433594 0.158203 0.423828 0.154297 0.423828 0.138672 0.394531 0.121094 0.400391 0.113281 0.419922 0.128906
2 0.148438 0.109375 0.148438 0.113281 0.132812 0.134766 0.144531 0.152344 0.140625 0.158203 0.140625 0.169922 0.134766 0.177734 0.140625 0.181641 0.138672 0.183594 0.140625 0.185547 0.144531 0.185547 0.148438 0.189453 0.148438 0.193359 0.175781 0.193359 0.201172 0.173828 0.201172 0.167969 0.205078 0.162109 0.224609 0.146484 0.230469 0.132812 0.222656 0.132812 0.218750 0.136719 0.214844 0.136719 0.201172 0.128906 0.193359 0.109375 0.185547 0.109375 0.173828 0.119141 0.160156 0.113281 0.164062 0.109375
2 0.001953 0.173828 0.000000 0.177734 0.003906 0.179688 0.003906 0.199219 0.000000 0.214844 0.000000 0.314453 0.031250 0.324219 0.041016 0.324219 0.044922 0.318359 0.046875 0.296875 0.052734 0.281250 0.056641 0.228516 0.066406 0.185547 0.058594 0.179688
2 0.078125 0.212891 0.078125 0.220703 0.082031 0.224609 0.082031 0.230469 0.078125 0.238281 0.082031 0.240234 0.091797 0.250000 0.091797 0.253906 0.101562 0.253906 0.103516 0.255859 0.109375 0.255859 0.113281 0.250000 0.117188 0.248047 0.126953 0.248047 0.138672 0.236328 0.142578 0.238281 0.146484 0.232422 0.146484 0.222656 0.144531 0.218750 0.140625 0.216797 0.134766 0.216797 0.126953 0.212891 0.111328 0.212891 0.109375 0.210938 0.083984 0.210938 0.082031 0.212891
2 0.375000 0.279297 0.357422 0.298828 0.357422 0.310547 0.363281 0.316406 0.400391 0.328125 0.380859 0.332031 0.378906 0.363281 0.388672 0.373047 0.369141 0.373047 0.361328 0.378906 0.363281 0.412109 0.343750 0.414062 0.337891 0.439453 0.400391 0.462891 0.408203 0.455078 0.408203 0.435547 0.390625 0.419922 0.402344 0.414062 0.408203 0.384766 0.404297 0.378906 0.390625 0.375000 0.400391 0.373047 0.410156 0.355469 0.412109 0.337891 0.400391 0.330078 0.412109 0.326172 0.417969 0.292969 0.398438 0.283203
2 0.261719 0.300781 0.259766 0.302734 0.259766 0.314453 0.257812 0.316406 0.257812 0.333984 0.255859 0.335938 0.259766 0.339844 0.271484 0.339844 0.273438 0.341797 0.279297 0.341797 0.281250 0.343750 0.283203 0.343750 0.287109 0.339844 0.287109 0.332031 0.289062 0.330078 0.289062 0.326172 0.291016 0.324219 0.291016 0.320312 0.292969 0.318359 0.292969 0.314453 0.294922 0.312500 0.294922 0.304688 0.292969 0.302734 0.285156 0.302734 0.283203 0.300781
2 0.158203 0.320312 0.150391 0.332031 0.148438 0.343750 0.154297 0.353516 0.160156 0.357422 0.175781 0.361328 0.177734 0.365234 0.173828 0.367188 0.160156 0.363281 0.156250 0.367188 0.158203 0.373047 0.154297 0.382812 0.156250 0.394531 0.203125 0.404297 0.208984 0.390625 0.208984 0.380859 0.205078 0.376953 0.203125 0.367188 0.189453 0.361328 0.181641 0.365234 0.177734 0.363281 0.183594 0.359375 0.185547 0.339844 0.171875 0.326172
2 0.189453 0.320312 0.189453 0.341797 0.207031 0.361328 0.218750 0.363281 0.226562 0.355469 0.228516 0.359375 0.224609 0.363281 0.224609 0.373047 0.228516 0.376953 0.244141 0.376953 0.261719 0.382812 0.273438 0.380859 0.275391 0.355469 0.271484 0.351562 0.248047 0.341797 0.238281 0.341797 0.232422 0.347656 0.228516 0.357422 0.226562 0.351562 0.230469 0.335938 0.212891 0.326172
2 0.123047 0.335938 0.115234 0.335938 0.113281 0.341797 0.101562 0.353516 0.097656 0.361328 0.097656 0.369141 0.099609 0.371094 0.097656 0.373047 0.087891 0.371094 0.082031 0.373047 0.078125 0.376953 0.076172 0.386719 0.080078 0.390625 0.111328 0.402344 0.119141 0.402344 0.121094 0.398438 0.121094 0.388672 0.123047 0.386719 0.121094 0.382812 0.123047 0.380859 0.128906 0.380859 0.132812 0.384766 0.138672 0.386719 0.146484 0.386719 0.144531 0.384766 0.146484 0.380859 0.144531 0.378906 0.148438 0.373047 0.152344 0.357422 0.144531 0.347656
2 0.021484 0.429688 0.011719 0.457031 0.015625 0.462891 0.062500 0.472656 0.068359 0.488281 0.119141 0.505859 0.167969 0.513672 0.171875 0.509766 0.169922 0.498047 0.181641 0.472656 0.171875 0.464844 0.128906 0.453125 0.164062 0.455078 0.167969 0.449219 0.166016 0.423828 0.148438 0.421875 0.105469 0.404297 0.097656 0.404297 0.082031 0.417969 0.085938 0.435547 0.109375 0.447266 0.126953 0.449219 0.126953 0.453125
2 0.310547 0.470703 0.308594 0.472656 0.308594 0.478516 0.306641 0.480469 0.306641 0.486328 0.304688 0.488281 0.304688 0.505859 0.312500 0.513672 0.320312 0.517578 0.326172 0.517578 0.328125 0.519531 0.333984 0.519531 0.335938 0.521484 0.347656 0.521484 0.349609 0.519531 0.349609 0.511719 0.351562 0.509766 0.351562 0.490234 0.353516 0.488281 0.353516 0.476562 0.351562 0.474609 0.343750 0.474609 0.341797 0.472656 0.333984 0.472656 0.332031 0.470703
2 0.240234 0.507812 0.232422 0.533203 0.222656 0.617188 0.210938 0.646484 0.208984 0.685547 0.216797 0.691406 0.277344 0.697266 0.296875 0.587891 0.300781 0.521484 0.298828 0.515625 0.287109 0.511719
2 0.312500 0.525391 0.306641 0.533203 0.308594 0.541016 0.302734 0.550781 0.302734 0.615234 0.296875 0.640625 0.292969 0.705078 0.300781 0.712891 0.332031 0.716797 0.337891 0.703125 0.337891 0.683594 0.351562 0.609375 0.357422 0.544922 0.349609 0.537109 0.335938 0.537109
2 0.791016 0.541016 0.660156 0.552734 0.660156 0.589844 0.644531 0.605469 0.646484 0.869141 0.654297 0.875000 0.787109 0.873047 0.794922 0.867188 0.791016 0.640625 0.755859 0.628906 0.732422 0.599609 0.734375 0.583984 0.750000 0.572266 0.789062 0.568359
2 0.175781 0.544922 0.171875 0.556641 0.169922 0.599609 0.162109 0.623047 0.156250 0.673828 0.158203 0.677734 0.201172 0.683594 0.205078 0.673828 0.210938 0.589844 0.214844 0.578125 0.216797 0.554688 0.220703 0.548828 0.208984 0.544922
2 0.466797 0.583984 0.433594 0.583984 0.431641 0.597656 0.419922 0.611328 0.417969 0.728516 0.414062 0.730469 0.408203 0.720703 0.388672 0.720703 0.380859 0.757812 0.380859 0.785156 0.384766 0.789062 0.410156 0.789062 0.416016 0.732422 0.417969 0.746094 0.451172 0.751953 0.466797 0.748047 0.474609 0.632812 0.472656 0.597656
2 0.033203 0.593750 0.019531 0.603516 0.013672 0.615234 0.011719 0.658203 0.005859 0.699219 0.017578 0.705078 0.054688 0.708984 0.060547 0.705078 0.068359 0.681641 0.060547 0.660156 0.062500 0.650391 0.068359 0.646484 0.074219 0.646484 0.080078 0.640625 0.085938 0.615234 0.076172 0.607422 0.054688 0.601562 0.039062 0.593750
2 0.205078 0.710938 0.201172 0.716797 0.201172 0.736328 0.199219 0.738281 0.199219 0.742188 0.201172 0.744141 0.201172 0.746094 0.203125 0.748047 0.203125 0.750000 0.205078 0.750000 0.207031 0.751953 0.214844 0.751953 0.216797 0.750000 0.216797 0.748047 0.220703 0.742188 0.220703 0.730469 0.222656 0.728516 0.222656 0.716797 0.220703 0.714844 0.220703 0.712891 0.218750 0.712891 0.216797 0.710938
2 0.113281 0.722656 0.048828 0.714844 0.017578 0.714844 0.013672 0.718750 0.011719 0.773438 0.021484 0.775391 0.015625 0.771484 0.021484 0.765625 0.013672 0.761719 0.025391 0.759766 0.027344 0.783203 0.023438 0.804688 0.005859 0.810547 0.003906 0.851562 0.052734 0.853516 0.058594 0.773438 0.062500 0.767578 0.113281 0.771484 0.117188 0.738281
2 0.291016 0.716797 0.285156 0.732422 0.287109 0.746094 0.279297 0.750000 0.271484 0.750000 0.269531 0.753906 0.263672 0.814453 0.273438 0.820312 0.316406 0.826172 0.320312 0.820312 0.324219 0.775391 0.328125 0.763672 0.324219 0.755859 0.339844 0.751953 0.343750 0.720703 0.341797 0.718750 0.312500 0.720703
2 0.134766 0.728516 0.132812 0.746094 0.123047 0.777344 0.123047 0.794922 0.154297 0.800781 0.144531 0.802734 0.140625 0.833984 0.144531 0.837891 0.189453 0.841797 0.191406 0.837891 0.189453 0.826172 0.195312 0.812500 0.191406 0.804688 0.197266 0.759766 0.167969 0.736328 0.148438 0.728516
2 0.238281 0.728516 0.232422 0.728516 0.226562 0.732422 0.224609 0.765625 0.222656 0.767578 0.220703 0.792969 0.218750 0.794922 0.216797 0.820312 0.214844 0.822266 0.214844 0.832031 0.226562 0.835938 0.232422 0.832031 0.236328 0.789062 0.238281 0.787109 0.238281 0.773438 0.240234 0.771484 0.240234 0.761719 0.242188 0.759766 0.242188 0.751953 0.246094 0.740234 0.246094 0.732422
2 0.488281 0.736328 0.488281 0.767578 0.486328 0.769531 0.488281 0.791016 0.539062 0.796875 0.580078 0.796875 0.582031 0.798828 0.597656 0.796875 0.603516 0.757812 0.601562 0.742188 0.597656 0.738281 0.582031 0.738281 0.566406 0.732422 0.554688 0.732422 0.550781 0.726562 0.544922 0.728516 0.529297 0.726562 0.523438 0.730469 0.498047 0.730469
2 0.019531 0.789062 0.017578 0.789062 0.017578 0.791016
2 0.201172 0.851562 0.201172 0.855469 0.203125 0.857422 0.203125 0.859375 0.207031 0.863281 0.212891 0.863281 0.214844 0.865234 0.234375 0.865234 0.236328 0.863281 0.238281 0.863281 0.238281 0.855469 0.240234 0.853516 0.240234 0.849609 0.238281 0.847656 0.238281 0.845703 0.232422 0.841797 0.218750 0.841797 0.216797 0.843750 0.208984 0.843750 0.205078 0.847656 0.203125 0.847656 0.203125 0.849609
2 0.095703 0.951172 0.099609 0.996094 0.271484 0.992188 0.304688 0.984375 0.304688 0.964844 0.302734 0.980469 0.298828 0.984375 0.294922 0.980469 0.292969 0.953125 0.283203 0.925781 0.128906 0.925781 0.117188 0.933594 0.099609 0.935547
2 0.351562 0.939453 0.351562 0.988281 0.480469 0.994141 0.496094 0.990234 0.498047 0.986328 0.498047 0.947266 0.490234 0.941406
2 0.847656 0.978516 0.828125 0.964844 0.826172 0.947266 0.820312 0.937500 0.753906 0.937500 0.746094 0.949219 0.738281 0.951172 0.724609 0.949219 0.716797 0.939453 0.644531 0.941406 0.634766 0.955078 0.634766 0.964844 0.644531 0.986328 0.832031 0.984375
5 0.417969 0.000000 0.386719 0.000000 0.228516 0.160156 0.152344 0.261719 0.000000 0.408203 0.001953 0.433594 0.039062 0.408203 0.169922 0.275391 0.261719 0.158203 0.408203 0.019531
5 0.863281 0.900391 0.349609 0.871094 0.433594 0.472656 0.431641 0.326172 0.326172 0.869141 0.000000 0.888672 0.003906 0.912109 0.308594 0.916016 0.310547 0.998047 0.332031 0.996094 0.339844 0.912109
6 0.734375 0.087891 0.734375 0.089844 0.736328 0.091797 0.738281 0.091797 0.738281 0.089844 0.736328 0.087891
6 0.738281 0.097656 0.707031 0.179688 0.812500 0.398438 0.849609 0.664062 0.832031 0.685547 0.808594 0.683594 0.810547 0.826172 0.824219 0.847656 0.841797 0.830078 0.865234 0.900391 0.867188 0.998047 0.953125 0.998047 0.953125 0.695312 0.916016 0.398438 0.802734 0.177734
6 0.822266 0.855469 0.824219 0.857422 0.826172 0.857422 0.826172 0.855469
