0 0.599609 0.658203 0.544922 0.587891 0.460938 0.580078 0.466797 0.609375 0.458984 0.613281 0.457031 0.626953 0.421875 0.619141 0.419922 0.601562 0.380859 0.593750 0.343750 0.601562 0.345703 0.611328 0.355469 0.603516 0.359375 0.607422 0.359375 0.626953 0.339844 0.638672 0.306641 0.644531 0.306641 0.693359 0.314453 0.699219 0.464844 0.695312 0.570312 0.701172 0.599609 0.667969
0 0.595703 0.587891 0.595703 0.601562 0.603516 0.613281 0.603516 0.630859 0.605469 0.632812 0.605469 0.636719 0.609375 0.640625 0.615234 0.640625 0.617188 0.642578 0.623047 0.642578 0.625000 0.640625 0.626953 0.642578 0.632812 0.642578 0.634766 0.640625 0.646484 0.638672 0.654297 0.632812 0.666016 0.632812 0.669922 0.625000 0.669922 0.611328 0.650391 0.591797 0.634766 0.583984 0.601562 0.583984
0 0.429688 0.599609 0.441406 0.599609 0.443359 0.597656 0.429688 0.597656
0 0.458984 0.603516 0.457031 0.601562 0.455078 0.601562 0.453125 0.599609 0.451172 0.601562 0.449219 0.601562 0.449219 0.607422 0.445312 0.611328 0.443359 0.609375 0.441406 0.609375 0.437500 0.613281 0.443359 0.613281 0.445312 0.615234 0.453125 0.615234 0.455078 0.613281 0.455078 0.609375 0.457031 0.607422 0.458984 0.607422
0 0.662109 0.728516 0.660156 0.755859 0.662109 0.761719 0.675781 0.771484 0.677734 0.775391 0.681641 0.777344 0.710938 0.777344 0.718750 0.773438 0.724609 0.773438 0.736328 0.779297 0.744141 0.787109 0.753906 0.785156 0.755859 0.781250 0.755859 0.761719 0.751953 0.753906 0.748047 0.720703 0.742188 0.712891 0.736328 0.710938 0.732422 0.712891 0.685547 0.710938
0 0.330078 0.769531 0.328125 0.771484 0.328125 0.810547 0.326172 0.812500 0.326172 0.822266 0.328125 0.824219 0.328125 0.830078 0.332031 0.841797 0.347656 0.853516 0.359375 0.853516 0.363281 0.849609 0.367188 0.837891 0.388672 0.814453 0.388672 0.800781 0.386719 0.794922 0.378906 0.783203 0.361328 0.767578 0.337891 0.767578 0.335938 0.769531
0 0.169922 0.884766 0.148438 0.873047 0.103516 0.867188 0.080078 0.871094 0.076172 0.876953 0.060547 0.880859 0.048828 0.876953 0.000000 0.882812 0.000000 0.998047 0.193359 0.998047 0.193359 0.968750 0.177734 0.941406 0.177734 0.917969
2 0.998047 0.011719 0.988281 0.011719 0.980469 0.015625 0.974609 0.015625 0.972656 0.017578 0.962891 0.017578 0.955078 0.021484 0.955078 0.025391 0.957031 0.027344 0.957031 0.035156 0.958984 0.037109 0.958984 0.042969 0.962891 0.050781 0.966797 0.054688 0.968750 0.060547 0.976562 0.066406 0.984375 0.066406 0.986328 0.064453 0.992188 0.064453 0.994141 0.062500 0.998047 0.062500
2 0.927734 0.025391 0.886719 0.041016 0.884766 0.048828 0.892578 0.082031 0.906250 0.082031 0.937500 0.074219 0.953125 0.076172 0.917969 0.087891 0.925781 0.123047 0.929688 0.126953 0.939453 0.126953 0.970703 0.115234 0.974609 0.111328 0.972656 0.093750 0.968750 0.101562 0.962891 0.097656 0.960938 0.078125 0.951172 0.074219 0.960938 0.068359 0.960938 0.058594 0.955078 0.048828 0.947266 0.046875 0.945312 0.025391
2 0.998047 0.066406 0.996094 0.066406 0.994141 0.068359 0.990234 0.068359 0.988281 0.070312 0.982422 0.070312 0.976562 0.074219 0.976562 0.089844 0.978516 0.091797 0.978516 0.103516 0.980469 0.105469 0.980469 0.107422 0.982422 0.107422 0.984375 0.109375 0.998047 0.109375
2 0.921875 0.126953 0.916016 0.121094 0.912109 0.101562 0.904297 0.089844 0.826172 0.101562 0.800781 0.111328 0.744141 0.117188 0.734375 0.123047 0.734375 0.167969 0.783203 0.164062 0.833984 0.146484 0.873047 0.146484 0.912109 0.140625 0.921875 0.134766
2 0.986328 0.158203 0.976562 0.162109 0.970703 0.167969 0.966797 0.167969 0.964844 0.169922 0.964844 0.175781 0.972656 0.199219 0.984375 0.207031 0.994141 0.207031 0.996094 0.208984 0.982422 0.216797 0.982422 0.228516 0.988281 0.248047 0.988281 0.255859 0.998047 0.255859 0.998047 0.208984 0.994141 0.207031 0.998047 0.205078 0.998047 0.158203
2 0.943359 0.167969 0.919922 0.175781 0.914062 0.181641 0.908203 0.183594 0.906250 0.189453 0.921875 0.222656 0.929688 0.224609 0.923828 0.226562 0.921875 0.230469 0.929688 0.259766 0.937500 0.265625 0.951172 0.265625 0.972656 0.259766 0.974609 0.242188 0.970703 0.222656 0.955078 0.218750 0.958984 0.214844 0.957031 0.212891 0.957031 0.195312 0.953125 0.187500 0.949219 0.167969
2 0.900391 0.195312 0.884766 0.193359 0.878906 0.181641 0.851562 0.189453 0.847656 0.205078 0.826172 0.201172 0.794922 0.212891 0.791016 0.230469 0.777344 0.205078 0.720703 0.210938 0.716797 0.238281 0.726562 0.263672 0.769531 0.261719 0.726562 0.275391 0.718750 0.296875 0.726562 0.316406 0.806641 0.302734 0.798828 0.263672 0.783203 0.257812 0.794922 0.251953 0.792969 0.228516 0.798828 0.250000 0.810547 0.251953 0.851562 0.238281 0.853516 0.220703 0.859375 0.236328 0.875000 0.240234 0.869141 0.253906 0.878906 0.279297 0.912109 0.275391 0.916016 0.257812 0.908203 0.236328 0.873047 0.238281 0.902344 0.230469
2 0.859375 0.250000 0.855469 0.248047 0.839844 0.248047 0.837891 0.250000 0.832031 0.250000 0.826172 0.253906 0.822266 0.253906 0.820312 0.255859 0.816406 0.255859 0.812500 0.257812 0.812500 0.267578 0.814453 0.269531 0.814453 0.275391 0.816406 0.277344 0.818359 0.291016 0.822266 0.294922 0.835938 0.294922 0.837891 0.292969 0.847656 0.292969 0.849609 0.291016 0.861328 0.291016 0.863281 0.289062 0.863281 0.253906
2 0.970703 0.310547 0.968750 0.312500 0.968750 0.322266 0.970703 0.324219 0.974609 0.351562 0.976562 0.355469 0.988281 0.355469 0.990234 0.357422 0.988281 0.359375 0.978516 0.359375 0.978516 0.365234 0.976562 0.367188 0.978516 0.369141 0.982422 0.390625 0.992188 0.402344 0.998047 0.402344 0.998047 0.357422 0.994141 0.355469 0.998047 0.353516 0.998047 0.308594
2 0.113281 0.322266 0.031250 0.337891 0.033203 0.357422 0.029297 0.361328 0.017578 0.361328 0.011719 0.337891 0.000000 0.333984 0.000000 0.517578 0.044922 0.519531 0.050781 0.505859 0.107422 0.505859 0.115234 0.498047 0.117188 0.464844 0.128906 0.433594 0.117188 0.419922
2 0.949219 0.322266 0.916016 0.322266 0.912109 0.326172 0.917969 0.367188 0.931641 0.371094 0.914062 0.376953 0.910156 0.386719 0.908203 0.378906 0.894531 0.376953 0.908203 0.373047 0.898438 0.335938 0.859375 0.335938 0.861328 0.378906 0.878906 0.382812 0.863281 0.390625 0.878906 0.429688 0.894531 0.427734 0.912109 0.416016 0.916016 0.398438 0.935547 0.416016 0.953125 0.414062 0.974609 0.402344 0.966797 0.369141 0.951172 0.363281 0.957031 0.353516
2 0.748047 0.339844 0.732422 0.339844 0.724609 0.343750 0.710938 0.345703 0.705078 0.349609 0.705078 0.357422 0.710938 0.367188 0.712891 0.378906 0.714844 0.380859 0.714844 0.396484 0.716797 0.398438 0.716797 0.414062 0.718750 0.416016 0.726562 0.416016 0.738281 0.412109 0.748047 0.412109 0.771484 0.402344 0.769531 0.382812 0.765625 0.376953 0.763672 0.361328 0.753906 0.343750
2 0.859375 0.390625 0.851562 0.388672 0.814453 0.398438 0.804688 0.404297 0.796875 0.402344 0.761719 0.410156 0.753906 0.416016 0.755859 0.437500 0.761719 0.451172 0.765625 0.455078 0.773438 0.455078 0.798828 0.443359 0.802734 0.439453 0.802734 0.421875 0.806641 0.417969 0.812500 0.417969 0.816406 0.421875 0.820312 0.437500 0.826172 0.443359 0.835938 0.441406 0.845703 0.433594 0.857422 0.431641 0.861328 0.419922
2 0.546875 0.435547 0.546875 0.437500 0.544922 0.439453 0.544922 0.443359 0.546875 0.445312 0.546875 0.468750 0.548828 0.470703 0.576172 0.470703 0.578125 0.468750 0.587891 0.468750 0.591797 0.464844 0.591797 0.460938 0.589844 0.458984 0.589844 0.453125 0.587891 0.451172 0.587891 0.443359 0.585938 0.441406 0.585938 0.437500 0.583984 0.435547 0.580078 0.435547 0.578125 0.433594 0.562500 0.433594 0.560547 0.435547
2 0.384766 0.474609 0.384766 0.482422 0.390625 0.496094 0.388672 0.503906 0.390625 0.511719 0.412109 0.511719 0.414062 0.507812 0.417969 0.527344 0.433594 0.527344 0.447266 0.533203 0.453125 0.531250 0.453125 0.513672 0.466797 0.501953 0.462891 0.482422 0.462891 0.464844 0.458984 0.458984 0.437500 0.457031 0.433594 0.460938 0.427734 0.476562 0.419922 0.484375 0.419922 0.498047 0.416016 0.505859 0.414062 0.503906 0.416016 0.488281 0.414062 0.474609 0.412109 0.472656
2 0.974609 0.458984 0.966797 0.458984 0.964844 0.460938 0.953125 0.460938 0.951172 0.462891 0.947266 0.462891 0.945312 0.460938 0.943359 0.462891 0.939453 0.462891 0.939453 0.464844 0.933594 0.470703 0.927734 0.470703 0.925781 0.472656 0.925781 0.476562 0.927734 0.478516 0.929688 0.488281 0.933594 0.492188 0.933594 0.496094 0.935547 0.498047 0.935547 0.505859 0.937500 0.507812 0.953125 0.507812 0.955078 0.505859 0.964844 0.505859 0.980469 0.498047 0.980469 0.484375 0.978516 0.482422 0.978516 0.474609 0.974609 0.466797
2 0.503906 0.470703 0.500000 0.470703 0.498047 0.474609 0.490234 0.476562 0.486328 0.482422 0.486328 0.498047 0.488281 0.500000 0.488281 0.525391 0.490234 0.527344 0.490234 0.535156 0.492188 0.533203 0.494141 0.535156 0.492188 0.529297 0.498047 0.525391 0.527344 0.525391 0.531250 0.519531 0.529297 0.515625 0.529297 0.507812 0.525391 0.500000 0.525391 0.488281 0.521484 0.480469 0.517578 0.476562 0.513672 0.476562
2 0.916016 0.472656 0.900391 0.472656 0.898438 0.470703 0.886719 0.474609 0.884766 0.472656 0.880859 0.474609 0.880859 0.478516 0.876953 0.482422 0.869141 0.484375 0.867188 0.488281 0.863281 0.482422 0.853516 0.480469 0.814453 0.496094 0.824219 0.535156 0.837891 0.537109 0.861328 0.525391 0.869141 0.525391 0.875000 0.521484 0.873047 0.515625 0.875000 0.509766 0.878906 0.519531 0.884766 0.523438 0.919922 0.513672 0.921875 0.501953 0.917969 0.492188
2 0.187500 0.472656 0.177734 0.472656 0.175781 0.474609 0.169922 0.474609 0.167969 0.476562 0.166016 0.476562 0.160156 0.480469 0.160156 0.486328 0.158203 0.488281 0.158203 0.492188 0.156250 0.494141 0.156250 0.501953 0.160156 0.505859 0.175781 0.505859 0.177734 0.507812 0.185547 0.507812 0.189453 0.503906 0.189453 0.501953 0.191406 0.500000 0.191406 0.494141 0.187500 0.488281
2 0.265625 0.476562 0.257812 0.476562 0.255859 0.478516 0.238281 0.478516 0.234375 0.482422 0.226562 0.486328 0.226562 0.505859 0.232422 0.513672 0.232422 0.529297 0.234375 0.531250 0.250000 0.531250 0.251953 0.529297 0.267578 0.529297 0.271484 0.525391 0.271484 0.490234 0.269531 0.488281 0.269531 0.484375
2 0.628906 0.478516 0.628906 0.484375 0.626953 0.486328 0.626953 0.509766 0.628906 0.511719 0.628906 0.517578 0.630859 0.519531 0.630859 0.521484 0.632812 0.523438 0.636719 0.523438 0.638672 0.525391 0.642578 0.525391 0.644531 0.527344 0.656250 0.527344 0.658203 0.525391 0.658203 0.519531 0.660156 0.517578 0.660156 0.507812 0.658203 0.505859 0.658203 0.480469 0.656250 0.478516 0.656250 0.476562 0.632812 0.476562 0.630859 0.478516
2 0.998047 0.501953 0.958984 0.509766 0.953125 0.519531 0.951172 0.515625 0.933594 0.515625 0.884766 0.527344 0.882812 0.541016 0.876953 0.529297 0.835938 0.542969 0.839844 0.550781 0.835938 0.578125 0.839844 0.582031 0.851562 0.578125 0.859375 0.582031 0.886719 0.578125 0.886719 0.544922 0.896484 0.560547 0.898438 0.578125 0.904297 0.582031 0.957031 0.570312 0.962891 0.558594 0.968750 0.568359 0.998047 0.564453
2 0.771484 0.542969 0.767578 0.550781 0.767578 0.568359 0.769531 0.570312 0.769531 0.576172 0.781250 0.582031 0.781250 0.591797 0.783203 0.593750 0.789062 0.593750 0.791016 0.591797 0.796875 0.591797 0.798828 0.589844 0.806641 0.589844 0.808594 0.587891 0.814453 0.587891 0.816406 0.585938 0.816406 0.572266 0.814453 0.570312 0.812500 0.544922 0.810547 0.542969 0.796875 0.542969 0.794922 0.541016 0.785156 0.541016 0.783203 0.542969
2 0.619141 0.570312 0.617188 0.568359 0.617188 0.564453 0.615234 0.562500 0.615234 0.560547 0.609375 0.554688 0.603516 0.554688 0.601562 0.552734 0.599609 0.554688 0.593750 0.554688 0.591797 0.556641 0.587891 0.556641 0.585938 0.558594 0.578125 0.558594 0.576172 0.560547 0.562500 0.560547 0.560547 0.562500 0.554688 0.562500 0.554688 0.580078 0.576172 0.580078 0.578125 0.582031 0.591797 0.582031 0.593750 0.580078 0.611328 0.580078 0.613281 0.578125 0.617188 0.578125 0.619141 0.576172
2 0.136719 0.562500 0.134766 0.564453 0.132812 0.564453 0.132812 0.566406 0.130859 0.568359 0.130859 0.572266 0.128906 0.574219 0.128906 0.587891 0.126953 0.589844 0.126953 0.607422 0.128906 0.609375 0.128906 0.613281 0.132812 0.617188 0.136719 0.617188 0.140625 0.621094 0.150391 0.621094 0.152344 0.619141 0.154297 0.619141 0.154297 0.617188 0.156250 0.615234 0.156250 0.601562 0.154297 0.599609 0.154297 0.574219 0.156250 0.572266 0.156250 0.570312 0.150391 0.562500
2 0.359375 0.570312 0.357422 0.578125 0.359375 0.591797 0.365234 0.593750 0.367188 0.591797 0.390625 0.591797 0.400391 0.597656 0.417969 0.597656 0.421875 0.601562 0.419922 0.609375 0.421875 0.617188 0.437500 0.621094 0.451172 0.621094 0.451172 0.617188 0.435547 0.613281 0.441406 0.607422 0.445312 0.609375 0.447266 0.607422 0.445312 0.597656 0.441406 0.601562 0.429688 0.601562 0.427734 0.595703 0.423828 0.597656 0.419922 0.595703 0.425781 0.589844 0.437500 0.591797 0.437500 0.583984 0.431641 0.576172 0.423828 0.572266 0.404297 0.572266 0.390625 0.562500 0.382812 0.562500
2 0.636719 0.566406 0.636719 0.574219 0.634766 0.576172 0.634766 0.580078 0.638672 0.583984 0.652344 0.589844 0.666016 0.603516 0.667969 0.603516 0.673828 0.607422 0.683594 0.607422 0.685547 0.605469 0.687500 0.605469 0.687500 0.601562 0.685547 0.599609 0.685547 0.595703 0.683594 0.593750 0.683594 0.585938 0.685547 0.583984 0.685547 0.578125 0.679688 0.572266 0.675781 0.572266 0.673828 0.570312 0.667969 0.570312 0.666016 0.568359 0.660156 0.568359 0.654297 0.564453 0.646484 0.564453 0.644531 0.562500 0.640625 0.562500
2 0.187500 0.568359 0.185547 0.570312 0.185547 0.576172 0.183594 0.578125 0.183594 0.601562 0.185547 0.603516 0.185547 0.607422 0.187500 0.609375 0.189453 0.609375 0.197266 0.619141 0.203125 0.619141 0.205078 0.621094 0.220703 0.621094 0.226562 0.613281 0.224609 0.611328 0.224609 0.609375 0.216797 0.601562 0.216797 0.597656 0.214844 0.595703 0.214844 0.582031 0.216797 0.580078 0.216797 0.570312 0.214844 0.568359 0.199219 0.568359 0.197266 0.566406 0.191406 0.566406 0.189453 0.568359
2 0.117188 0.580078 0.115234 0.578125 0.115234 0.576172 0.109375 0.570312 0.107422 0.572266 0.083984 0.572266 0.082031 0.574219 0.082031 0.578125 0.080078 0.580078 0.080078 0.589844 0.083984 0.595703 0.115234 0.595703 0.115234 0.593750 0.117188 0.591797
2 0.291016 0.578125 0.289062 0.593750 0.287109 0.595703 0.281250 0.595703 0.275391 0.601562 0.275391 0.632812 0.283203 0.636719 0.332031 0.636719 0.335938 0.634766 0.337891 0.601562 0.335938 0.599609 0.330078 0.599609 0.324219 0.595703 0.324219 0.591797 0.322266 0.589844 0.324219 0.578125 0.308594 0.578125 0.306641 0.576172 0.294922 0.576172
2 0.042969 0.589844 0.037109 0.587891 0.000000 0.589844 0.000000 0.667969 0.007812 0.664062 0.013672 0.664062 0.015625 0.666016 0.033203 0.666016 0.042969 0.656250 0.052734 0.652344 0.054688 0.648438 0.054688 0.619141 0.048828 0.605469 0.048828 0.597656
2 0.990234 0.599609 0.988281 0.601562 0.986328 0.601562 0.980469 0.607422 0.980469 0.625000 0.978516 0.626953 0.978516 0.646484 0.980469 0.648438 0.980469 0.652344 0.984375 0.656250 0.998047 0.656250 0.998047 0.599609
2 0.955078 0.615234 0.947266 0.615234 0.945312 0.617188 0.939453 0.617188 0.937500 0.619141 0.935547 0.617188 0.933594 0.619141 0.927734 0.619141 0.925781 0.621094 0.917969 0.623047 0.917969 0.632812 0.916016 0.634766 0.916016 0.644531 0.914062 0.646484 0.914062 0.650391 0.916016 0.652344 0.916016 0.662109 0.919922 0.669922 0.937500 0.669922 0.939453 0.667969 0.953125 0.667969 0.955078 0.666016 0.964844 0.666016 0.966797 0.664062 0.966797 0.642578 0.964844 0.640625 0.964844 0.632812 0.962891 0.630859 0.962891 0.626953 0.957031 0.621094
2 0.894531 0.630859 0.863281 0.630859 0.855469 0.638672 0.855469 0.648438 0.847656 0.654297 0.849609 0.679688 0.853516 0.685547 0.865234 0.687500 0.849609 0.699219 0.849609 0.714844 0.855469 0.726562 0.857422 0.750000 0.865234 0.757812 0.873047 0.757812 0.896484 0.748047 0.916016 0.746094 0.919922 0.742188 0.919922 0.707031 0.912109 0.699219 0.910156 0.687500 0.906250 0.683594 0.886719 0.681641 0.898438 0.677734 0.900391 0.650391
2 0.160156 0.632812 0.156250 0.638672 0.156250 0.664062 0.160156 0.669922 0.171875 0.669922 0.173828 0.671875 0.175781 0.671875 0.177734 0.669922 0.179688 0.669922 0.181641 0.667969 0.181641 0.666016 0.185547 0.662109 0.185547 0.642578 0.183594 0.640625 0.177734 0.640625 0.175781 0.638672 0.167969 0.638672 0.164062 0.634766 0.162109 0.634766
2 0.066406 0.646484 0.064453 0.648438 0.064453 0.667969 0.066406 0.669922 0.066406 0.675781 0.068359 0.677734 0.070312 0.691406 0.072266 0.693359 0.076172 0.693359 0.078125 0.695312 0.093750 0.695312 0.095703 0.693359 0.097656 0.693359 0.099609 0.691406 0.099609 0.681641 0.101562 0.679688 0.101562 0.671875 0.103516 0.669922 0.103516 0.660156 0.101562 0.658203 0.101562 0.642578 0.078125 0.642578 0.076172 0.644531 0.070312 0.644531 0.068359 0.646484
2 0.242188 0.640625 0.236328 0.646484 0.236328 0.681641 0.238281 0.683594 0.261719 0.683594 0.261719 0.646484 0.259766 0.646484 0.257812 0.644531 0.253906 0.644531 0.251953 0.642578 0.248047 0.642578 0.246094 0.640625
2 0.640625 0.667969 0.640625 0.669922 0.642578 0.671875 0.642578 0.675781 0.644531 0.677734 0.644531 0.683594 0.648438 0.687500 0.654297 0.687500 0.656250 0.689453 0.658203 0.689453 0.662109 0.695312 0.667969 0.691406 0.675781 0.691406 0.677734 0.689453 0.683594 0.689453 0.689453 0.685547 0.689453 0.673828 0.687500 0.671875 0.687500 0.669922 0.681641 0.666016 0.642578 0.666016
2 0.998047 0.664062 0.990234 0.664062 0.988281 0.666016 0.982422 0.666016 0.980469 0.667969 0.972656 0.667969 0.968750 0.675781 0.968750 0.695312 0.974609 0.705078 0.974609 0.708984 0.976562 0.710938 0.976562 0.714844 0.978516 0.716797 0.978516 0.720703 0.982422 0.728516 0.998047 0.728516
2 0.203125 0.742188 0.197266 0.751953 0.197266 0.849609 0.208984 0.857422 0.179688 0.861328 0.179688 0.873047 0.187500 0.884766 0.189453 0.912109 0.216797 0.916016 0.263672 0.916016 0.265625 0.892578 0.261719 0.886719 0.271484 0.876953 0.269531 0.859375 0.273438 0.857422 0.277344 0.744141 0.269531 0.740234
2 0.591797 0.748047 0.589844 0.750000 0.589844 0.781250 0.603516 0.781250 0.605469 0.779297 0.605469 0.750000 0.603516 0.750000 0.601562 0.748047
2 0.406250 0.755859 0.402344 0.785156 0.406250 0.833984 0.527344 0.833984 0.525391 0.757812 0.421875 0.753906
2 0.630859 0.785156 0.630859 0.804688 0.634766 0.808594 0.636719 0.808594 0.638672 0.810547 0.660156 0.810547 0.660156 0.806641 0.662109 0.804688 0.662109 0.800781 0.660156 0.798828 0.660156 0.794922 0.662109 0.792969 0.662109 0.787109 0.660156 0.785156 0.658203 0.785156 0.656250 0.783203 0.636719 0.783203 0.634766 0.785156
2 0.591797 0.820312 0.589844 0.822266 0.589844 0.830078 0.587891 0.832031 0.587891 0.851562 0.591797 0.851562 0.593750 0.853516 0.599609 0.853516 0.603516 0.849609 0.603516 0.822266 0.599609 0.822266 0.597656 0.820312
2 0.677734 0.890625 0.675781 0.888672 0.666016 0.888672 0.664062 0.890625 0.615234 0.890625 0.613281 0.892578 0.613281 0.898438 0.615234 0.900391 0.615234 0.906250 0.617188 0.908203 0.617188 0.916016 0.619141 0.917969 0.619141 0.921875 0.623047 0.925781 0.636719 0.925781 0.642578 0.921875 0.654297 0.921875 0.656250 0.919922 0.669922 0.919922 0.671875 0.917969 0.677734 0.917969
2 0.345703 0.904297 0.343750 0.910156 0.345703 0.986328 0.355469 0.992188 0.398438 0.990234 0.400391 0.988281 0.400391 0.964844 0.408203 0.958984 0.410156 0.951172 0.408203 0.935547 0.398438 0.927734 0.398438 0.906250 0.394531 0.902344 0.363281 0.902344 0.361328 0.904297 0.359375 0.902344 0.351562 0.902344
2 0.519531 0.910156 0.513672 0.902344 0.500000 0.902344 0.498047 0.904297 0.494141 0.904297 0.490234 0.912109 0.480469 0.912109 0.478516 0.914062 0.474609 0.912109 0.466797 0.912109 0.455078 0.904297 0.449219 0.904297 0.447266 0.906250 0.433594 0.906250 0.431641 0.908203 0.431641 0.933594 0.439453 0.937500 0.464844 0.937500 0.466797 0.935547 0.513672 0.935547 0.515625 0.933594 0.515625 0.921875 0.517578 0.919922
3 0.066406 0.000000 0.000000 0.000000 0.000000 0.107422 0.035156 0.058594 0.035156 0.054688 0.042969 0.046875 0.048828 0.029297
3 0.000000 0.146484 0.000000 0.292969 0.017578 0.308594 0.054688 0.310547 0.064453 0.292969 0.050781 0.291016 0.068359 0.287109 0.082031 0.316406 0.113281 0.314453 0.136719 0.291016 0.140625 0.246094 0.341797 0.220703 0.357422 0.259766 0.330078 0.250000 0.330078 0.304688 0.402344 0.314453 0.423828 0.357422 0.564453 0.404297 0.669922 0.414062 0.724609 0.181641 0.724609 0.003906 0.099609 0.000000
3 0.048828 0.316406 0.048828 0.318359 0.050781 0.320312 0.048828 0.318359
3 0.062500 0.318359 0.062500 0.320312 0.076172 0.320312 0.066406 0.320312 0.064453 0.318359
3 0.408203 0.333984 0.408203 0.339844 0.410156 0.337891 0.408203 0.335938
5 0.097656 0.000000 0.068359 0.000000 0.064453 0.003906 0.044922 0.046875 0.000000 0.109375 0.000000 0.144531 0.009766 0.144531 0.015625 0.138672 0.017578 0.128906 0.033203 0.111328 0.041016 0.095703 0.068359 0.058594 0.070312 0.048828
5 0.998047 0.117188 0.974609 0.117188 0.966797 0.128906 0.957031 0.128906 0.917969 0.148438 0.833984 0.148438 0.765625 0.173828 0.736328 0.173828 0.728516 0.185547 0.736328 0.197266 0.767578 0.199219 0.841797 0.173828 0.921875 0.173828 0.986328 0.144531 0.996094 0.144531
5 0.998047 0.271484 0.974609 0.275391 0.941406 0.289062 0.917969 0.287109 0.884766 0.294922 0.810547 0.322266 0.789062 0.320312 0.775391 0.333984 0.783203 0.345703 0.816406 0.347656 0.851562 0.337891 0.890625 0.320312 0.923828 0.312500 0.949219 0.314453 0.980469 0.300781 0.996094 0.300781
5 0.998047 0.423828 0.960938 0.433594 0.921875 0.435547 0.900391 0.443359 0.855469 0.449219 0.810547 0.468750 0.781250 0.470703 0.773438 0.482422 0.781250 0.494141 0.810547 0.496094 0.878906 0.470703 0.900391 0.470703 0.925781 0.460938 0.982422 0.457031 0.998047 0.449219
5 0.132812 0.697266 0.146484 0.724609 0.292969 0.742188 0.615234 0.736328 0.615234 0.708984 0.279297 0.705078 0.210938 0.673828 0.330078 0.554688 0.667969 0.562500 0.718750 0.593750 0.789062 0.830078 0.878906 0.996094 0.906250 0.996094 0.765625 0.712891 0.742188 0.578125 0.617188 0.519531 0.314453 0.531250
5 0.988281 0.593750 0.986328 0.587891 0.974609 0.580078 0.955078 0.587891 0.927734 0.589844 0.875000 0.605469 0.849609 0.603516 0.806641 0.613281 0.794922 0.611328 0.789062 0.613281 0.781250 0.625000 0.783203 0.630859 0.794922 0.638672 0.851562 0.628906 0.894531 0.628906 0.935547 0.615234 0.974609 0.609375
