0 0.087891 0.000000 0.000000 0.000000 0.000000 0.138672 0.009766 0.123047 0.011719 0.113281 0.025391 0.097656 0.027344 0.072266 0.035156 0.054688 0.083984 0.011719
0 0.107422 0.000000 0.109375 0.001953 0.109375 0.003906 0.111328 0.005859 0.111328 0.007812 0.113281 0.007812 0.117188 0.011719 0.121094 0.011719 0.123047 0.013672 0.130859 0.013672 0.132812 0.011719 0.134766 0.011719 0.136719 0.009766 0.136719 0.005859 0.140625 0.001953 0.140625 0.000000
0 0.000000 0.332031 0.203125 0.306641 0.185547 0.304688 0.208984 0.289062 0.197266 0.251953 0.257812 0.230469 0.236328 0.189453 0.265625 0.167969 0.318359 0.263672 0.285156 0.287109 0.316406 0.275391 0.369141 0.302734 0.484375 0.281250 0.484375 0.242188 0.677734 0.169922 0.714844 0.173828 0.718750 0.216797 0.763672 0.236328 0.810547 0.164062 0.837891 0.177734 0.812500 0.187500 0.816406 0.230469 0.873047 0.214844 0.806641 0.138672 0.812500 0.000000 0.162109 0.000000 0.195312 0.035156 0.179688 0.097656 0.058594 0.283203 0.037109 0.281250 0.027344 0.187500 0.000000 0.166016
0 0.875000 0.000000 0.876953 0.001953 0.878906 0.007812 0.882812 0.011719 0.882812 0.017578 0.884766 0.019531 0.882812 0.021484 0.878906 0.021484 0.876953 0.023438 0.876953 0.025391 0.878906 0.027344 0.884766 0.027344 0.886719 0.029297 0.886719 0.023438 0.888672 0.021484 0.888672 0.019531 0.886719 0.019531 0.884766 0.017578 0.888672 0.013672 0.890625 0.013672 0.894531 0.017578 0.894531 0.019531 0.896484 0.017578 0.896484 0.011719 0.898438 0.009766 0.900391 0.009766 0.902344 0.011719 0.902344 0.007812 0.900391 0.009766 0.898438 0.007812 0.890625 0.007812 0.888672 0.005859 0.888672 0.000000
0 0.894531 0.001953 0.898438 0.001953 0.900391 0.000000 0.894531 0.000000
0 0.941406 0.000000 0.943359 0.001953 0.947266 0.001953 0.947266 0.000000
0 0.953125 0.000000 0.953125 0.001953 0.951172 0.003906 0.951172 0.005859 0.957031 0.011719 0.962891 0.011719 0.964844 0.013672 0.966797 0.011719 0.966797 0.000000
0 0.941406 0.007812 0.941406 0.009766 0.945312 0.009766 0.945312 0.007812
0 0.955078 0.031250 0.949219 0.033203 0.955078 0.042969 0.949219 0.048828 0.937500 0.048828 0.939453 0.054688 0.953125 0.066406 0.953125 0.074219 0.941406 0.080078 0.945312 0.083984 0.937500 0.093750 0.939453 0.105469 0.953125 0.113281 0.953125 0.136719 0.949219 0.140625 0.941406 0.140625 0.941406 0.150391 0.947266 0.150391 0.949219 0.154297 0.939453 0.156250 0.939453 0.164062 0.951172 0.167969 0.955078 0.173828 0.962891 0.173828 0.964844 0.177734 0.957031 0.179688 0.958984 0.181641 0.970703 0.179688 0.980469 0.183594 0.982422 0.046875 0.970703 0.046875 0.964844 0.041016 0.966797 0.033203
0 0.876953 0.046875 0.875000 0.048828 0.876953 0.054688 0.884766 0.058594 0.878906 0.064453 0.884766 0.064453 0.888672 0.072266 0.882812 0.078125 0.876953 0.078125 0.878906 0.085938 0.884766 0.089844 0.882812 0.093750 0.878906 0.095703 0.876953 0.093750 0.876953 0.095703 0.882812 0.095703 0.888672 0.099609 0.892578 0.105469 0.890625 0.109375 0.894531 0.113281 0.892578 0.117188 0.880859 0.117188 0.882812 0.119141 0.892578 0.119141 0.902344 0.128906 0.902344 0.134766 0.904297 0.126953 0.904297 0.056641 0.906250 0.050781 0.900391 0.046875 0.896484 0.048828
0 0.912109 0.093750 0.910156 0.095703 0.912109 0.095703
0 0.880859 0.101562 0.878906 0.101562 0.878906 0.105469 0.880859 0.103516
0 0.878906 0.109375 0.880859 0.111328 0.882812 0.111328 0.882812 0.109375
0 0.910156 0.109375 0.910156 0.111328 0.912109 0.111328 0.912109 0.109375
0 0.902344 0.156250 0.900391 0.158203 0.902344 0.160156 0.902344 0.166016 0.904297 0.167969 0.900391 0.171875 0.898438 0.171875 0.896484 0.173828 0.900391 0.177734 0.898438 0.179688 0.902344 0.179688 0.904297 0.177734 0.906250 0.177734 0.908203 0.179688 0.912109 0.179688 0.912109 0.173828 0.910156 0.171875 0.910156 0.167969 0.912109 0.166016 0.912109 0.164062 0.910156 0.164062 0.908203 0.166016 0.906250 0.166016 0.904297 0.164062 0.904297 0.158203
0 0.566406 0.355469 0.554688 0.400391 0.583984 0.515625 0.669922 0.521484 0.705078 0.503906 0.767578 0.521484 0.791016 0.548828 0.814453 0.539062 0.800781 0.564453 0.806641 0.910156 0.820312 0.947266 0.904297 0.972656 0.914062 0.992188 0.957031 0.921875 0.912109 0.697266 0.869141 0.587891 0.998047 0.546875 0.998047 0.462891 0.931641 0.472656 0.890625 0.517578 0.824219 0.531250 0.833984 0.503906 0.783203 0.417969 0.777344 0.341797 0.675781 0.324219
0 0.082031 0.509766 0.082031 0.521484 0.085938 0.525391 0.087891 0.525391 0.093750 0.529297 0.097656 0.529297 0.099609 0.531250 0.115234 0.531250 0.123047 0.523438 0.123047 0.521484 0.125000 0.519531 0.125000 0.509766 0.123047 0.507812 0.123047 0.505859 0.121094 0.505859 0.119141 0.503906 0.115234 0.503906 0.113281 0.501953 0.107422 0.501953 0.105469 0.500000 0.099609 0.500000 0.097656 0.501953 0.091797 0.501953
0 0.421875 0.507812 0.408203 0.511719 0.421875 0.519531 0.396484 0.541016 0.443359 0.992188 0.552734 0.992188 0.587891 0.964844 0.572266 0.896484 0.582031 0.890625 0.574219 0.847656 0.583984 0.837891 0.568359 0.769531 0.580078 0.765625 0.562500 0.763672 0.574219 0.744141 0.562500 0.738281 0.576172 0.732422 0.566406 0.707031 0.582031 0.697266 0.566406 0.693359 0.578125 0.687500 0.564453 0.677734 0.568359 0.609375 0.537109 0.554688 0.525391 0.562500 0.519531 0.546875 0.511719 0.556641 0.501953 0.546875 0.496094 0.562500 0.488281 0.537109 0.435547 0.527344 0.435547 0.511719
0 0.601562 0.515625 0.601562 0.517578 0.603516 0.517578 0.605469 0.519531 0.607422 0.519531 0.609375 0.517578 0.607422 0.515625
0 0.546875 0.554688 0.546875 0.556641 0.548828 0.558594 0.548828 0.560547 0.546875 0.562500 0.546875 0.564453 0.548828 0.564453 0.548828 0.558594 0.550781 0.556641 0.548828 0.554688
0 0.097656 0.568359 0.097656 0.570312 0.095703 0.572266 0.095703 0.576172 0.093750 0.578125 0.093750 0.585938 0.095703 0.587891 0.097656 0.593750 0.101562 0.597656 0.101562 0.599609 0.103516 0.601562 0.111328 0.601562 0.113281 0.603516 0.115234 0.601562 0.126953 0.601562 0.128906 0.599609 0.134766 0.599609 0.136719 0.597656 0.136719 0.589844 0.138672 0.587891 0.138672 0.566406 0.136719 0.564453 0.130859 0.564453 0.128906 0.562500 0.121094 0.562500 0.119141 0.560547 0.113281 0.560547 0.111328 0.562500 0.105469 0.562500 0.103516 0.564453 0.101562 0.564453
0 0.093750 0.638672 0.093750 0.652344 0.097656 0.656250 0.099609 0.656250 0.107422 0.664062 0.111328 0.664062 0.113281 0.666016 0.136719 0.666016 0.138672 0.664062 0.138672 0.662109 0.140625 0.660156 0.140625 0.638672 0.138672 0.636719 0.138672 0.632812 0.134766 0.628906 0.126953 0.628906 0.125000 0.626953 0.121094 0.626953 0.119141 0.625000 0.113281 0.625000 0.111328 0.626953 0.105469 0.626953 0.101562 0.630859 0.101562 0.632812 0.099609 0.634766 0.097656 0.634766
0 0.373047 0.716797 0.339844 0.716797 0.296875 0.728516 0.298828 0.757812 0.306641 0.794922 0.308594 0.847656 0.312500 0.851562 0.349609 0.851562 0.376953 0.847656 0.384766 0.843750 0.378906 0.792969 0.376953 0.726562
0 0.589844 0.726562 0.587891 0.726562 0.585938 0.728516 0.585938 0.732422 0.587891 0.732422 0.589844 0.730469
0 0.064453 0.873047 0.064453 0.875000 0.062500 0.876953 0.062500 0.878906 0.064453 0.880859 0.064453 0.882812 0.066406 0.884766 0.068359 0.884766 0.066406 0.882812 0.066406 0.875000
0 0.048828 0.875000 0.046875 0.876953 0.046875 0.878906 0.048828 0.880859 0.050781 0.878906 0.050781 0.876953
0 0.074219 0.882812 0.074219 0.884766 0.072266 0.886719 0.072266 0.888672 0.074219 0.888672 0.076172 0.890625 0.076172 0.892578 0.074219 0.894531 0.074219 0.900391 0.078125 0.904297 0.082031 0.904297 0.083984 0.902344 0.083984 0.898438 0.082031 0.896484 0.082031 0.886719 0.083984 0.884766 0.078125 0.884766 0.076172 0.882812
0 0.062500 0.894531 0.062500 0.896484 0.064453 0.898438 0.064453 0.900391 0.062500 0.902344 0.064453 0.904297 0.066406 0.904297 0.068359 0.902344 0.068359 0.898438 0.064453 0.894531
0 0.066406 0.916016 0.064453 0.917969 0.066406 0.917969
0 0.011719 0.929688 0.011719 0.931641 0.009766 0.933594 0.007812 0.933594 0.011719 0.933594
0 0.751953 0.939453 0.781250 0.939453 0.779297 0.937500 0.753906 0.937500
0 0.769531 0.955078 0.787109 0.955078 0.789062 0.953125 0.771484 0.953125
2 0.283203 0.173828 0.265625 0.169922 0.238281 0.189453 0.259766 0.230469 0.240234 0.244141 0.232422 0.238281 0.222656 0.238281 0.201172 0.248047 0.199219 0.253906 0.208984 0.273438 0.210938 0.289062 0.197266 0.300781 0.189453 0.300781 0.189453 0.306641 0.271484 0.296875 0.285156 0.285156 0.314453 0.273438 0.308594 0.250000 0.294922 0.224609 0.296875 0.205078
2 0.677734 0.201172 0.623047 0.201172 0.619141 0.205078 0.617188 0.218750 0.613281 0.208984 0.576172 0.212891 0.574219 0.224609 0.560547 0.224609 0.525391 0.234375 0.525391 0.250000 0.568359 0.238281 0.576172 0.238281 0.580078 0.246094 0.617188 0.238281 0.619141 0.234375 0.625000 0.255859 0.630859 0.259766 0.669922 0.253906 0.681641 0.248047
2 0.947266 0.333984 0.910156 0.339844 0.867188 0.337891 0.857422 0.343750 0.859375 0.384766 0.878906 0.464844 0.882812 0.498047 0.916016 0.492188 0.916016 0.470703 0.919922 0.466797 0.974609 0.458984 0.970703 0.425781 0.957031 0.376953 0.953125 0.345703
2 0.556641 0.417969 0.554688 0.414062 0.548828 0.412109 0.546875 0.414062 0.535156 0.414062 0.533203 0.416016 0.509766 0.416016 0.507812 0.417969 0.498047 0.417969 0.496094 0.419922 0.488281 0.419922 0.486328 0.421875 0.486328 0.431641 0.488281 0.433594 0.488281 0.447266 0.490234 0.449219 0.505859 0.449219 0.507812 0.447266 0.517578 0.447266 0.519531 0.445312 0.533203 0.443359 0.544922 0.431641 0.552734 0.429688 0.556641 0.425781
2 0.003906 0.990234 0.005859 0.998047 0.365234 0.998047 0.345703 0.910156 0.210938 0.923828 0.205078 0.871094 0.214844 0.845703 0.234375 0.837891 0.234375 0.806641 0.212891 0.798828 0.205078 0.783203 0.187500 0.781250 0.175781 0.761719 0.144531 0.765625 0.142578 0.783203 0.125000 0.794922 0.125000 0.812500 0.105469 0.822266 0.109375 0.851562 0.130859 0.855469 0.148438 0.880859 0.156250 0.931641 0.019531 0.951172 0.019531 0.980469
4 0.160156 0.000000 0.142578 0.000000 0.130859 0.015625 0.117188 0.013672 0.105469 0.000000 0.089844 0.000000 0.085938 0.011719 0.037109 0.054688 0.027344 0.097656 0.000000 0.140625 0.000000 0.164062 0.029297 0.187500 0.019531 0.201172 0.041016 0.224609 0.033203 0.255859 0.039062 0.281250 0.046875 0.289062 0.085938 0.250000 0.128906 0.181641 0.144531 0.169922 0.177734 0.097656 0.193359 0.035156 0.162109 0.011719
4 0.998047 0.550781 0.976562 0.560547 0.910156 0.570312 0.875000 0.589844 0.917969 0.701172 0.937500 0.794922 0.957031 0.845703 0.955078 0.878906 0.968750 0.925781 0.998047 0.923828
4 0.988281 0.947266 0.988281 0.949219 0.990234 0.949219 0.990234 0.947266
4 0.996094 0.947266 0.996094 0.949219 0.998047 0.951172 0.998047 0.947266
4 0.951172 0.986328 0.949219 0.986328 0.949219 0.992188 0.947266 0.994141 0.945312 0.994141 0.943359 0.992188 0.941406 0.994141 0.939453 0.994141 0.941406 0.996094 0.941406 0.998047 0.953125 0.998047 0.953125 0.994141 0.951172 0.992188
