0 0.789062 0.144531 0.787109 0.146484 0.787109 0.164062 0.789062 0.166016 0.789062 0.169922 0.792969 0.177734 0.796875 0.181641 0.806641 0.181641 0.808594 0.183594 0.812500 0.183594 0.814453 0.185547 0.818359 0.185547 0.822266 0.187500 0.832031 0.181641 0.835938 0.181641 0.841797 0.175781 0.841797 0.169922 0.843750 0.167969 0.843750 0.160156 0.841797 0.158203 0.841797 0.152344 0.839844 0.150391 0.833984 0.150391 0.832031 0.148438 0.828125 0.148438 0.818359 0.138672 0.814453 0.138672 0.812500 0.136719 0.808594 0.136719 0.798828 0.142578
0 0.341797 0.183594 0.324219 0.195312 0.324219 0.214844 0.326172 0.216797 0.326172 0.228516 0.337891 0.236328 0.337891 0.242188 0.341797 0.250000 0.345703 0.250000 0.347656 0.251953 0.357422 0.251953 0.359375 0.250000 0.363281 0.250000 0.371094 0.242188 0.380859 0.240234 0.386719 0.234375 0.390625 0.224609 0.390625 0.218750 0.388672 0.216797 0.390625 0.212891 0.384766 0.207031 0.384766 0.201172 0.380859 0.201172 0.365234 0.187500 0.353516 0.185547 0.351562 0.183594
0 0.822266 0.238281 0.810547 0.238281 0.808594 0.236328 0.802734 0.236328 0.800781 0.234375 0.796875 0.234375 0.794922 0.236328 0.791016 0.236328 0.783203 0.244141 0.781250 0.244141 0.775391 0.250000 0.773438 0.250000 0.771484 0.253906 0.771484 0.265625 0.777344 0.273438 0.777344 0.275391 0.789062 0.287109 0.804688 0.287109 0.806641 0.285156 0.816406 0.283203 0.820312 0.281250 0.830078 0.269531 0.830078 0.267578 0.833984 0.263672 0.833984 0.251953
0 0.101562 0.328125 0.097656 0.378906 0.101562 0.404297 0.107422 0.414062 0.121094 0.417969 0.138672 0.417969 0.150391 0.410156 0.156250 0.392578 0.166016 0.378906 0.171875 0.380859 0.185547 0.378906 0.183594 0.349609 0.173828 0.333984 0.160156 0.330078 0.154297 0.332031 0.144531 0.328125 0.142578 0.330078 0.140625 0.328125 0.138672 0.330078 0.134766 0.328125 0.132812 0.330078
0 0.205078 0.353516 0.201172 0.357422 0.201172 0.359375 0.195312 0.367188 0.195312 0.375000 0.201172 0.382812 0.201172 0.386719 0.205078 0.394531 0.210938 0.400391 0.214844 0.402344 0.224609 0.402344 0.226562 0.404297 0.236328 0.402344 0.250000 0.388672 0.250000 0.375000 0.248047 0.371094 0.236328 0.365234 0.226562 0.355469 0.218750 0.351562 0.208984 0.351562
0 0.025391 0.378906 0.000000 0.392578 0.000000 0.468750 0.017578 0.476562 0.035156 0.496094 0.035156 0.507812 0.042969 0.527344 0.050781 0.533203 0.066406 0.535156 0.078125 0.527344 0.080078 0.501953 0.076172 0.474609 0.099609 0.443359 0.099609 0.423828 0.085938 0.394531 0.076172 0.384766 0.064453 0.380859
0 0.789062 0.384766 0.777344 0.380859 0.748047 0.390625 0.724609 0.390625 0.664062 0.404297 0.664062 0.451172 0.667969 0.462891 0.656250 0.472656 0.656250 0.490234 0.673828 0.527344 0.708984 0.527344 0.744141 0.521484 0.800781 0.500000 0.794922 0.445312 0.796875 0.421875
0 0.349609 0.386719 0.341797 0.384766 0.330078 0.388672 0.324219 0.396484 0.322266 0.406250 0.316406 0.410156 0.306641 0.412109 0.292969 0.427734 0.291016 0.435547 0.292969 0.441406 0.291016 0.443359 0.294922 0.455078 0.314453 0.468750 0.322266 0.470703 0.326172 0.468750 0.328125 0.470703 0.347656 0.462891 0.355469 0.464844 0.363281 0.462891 0.375000 0.453125 0.376953 0.431641 0.365234 0.417969 0.359375 0.394531
0 0.166016 0.414062 0.164062 0.421875 0.160156 0.427734 0.160156 0.439453 0.167969 0.449219 0.171875 0.458984 0.177734 0.464844 0.195312 0.474609 0.201172 0.474609 0.203125 0.476562 0.212891 0.474609 0.220703 0.468750 0.226562 0.466797 0.232422 0.451172 0.232422 0.437500 0.228516 0.431641 0.226562 0.431641 0.205078 0.414062 0.193359 0.408203 0.173828 0.408203
0 0.291016 0.474609 0.283203 0.468750 0.277344 0.468750 0.273438 0.466797 0.271484 0.468750 0.265625 0.468750 0.251953 0.478516 0.238281 0.480469 0.230469 0.484375 0.226562 0.488281 0.224609 0.492188 0.224609 0.498047 0.222656 0.500000 0.226562 0.513672 0.234375 0.519531 0.246094 0.521484 0.248047 0.519531 0.253906 0.519531 0.261719 0.513672 0.263672 0.515625 0.277344 0.515625 0.279297 0.513672 0.285156 0.513672 0.289062 0.511719 0.292969 0.507812 0.294922 0.503906 0.294922 0.498047 0.296875 0.496094 0.294922 0.484375
0 0.162109 0.486328 0.160156 0.490234 0.160156 0.500000 0.158203 0.501953 0.158203 0.511719 0.162109 0.517578 0.167969 0.519531 0.171875 0.523438 0.173828 0.527344 0.173828 0.533203 0.175781 0.535156 0.175781 0.541016 0.193359 0.542969 0.195312 0.541016 0.203125 0.539062 0.207031 0.535156 0.208984 0.525391 0.212891 0.519531 0.212891 0.509766 0.207031 0.503906 0.199219 0.500000 0.189453 0.490234 0.185547 0.488281 0.181641 0.488281 0.173828 0.484375 0.166016 0.484375
0 0.314453 0.494141 0.314453 0.501953 0.316406 0.503906 0.316406 0.507812 0.318359 0.509766 0.320312 0.515625 0.324219 0.519531 0.326172 0.519531 0.328125 0.521484 0.335938 0.521484 0.337891 0.519531 0.339844 0.519531 0.345703 0.513672 0.347656 0.513672 0.353516 0.507812 0.353516 0.505859 0.355469 0.503906 0.355469 0.496094 0.353516 0.494141 0.353516 0.492188 0.347656 0.488281 0.318359 0.488281
0 0.414062 0.490234 0.408203 0.558594 0.447266 0.585938 0.453125 0.640625 0.414062 0.628906 0.404297 0.654297 0.447266 0.689453 0.443359 0.716797 0.468750 0.757812 0.498047 0.771484 0.517578 0.843750 0.492188 0.869141 0.486328 0.962891 0.568359 0.968750 0.580078 0.998047 0.791016 0.998047 0.802734 0.953125 0.791016 0.921875 0.816406 0.906250 0.820312 0.875000 0.802734 0.841797 0.757812 0.833984 0.753906 0.792969 0.802734 0.789062 0.830078 0.761719 0.802734 0.623047 0.671875 0.568359 0.640625 0.572266 0.630859 0.597656 0.585938 0.583984 0.464844 0.494141
0 0.306641 0.525391 0.306641 0.527344 0.304688 0.529297 0.306641 0.531250 0.306641 0.533203 0.304688 0.535156 0.304688 0.560547 0.306641 0.562500 0.306641 0.568359 0.312500 0.564453 0.316406 0.568359 0.322266 0.568359 0.324219 0.566406 0.328125 0.566406 0.333984 0.560547 0.333984 0.548828 0.332031 0.546875 0.332031 0.542969 0.330078 0.541016 0.330078 0.529297 0.326172 0.525391
0 0.195312 0.546875 0.193359 0.554688 0.197266 0.568359 0.207031 0.576172 0.222656 0.578125 0.230469 0.591797 0.246094 0.609375 0.250000 0.611328 0.251953 0.609375 0.255859 0.611328 0.257812 0.609375 0.265625 0.611328 0.267578 0.609375 0.269531 0.611328 0.271484 0.609375 0.281250 0.609375 0.296875 0.601562 0.298828 0.597656 0.296875 0.591797 0.298828 0.589844 0.298828 0.578125 0.279297 0.560547 0.248047 0.548828 0.232422 0.548828 0.212891 0.542969 0.205078 0.542969
0 0.162109 0.662109 0.156250 0.667969 0.150391 0.679688 0.150391 0.685547 0.152344 0.687500 0.152344 0.693359 0.154297 0.695312 0.154297 0.701172 0.156250 0.703125 0.156250 0.708984 0.158203 0.712891 0.164062 0.716797 0.171875 0.716797 0.173828 0.718750 0.181641 0.718750 0.183594 0.716797 0.195312 0.716797 0.199219 0.712891 0.201172 0.707031 0.207031 0.701172 0.207031 0.689453 0.195312 0.677734 0.193359 0.673828 0.193359 0.666016 0.189453 0.662109 0.181641 0.662109 0.179688 0.660156 0.166016 0.660156
0 0.019531 0.833984 0.011719 0.857422 0.011719 0.886719 0.023438 0.916016 0.037109 0.921875 0.078125 0.927734 0.087891 0.919922 0.121094 0.917969 0.132812 0.912109 0.136719 0.902344 0.134766 0.851562 0.140625 0.841797 0.136719 0.830078 0.111328 0.828125 0.097656 0.833984 0.082031 0.832031 0.068359 0.824219 0.046875 0.824219 0.025391 0.828125
2 0.472656 0.000000 0.472656 0.035156 0.482422 0.087891 0.488281 0.095703 0.488281 0.107422 0.507812 0.140625 0.513672 0.191406 0.527344 0.195312 0.576172 0.187500 0.580078 0.181641 0.564453 0.154297 0.558594 0.128906 0.544922 0.111328 0.531250 0.105469 0.525391 0.091797 0.517578 0.089844 0.523438 0.087891 0.521484 0.056641 0.501953 0.025391 0.501953 0.000000
2 0.103516 0.054688 0.097656 0.076172 0.099609 0.101562 0.308594 0.130859 0.316406 0.136719 0.324219 0.080078 0.257812 0.074219 0.214844 0.064453 0.187500 0.064453 0.128906 0.052734
2 0.078125 0.210938 0.074219 0.248047 0.080078 0.251953 0.130859 0.255859 0.240234 0.273438 0.283203 0.275391 0.279297 0.246094 0.285156 0.230469 0.279297 0.224609 0.091797 0.199219 0.082031 0.201172
2 0.966797 0.257812 0.957031 0.257812 0.943359 0.269531 0.902344 0.267578 0.878906 0.277344 0.884766 0.300781 0.892578 0.308594 0.931641 0.312500 0.919922 0.318359 0.925781 0.357422 0.933594 0.363281 0.980469 0.361328 0.988281 0.357422 0.992188 0.349609 0.990234 0.310547 0.986328 0.306641 0.960938 0.306641 0.984375 0.300781 0.988281 0.296875 0.982422 0.275391
2 0.558594 0.324219 0.558594 0.333984 0.564453 0.337891 0.562500 0.339844 0.583984 0.349609 0.585938 0.380859 0.589844 0.386719 0.599609 0.386719 0.625000 0.376953 0.658203 0.373047 0.671875 0.359375 0.669922 0.347656 0.654297 0.333984 0.625000 0.328125 0.625000 0.322266 0.628906 0.318359 0.634766 0.320312 0.632812 0.314453 0.609375 0.310547 0.576172 0.312500 0.566406 0.316406
2 0.904297 0.435547 0.894531 0.449219 0.894531 0.474609 0.902344 0.496094 0.892578 0.500000 0.878906 0.500000 0.875000 0.513672 0.888672 0.531250 0.900391 0.554688 0.914062 0.568359 0.964844 0.560547 0.966797 0.550781 0.957031 0.525391 0.939453 0.521484 0.929688 0.505859 0.943359 0.494141 0.945312 0.470703 0.927734 0.455078 0.916016 0.449219 0.910156 0.437500
2 0.089844 0.500000 0.083984 0.517578 0.083984 0.533203 0.085938 0.539062 0.091797 0.544922 0.099609 0.544922 0.105469 0.548828 0.125000 0.548828 0.126953 0.550781 0.156250 0.550781 0.160156 0.548828 0.162109 0.544922 0.160156 0.531250 0.162109 0.529297 0.167969 0.529297 0.169922 0.525391 0.156250 0.515625 0.156250 0.492188 0.158203 0.490234 0.158203 0.484375 0.154297 0.480469 0.123047 0.480469 0.117188 0.482422 0.109375 0.490234 0.095703 0.494141
2 0.257812 0.523438 0.251953 0.529297 0.251953 0.533203 0.250000 0.535156 0.250000 0.546875 0.251953 0.548828 0.261719 0.550781 0.267578 0.554688 0.277344 0.556641 0.285156 0.564453 0.287109 0.564453 0.289062 0.568359 0.291016 0.568359 0.296875 0.574219 0.298828 0.574219 0.302734 0.568359 0.302734 0.525391 0.298828 0.521484 0.294922 0.521484 0.292969 0.519531 0.265625 0.519531
2 0.980469 0.589844 0.955078 0.597656 0.951172 0.595703 0.929688 0.601562 0.931641 0.609375 0.935547 0.613281 0.941406 0.613281 0.945312 0.617188 0.949219 0.626953 0.935547 0.630859 0.935547 0.654297 0.943359 0.662109 0.951172 0.666016 0.964844 0.666016 0.976562 0.662109 0.986328 0.662109 0.996094 0.656250 0.996094 0.648438 0.990234 0.628906 0.988281 0.601562
2 0.859375 0.626953 0.859375 0.652344 0.863281 0.656250 0.867188 0.658203 0.871094 0.658203 0.884766 0.666016 0.888672 0.666016 0.890625 0.667969 0.894531 0.667969 0.902344 0.671875 0.914062 0.671875 0.919922 0.666016 0.919922 0.662109 0.921875 0.660156 0.921875 0.656250 0.919922 0.652344 0.916016 0.648438 0.912109 0.648438 0.910156 0.646484 0.904297 0.646484 0.896484 0.638672 0.896484 0.634766 0.892578 0.630859 0.886719 0.630859 0.884766 0.628906 0.875000 0.628906 0.873047 0.626953
2 0.226562 0.734375 0.224609 0.736328 0.224609 0.738281 0.222656 0.740234 0.222656 0.751953 0.226562 0.755859 0.240234 0.755859 0.242188 0.753906 0.242188 0.738281 0.240234 0.736328 0.238281 0.736328 0.236328 0.734375
4 0.574219 0.000000 0.570312 0.060547 0.628906 0.214844 0.679688 0.277344 0.755859 0.263672 0.789062 0.232422 0.878906 0.224609 0.890625 0.214844 0.878906 0.181641 0.898438 0.158203 0.943359 0.164062 0.998047 0.125000 0.998047 0.000000
4 0.546875 0.015625 0.544922 0.015625 0.544922 0.017578 0.542969 0.019531 0.542969 0.048828 0.542969 0.035156 0.544922 0.033203 0.544922 0.021484 0.546875 0.019531
4 0.546875 0.068359 0.546875 0.080078 0.548828 0.082031 0.548828 0.085938 0.550781 0.087891 0.550781 0.082031 0.548828 0.080078 0.548828 0.076172 0.546875 0.074219
5 0.468750 0.000000 0.433594 0.000000 0.392578 0.328125 0.000000 0.275391 0.000000 0.314453 0.390625 0.369141 0.359375 0.611328 0.000000 0.578125 0.013672 0.619141 0.353516 0.650391 0.304688 0.998047 0.343750 0.998047
5 0.552734 0.000000 0.544922 0.060547 0.607422 0.230469 0.666016 0.298828 0.751953 0.294922 0.777344 0.353516 0.638672 0.386719 0.642578 0.462891 0.662109 0.462891 0.664062 0.402344 0.791016 0.384766 0.835938 0.667969 0.855469 0.681641 0.853516 0.605469 0.990234 0.585938 0.998047 0.560547 0.847656 0.583984 0.835938 0.500000 0.894531 0.482422 0.833984 0.476562 0.822266 0.427734 0.990234 0.402344 0.998047 0.375000 0.820312 0.406250 0.765625 0.271484 0.677734 0.279297 0.626953 0.218750 0.568359 0.060547 0.572266 0.000000
