0 0.751953 0.128906 0.746094 0.128906 0.744141 0.130859 0.742188 0.128906 0.740234 0.130859 0.716797 0.134766 0.714844 0.136719 0.712891 0.134766 0.708984 0.136719 0.707031 0.134766 0.705078 0.136719 0.703125 0.134766 0.701172 0.136719 0.699219 0.134766 0.697266 0.136719 0.695312 0.134766 0.693359 0.136719 0.687500 0.136719 0.685547 0.134766 0.683594 0.136719 0.681641 0.134766 0.679688 0.136719 0.677734 0.134766 0.673828 0.136719 0.671875 0.134766 0.667969 0.136719 0.666016 0.134766 0.664062 0.136719 0.662109 0.134766 0.656250 0.134766 0.654297 0.136719 0.648438 0.134766 0.646484 0.136719 0.644531 0.134766 0.658203 0.140625 0.664062 0.140625 0.666016 0.138672 0.667969 0.140625 0.669922 0.138672 0.673828 0.140625 0.675781 0.138672 0.677734 0.140625 0.679688 0.138672 0.683594 0.140625 0.685547 0.138672 0.689453 0.140625 0.691406 0.138672 0.697266 0.140625 0.699219 0.138672 0.705078 0.138672 0.707031 0.140625 0.708984 0.138672 0.714844 0.138672 0.716797 0.140625 0.722656 0.138672 0.724609 0.140625 0.728516 0.138672 0.730469 0.134766 0.742188 0.134766 0.746094 0.136719
0 0.992188 0.269531 0.925781 0.271484 0.789062 0.197266 0.648438 0.185547 0.578125 0.207031 0.582031 0.308594 0.511719 0.386719 0.349609 0.345703 0.232422 0.376953 0.226562 0.273438 0.185547 0.277344 0.216797 0.246094 0.164062 0.257812 0.054688 0.433594 0.048828 0.500000 0.156250 0.554688 0.197266 0.730469 0.185547 0.910156 0.109375 0.921875 0.103516 0.947266 0.183594 0.998047 0.998047 0.998047 0.998047 0.480469 0.955078 0.431641 0.996094 0.378906 0.953125 0.314453
1 0.201172 0.000000 0.150391 0.000000 0.144531 0.046875 0.136719 0.058594 0.128906 0.082031 0.128906 0.093750 0.125000 0.105469 0.126953 0.121094 0.164062 0.119141 0.185547 0.113281 0.187500 0.109375 0.195312 0.107422 0.199219 0.093750
1 0.197266 0.203125 0.074219 0.214844 0.087891 0.242188 0.078125 0.242188 0.050781 0.359375 0.019531 0.441406 0.000000 0.457031 0.003906 0.730469 0.019531 0.550781 0.052734 0.476562 0.044922 0.423828 0.060547 0.416016 0.099609 0.353516 0.117188 0.298828 0.195312 0.222656
1 0.019531 0.261719 0.019531 0.265625 0.021484 0.265625 0.021484 0.261719
1 0.013672 0.279297 0.013672 0.287109 0.011719 0.289062 0.011719 0.294922 0.013672 0.296875 0.019531 0.296875 0.021484 0.294922 0.021484 0.289062 0.017578 0.289062 0.015625 0.287109 0.015625 0.285156 0.017578 0.283203 0.021484 0.283203 0.021484 0.281250 0.019531 0.279297 0.017578 0.281250 0.015625 0.281250
1 0.019531 0.304688 0.017578 0.304688 0.017578 0.318359 0.015625 0.320312 0.015625 0.322266 0.015625 0.320312 0.017578 0.318359 0.017578 0.310547 0.019531 0.308594
1 0.060547 0.523438 0.062500 0.525391 0.068359 0.525391 0.066406 0.523438
1 0.076172 0.525391 0.082031 0.525391 0.080078 0.523438 0.078125 0.523438
2 0.271484 0.000000 0.269531 0.050781 0.273438 0.058594 0.273438 0.080078 0.277344 0.085938 0.277344 0.095703 0.306641 0.101562 0.328125 0.093750 0.328125 0.082031 0.324219 0.074219 0.324219 0.060547 0.312500 0.046875 0.312500 0.037109 0.322266 0.025391 0.324219 0.000000
2 0.623047 0.000000 0.623047 0.031250 0.625000 0.033203 0.625000 0.052734 0.626953 0.056641 0.654297 0.056641 0.656250 0.054688 0.656250 0.039062 0.660156 0.035156 0.671875 0.035156 0.683594 0.027344 0.683594 0.023438 0.685547 0.021484 0.685547 0.000000
2 0.511719 0.023438 0.507812 0.021484 0.500000 0.021484 0.498047 0.023438 0.480469 0.023438 0.478516 0.025391 0.462891 0.025391 0.458984 0.029297 0.458984 0.042969 0.460938 0.044922 0.458984 0.046875 0.460938 0.050781 0.460938 0.078125 0.464844 0.085938 0.472656 0.087891 0.474609 0.085938 0.486328 0.085938 0.488281 0.083984 0.496094 0.083984 0.498047 0.082031 0.513672 0.082031 0.513672 0.027344
2 0.361328 0.048828 0.361328 0.052734 0.363281 0.054688 0.388672 0.054688 0.390625 0.056641 0.404297 0.056641 0.406250 0.054688 0.417969 0.054688 0.425781 0.050781 0.425781 0.046875 0.427734 0.044922 0.427734 0.033203 0.423828 0.031250 0.410156 0.031250 0.408203 0.029297 0.400391 0.029297 0.392578 0.025391 0.376953 0.025391 0.367188 0.031250 0.363281 0.039062 0.363281 0.046875
2 0.746094 0.031250 0.746094 0.050781 0.751953 0.054688 0.765625 0.054688 0.767578 0.052734 0.789062 0.052734 0.794922 0.048828 0.794922 0.046875 0.792969 0.044922 0.792969 0.027344 0.791016 0.025391 0.767578 0.025391 0.765625 0.027344 0.759766 0.027344 0.757812 0.029297 0.748047 0.029297
2 0.353516 0.062500 0.353516 0.080078 0.355469 0.082031 0.355469 0.093750 0.357422 0.095703 0.359375 0.095703 0.361328 0.097656 0.373047 0.097656 0.375000 0.095703 0.396484 0.095703 0.402344 0.091797 0.402344 0.082031 0.400391 0.080078 0.400391 0.074219 0.398438 0.072266 0.398438 0.070312 0.396484 0.070312 0.386719 0.064453 0.382812 0.064453 0.380859 0.062500 0.376953 0.062500 0.375000 0.060547 0.367188 0.060547 0.365234 0.058594 0.357422 0.058594
2 0.785156 0.154297 0.777344 0.144531 0.761719 0.138672 0.730469 0.136719 0.728516 0.148438 0.720703 0.158203 0.714844 0.158203 0.685547 0.142578 0.650391 0.140625 0.644531 0.150391 0.644531 0.169922 0.654297 0.177734 0.675781 0.181641 0.746094 0.203125 0.759766 0.203125 0.783203 0.183594
2 0.906250 0.154297 0.896484 0.154297 0.892578 0.160156 0.892578 0.167969 0.886719 0.179688 0.884766 0.189453 0.880859 0.195312 0.880859 0.203125 0.878906 0.205078 0.878906 0.214844 0.882812 0.214844 0.884766 0.216797 0.890625 0.216797 0.892578 0.218750 0.898438 0.218750 0.902344 0.214844 0.906250 0.207031 0.906250 0.201172 0.908203 0.199219 0.908203 0.195312 0.912109 0.187500 0.912109 0.177734 0.914062 0.175781 0.914062 0.169922 0.916016 0.167969 0.916016 0.160156
2 0.591797 0.179688 0.591797 0.185547 0.593750 0.187500 0.593750 0.191406 0.595703 0.193359 0.595703 0.199219 0.599609 0.203125 0.623047 0.203125 0.625000 0.201172 0.625000 0.195312 0.626953 0.193359 0.626953 0.185547 0.623047 0.179688 0.621094 0.179688 0.619141 0.177734 0.607422 0.177734 0.605469 0.179688
2 0.261719 0.191406 0.259766 0.193359 0.259766 0.203125 0.261719 0.205078 0.259766 0.207031 0.259766 0.212891 0.257812 0.214844 0.257812 0.218750 0.255859 0.220703 0.255859 0.224609 0.257812 0.226562 0.257812 0.228516 0.259766 0.230469 0.269531 0.230469 0.271484 0.228516 0.277344 0.228516 0.279297 0.226562 0.285156 0.226562 0.287109 0.224609 0.287109 0.214844 0.285156 0.212891 0.285156 0.203125 0.283203 0.201172 0.283203 0.191406 0.281250 0.189453 0.265625 0.189453 0.263672 0.191406
2 0.291016 0.193359 0.289062 0.207031 0.296875 0.234375 0.349609 0.234375 0.347656 0.238281 0.314453 0.240234 0.316406 0.277344 0.339844 0.277344 0.349609 0.269531 0.353516 0.279297 0.380859 0.279297 0.396484 0.275391 0.396484 0.259766 0.386719 0.257812 0.380859 0.251953 0.375000 0.224609 0.369141 0.218750 0.351562 0.218750 0.349609 0.226562 0.347656 0.216797 0.332031 0.203125 0.328125 0.187500 0.296875 0.189453
2 0.285156 0.242188 0.285156 0.250000 0.289062 0.255859 0.289062 0.263672 0.291016 0.265625 0.291016 0.271484 0.292969 0.273438 0.292969 0.275391 0.296875 0.275391 0.298828 0.277344 0.310547 0.277344 0.310547 0.242188 0.308594 0.240234 0.289062 0.240234 0.287109 0.242188
2 0.341797 0.320312 0.337891 0.316406 0.320312 0.316406 0.302734 0.326172 0.281250 0.322266 0.273438 0.328125 0.275391 0.332031 0.271484 0.335938 0.240234 0.341797 0.238281 0.343750 0.238281 0.363281 0.250000 0.367188 0.255859 0.367188 0.257812 0.365234 0.279297 0.365234 0.300781 0.337891 0.308594 0.337891 0.310547 0.335938 0.337891 0.335938 0.341797 0.332031
2 0.380859 0.359375 0.386719 0.367188 0.431641 0.378906 0.441406 0.378906 0.449219 0.375000 0.517578 0.378906 0.531250 0.371094 0.531250 0.367188 0.515625 0.363281 0.486328 0.361328 0.476562 0.357422 0.406250 0.349609 0.390625 0.345703 0.382812 0.347656
2 0.099609 0.537109 0.041016 0.529297 0.023438 0.552734 0.000000 0.753906 0.000000 0.998047 0.037109 0.998047 0.039062 0.951172 0.076172 0.845703 0.074219 0.777344 0.095703 0.667969
2 0.138672 0.552734 0.136719 0.679688 0.119141 0.775391 0.123047 0.826172 0.101562 0.908203 0.105469 0.914062 0.109375 0.908203 0.162109 0.917969 0.175781 0.904297 0.177734 0.884766 0.189453 0.867188 0.195312 0.806641 0.177734 0.660156 0.152344 0.609375 0.152344 0.564453
2 0.082031 0.955078 0.076172 0.976562 0.078125 0.978516 0.076172 0.980469 0.078125 0.982422 0.076172 0.984375 0.078125 0.988281 0.076172 0.990234 0.078125 0.994141 0.076172 0.998047 0.171875 0.998047 0.175781 0.994141 0.175781 0.990234 0.169922 0.982422 0.152344 0.976562 0.132812 0.974609 0.128906 0.970703 0.123047 0.970703 0.121094 0.968750 0.111328 0.968750 0.101562 0.955078 0.093750 0.953125 0.089844 0.949219 0.087891 0.951172 0.085938 0.949219
5 0.998047 0.068359 0.000000 0.164062 0.000000 0.199219 0.037109 0.230469 0.000000 0.455078 0.074219 0.269531 0.068359 0.191406 0.429688 0.154297 0.451172 0.318359 0.474609 0.150391 0.986328 0.103516
5 0.101562 0.535156 0.095703 0.554688 0.097656 0.667969 0.076172 0.777344 0.082031 0.826172 0.062500 0.906250 0.041016 0.951172 0.039062 0.998047 0.074219 0.998047 0.085938 0.947266 0.097656 0.951172 0.099609 0.906250 0.121094 0.826172 0.117188 0.775391 0.134766 0.679688 0.138672 0.546875
