0 0.380859 0.041016 0.357422 0.046875 0.351562 0.082031 0.355469 0.099609 0.351562 0.123047 0.322266 0.148438 0.306641 0.197266 0.306641 0.210938 0.326172 0.214844 0.335938 0.240234 0.355469 0.251953 0.365234 0.267578 0.386719 0.263672 0.388672 0.238281 0.414062 0.230469 0.412109 0.203125 0.404297 0.177734 0.400391 0.117188 0.386719 0.048828
0 0.091797 0.238281 0.087891 0.246094 0.089844 0.250000 0.089844 0.267578 0.091797 0.269531 0.091797 0.273438 0.111328 0.294922 0.123047 0.300781 0.130859 0.300781 0.132812 0.298828 0.142578 0.296875 0.160156 0.287109 0.164062 0.279297 0.164062 0.263672 0.160156 0.255859 0.154297 0.250000 0.152344 0.244141 0.146484 0.238281 0.132812 0.232422 0.125000 0.232422 0.123047 0.234375 0.109375 0.236328 0.107422 0.238281
0 0.400391 0.664062 0.369141 0.658203 0.335938 0.660156 0.302734 0.681641 0.296875 0.691406 0.292969 0.720703 0.298828 0.736328 0.308594 0.750000 0.310547 0.769531 0.316406 0.779297 0.332031 0.781250 0.339844 0.777344 0.365234 0.753906 0.376953 0.732422 0.402344 0.714844 0.416016 0.699219 0.417969 0.681641
0 0.308594 0.781250 0.279297 0.781250 0.267578 0.791016 0.255859 0.794922 0.251953 0.798828 0.242188 0.824219 0.244141 0.845703 0.250000 0.853516 0.257812 0.855469 0.265625 0.851562 0.279297 0.851562 0.289062 0.845703 0.300781 0.841797 0.312500 0.830078 0.312500 0.824219 0.314453 0.822266 0.314453 0.791016
1 0.669922 0.171875 0.656250 0.189453 0.656250 0.197266 0.648438 0.205078 0.654297 0.226562 0.652344 0.232422 0.664062 0.244141 0.664062 0.265625 0.679688 0.298828 0.681641 0.320312 0.691406 0.328125 0.712891 0.326172 0.732422 0.318359 0.734375 0.308594 0.726562 0.296875 0.710938 0.228516 0.701172 0.203125 0.685547 0.173828
2 0.000000 0.000000 0.000000 0.121094 0.044922 0.132812 0.078125 0.136719 0.089844 0.062500 0.109375 0.017578 0.109375 0.003906 0.101562 0.000000
2 0.519531 0.242188 0.462891 0.246094 0.484375 0.253906 0.453125 0.261719 0.404297 0.257812 0.394531 0.271484 0.365234 0.275391 0.353516 0.294922 0.363281 0.363281 0.384766 0.410156 0.462891 0.410156 0.478516 0.384766 0.478516 0.412109 0.488281 0.417969 0.437500 0.425781 0.412109 0.453125 0.404297 0.486328 0.414062 0.529297 0.472656 0.564453 0.511719 0.558594 0.533203 0.539062 0.607422 0.535156 0.615234 0.498047 0.609375 0.429688 0.578125 0.417969 0.580078 0.392578 0.568359 0.382812 0.566406 0.343750 0.576172 0.333984 0.585938 0.349609 0.589844 0.341797 0.580078 0.277344 0.576172 0.300781 0.558594 0.294922 0.550781 0.257812 0.525391 0.257812
2 0.546875 0.246094 0.546875 0.248047 0.548828 0.248047 0.548828 0.246094
2 0.279297 0.343750 0.271484 0.349609 0.269531 0.359375 0.250000 0.388672 0.250000 0.421875 0.246094 0.431641 0.234375 0.439453 0.230469 0.453125 0.236328 0.458984 0.308594 0.486328 0.320312 0.486328 0.337891 0.470703 0.341797 0.447266 0.347656 0.437500 0.347656 0.423828 0.363281 0.406250 0.365234 0.398438 0.347656 0.412109 0.341797 0.404297 0.337891 0.408203 0.335938 0.402344 0.343750 0.380859 0.343750 0.367188 0.296875 0.345703
2 0.359375 0.384766 0.359375 0.388672 0.361328 0.388672 0.361328 0.384766
2 0.076172 0.578125 0.070312 0.578125 0.052734 0.585938 0.007812 0.630859 0.007812 0.636719 0.013672 0.648438 0.039062 0.669922 0.046875 0.671875 0.058594 0.667969 0.060547 0.662109 0.076172 0.644531 0.078125 0.638672 0.083984 0.632812 0.097656 0.630859 0.101562 0.623047 0.109375 0.615234 0.107422 0.607422
2 0.183594 0.628906 0.175781 0.632812 0.166016 0.642578 0.166016 0.644531 0.150391 0.658203 0.148438 0.664062 0.154297 0.671875 0.158203 0.681641 0.164062 0.685547 0.179688 0.701172 0.179688 0.703125 0.187500 0.707031 0.193359 0.707031 0.224609 0.679688 0.224609 0.671875 0.210938 0.650391 0.191406 0.630859
2 0.671875 0.679688 0.671875 0.708984 0.669922 0.710938 0.671875 0.718750 0.685547 0.720703 0.691406 0.708984 0.697266 0.705078 0.705078 0.705078 0.712891 0.708984 0.720703 0.708984 0.726562 0.714844 0.726562 0.726562 0.724609 0.728516 0.724609 0.740234 0.738281 0.746094 0.748047 0.746094 0.755859 0.738281 0.757812 0.693359 0.734375 0.687500 0.705078 0.671875 0.689453 0.671875 0.681641 0.675781 0.675781 0.675781
2 0.761719 0.742188 0.820312 0.753906 0.824219 0.750000 0.826172 0.765625 0.916016 0.787109 0.929688 0.759766 0.931641 0.740234 0.935547 0.736328 0.939453 0.738281 0.943359 0.730469 0.876953 0.712891 0.847656 0.710938 0.839844 0.714844 0.833984 0.705078 0.818359 0.697266 0.781250 0.689453 0.763672 0.710938
2 0.654297 0.818359 0.650391 0.822266 0.646484 0.830078 0.646484 0.833984 0.632812 0.859375 0.632812 0.865234 0.630859 0.867188 0.632812 0.869141 0.632812 0.873047 0.646484 0.878906 0.650391 0.882812 0.654297 0.882812 0.656250 0.884766 0.666016 0.884766 0.669922 0.876953 0.673828 0.873047 0.673828 0.869141 0.675781 0.867188 0.677734 0.859375 0.685547 0.849609 0.685547 0.845703 0.687500 0.843750 0.687500 0.832031 0.681641 0.826172 0.673828 0.822266 0.667969 0.822266 0.660156 0.818359
2 0.541016 0.849609 0.501953 0.830078 0.488281 0.832031 0.421875 0.998047 0.500000 0.998047 0.527344 0.939453 0.529297 0.914062 0.554688 0.875000 0.552734 0.861328 0.546875 0.859375
2 0.851562 0.912109 0.843750 0.912109 0.839844 0.916016 0.837891 0.927734 0.835938 0.929688 0.830078 0.951172 0.820312 0.970703 0.820312 0.986328 0.828125 0.988281 0.839844 0.998047 0.845703 0.998047 0.849609 0.994141 0.855469 0.980469 0.857422 0.968750 0.863281 0.958984 0.869141 0.939453 0.873047 0.933594 0.873047 0.921875 0.861328 0.914062 0.853516 0.914062
2 0.703125 0.916016 0.699219 0.916016 0.695312 0.919922 0.695312 0.921875 0.691406 0.925781 0.691406 0.927734 0.673828 0.945312 0.673828 0.947266 0.671875 0.949219 0.671875 0.955078 0.673828 0.957031 0.673828 0.958984 0.677734 0.962891 0.687500 0.966797 0.693359 0.972656 0.695312 0.972656 0.701172 0.966797 0.703125 0.966797 0.703125 0.964844 0.710938 0.957031 0.710938 0.955078 0.726562 0.939453 0.726562 0.931641 0.722656 0.927734 0.718750 0.927734 0.716797 0.925781 0.714844 0.925781 0.707031 0.917969 0.705078 0.917969
2 0.564453 0.945312 0.564453 0.947266 0.570312 0.953125 0.576172 0.955078 0.585938 0.962891 0.593750 0.966797 0.603516 0.968750 0.626953 0.980469 0.638672 0.980469 0.642578 0.972656 0.646484 0.968750 0.646484 0.962891 0.642578 0.957031 0.634766 0.953125 0.625000 0.951172 0.609375 0.943359 0.605469 0.939453 0.601562 0.939453 0.587891 0.931641 0.582031 0.931641 0.580078 0.929688 0.574219 0.931641
5 0.000000 0.457031 0.000000 0.498047 0.525391 0.701172 0.904297 0.896484 0.972656 0.910156 0.994141 0.898438 0.988281 0.875000 0.708984 0.763672 0.521484 0.658203
