0 0.373047 0.000000 0.378906 0.009766 0.404297 0.021484 0.423828 0.044922 0.439453 0.044922 0.445312 0.041016 0.462891 0.041016 0.486328 0.037109 0.500000 0.031250 0.509766 0.031250 0.542969 0.017578 0.546875 0.011719 0.546875 0.000000
0 0.603516 0.000000 0.619141 0.044922 0.724609 0.136719 0.714844 0.193359 0.664062 0.136719 0.632812 0.134766 0.611328 0.152344 0.603516 0.224609 0.617188 0.253906 0.591797 0.292969 0.611328 0.351562 0.587891 0.400391 0.609375 0.455078 0.660156 0.468750 0.689453 0.419922 0.708984 0.460938 0.736328 0.474609 0.769531 0.455078 0.802734 0.470703 0.890625 0.468750 0.970703 0.439453 0.996094 0.382812 0.998047 0.000000
0 0.974609 0.521484 0.933594 0.500000 0.746094 0.529297 0.626953 0.517578 0.607422 0.548828 0.619141 0.597656 0.595703 0.634766 0.560547 0.656250 0.548828 0.730469 0.566406 0.748047 0.617188 0.763672 0.732422 0.767578 0.867188 0.789062 0.988281 0.787109 0.998047 0.779297 0.998047 0.607422 0.968750 0.578125
0 0.000000 0.582031 0.000000 0.667969 0.005859 0.669922 0.007812 0.667969 0.005859 0.664062 0.009766 0.660156 0.011719 0.662109 0.019531 0.656250 0.042969 0.658203 0.056641 0.650391 0.062500 0.642578 0.062500 0.632812 0.064453 0.630859 0.060547 0.603516 0.052734 0.597656 0.046875 0.599609 0.019531 0.597656 0.013672 0.591797 0.013672 0.587891 0.003906 0.582031
0 0.832031 0.841797 0.814453 0.820312 0.765625 0.816406 0.718750 0.792969 0.503906 0.781250 0.464844 0.824219 0.402344 0.839844 0.304688 0.921875 0.205078 0.960938 0.185547 0.992188 0.632812 0.998047 0.660156 0.865234 0.705078 0.863281 0.791016 0.888672 0.826172 0.873047
1 0.597656 0.365234 0.544922 0.310547 0.494141 0.316406 0.427734 0.359375 0.408203 0.353516 0.392578 0.333984 0.378906 0.341797 0.375000 0.357422 0.367188 0.343750 0.357422 0.341797 0.341797 0.359375 0.328125 0.349609 0.316406 0.361328 0.337891 0.414062 0.363281 0.412109 0.394531 0.398438 0.423828 0.423828 0.478516 0.431641 0.554688 0.427734 0.566406 0.417969 0.574219 0.390625
1 0.015625 0.660156 0.011719 0.664062 0.009766 0.662109 0.007812 0.664062 0.007812 0.666016 0.009766 0.667969 0.007812 0.669922 0.009766 0.667969 0.011719 0.669922 0.013672 0.667969 0.013672 0.662109
2 0.259766 0.060547 0.316406 0.070312 0.345703 0.072266 0.357422 0.076172 0.375000 0.076172 0.392578 0.070312 0.396484 0.054688 0.404297 0.041016 0.400391 0.037109 0.380859 0.033203 0.363281 0.033203 0.335938 0.027344 0.314453 0.027344 0.269531 0.021484 0.261719 0.029297
2 0.533203 0.027344 0.482422 0.046875 0.472656 0.070312 0.466797 0.126953 0.445312 0.136719 0.447266 0.154297 0.464844 0.167969 0.464844 0.183594 0.449219 0.218750 0.451172 0.265625 0.455078 0.271484 0.515625 0.267578 0.576172 0.281250 0.583984 0.275391 0.583984 0.261719 0.605469 0.242188 0.593750 0.218750 0.593750 0.201172 0.611328 0.150391 0.613281 0.113281 0.625000 0.101562 0.628906 0.080078 0.621094 0.054688 0.597656 0.039062
2 0.000000 0.128906 0.000000 0.181641 0.005859 0.181641 0.007812 0.183594 0.019531 0.183594 0.021484 0.185547 0.037109 0.185547 0.039062 0.187500 0.046875 0.187500 0.050781 0.185547 0.062500 0.160156 0.062500 0.154297 0.064453 0.152344 0.064453 0.146484 0.062500 0.142578 0.046875 0.138672 0.041016 0.134766 0.031250 0.134766 0.029297 0.132812 0.019531 0.132812 0.009766 0.128906
2 0.246094 0.167969 0.240234 0.187500 0.242188 0.224609 0.246094 0.230469 0.333984 0.246094 0.380859 0.244141 0.380859 0.232422 0.373047 0.226562 0.371094 0.207031 0.378906 0.189453 0.375000 0.183594 0.324219 0.177734 0.302734 0.171875 0.287109 0.173828 0.275391 0.169922
2 0.000000 0.259766 0.000000 0.337891 0.007812 0.337891 0.009766 0.339844 0.029297 0.339844 0.033203 0.337891 0.037109 0.339844 0.041016 0.335938 0.041016 0.328125 0.044922 0.316406 0.046875 0.287109 0.048828 0.285156 0.048828 0.275391 0.050781 0.273438 0.048828 0.265625 0.044922 0.263672 0.027344 0.263672 0.025391 0.261719
2 0.197266 0.476562 0.193359 0.492188 0.195312 0.515625 0.203125 0.525391 0.203125 0.541016 0.208984 0.544922 0.238281 0.548828 0.269531 0.546875 0.302734 0.560547 0.322266 0.560547 0.330078 0.556641 0.332031 0.541016 0.345703 0.529297 0.341797 0.500000 0.333984 0.492188 0.212891 0.470703 0.201172 0.472656
2 0.414062 0.503906 0.408203 0.521484 0.408203 0.537109 0.414062 0.546875 0.414062 0.566406 0.441406 0.574219 0.552734 0.587891 0.556641 0.583984 0.564453 0.533203 0.560547 0.529297 0.552734 0.531250 0.548828 0.521484 0.488281 0.509766
2 0.189453 0.593750 0.189453 0.601562 0.175781 0.628906 0.175781 0.654297 0.261719 0.669922 0.320312 0.669922 0.318359 0.662109 0.306641 0.648438 0.312500 0.628906 0.310547 0.611328 0.294922 0.603516 0.287109 0.595703 0.242188 0.593750 0.232422 0.589844
2 0.408203 0.617188 0.408203 0.630859 0.394531 0.644531 0.390625 0.662109 0.392578 0.687500 0.507812 0.705078 0.542969 0.703125 0.542969 0.634766 0.517578 0.626953 0.496094 0.628906 0.462891 0.619141 0.439453 0.619141 0.425781 0.615234
5 0.000000 0.066406 0.138672 0.117188 0.105469 0.384766 0.000000 0.378906 0.097656 0.412109 0.058594 0.675781 0.000000 0.683594 0.054688 0.705078 0.009766 0.998047 0.078125 0.707031 0.998047 0.835938 0.083984 0.687500 0.123047 0.414062 0.742188 0.511719 0.998047 0.460938 0.628906 0.482422 0.126953 0.394531 0.158203 0.123047 0.376953 0.126953 0.167969 0.099609 0.179688 0.000000 0.138672 0.093750
