0 0.470703 0.431641 0.472656 0.435547 0.472656 0.443359 0.474609 0.445312 0.474609 0.455078 0.476562 0.457031 0.476562 0.464844 0.480469 0.468750 0.503906 0.480469 0.511719 0.480469 0.513672 0.478516 0.519531 0.478516 0.525391 0.474609 0.525391 0.447266 0.511719 0.429688 0.507812 0.427734 0.503906 0.427734 0.501953 0.425781 0.484375 0.425781 0.482422 0.427734 0.474609 0.427734
0 0.130859 0.466797 0.130859 0.482422 0.128906 0.484375 0.130859 0.500000 0.146484 0.521484 0.154297 0.521484 0.158203 0.517578 0.171875 0.511719 0.183594 0.496094 0.191406 0.496094 0.193359 0.494141 0.207031 0.496094 0.214844 0.488281 0.218750 0.474609 0.218750 0.451172 0.214844 0.445312 0.207031 0.443359 0.183594 0.445312 0.181641 0.447266 0.171875 0.447266 0.164062 0.443359 0.146484 0.443359 0.136719 0.453125
0 0.228516 0.560547 0.220703 0.554688 0.216797 0.556641 0.212891 0.554688 0.203125 0.554688 0.193359 0.562500 0.189453 0.562500 0.187500 0.564453 0.183594 0.562500 0.173828 0.562500 0.171875 0.564453 0.160156 0.562500 0.160156 0.572266 0.152344 0.587891 0.152344 0.593750 0.154297 0.597656 0.166016 0.599609 0.167969 0.597656 0.177734 0.597656 0.179688 0.595703 0.226562 0.591797 0.230469 0.582031
0 0.998047 0.699219 0.505859 0.757812 0.505859 0.800781 0.529297 0.806641 0.998047 0.755859
0 0.208984 0.791016 0.187500 0.775391 0.166016 0.779297 0.164062 0.787109 0.156250 0.792969 0.126953 0.785156 0.101562 0.792969 0.080078 0.791016 0.064453 0.800781 0.000000 0.812500 0.000000 0.818359 0.025391 0.818359 0.046875 0.824219 0.042969 0.828125 0.000000 0.828125 0.000000 0.833984 0.017578 0.835938 0.070312 0.826172 0.144531 0.822266 0.193359 0.804688
0 0.447266 0.873047 0.457031 0.873047 0.458984 0.875000 0.490234 0.875000 0.492188 0.873047 0.500000 0.873047 0.501953 0.875000 0.503906 0.873047 0.507812 0.873047 0.505859 0.871094 0.490234 0.871094 0.488281 0.869141 0.472656 0.869141 0.470703 0.867188 0.468750 0.867188 0.466797 0.869141 0.453125 0.869141 0.449219 0.873047
0 0.535156 0.906250 0.517578 0.894531 0.511719 0.900391 0.505859 0.890625 0.519531 0.886719 0.503906 0.878906 0.382812 0.884766 0.337891 0.910156 0.341797 0.945312 0.328125 0.976562 0.310547 0.984375 0.310547 0.998047 0.431641 0.994141 0.433594 0.998047 0.431641 0.988281 0.445312 0.966797 0.460938 0.970703 0.445312 0.982422 0.462891 0.980469 0.470703 0.986328 0.468750 0.998047 0.496094 0.998047 0.513672 0.986328 0.519531 0.968750 0.535156 0.957031
1 0.998047 0.558594 0.855469 0.558594 0.533203 0.626953 0.261719 0.656250 0.001953 0.660156 0.000000 0.804688 0.175781 0.771484 0.226562 0.783203 0.990234 0.695312
2 0.253906 0.042969 0.255859 0.072266 0.257812 0.074219 0.257812 0.080078 0.261719 0.083984 0.279297 0.083984 0.289062 0.080078 0.308594 0.080078 0.310547 0.078125 0.318359 0.078125 0.330078 0.074219 0.339844 0.074219 0.343750 0.072266 0.345703 0.068359 0.343750 0.058594 0.326172 0.052734 0.314453 0.035156 0.287109 0.033203 0.277344 0.037109 0.257812 0.039062
2 0.917969 0.037109 0.914062 0.076172 0.916016 0.091797 0.914062 0.103516 0.917969 0.123047 0.968750 0.119141 0.974609 0.113281 0.976562 0.115234 0.998047 0.113281 0.998047 0.041016 0.996094 0.039062 0.980469 0.039062 0.972656 0.044922 0.970703 0.050781 0.968750 0.041016 0.964844 0.037109 0.953125 0.035156
2 0.224609 0.103516 0.220703 0.119141 0.238281 0.191406 0.257812 0.193359 0.244141 0.197266 0.246094 0.207031 0.240234 0.212891 0.238281 0.228516 0.248047 0.232422 0.306641 0.230469 0.324219 0.234375 0.328125 0.226562 0.324219 0.201172 0.306641 0.197266 0.300781 0.191406 0.273438 0.191406 0.279297 0.185547 0.296875 0.183594 0.302734 0.187500 0.302734 0.181641 0.310547 0.177734 0.308594 0.140625 0.287109 0.103516 0.248047 0.097656
2 0.669922 0.117188 0.666016 0.115234 0.660156 0.117188 0.648438 0.117188 0.638672 0.121094 0.619141 0.123047 0.613281 0.130859 0.613281 0.160156 0.615234 0.162109 0.615234 0.175781 0.619141 0.185547 0.642578 0.185547 0.644531 0.183594 0.656250 0.183594 0.667969 0.179688 0.677734 0.179688 0.677734 0.166016 0.671875 0.154297
2 0.484375 0.121094 0.476562 0.121094 0.474609 0.123047 0.460938 0.123047 0.458984 0.125000 0.443359 0.125000 0.441406 0.126953 0.431641 0.126953 0.427734 0.128906 0.423828 0.136719 0.423828 0.150391 0.429688 0.156250 0.433594 0.156250 0.441406 0.164062 0.441406 0.166016 0.447266 0.169922 0.455078 0.169922 0.457031 0.167969 0.482422 0.167969 0.488281 0.164062 0.488281 0.150391 0.486328 0.148438 0.486328 0.126953 0.484375 0.125000
2 0.626953 0.189453 0.615234 0.203125 0.623047 0.273438 0.578125 0.279297 0.589844 0.308594 0.638672 0.308594 0.646484 0.326172 0.742188 0.306641 0.742188 0.273438 0.750000 0.349609 0.767578 0.361328 0.771484 0.402344 0.791016 0.406250 0.787109 0.337891 0.767578 0.279297 0.755859 0.275391 0.757812 0.265625 0.763672 0.271484 0.763672 0.244141 0.750000 0.183594 0.740234 0.175781 0.722656 0.181641 0.728516 0.234375 0.712891 0.156250 0.691406 0.160156 0.693359 0.197266 0.681641 0.191406 0.636719 0.199219
2 0.132812 0.166016 0.126953 0.177734 0.126953 0.208984 0.134766 0.242188 0.130859 0.253906 0.134766 0.316406 0.150391 0.332031 0.207031 0.328125 0.212891 0.322266 0.216797 0.267578 0.212891 0.179688 0.201172 0.175781 0.195312 0.166016 0.187500 0.164062 0.162109 0.166016 0.144531 0.162109
2 0.505859 0.179688 0.492188 0.173828 0.451172 0.181641 0.451172 0.199219 0.435547 0.210938 0.437500 0.222656 0.482422 0.226562 0.423828 0.236328 0.396484 0.238281 0.398438 0.259766 0.466797 0.257812 0.523438 0.246094 0.527344 0.240234 0.527344 0.226562 0.503906 0.222656 0.507812 0.220703
2 0.882812 0.195312 0.880859 0.193359 0.871094 0.193359 0.839844 0.201172 0.792969 0.205078 0.791016 0.214844 0.800781 0.259766 0.802734 0.261719 0.814453 0.261719 0.816406 0.259766 0.851562 0.257812 0.892578 0.248047 0.892578 0.238281 0.886719 0.224609 0.886719 0.210938
2 0.349609 0.251953 0.328125 0.248047 0.304688 0.248047 0.263672 0.255859 0.230469 0.257812 0.222656 0.265625 0.220703 0.273438 0.224609 0.298828 0.230469 0.302734 0.263672 0.302734 0.310547 0.296875 0.318359 0.292969 0.343750 0.294922 0.349609 0.291016 0.351562 0.285156
2 0.541016 0.281250 0.533203 0.273438 0.509766 0.273438 0.486328 0.279297 0.431641 0.283203 0.425781 0.287109 0.423828 0.294922 0.421875 0.287109 0.388672 0.289062 0.382812 0.300781 0.382812 0.326172 0.384766 0.332031 0.394531 0.339844 0.425781 0.335938 0.427734 0.332031 0.431641 0.335938 0.453125 0.335938 0.544922 0.322266
2 0.900391 0.291016 0.896484 0.287109 0.878906 0.287109 0.876953 0.289062 0.865234 0.289062 0.853516 0.292969 0.826172 0.294922 0.824219 0.296875 0.812500 0.296875 0.810547 0.298828 0.796875 0.300781 0.792969 0.306641 0.794922 0.330078 0.796875 0.332031 0.808594 0.332031 0.822266 0.328125 0.843750 0.328125 0.845703 0.326172 0.857422 0.326172 0.876953 0.320312 0.896484 0.318359 0.900391 0.314453 0.900391 0.300781 0.898438 0.298828 0.898438 0.292969
2 0.345703 0.314453 0.335938 0.306641 0.314453 0.304688 0.292969 0.310547 0.292969 0.324219 0.291016 0.326172 0.261719 0.324219 0.259766 0.320312 0.263672 0.318359 0.261719 0.316406 0.255859 0.318359 0.250000 0.328125 0.253906 0.369141 0.257812 0.371094 0.275391 0.371094 0.277344 0.369141 0.292969 0.371094 0.296875 0.369141 0.300781 0.355469 0.298828 0.347656 0.300781 0.343750 0.306641 0.349609 0.339844 0.347656 0.347656 0.337891
2 0.939453 0.332031 0.935547 0.333984 0.935547 0.347656 0.939453 0.357422 0.939453 0.373047 0.943359 0.375000 0.919922 0.382812 0.919922 0.435547 0.925781 0.466797 0.933594 0.462891 0.988281 0.462891 0.990234 0.451172 0.986328 0.431641 0.984375 0.339844 0.982422 0.335938 0.958984 0.335938
2 0.396484 0.353516 0.394531 0.376953 0.402344 0.390625 0.445312 0.392578 0.468750 0.388672 0.468750 0.402344 0.451172 0.412109 0.455078 0.419922 0.470703 0.425781 0.476562 0.421875 0.507812 0.421875 0.513672 0.425781 0.556641 0.427734 0.576172 0.425781 0.580078 0.419922 0.570312 0.375000 0.564453 0.369141 0.550781 0.371094 0.541016 0.351562 0.503906 0.351562 0.486328 0.355469 0.484375 0.363281 0.472656 0.343750 0.431641 0.341797 0.408203 0.343750
2 0.724609 0.345703 0.712891 0.345703 0.710938 0.347656 0.697266 0.349609 0.691406 0.353516 0.691406 0.365234 0.693359 0.367188 0.693359 0.388672 0.695312 0.390625 0.695312 0.394531 0.697266 0.398438 0.701172 0.402344 0.708984 0.402344 0.710938 0.400391 0.720703 0.400391 0.722656 0.398438 0.730469 0.398438 0.732422 0.396484 0.732422 0.392578 0.730469 0.390625 0.730469 0.380859 0.728516 0.378906 0.728516 0.361328 0.726562 0.359375 0.726562 0.347656
2 0.000000 0.347656 0.000000 0.421875 0.003906 0.425781 0.007812 0.423828 0.011719 0.425781 0.029297 0.425781 0.029297 0.423828 0.033203 0.419922 0.037109 0.419922 0.039062 0.416016 0.039062 0.367188 0.031250 0.359375 0.027344 0.359375 0.025391 0.357422 0.017578 0.357422 0.005859 0.347656
2 0.156250 0.392578 0.154297 0.396484 0.156250 0.398438 0.156250 0.404297 0.146484 0.416016 0.146484 0.435547 0.148438 0.439453 0.152344 0.441406 0.164062 0.441406 0.171875 0.445312 0.195312 0.443359 0.197266 0.441406 0.212891 0.441406 0.214844 0.439453 0.212891 0.412109 0.207031 0.410156 0.201172 0.404297 0.203125 0.392578 0.199219 0.388672 0.181641 0.388672 0.179688 0.390625 0.164062 0.390625 0.162109 0.392578
2 0.833984 0.408203 0.832031 0.410156 0.828125 0.410156 0.820312 0.416016 0.812500 0.416016 0.808594 0.423828 0.808594 0.431641 0.806641 0.433594 0.806641 0.453125 0.812500 0.460938 0.820312 0.462891 0.828125 0.474609 0.845703 0.476562 0.847656 0.474609 0.851562 0.474609 0.869141 0.455078 0.869141 0.451172 0.871094 0.449219 0.871094 0.437500 0.869141 0.435547 0.869141 0.429688 0.855469 0.414062 0.851562 0.412109 0.845703 0.412109 0.843750 0.410156 0.835938 0.410156
2 0.667969 0.410156 0.640625 0.414062 0.632812 0.427734 0.632812 0.439453 0.638672 0.453125 0.638672 0.472656 0.640625 0.474609 0.640625 0.480469 0.646484 0.488281 0.662109 0.486328 0.664062 0.484375 0.675781 0.484375 0.675781 0.462891 0.673828 0.460938 0.673828 0.453125 0.671875 0.451172 0.673828 0.421875 0.671875 0.419922 0.671875 0.414062
2 0.238281 0.425781 0.238281 0.462891 0.242188 0.468750 0.310547 0.466797 0.316406 0.462891 0.316406 0.443359 0.314453 0.441406 0.314453 0.431641 0.308594 0.421875 0.265625 0.419922 0.263672 0.421875 0.253906 0.421875 0.251953 0.423828
2 0.027344 0.431641 0.025391 0.433594 0.025391 0.449219 0.027344 0.451172 0.027344 0.484375 0.031250 0.492188 0.039062 0.498047 0.054688 0.498047 0.056641 0.496094 0.062500 0.496094 0.062500 0.488281 0.064453 0.486328 0.062500 0.484375 0.062500 0.466797 0.060547 0.464844 0.060547 0.453125 0.058594 0.451172 0.058594 0.447266 0.060547 0.445312 0.060547 0.441406 0.064453 0.437500 0.062500 0.435547 0.064453 0.433594 0.060547 0.431641
2 0.556641 0.433594 0.556641 0.435547 0.580078 0.435547 0.580078 0.429688 0.564453 0.429688 0.562500 0.431641 0.558594 0.431641
2 0.548828 0.449219 0.548828 0.451172 0.550781 0.453125 0.554688 0.453125 0.556641 0.455078 0.556641 0.457031 0.558594 0.458984 0.560547 0.458984 0.560547 0.449219 0.558594 0.447266 0.556641 0.449219 0.554688 0.449219 0.552734 0.447266 0.550781 0.449219
2 0.365234 0.462891 0.359375 0.462891 0.351562 0.466797 0.333984 0.466797 0.332031 0.468750 0.318359 0.468750 0.314453 0.474609 0.316406 0.478516 0.316406 0.494141 0.318359 0.496094 0.318359 0.513672 0.314453 0.519531 0.316406 0.521484 0.320312 0.521484 0.322266 0.523438 0.357422 0.523438 0.363281 0.529297 0.365234 0.527344 0.367188 0.513672 0.369141 0.511719 0.369141 0.500000 0.365234 0.492188 0.365234 0.484375 0.367188 0.482422 0.369141 0.468750
2 0.552734 0.464844 0.544922 0.476562 0.544922 0.490234 0.542969 0.492188 0.542969 0.511719 0.544922 0.513672 0.542969 0.548828 0.544922 0.550781 0.554688 0.550781 0.582031 0.542969 0.595703 0.542969 0.611328 0.537109 0.615234 0.533203 0.609375 0.521484 0.609375 0.507812 0.591797 0.472656 0.582031 0.466797
2 0.423828 0.500000 0.423828 0.519531 0.458984 0.519531 0.460938 0.521484 0.521484 0.521484 0.523438 0.519531 0.523438 0.484375 0.500000 0.482422 0.478516 0.470703 0.460938 0.472656 0.453125 0.486328 0.449219 0.474609 0.439453 0.474609 0.433594 0.484375 0.433594 0.496094
2 0.238281 0.494141 0.240234 0.527344 0.244141 0.531250 0.257812 0.527344 0.277344 0.529297 0.275391 0.531250 0.277344 0.548828 0.271484 0.556641 0.265625 0.556641 0.261719 0.564453 0.265625 0.576172 0.271484 0.576172 0.277344 0.583984 0.281250 0.578125 0.302734 0.576172 0.306641 0.562500 0.304688 0.548828 0.300781 0.546875 0.298828 0.529297 0.277344 0.527344 0.294922 0.525391 0.296875 0.521484 0.294922 0.511719 0.296875 0.498047 0.292969 0.490234 0.281250 0.490234 0.279297 0.484375 0.257812 0.482422 0.248047 0.490234
2 0.201172 0.498047 0.185547 0.498047 0.181641 0.500000 0.179688 0.509766 0.175781 0.513672 0.171875 0.513672 0.162109 0.519531 0.160156 0.523438 0.160156 0.531250 0.162109 0.533203 0.162109 0.548828 0.160156 0.550781 0.160156 0.560547 0.164062 0.560547 0.166016 0.562500 0.171875 0.562500 0.173828 0.560547 0.183594 0.560547 0.187500 0.562500 0.189453 0.560547 0.193359 0.560547 0.201172 0.552734 0.201172 0.541016 0.210938 0.533203 0.210938 0.521484 0.208984 0.519531 0.208984 0.513672 0.207031 0.511719 0.207031 0.503906
2 0.316406 0.533203 0.312500 0.539062 0.312500 0.568359 0.316406 0.574219 0.332031 0.574219 0.333984 0.572266 0.335938 0.572266 0.335938 0.535156 0.333984 0.533203
2 0.460938 0.796875 0.455078 0.796875 0.453125 0.794922 0.443359 0.798828 0.437500 0.796875 0.423828 0.806641 0.423828 0.814453 0.421875 0.816406 0.423828 0.820312 0.421875 0.824219 0.421875 0.857422 0.423828 0.859375 0.423828 0.865234 0.427734 0.867188 0.423828 0.873047 0.423828 0.878906 0.433594 0.875000 0.443359 0.867188 0.449219 0.865234 0.466797 0.865234 0.468750 0.863281 0.468750 0.857422 0.470703 0.855469 0.470703 0.832031 0.466797 0.820312 0.466797 0.804688 0.464844 0.798828
2 0.263672 0.818359 0.255859 0.828125 0.255859 0.835938 0.263672 0.857422 0.273438 0.869141 0.273438 0.882812 0.275391 0.886719 0.287109 0.894531 0.302734 0.894531 0.316406 0.890625 0.318359 0.888672 0.316406 0.884766 0.320312 0.876953 0.318359 0.871094 0.322266 0.867188 0.324219 0.869141 0.324219 0.876953 0.324219 0.861328 0.302734 0.851562 0.302734 0.841797 0.300781 0.839844 0.302734 0.837891 0.296875 0.832031 0.300781 0.826172 0.308594 0.826172 0.308594 0.824219 0.296875 0.826172 0.281250 0.816406 0.267578 0.816406
2 0.984375 0.822266 0.935547 0.820312 0.841797 0.835938 0.822266 0.845703 0.818359 0.863281 0.820312 0.917969 0.828125 0.925781 0.822266 0.935547 0.830078 0.943359 0.820312 0.949219 0.833984 0.962891 0.839844 0.998047 0.958984 0.996094 0.968750 0.970703 0.976562 0.898438 0.982422 0.894531 0.990234 0.839844
2 0.810547 0.871094 0.798828 0.861328 0.753906 0.861328 0.705078 0.867188 0.654297 0.890625 0.656250 0.902344 0.644531 0.914062 0.644531 0.931641 0.656250 0.945312 0.667969 0.970703 0.685547 0.970703 0.697266 0.962891 0.792969 0.955078 0.808594 0.964844 0.808594 0.974609 0.816406 0.935547 0.816406 0.898438
2 0.021484 0.957031 0.031250 0.992188 0.103516 0.986328 0.105469 0.982422 0.113281 0.988281 0.138672 0.986328 0.142578 0.970703 0.154297 0.980469 0.193359 0.980469 0.210938 0.964844 0.201172 0.939453 0.185547 0.925781 0.154297 0.927734 0.140625 0.937500 0.146484 0.919922 0.138672 0.898438 0.123047 0.890625 0.119141 0.898438 0.101562 0.900391 0.091797 0.894531 0.095703 0.888672 0.115234 0.890625 0.103516 0.886719 0.082031 0.888672 0.076172 0.896484 0.078125 0.904297 0.070312 0.914062 0.068359 0.937500 0.078125 0.953125 0.029297 0.953125
2 0.666016 0.978516 0.664062 0.980469 0.666016 0.982422 0.667969 0.982422 0.667969 0.978516
5 0.000000 0.632812 0.640625 0.578125 0.998047 0.488281 0.398438 0.582031 0.369141 0.003906 0.375000 0.583984 0.095703 0.609375 0.066406 0.246094 0.072266 0.607422
5 0.000000 0.876953 0.207031 0.853516 0.265625 0.810547 0.478516 0.791016 0.533203 0.847656 0.562500 0.990234 0.587891 0.998047 0.556641 0.837891 0.880859 0.818359 0.998047 0.796875 0.998047 0.771484 0.539062 0.820312 0.486328 0.767578 0.273438 0.787109 0.214844 0.828125 0.015625 0.851562
