0 0.798828 0.630859 0.794922 0.652344 0.773438 0.671875 0.773438 0.740234 0.804688 0.777344 0.750000 0.773438 0.738281 0.781250 0.738281 0.816406 0.828125 0.847656 0.837891 0.875000 0.832031 0.935547 0.863281 0.978516 0.839844 0.990234 0.951172 0.990234 0.933594 0.980469 0.937500 0.925781 0.962891 0.916016 0.982422 0.923828 0.982422 0.990234 0.998047 0.998047 0.998047 0.750000 0.984375 0.748047 0.998047 0.742188 0.998047 0.648438 0.927734 0.654297 0.896484 0.638672 0.859375 0.644531 0.830078 0.628906
0 0.003906 0.820312 0.001953 0.998047 0.736328 0.998047 0.750000 0.970703 0.787109 0.970703 0.802734 0.937500 0.787109 0.873047 0.726562 0.861328 0.687500 0.882812 0.683594 0.916016 0.625000 0.919922 0.613281 0.906250 0.640625 0.837891 0.531250 0.851562 0.332031 0.761719 0.412109 0.724609 0.412109 0.673828 0.359375 0.646484 0.189453 0.695312 0.171875 0.779297 0.113281 0.845703
0 0.578125 0.835938 0.578125 0.837891 0.580078 0.837891 0.580078 0.835938
0 0.648438 0.835938 0.648438 0.839844 0.650391 0.841797 0.652344 0.841797 0.652344 0.837891 0.650391 0.835938
0 0.710938 0.851562 0.710938 0.853516 0.712891 0.855469 0.714844 0.853516 0.712891 0.851562
0 0.679688 0.884766 0.679688 0.886719 0.681641 0.886719 0.681641 0.884766
0 0.765625 0.976562 0.765625 0.978516 0.769531 0.982422 0.769531 0.990234 0.771484 0.988281 0.769531 0.986328 0.769531 0.976562
0 0.761719 0.986328 0.761719 0.990234 0.763672 0.990234 0.763672 0.986328
0 0.833984 0.988281 0.830078 0.992188 0.832031 0.990234 0.833984 0.990234
0 0.781250 0.994141 0.783203 0.996094 0.787109 0.992188 0.781250 0.992188
2 0.537109 0.003906 0.533203 0.000000 0.515625 0.000000 0.507812 0.003906 0.492188 0.005859 0.480469 0.011719 0.476562 0.017578 0.478516 0.023438 0.474609 0.027344 0.464844 0.029297 0.457031 0.037109 0.443359 0.041016 0.443359 0.068359 0.447266 0.074219 0.464844 0.074219 0.470703 0.070312 0.486328 0.066406 0.509766 0.072266 0.511719 0.070312 0.525391 0.070312 0.533203 0.056641 0.539062 0.050781 0.544922 0.048828 0.546875 0.044922 0.544922 0.023438
2 0.244141 0.097656 0.244141 0.115234 0.246094 0.117188 0.246094 0.123047 0.261719 0.126953 0.265625 0.132812 0.281250 0.134766 0.283203 0.136719 0.292969 0.136719 0.294922 0.134766 0.304688 0.134766 0.312500 0.130859 0.312500 0.117188 0.306641 0.107422 0.302734 0.093750 0.289062 0.078125 0.285156 0.078125 0.277344 0.085938 0.271484 0.085938 0.259766 0.091797 0.248047 0.093750
2 0.203125 0.126953 0.195312 0.125000 0.185547 0.119141 0.183594 0.121094 0.179688 0.121094 0.160156 0.128906 0.156250 0.132812 0.150391 0.134766 0.142578 0.142578 0.142578 0.156250 0.144531 0.160156 0.154297 0.162109 0.158203 0.167969 0.158203 0.173828 0.162109 0.177734 0.166016 0.177734 0.167969 0.179688 0.175781 0.179688 0.177734 0.177734 0.191406 0.177734 0.193359 0.175781 0.203125 0.175781 0.207031 0.173828 0.208984 0.169922 0.208984 0.160156 0.207031 0.158203 0.207031 0.130859
2 0.277344 0.140625 0.275391 0.140625 0.273438 0.142578 0.275391 0.144531 0.275391 0.152344 0.273438 0.154297 0.273438 0.158203 0.271484 0.160156 0.265625 0.160156 0.265625 0.162109 0.271484 0.162109 0.273438 0.160156 0.279297 0.160156 0.279297 0.142578
2 0.439453 0.158203 0.435547 0.158203 0.433594 0.160156 0.429688 0.160156 0.427734 0.162109 0.421875 0.162109 0.417969 0.166016 0.417969 0.167969 0.414062 0.173828 0.414062 0.191406 0.416016 0.193359 0.416016 0.201172 0.417969 0.203125 0.421875 0.203125 0.423828 0.205078 0.425781 0.205078 0.427734 0.203125 0.439453 0.203125 0.439453 0.191406 0.441406 0.189453 0.441406 0.179688 0.443359 0.177734 0.443359 0.171875 0.441406 0.169922 0.441406 0.166016 0.439453 0.164062
2 0.480469 0.173828 0.476562 0.173828 0.474609 0.175781 0.468750 0.175781 0.466797 0.177734 0.462891 0.177734 0.458984 0.181641 0.458984 0.203125 0.460938 0.205078 0.460938 0.208984 0.472656 0.208984 0.474609 0.210938 0.476562 0.210938 0.478516 0.208984 0.482422 0.208984 0.484375 0.207031 0.484375 0.205078 0.486328 0.203125 0.486328 0.191406 0.484375 0.189453 0.484375 0.183594 0.482422 0.181641 0.482422 0.177734 0.480469 0.175781
2 0.296875 0.218750 0.298828 0.248047 0.304688 0.251953 0.318359 0.251953 0.337891 0.244141 0.359375 0.244141 0.361328 0.242188 0.369141 0.244141 0.371094 0.242188 0.380859 0.242188 0.384766 0.240234 0.384766 0.214844 0.380859 0.201172 0.375000 0.195312 0.363281 0.195312 0.351562 0.189453 0.333984 0.189453 0.314453 0.199219 0.306641 0.208984 0.300781 0.210938
2 0.515625 0.238281 0.498047 0.236328 0.455078 0.242188 0.453125 0.250000 0.462891 0.279297 0.460938 0.289062 0.447266 0.251953 0.451172 0.242188 0.447266 0.238281 0.402344 0.244141 0.394531 0.259766 0.394531 0.287109 0.416016 0.312500 0.458984 0.308594 0.462891 0.291016 0.466797 0.302734 0.511719 0.300781 0.517578 0.294922
2 0.382812 0.259766 0.365234 0.250000 0.355469 0.250000 0.353516 0.251953 0.337891 0.253906 0.335938 0.255859 0.316406 0.255859 0.312500 0.257812 0.312500 0.302734 0.318359 0.306641 0.335938 0.306641 0.337891 0.308594 0.371094 0.308594 0.373047 0.306641 0.378906 0.306641 0.382812 0.302734 0.382812 0.289062 0.384766 0.287109
2 0.091797 0.257812 0.080078 0.259766 0.070312 0.269531 0.025391 0.267578 0.003906 0.275391 0.013672 0.304688 0.031250 0.310547 0.056641 0.312500 0.046875 0.318359 0.052734 0.359375 0.058594 0.363281 0.107422 0.361328 0.119141 0.345703 0.113281 0.306641 0.101562 0.304688 0.082031 0.310547 0.066406 0.308594 0.111328 0.296875 0.103516 0.271484
2 0.203125 0.283203 0.195312 0.279297 0.191406 0.279297 0.183594 0.283203 0.164062 0.285156 0.158203 0.289062 0.154297 0.289062 0.148438 0.294922 0.148438 0.320312 0.150391 0.322266 0.152344 0.335938 0.154297 0.337891 0.183594 0.339844 0.185547 0.337891 0.197266 0.335938 0.207031 0.330078 0.212891 0.330078 0.214844 0.328125 0.214844 0.312500 0.207031 0.300781 0.207031 0.292969
2 0.484375 0.341797 0.482422 0.343750 0.482422 0.347656 0.480469 0.349609 0.480469 0.355469 0.478516 0.357422 0.478516 0.359375 0.476562 0.361328 0.476562 0.365234 0.474609 0.367188 0.474609 0.375000 0.476562 0.376953 0.476562 0.384766 0.478516 0.386719 0.478516 0.388672 0.480469 0.390625 0.490234 0.390625 0.492188 0.388672 0.498047 0.388672 0.500000 0.386719 0.509766 0.386719 0.511719 0.384766 0.515625 0.384766 0.515625 0.351562 0.513672 0.349609 0.513672 0.347656 0.503906 0.345703 0.498047 0.341797
2 0.474609 0.392578 0.462891 0.380859 0.458984 0.367188 0.437500 0.355469 0.414062 0.359375 0.408203 0.382812 0.404297 0.371094 0.398438 0.373047 0.384766 0.357422 0.375000 0.357422 0.357422 0.369141 0.328125 0.369141 0.320312 0.373047 0.304688 0.396484 0.304688 0.425781 0.312500 0.437500 0.359375 0.427734 0.396484 0.427734 0.416016 0.419922 0.416016 0.406250 0.421875 0.416016 0.466797 0.410156 0.474609 0.404297
2 0.591797 0.380859 0.593750 0.392578 0.595703 0.394531 0.597656 0.414062 0.599609 0.416016 0.599609 0.427734 0.601562 0.429688 0.615234 0.429688 0.617188 0.427734 0.625000 0.427734 0.626953 0.425781 0.636719 0.425781 0.642578 0.421875 0.648438 0.421875 0.656250 0.417969 0.656250 0.408203 0.652344 0.402344 0.652344 0.388672 0.650391 0.386719 0.650391 0.382812 0.644531 0.373047 0.638672 0.369141 0.611328 0.369141 0.609375 0.371094 0.603516 0.371094 0.599609 0.373047
2 0.234375 0.384766 0.226562 0.384766 0.220703 0.388672 0.220703 0.398438 0.216797 0.406250 0.195312 0.410156 0.187500 0.414062 0.173828 0.429688 0.173828 0.435547 0.179688 0.441406 0.179688 0.451172 0.173828 0.455078 0.175781 0.458984 0.173828 0.460938 0.179688 0.455078 0.185547 0.458984 0.208984 0.458984 0.220703 0.455078 0.242188 0.453125 0.251953 0.449219 0.248047 0.419922 0.242188 0.410156 0.238281 0.390625
2 0.496094 0.394531 0.490234 0.400391 0.486328 0.400391 0.484375 0.402344 0.484375 0.410156 0.488281 0.416016 0.488281 0.425781 0.490234 0.427734 0.490234 0.435547 0.492188 0.437500 0.490234 0.441406 0.490234 0.455078 0.492188 0.457031 0.500000 0.457031 0.505859 0.460938 0.517578 0.460938 0.519531 0.458984 0.523438 0.458984 0.533203 0.449219 0.533203 0.445312 0.531250 0.443359 0.531250 0.433594 0.529297 0.431641 0.529297 0.417969 0.527344 0.416016 0.529297 0.402344 0.515625 0.392578
2 0.138672 0.408203 0.134766 0.406250 0.130859 0.406250 0.126953 0.410156 0.099609 0.408203 0.097656 0.410156 0.083984 0.410156 0.082031 0.412109 0.082031 0.427734 0.085938 0.437500 0.087891 0.458984 0.089844 0.460938 0.089844 0.466797 0.095703 0.472656 0.099609 0.472656 0.105469 0.476562 0.123047 0.476562 0.125000 0.474609 0.136719 0.472656 0.142578 0.466797 0.146484 0.466797 0.156250 0.458984 0.158203 0.447266 0.162109 0.439453 0.160156 0.435547 0.148438 0.427734
2 0.003906 0.505859 0.003906 0.517578 0.015625 0.525391 0.019531 0.541016 0.027344 0.550781 0.029297 0.556641 0.037109 0.564453 0.078125 0.564453 0.080078 0.562500 0.085938 0.562500 0.089844 0.558594 0.089844 0.544922 0.080078 0.523438 0.064453 0.523438 0.052734 0.519531 0.035156 0.503906 0.029297 0.501953 0.005859 0.503906
2 0.455078 0.539062 0.455078 0.558594 0.464844 0.589844 0.482422 0.589844 0.484375 0.587891 0.494141 0.587891 0.496094 0.585938 0.509766 0.585938 0.517578 0.582031 0.523438 0.582031 0.529297 0.578125 0.527344 0.550781 0.525391 0.548828 0.525391 0.539062 0.523438 0.537109 0.519531 0.539062 0.490234 0.539062 0.482422 0.535156 0.476562 0.535156 0.476562 0.544922 0.470703 0.550781 0.464844 0.550781 0.462891 0.552734 0.457031 0.544922 0.458984 0.537109
2 0.281250 0.556641 0.253906 0.556641 0.228516 0.566406 0.226562 0.587891 0.210938 0.583984 0.199219 0.576172 0.171875 0.582031 0.169922 0.603516 0.175781 0.613281 0.181641 0.638672 0.199219 0.640625 0.234375 0.632812 0.238281 0.626953 0.240234 0.634766 0.250000 0.634766 0.263672 0.630859 0.281250 0.619141 0.291016 0.617188 0.294922 0.605469 0.283203 0.574219
2 0.109375 0.589844 0.087891 0.595703 0.083984 0.599609 0.072266 0.603516 0.054688 0.605469 0.056641 0.611328 0.068359 0.621094 0.068359 0.625000 0.060547 0.632812 0.060547 0.654297 0.068359 0.662109 0.076172 0.666016 0.089844 0.666016 0.091797 0.664062 0.115234 0.660156 0.121094 0.654297 0.117188 0.613281 0.115234 0.611328 0.113281 0.595703
2 0.000000 0.628906 0.000000 0.660156 0.009766 0.666016 0.015625 0.666016 0.017578 0.667969 0.021484 0.667969 0.023438 0.669922 0.031250 0.669922 0.033203 0.671875 0.035156 0.671875 0.037109 0.669922 0.041016 0.669922 0.041016 0.667969 0.044922 0.664062 0.044922 0.662109 0.046875 0.660156 0.046875 0.654297 0.042969 0.650391 0.041016 0.650391 0.035156 0.646484 0.031250 0.646484 0.029297 0.644531 0.027344 0.644531 0.021484 0.638672 0.021484 0.634766 0.019531 0.632812 0.017578 0.632812 0.015625 0.630859 0.011719 0.630859 0.009766 0.628906
3 0.589844 0.009766 0.580078 0.037109 0.621094 0.179688 0.646484 0.171875 0.656250 0.193359 0.656250 0.263672 0.693359 0.330078 0.679688 0.369141 0.695312 0.376953 0.691406 0.410156 0.710938 0.445312 0.855469 0.431641 0.863281 0.445312 0.943359 0.455078 0.968750 0.435547 0.986328 0.441406 0.972656 0.435547 0.998047 0.429688 0.998047 0.000000 0.839844 0.003906 0.751953 0.031250 0.724609 0.001953
3 0.808594 0.011719 0.808594 0.013672 0.810547 0.013672 0.810547 0.011719
3 0.941406 0.341797 0.941406 0.345703 0.943359 0.345703 0.943359 0.343750
3 0.941406 0.460938 0.941406 0.462891 0.943359 0.462891 0.943359 0.460938
4 0.000000 0.181641 0.025391 0.156250 0.070312 0.164062 0.091797 0.142578 0.169922 0.101562 0.193359 0.099609 0.283203 0.056641 0.378906 0.029297 0.439453 0.000000 0.000000 0.000000
4 0.011719 0.207031 0.009766 0.207031 0.007812 0.208984 0.005859 0.208984 0.005859 0.210938 0.003906 0.212891 0.001953 0.212891 0.000000 0.214844 0.001953 0.216797 0.009766 0.216797 0.011719 0.214844
5 0.535156 0.125000 0.107422 0.197266 0.134766 0.365234 0.000000 0.419922 0.535156 0.320312 0.558594 0.486328 0.000000 0.601562 0.697266 0.476562 0.582031 0.468750 0.537109 0.296875 0.156250 0.359375 0.130859 0.216797 0.498047 0.144531 0.533203 0.261719
