0 0.886719 0.000000 0.884766 0.013672 0.892578 0.039062 0.882812 0.054688 0.878906 0.107422 0.888672 0.140625 0.890625 0.183594 0.884766 0.251953 0.923828 0.267578 0.958984 0.267578 0.988281 0.277344 0.998047 0.267578 0.998047 0.000000
0 0.734375 0.392578 0.730469 0.396484 0.728516 0.396484 0.724609 0.402344 0.724609 0.412109 0.722656 0.414062 0.722656 0.429688 0.724609 0.431641 0.724609 0.439453 0.728516 0.441406 0.736328 0.449219 0.751953 0.449219 0.753906 0.447266 0.755859 0.449219 0.763672 0.449219 0.765625 0.451172 0.767578 0.447266 0.767578 0.431641 0.769531 0.429688 0.769531 0.416016 0.767578 0.414062 0.767578 0.408203 0.759766 0.396484 0.751953 0.392578
0 0.158203 0.503906 0.158203 0.507812 0.152344 0.515625 0.152344 0.529297 0.154297 0.531250 0.156250 0.542969 0.160156 0.546875 0.167969 0.548828 0.169922 0.550781 0.175781 0.550781 0.177734 0.552734 0.191406 0.552734 0.193359 0.550781 0.201172 0.550781 0.205078 0.546875 0.207031 0.546875 0.208984 0.542969 0.208984 0.525391 0.210938 0.523438 0.210938 0.511719 0.208984 0.509766 0.197266 0.503906 0.177734 0.501953 0.169922 0.498047 0.166016 0.498047
0 0.177734 0.556641 0.173828 0.558594 0.171875 0.564453 0.158203 0.578125 0.154297 0.585938 0.154297 0.595703 0.152344 0.597656 0.154297 0.625000 0.158203 0.626953 0.207031 0.625000 0.208984 0.621094 0.208984 0.607422 0.210938 0.605469 0.210938 0.597656 0.208984 0.595703 0.208984 0.570312 0.207031 0.568359 0.207031 0.564453 0.201172 0.556641
0 0.003906 0.595703 0.003906 0.605469 0.000000 0.611328 0.000000 0.693359 0.003906 0.697266 0.013672 0.699219 0.076172 0.695312 0.083984 0.685547 0.105469 0.687500 0.117188 0.679688 0.121094 0.642578 0.119141 0.626953 0.115234 0.621094 0.115234 0.611328 0.097656 0.595703 0.007812 0.591797
0 0.544922 0.748047 0.544922 0.755859 0.546875 0.757812 0.546875 0.759766 0.548828 0.761719 0.548828 0.765625 0.550781 0.767578 0.548828 0.769531 0.548828 0.773438 0.552734 0.777344 0.552734 0.779297 0.558594 0.783203 0.566406 0.783203 0.568359 0.781250 0.570312 0.781250 0.576172 0.775391 0.576172 0.771484 0.578125 0.769531 0.578125 0.755859 0.576172 0.753906 0.576172 0.751953 0.574219 0.750000 0.572266 0.750000 0.570312 0.748047 0.566406 0.748047 0.564453 0.746094 0.550781 0.746094 0.548828 0.748047
0 0.796875 0.798828 0.791016 0.806641 0.792969 0.822266 0.802734 0.832031 0.802734 0.833984 0.810547 0.839844 0.818359 0.839844 0.820312 0.841797 0.830078 0.841797 0.832031 0.839844 0.835938 0.839844 0.853516 0.830078 0.859375 0.822266 0.859375 0.810547 0.857422 0.806641 0.845703 0.800781 0.839844 0.800781 0.830078 0.792969 0.826172 0.792969 0.824219 0.791016 0.822266 0.792969 0.810547 0.792969 0.808594 0.794922 0.802734 0.794922 0.798828 0.798828
0 0.058594 0.857422 0.050781 0.896484 0.066406 0.914062 0.068359 0.937500 0.056641 0.957031 0.066406 0.986328 0.078125 0.998047 0.220703 0.998047 0.216797 0.968750 0.224609 0.941406 0.220703 0.931641 0.203125 0.919922 0.201172 0.906250 0.195312 0.902344 0.193359 0.861328 0.183594 0.837891 0.142578 0.833984 0.107422 0.851562 0.068359 0.851562
0 0.820312 0.871094 0.826172 0.892578 0.835938 0.900391 0.845703 0.902344 0.869141 0.900391 0.880859 0.890625 0.900391 0.882812 0.912109 0.882812 0.919922 0.886719 0.925781 0.886719 0.935547 0.882812 0.941406 0.873047 0.939453 0.865234 0.927734 0.855469 0.916016 0.853516 0.906250 0.857422 0.894531 0.857422 0.888672 0.853516 0.878906 0.851562 0.855469 0.851562 0.841797 0.847656 0.835938 0.849609 0.822266 0.865234
0 0.777344 0.976562 0.773438 0.972656 0.771484 0.955078 0.763672 0.945312 0.736328 0.935547 0.734375 0.931641 0.728516 0.929688 0.716797 0.931641 0.724609 0.937500 0.722656 0.941406 0.716797 0.943359 0.699219 0.941406 0.693359 0.935547 0.681641 0.931641 0.669922 0.937500 0.656250 0.939453 0.654297 0.986328 0.660156 0.992188 0.669922 0.994141 0.671875 0.998047 0.675781 0.996094 0.712891 0.998047 0.714844 0.994141 0.757812 0.992188 0.763672 0.984375
2 0.068359 0.000000 0.068359 0.029297 0.064453 0.050781 0.066406 0.115234 0.082031 0.138672 0.089844 0.142578 0.109375 0.140625 0.115234 0.136719 0.117188 0.125000 0.121094 0.123047 0.125000 0.113281 0.130859 0.117188 0.140625 0.117188 0.142578 0.105469 0.138672 0.099609 0.136719 0.041016 0.144531 0.035156 0.144531 0.023438 0.136719 0.011719 0.134766 0.000000
2 0.255859 0.000000 0.167969 0.007812 0.167969 0.087891 0.173828 0.138672 0.177734 0.142578 0.214844 0.146484 0.263672 0.144531 0.263672 0.117188 0.257812 0.095703
2 0.283203 0.000000 0.285156 0.121094 0.318359 0.138672 0.312500 0.167969 0.330078 0.169922 0.337891 0.183594 0.316406 0.185547 0.312500 0.208984 0.367188 0.224609 0.367188 0.142578 0.328125 0.140625 0.367188 0.134766 0.371094 0.064453 0.375000 0.148438 0.394531 0.148438 0.398438 0.111328 0.402344 0.134766 0.414062 0.136719 0.402344 0.140625 0.404297 0.191406 0.373047 0.199219 0.388672 0.242188 0.433594 0.238281 0.417969 0.001953 0.367188 0.000000 0.369141 0.054688 0.361328 0.000000
2 0.781250 0.164062 0.779297 0.195312 0.785156 0.205078 0.812500 0.207031 0.814453 0.203125 0.818359 0.212891 0.837891 0.214844 0.843750 0.218750 0.849609 0.218750 0.857422 0.224609 0.859375 0.234375 0.865234 0.232422 0.869141 0.212891 0.869141 0.187500 0.873047 0.173828 0.869141 0.164062 0.847656 0.164062 0.845703 0.162109 0.839844 0.171875 0.824219 0.171875 0.822266 0.169922 0.818359 0.173828 0.814453 0.160156 0.787109 0.158203
2 0.570312 0.181641 0.568359 0.185547 0.572266 0.191406 0.572266 0.201172 0.570312 0.203125 0.570312 0.212891 0.572266 0.214844 0.572266 0.277344 0.574219 0.279297 0.621094 0.283203 0.625000 0.279297 0.625000 0.269531 0.626953 0.267578 0.626953 0.250000 0.625000 0.248047 0.626953 0.244141 0.625000 0.240234 0.626953 0.185547 0.611328 0.181641
2 0.248047 0.224609 0.248047 0.230469 0.246094 0.232422 0.246094 0.242188 0.248047 0.244141 0.257812 0.244141 0.259766 0.246094 0.277344 0.246094 0.277344 0.240234 0.279297 0.238281 0.279297 0.232422 0.281250 0.230469 0.281250 0.226562 0.279297 0.224609 0.275391 0.224609 0.273438 0.222656 0.261719 0.222656 0.259766 0.224609
2 0.240234 0.267578 0.240234 0.308594 0.238281 0.310547 0.238281 0.324219 0.240234 0.326172 0.275391 0.328125 0.277344 0.326172 0.277344 0.316406 0.275391 0.314453 0.277344 0.312500 0.281250 0.314453 0.302734 0.314453 0.304688 0.316406 0.320312 0.316406 0.324219 0.314453 0.326172 0.308594 0.326172 0.289062 0.324219 0.287109 0.326172 0.277344 0.322266 0.273438 0.312500 0.269531 0.281250 0.269531 0.279297 0.267578 0.275391 0.269531 0.273438 0.267578 0.246094 0.265625 0.244141 0.263672
2 0.001953 0.281250 0.001953 0.283203 0.000000 0.285156 0.001953 0.291016 0.013672 0.302734 0.015625 0.302734 0.019531 0.306641 0.021484 0.306641 0.023438 0.308594 0.035156 0.308594 0.037109 0.306641 0.037109 0.300781 0.039062 0.298828 0.039062 0.279297 0.037109 0.277344 0.037109 0.273438 0.035156 0.271484 0.033203 0.271484 0.031250 0.269531 0.023438 0.269531 0.021484 0.271484 0.015625 0.273438 0.011719 0.277344 0.009766 0.277344 0.007812 0.279297 0.003906 0.279297
2 0.333984 0.283203 0.337891 0.328125 0.365234 0.330078 0.365234 0.333984 0.359375 0.333984 0.361328 0.351562 0.375000 0.357422 0.380859 0.363281 0.382812 0.373047 0.425781 0.371094 0.429688 0.375000 0.429688 0.378906 0.423828 0.382812 0.425781 0.386719 0.443359 0.384766 0.443359 0.332031 0.431641 0.328125 0.435547 0.326172 0.431641 0.273438 0.425781 0.271484 0.394531 0.277344 0.365234 0.277344
2 0.066406 0.312500 0.062500 0.333984 0.062500 0.357422 0.076172 0.365234 0.099609 0.367188 0.089844 0.408203 0.091797 0.417969 0.111328 0.427734 0.166016 0.425781 0.167969 0.390625 0.154297 0.388672 0.146484 0.376953 0.152344 0.375000 0.160156 0.382812 0.171875 0.371094 0.171875 0.341797 0.164062 0.326172 0.164062 0.318359 0.140625 0.310547 0.099609 0.304688 0.078125 0.304688
2 0.537109 0.320312 0.535156 0.359375 0.539062 0.371094 0.585938 0.376953 0.609375 0.376953 0.634766 0.382812 0.654297 0.382812 0.660156 0.376953 0.666016 0.363281 0.666016 0.349609 0.656250 0.333984 0.652344 0.332031 0.615234 0.333984 0.607422 0.322266 0.595703 0.320312 0.566406 0.322266 0.546875 0.316406
2 0.000000 0.320312 0.000000 0.431641 0.015625 0.433594 0.019531 0.427734 0.021484 0.390625 0.023438 0.388672 0.021484 0.324219 0.009766 0.320312
2 0.242188 0.332031 0.240234 0.333984 0.240234 0.406250 0.242188 0.408203 0.248047 0.408203 0.250000 0.406250 0.269531 0.406250 0.271484 0.402344 0.269531 0.400391 0.269531 0.394531 0.273438 0.386719 0.273438 0.359375 0.275391 0.357422 0.277344 0.345703 0.283203 0.339844 0.283203 0.337891 0.277344 0.333984
2 0.785156 0.396484 0.773438 0.408203 0.775391 0.416016 0.773438 0.419922 0.773438 0.441406 0.771484 0.443359 0.773438 0.478516 0.779297 0.498047 0.787109 0.503906 0.800781 0.505859 0.814453 0.496094 0.833984 0.494141 0.833984 0.482422 0.832031 0.474609 0.828125 0.470703 0.824219 0.427734 0.818359 0.416016 0.818359 0.404297 0.800781 0.396484
2 0.421875 0.419922 0.408203 0.419922 0.402344 0.410156 0.322266 0.412109 0.316406 0.414062 0.314453 0.417969 0.316406 0.460938 0.326172 0.462891 0.333984 0.474609 0.380859 0.472656 0.382812 0.470703 0.419922 0.470703 0.423828 0.464844
2 0.517578 0.470703 0.517578 0.474609 0.519531 0.476562 0.519531 0.488281 0.523438 0.496094 0.576172 0.496094 0.576172 0.490234 0.574219 0.488281 0.574219 0.480469 0.576172 0.478516 0.576172 0.466797 0.572266 0.462891 0.548828 0.462891 0.546875 0.464844 0.525391 0.464844 0.523438 0.466797 0.519531 0.466797
2 0.384766 0.503906 0.384766 0.533203 0.386719 0.535156 0.386719 0.554688 0.388672 0.558594 0.394531 0.560547 0.396484 0.558594 0.416016 0.558594 0.417969 0.560547 0.419922 0.558594 0.423828 0.560547 0.427734 0.558594 0.429688 0.560547 0.431641 0.558594 0.433594 0.560547 0.437500 0.558594 0.439453 0.560547 0.441406 0.558594 0.443359 0.560547 0.447266 0.558594 0.453125 0.560547 0.455078 0.558594 0.457031 0.560547 0.457031 0.552734 0.453125 0.542969 0.453125 0.523438 0.451172 0.521484 0.451172 0.503906 0.449219 0.500000 0.408203 0.500000 0.406250 0.501953 0.388672 0.501953
2 0.775391 0.542969 0.775391 0.560547 0.779297 0.568359 0.781250 0.625000 0.832031 0.619141 0.857422 0.609375 0.878906 0.607422 0.884766 0.603516 0.882812 0.562500 0.857422 0.552734 0.851562 0.546875 0.847656 0.537109 0.839844 0.533203 0.806641 0.533203 0.781250 0.539062
2 0.425781 0.595703 0.417969 0.589844 0.345703 0.587891 0.279297 0.603516 0.230469 0.603516 0.220703 0.597656 0.222656 0.708984 0.343750 0.712891 0.373047 0.722656 0.417969 0.722656 0.429688 0.716797 0.435547 0.708984 0.437500 0.687500 0.427734 0.664062
2 0.544922 0.593750 0.544922 0.609375 0.550781 0.625000 0.550781 0.650391 0.552734 0.652344 0.605469 0.654297 0.607422 0.652344 0.656250 0.652344 0.662109 0.650391 0.662109 0.644531 0.650391 0.630859 0.648438 0.595703 0.646484 0.593750 0.630859 0.591797 0.615234 0.595703 0.607422 0.595703 0.599609 0.591797 0.546875 0.591797
2 0.125000 0.660156 0.125000 0.675781 0.123047 0.677734 0.123047 0.683594 0.130859 0.693359 0.138672 0.693359 0.140625 0.695312 0.175781 0.695312 0.187500 0.689453 0.191406 0.689453 0.195312 0.685547 0.197266 0.685547 0.197266 0.673828 0.199219 0.671875 0.199219 0.662109 0.197266 0.660156 0.191406 0.660156 0.189453 0.658203 0.126953 0.658203
2 0.140625 0.703125 0.136719 0.708984 0.136719 0.755859 0.158203 0.755859 0.160156 0.757812 0.181641 0.757812 0.183594 0.759766 0.187500 0.757812 0.189453 0.759766 0.199219 0.759766 0.201172 0.757812 0.201172 0.748047 0.203125 0.746094 0.203125 0.714844 0.201172 0.712891 0.189453 0.712891 0.187500 0.710938 0.183594 0.710938 0.177734 0.705078 0.169922 0.705078 0.167969 0.703125
2 0.681641 0.750000 0.675781 0.748047 0.654297 0.748047 0.648438 0.751953 0.634766 0.751953 0.625000 0.755859 0.617188 0.755859 0.613281 0.759766 0.615234 0.761719 0.617188 0.789062 0.625000 0.812500 0.636719 0.814453 0.638672 0.812500 0.671875 0.810547 0.673828 0.808594 0.685547 0.806641 0.689453 0.796875 0.691406 0.779297 0.687500 0.769531 0.687500 0.761719
2 0.009766 0.753906 0.007812 0.755859 0.007812 0.779297 0.005859 0.781250 0.005859 0.791016 0.015625 0.802734 0.015625 0.810547 0.009766 0.814453 0.007812 0.826172 0.013672 0.828125 0.042969 0.828125 0.044922 0.826172 0.054688 0.826172 0.058594 0.824219 0.062500 0.818359 0.062500 0.804688 0.064453 0.802734 0.064453 0.789062 0.060547 0.777344 0.060547 0.757812 0.054688 0.755859
2 0.148438 0.763672 0.140625 0.763672 0.138672 0.761719 0.134766 0.761719 0.132812 0.763672 0.126953 0.763672 0.125000 0.765625 0.123047 0.785156 0.121094 0.787109 0.121094 0.798828 0.123047 0.800781 0.123047 0.826172 0.125000 0.830078 0.128906 0.832031 0.132812 0.830078 0.138672 0.830078 0.140625 0.828125 0.152344 0.828125 0.160156 0.824219 0.160156 0.804688 0.162109 0.802734 0.162109 0.777344 0.160156 0.773438
2 0.552734 0.833984 0.554688 0.835938 0.552734 0.837891 0.554688 0.841797 0.552734 0.843750 0.554688 0.845703 0.552734 0.847656 0.554688 0.851562 0.552734 0.853516 0.554688 0.857422 0.552734 0.859375 0.554688 0.865234 0.552734 0.867188 0.554688 0.871094 0.552734 0.873047 0.554688 0.878906 0.552734 0.882812 0.556641 0.894531 0.564453 0.890625 0.591797 0.890625 0.593750 0.888672 0.609375 0.888672 0.611328 0.886719 0.611328 0.878906 0.609375 0.876953 0.609375 0.859375 0.607422 0.857422 0.607422 0.845703 0.609375 0.843750 0.607422 0.832031 0.556641 0.832031
2 0.933594 0.962891 0.923828 0.953125 0.919922 0.943359 0.912109 0.943359 0.910156 0.941406 0.824219 0.945312 0.820312 0.953125 0.820312 0.972656 0.822266 0.978516 0.835938 0.988281 0.865234 0.988281 0.867188 0.986328 0.892578 0.986328 0.894531 0.984375 0.927734 0.982422 0.931641 0.974609
2 0.000000 0.955078 0.000000 0.998047 0.027344 0.998047 0.027344 0.996094 0.029297 0.994141 0.029297 0.984375 0.031250 0.982422 0.031250 0.957031 0.029297 0.957031 0.027344 0.955078 0.017578 0.955078 0.015625 0.953125 0.003906 0.953125 0.001953 0.955078
4 0.626953 0.000000 0.630859 0.017578 0.650391 0.044922 0.666016 0.037109 0.687500 0.035156 0.705078 0.021484 0.714844 0.021484 0.732422 0.037109 0.742188 0.039062 0.753906 0.037109 0.763672 0.023438 0.804688 0.033203 0.833984 0.029297 0.880859 0.037109 0.880859 0.025391 0.873047 0.021484 0.871094 0.000000
4 0.664062 0.230469 0.664062 0.289062 0.652344 0.306641 0.654297 0.310547 0.677734 0.312500 0.691406 0.322266 0.724609 0.330078 0.884766 0.337891 0.884766 0.308594 0.873047 0.291016 0.873047 0.263672 0.865234 0.246094 0.857422 0.242188
4 0.720703 0.658203 0.632812 0.656250 0.609375 0.664062 0.548828 0.662109 0.537109 0.667969 0.544922 0.697266 0.542969 0.748047 0.564453 0.744141 0.580078 0.755859 0.570312 0.783203 0.558594 0.785156 0.548828 0.775391 0.556641 0.816406 0.552734 0.832031 0.605469 0.830078 0.632812 0.816406 0.619141 0.802734 0.611328 0.759766 0.634766 0.750000 0.675781 0.746094 0.685547 0.751953 0.693359 0.787109 0.683594 0.808594 0.742188 0.792969 0.744141 0.765625 0.724609 0.744141
4 0.000000 0.712891 0.000000 0.740234 0.005859 0.742188 0.037109 0.744141 0.091797 0.753906 0.119141 0.753906 0.121094 0.755859 0.130859 0.755859 0.134766 0.750000 0.134766 0.720703 0.128906 0.714844 0.080078 0.712891 0.078125 0.710938 0.048828 0.712891 0.027344 0.708984 0.009766 0.708984
4 0.628906 0.875000 0.625000 0.873047 0.619141 0.876953 0.615234 0.873047 0.615234 0.869141 0.613281 0.867188 0.615234 0.863281 0.609375 0.857422 0.609375 0.845703 0.613281 0.886719 0.609375 0.890625 0.564453 0.892578 0.562500 0.894531 0.558594 0.894531 0.558594 0.896484 0.562500 0.894531 0.566406 0.896484 0.570312 0.892578 0.580078 0.892578 0.583984 0.894531 0.593750 0.890625 0.628906 0.888672
5 0.439453 0.000000 0.486328 0.566406 0.216797 0.587891 0.488281 0.593750 0.500000 0.716797 0.220703 0.744141 0.501953 0.744141 0.513672 0.998047 0.560547 0.998047 0.494141 0.312500 0.660156 0.294922 0.646484 0.070312 0.619141 0.070312 0.634766 0.285156 0.488281 0.287109 0.472656 0.011719
6 0.443359 0.777344 0.392578 0.785156 0.369141 0.802734 0.373047 0.855469 0.365234 0.886719 0.373047 0.921875 0.308594 0.921875 0.304688 0.916016 0.283203 0.931641 0.240234 0.937500 0.228516 0.962891 0.230469 0.998047 0.355469 0.998047 0.363281 0.980469 0.369141 0.990234 0.380859 0.980469 0.384766 0.998047 0.460938 0.994141 0.449219 0.970703 0.468750 0.935547 0.472656 0.886719 0.460938 0.863281 0.458984 0.820312 0.453125 0.826172 0.443359 0.810547
