0 0.517578 0.179688 0.513672 0.185547 0.500000 0.181641 0.453125 0.185547 0.445312 0.193359 0.437500 0.212891 0.435547 0.259766 0.439453 0.275391 0.453125 0.287109 0.488281 0.300781 0.513672 0.298828 0.527344 0.292969 0.541016 0.255859 0.541016 0.236328 0.531250 0.214844 0.523438 0.185547
0 0.345703 0.447266 0.345703 0.453125 0.330078 0.464844 0.326172 0.472656 0.330078 0.478516 0.328125 0.490234 0.332031 0.503906 0.326172 0.511719 0.328125 0.517578 0.324219 0.525391 0.316406 0.531250 0.316406 0.576172 0.324219 0.583984 0.343750 0.585938 0.345703 0.589844 0.347656 0.585938 0.359375 0.591797 0.410156 0.591797 0.414062 0.582031 0.421875 0.582031 0.429688 0.576172 0.435547 0.550781 0.435547 0.531250 0.429688 0.525391 0.431641 0.517578 0.425781 0.494141 0.427734 0.486328 0.419922 0.482422 0.419922 0.460938 0.414062 0.455078 0.416016 0.451172 0.392578 0.443359
0 0.863281 0.593750 0.863281 0.597656 0.865234 0.597656 0.865234 0.593750
0 0.953125 0.605469 0.945312 0.611328 0.951172 0.632812 0.933594 0.644531 0.933594 0.660156 0.914062 0.677734 0.869141 0.667969 0.863281 0.656250 0.847656 0.691406 0.847656 0.720703 0.839844 0.720703 0.847656 0.726562 0.839844 0.732422 0.839844 0.796875 0.861328 0.837891 0.855469 0.935547 0.865234 0.960938 0.902344 0.964844 0.943359 0.994141 0.996094 0.998047 0.998047 0.748047 0.988281 0.744141 0.988281 0.726562 0.998047 0.740234 0.998047 0.613281
0 0.839844 0.707031 0.841797 0.708984 0.841797 0.707031
2 0.000000 0.000000 0.000000 0.062500 0.005859 0.062500 0.015625 0.058594 0.027344 0.058594 0.029297 0.056641 0.046875 0.056641 0.056641 0.052734 0.056641 0.042969 0.052734 0.035156 0.052734 0.027344 0.048828 0.023438 0.048828 0.019531 0.046875 0.017578 0.046875 0.005859 0.044922 0.003906 0.021484 0.003906 0.013672 0.000000
2 0.509766 0.056641 0.509766 0.068359 0.513672 0.082031 0.513672 0.099609 0.515625 0.101562 0.515625 0.121094 0.519531 0.126953 0.576172 0.126953 0.578125 0.128906 0.589844 0.128906 0.591797 0.126953 0.585938 0.062500 0.580078 0.054688 0.576172 0.052734 0.556641 0.052734 0.554688 0.054688 0.511719 0.054688
2 0.000000 0.087891 0.000000 0.128906 0.001953 0.130859 0.027344 0.136719 0.054688 0.123047 0.052734 0.113281 0.046875 0.107422 0.039062 0.089844 0.035156 0.085938 0.031250 0.085938 0.029297 0.083984 0.021484 0.083984 0.019531 0.085938 0.007812 0.085938 0.005859 0.087891
2 0.347656 0.113281 0.353516 0.123047 0.351562 0.152344 0.355469 0.158203 0.359375 0.185547 0.363281 0.189453 0.398438 0.185547 0.410156 0.181641 0.421875 0.183594 0.439453 0.181641 0.437500 0.150391 0.435547 0.148438 0.435547 0.109375 0.410156 0.099609 0.388672 0.097656 0.361328 0.103516
2 0.492188 0.111328 0.488281 0.111328 0.486328 0.109375 0.474609 0.109375 0.472656 0.111328 0.451172 0.111328 0.453125 0.177734 0.455078 0.181641 0.476562 0.181641 0.478516 0.179688 0.490234 0.179688 0.492188 0.177734 0.496094 0.177734 0.498047 0.173828 0.498047 0.166016 0.496094 0.164062 0.496094 0.154297 0.494141 0.152344 0.494141 0.130859 0.492188 0.128906 0.494141 0.115234
2 0.853516 0.123047 0.822266 0.132812 0.814453 0.164062 0.791016 0.162109 0.787109 0.167969 0.781250 0.246094 0.785156 0.251953 0.785156 0.269531 0.796875 0.283203 0.841797 0.287109 0.845703 0.285156 0.847656 0.271484 0.855469 0.259766 0.859375 0.128906
2 0.320312 0.175781 0.308594 0.166016 0.244141 0.167969 0.216797 0.185547 0.216797 0.208984 0.220703 0.218750 0.220703 0.234375 0.230469 0.238281 0.232422 0.236328 0.298828 0.232422 0.310547 0.228516 0.324219 0.230469 0.330078 0.226562 0.332031 0.220703
2 0.433594 0.187500 0.408203 0.187500 0.406250 0.189453 0.386719 0.191406 0.375000 0.197266 0.375000 0.214844 0.376953 0.216797 0.376953 0.232422 0.378906 0.234375 0.378906 0.271484 0.382812 0.275391 0.390625 0.279297 0.419922 0.279297 0.435547 0.275391 0.433594 0.250000 0.431641 0.248047 0.433594 0.210938 0.435547 0.208984 0.435547 0.189453
2 0.292969 0.263672 0.287109 0.269531 0.287109 0.300781 0.279297 0.310547 0.275391 0.322266 0.275391 0.349609 0.281250 0.355469 0.285156 0.363281 0.291016 0.363281 0.292969 0.365234 0.294922 0.363281 0.300781 0.365234 0.314453 0.365234 0.316406 0.361328 0.316406 0.294922 0.314453 0.292969 0.314453 0.275391 0.312500 0.271484 0.302734 0.263672
2 0.226562 0.277344 0.226562 0.281250 0.228516 0.283203 0.228516 0.292969 0.226562 0.294922 0.226562 0.310547 0.224609 0.312500 0.224609 0.330078 0.226562 0.332031 0.226562 0.333984 0.230469 0.333984 0.232422 0.335938 0.248047 0.335938 0.248047 0.330078 0.250000 0.328125 0.248047 0.326172 0.248047 0.324219 0.250000 0.322266 0.250000 0.294922 0.251953 0.292969 0.251953 0.281250 0.248047 0.277344
2 0.585938 0.308594 0.583984 0.310547 0.583984 0.347656 0.582031 0.351562 0.583984 0.353516 0.589844 0.353516 0.591797 0.355469 0.601562 0.355469 0.603516 0.357422 0.609375 0.357422 0.623047 0.363281 0.630859 0.363281 0.634766 0.355469 0.634766 0.333984 0.636719 0.332031 0.636719 0.326172 0.638672 0.324219 0.638672 0.308594 0.628906 0.308594 0.626953 0.306641 0.611328 0.306641 0.609375 0.308594
2 0.445312 0.347656 0.439453 0.355469 0.439453 0.363281 0.437500 0.365234 0.437500 0.376953 0.435547 0.378906 0.435547 0.386719 0.433594 0.388672 0.437500 0.398438 0.441406 0.400391 0.449219 0.400391 0.451172 0.402344 0.484375 0.402344 0.490234 0.398438 0.490234 0.378906 0.492188 0.376953 0.492188 0.371094 0.496094 0.365234 0.496094 0.359375 0.494141 0.355469 0.490234 0.351562 0.486328 0.351562 0.484375 0.349609 0.472656 0.349609 0.470703 0.347656
2 0.517578 0.363281 0.517578 0.376953 0.515625 0.378906 0.515625 0.406250 0.517578 0.408203 0.517578 0.412109 0.519531 0.412109 0.521484 0.410156 0.533203 0.410156 0.535156 0.412109 0.541016 0.412109 0.542969 0.414062 0.544922 0.412109 0.544922 0.406250 0.546875 0.404297 0.546875 0.365234 0.544922 0.363281
2 0.220703 0.406250 0.210938 0.410156 0.207031 0.425781 0.203125 0.429688 0.197266 0.429688 0.193359 0.435547 0.193359 0.457031 0.199219 0.468750 0.201172 0.488281 0.203125 0.492188 0.210938 0.496094 0.236328 0.500000 0.238281 0.501953 0.248047 0.501953 0.250000 0.490234 0.255859 0.480469 0.261719 0.445312 0.267578 0.431641 0.267578 0.423828 0.251953 0.410156 0.244141 0.406250 0.232422 0.406250 0.230469 0.404297 0.228516 0.406250
2 0.478516 0.482422 0.474609 0.488281 0.474609 0.498047 0.472656 0.500000 0.472656 0.513672 0.470703 0.515625 0.472656 0.521484 0.474609 0.523438 0.480469 0.523438 0.482422 0.525391 0.490234 0.525391 0.492188 0.527344 0.503906 0.527344 0.503906 0.515625 0.505859 0.513672 0.505859 0.500000 0.507812 0.498047 0.507812 0.490234 0.505859 0.488281 0.505859 0.486328 0.500000 0.482422
2 0.539062 0.500000 0.535156 0.503906 0.537109 0.507812 0.535156 0.521484 0.539062 0.531250 0.537109 0.562500 0.539062 0.611328 0.548828 0.611328 0.578125 0.621094 0.599609 0.619141 0.603516 0.613281 0.603516 0.595703 0.609375 0.576172 0.605469 0.568359 0.607422 0.564453 0.605469 0.513672 0.587891 0.509766 0.568359 0.500000 0.548828 0.498047
2 0.275391 0.517578 0.259766 0.519531 0.255859 0.523438 0.255859 0.537109 0.250000 0.552734 0.248047 0.582031 0.246094 0.583984 0.246094 0.593750 0.244141 0.595703 0.244141 0.605469 0.240234 0.623047 0.244141 0.626953 0.253906 0.625000 0.269531 0.615234 0.269531 0.607422 0.271484 0.605469 0.271484 0.572266 0.277344 0.560547 0.279297 0.542969 0.281250 0.541016 0.281250 0.521484
2 0.728516 0.548828 0.724609 0.552734 0.724609 0.566406 0.726562 0.568359 0.726562 0.603516 0.728516 0.605469 0.730469 0.623047 0.734375 0.625000 0.751953 0.625000 0.759766 0.628906 0.769531 0.628906 0.771484 0.630859 0.779297 0.628906 0.785156 0.615234 0.787109 0.599609 0.796875 0.576172 0.796875 0.566406 0.794922 0.564453 0.785156 0.564453 0.765625 0.554688 0.757812 0.554688 0.742188 0.548828
2 0.234375 0.652344 0.234375 0.669922 0.236328 0.673828 0.240234 0.675781 0.253906 0.675781 0.255859 0.677734 0.271484 0.677734 0.273438 0.679688 0.289062 0.679688 0.291016 0.681641 0.298828 0.681641 0.302734 0.677734 0.302734 0.667969 0.300781 0.666016 0.300781 0.654297 0.294922 0.650391 0.289062 0.650391 0.287109 0.648438 0.261719 0.648438 0.259766 0.646484 0.240234 0.646484 0.236328 0.648438
2 0.429688 0.650391 0.425781 0.654297 0.425781 0.681641 0.423828 0.683594 0.425781 0.685547 0.425781 0.687500 0.429688 0.687500 0.431641 0.689453 0.445312 0.689453 0.447266 0.691406 0.458984 0.691406 0.458984 0.679688 0.460938 0.677734 0.460938 0.664062 0.453125 0.656250 0.451172 0.656250 0.449219 0.654297 0.445312 0.654297 0.443359 0.652344 0.439453 0.652344 0.437500 0.650391
2 0.636719 0.681641 0.632812 0.689453 0.634766 0.691406 0.632812 0.695312 0.634766 0.697266 0.634766 0.705078 0.632812 0.707031 0.634766 0.708984 0.632812 0.710938 0.634766 0.712891 0.632812 0.716797 0.634766 0.722656 0.632812 0.724609 0.634766 0.726562 0.634766 0.736328 0.642578 0.746094 0.667969 0.748047 0.669922 0.750000 0.681641 0.750000 0.691406 0.746094 0.695312 0.742188 0.695312 0.730469 0.697266 0.728516 0.697266 0.703125 0.691406 0.691406 0.685547 0.687500 0.671875 0.685547 0.660156 0.679688 0.642578 0.679688
2 0.404297 0.695312 0.402344 0.728516 0.404297 0.730469 0.414062 0.730469 0.416016 0.732422 0.433594 0.734375 0.441406 0.744141 0.458984 0.744141 0.458984 0.736328 0.462891 0.728516 0.468750 0.726562 0.478516 0.728516 0.484375 0.726562 0.486328 0.722656 0.484375 0.716797 0.486328 0.705078 0.480469 0.701172 0.439453 0.699219 0.425781 0.693359 0.416016 0.693359 0.414062 0.691406 0.410156 0.691406
2 0.201172 0.712891 0.195312 0.705078 0.185547 0.703125 0.130859 0.707031 0.000000 0.707031 0.000000 0.751953 0.199219 0.748047 0.203125 0.744141
2 0.402344 0.773438 0.406250 0.775391 0.431641 0.775391 0.433594 0.777344 0.443359 0.777344 0.445312 0.779297 0.451172 0.779297 0.458984 0.773438 0.458984 0.757812 0.457031 0.753906 0.458984 0.751953 0.470703 0.751953 0.458984 0.751953 0.457031 0.750000 0.441406 0.750000 0.417969 0.738281 0.406250 0.738281 0.402344 0.744141 0.404297 0.746094 0.402344 0.748047
2 0.250000 0.744141 0.248047 0.748047 0.248047 0.810547 0.255859 0.814453 0.310547 0.814453 0.312500 0.812500 0.326172 0.812500 0.328125 0.808594 0.328125 0.787109 0.326172 0.785156 0.324219 0.744141 0.322266 0.742188 0.253906 0.742188
2 0.480469 0.753906 0.478516 0.755859 0.478516 0.757812 0.476562 0.759766 0.476562 0.761719 0.480469 0.765625 0.480469 0.767578 0.484375 0.771484 0.486328 0.769531 0.486328 0.757812 0.482422 0.753906
2 0.402344 0.789062 0.402344 0.792969 0.400391 0.794922 0.402344 0.796875 0.402344 0.802734 0.400391 0.804688 0.400391 0.824219 0.402344 0.824219 0.404297 0.826172 0.431641 0.826172 0.437500 0.820312 0.437500 0.818359 0.443359 0.808594 0.443359 0.798828 0.439453 0.794922 0.433594 0.794922 0.431641 0.792969 0.423828 0.792969 0.421875 0.791016 0.416016 0.791016 0.414062 0.789062
2 0.386719 0.882812 0.390625 0.886719 0.419922 0.886719 0.421875 0.888672 0.433594 0.886719 0.435547 0.884766 0.435547 0.878906 0.439453 0.875000 0.449219 0.875000 0.451172 0.873047 0.451172 0.857422 0.453125 0.855469 0.451172 0.847656 0.449219 0.845703 0.441406 0.845703 0.433594 0.841797 0.427734 0.841797 0.417969 0.835938 0.404297 0.835938 0.400391 0.839844 0.396484 0.861328 0.394531 0.863281 0.392578 0.871094 0.388672 0.875000
2 0.279297 0.861328 0.273438 0.871094 0.273438 0.896484 0.271484 0.898438 0.273438 0.931641 0.275391 0.933594 0.314453 0.933594 0.316406 0.935547 0.324219 0.933594 0.326172 0.927734 0.328125 0.886719 0.330078 0.884766 0.332031 0.863281 0.328125 0.859375 0.283203 0.859375
2 0.000000 0.867188 0.000000 0.927734 0.015625 0.927734 0.017578 0.929688 0.029297 0.929688 0.031250 0.927734 0.037109 0.927734 0.035156 0.923828 0.035156 0.916016 0.033203 0.914062 0.033203 0.873047 0.029297 0.869141 0.019531 0.869141 0.017578 0.867188 0.013672 0.869141 0.009766 0.867188
2 0.693359 0.892578 0.693359 0.923828 0.695312 0.925781 0.695312 0.937500 0.697266 0.939453 0.701172 0.937500 0.712891 0.937500 0.714844 0.935547 0.730469 0.935547 0.732422 0.933594 0.744141 0.933594 0.746094 0.931641 0.746094 0.921875 0.744141 0.919922 0.742188 0.902344 0.740234 0.900391 0.740234 0.894531 0.736328 0.886719 0.732422 0.884766 0.712891 0.884766 0.710938 0.886719 0.699219 0.888672
2 0.566406 0.970703 0.566406 0.998047 0.628906 0.998047 0.628906 0.992188 0.626953 0.990234 0.623047 0.990234 0.617188 0.986328 0.617188 0.976562 0.613281 0.970703
5 0.365234 0.000000 0.310547 0.000000 0.289062 0.017578 0.207031 0.044922 0.148438 0.076172 0.000000 0.185547 0.000000 0.226562 0.013672 0.224609 0.181641 0.101562 0.320312 0.044922 0.357422 0.015625
5 0.490234 0.000000 0.435547 0.000000 0.246094 0.085938 0.000000 0.263672 0.000000 0.296875 0.021484 0.296875 0.271484 0.115234 0.482422 0.019531
5 0.078125 0.332031 0.515625 0.470703 0.486328 0.998047 0.527344 0.835938 0.531250 0.474609 0.625000 0.503906 0.615234 0.806641 0.671875 0.998047 0.628906 0.804688 0.636719 0.507812 0.998047 0.591797 0.998047 0.556641
