0 0.859375 0.152344 0.859375 0.164062 0.861328 0.166016 0.861328 0.171875 0.876953 0.187500 0.884766 0.191406 0.888672 0.191406 0.890625 0.193359 0.896484 0.193359 0.898438 0.195312 0.910156 0.195312 0.921875 0.181641 0.921875 0.179688 0.931641 0.169922 0.929688 0.162109 0.908203 0.152344 0.884766 0.152344 0.873047 0.146484 0.863281 0.148438
0 0.203125 0.185547 0.203125 0.193359 0.205078 0.195312 0.207031 0.201172 0.222656 0.216797 0.224609 0.216797 0.226562 0.218750 0.236328 0.218750 0.238281 0.216797 0.246094 0.216797 0.248047 0.214844 0.250000 0.214844 0.250000 0.212891 0.251953 0.210938 0.251953 0.205078 0.253906 0.203125 0.253906 0.195312 0.255859 0.193359 0.255859 0.189453 0.253906 0.187500 0.253906 0.183594 0.251953 0.181641 0.251953 0.179688 0.246094 0.173828 0.244141 0.173828 0.242188 0.171875 0.236328 0.171875 0.234375 0.169922 0.224609 0.169922 0.214844 0.177734 0.208984 0.179688
0 0.656250 0.277344 0.677734 0.269531 0.699219 0.246094 0.740234 0.222656 0.751953 0.210938 0.771484 0.205078 0.812500 0.171875 0.787109 0.169922 0.759766 0.175781 0.744141 0.185547 0.718750 0.183594 0.701172 0.203125 0.693359 0.199219 0.693359 0.187500 0.685547 0.177734 0.664062 0.169922 0.648438 0.171875 0.642578 0.179688 0.642578 0.195312 0.658203 0.218750 0.671875 0.220703 0.675781 0.226562 0.669922 0.242188 0.656250 0.244141 0.650391 0.250000 0.650391 0.263672 0.656250 0.269531
0 0.964844 0.261719 0.957031 0.253906 0.945312 0.253906 0.902344 0.271484 0.875000 0.259766 0.855469 0.273438 0.837891 0.275391 0.826172 0.287109 0.802734 0.287109 0.785156 0.298828 0.771484 0.298828 0.759766 0.312500 0.708984 0.300781 0.685547 0.310547 0.679688 0.318359 0.677734 0.357422 0.683594 0.363281 0.740234 0.359375 0.765625 0.349609 0.787109 0.351562 0.804688 0.343750 0.833984 0.343750 0.853516 0.330078 0.859375 0.308594 0.892578 0.306641 0.910156 0.294922 0.943359 0.289062 0.960938 0.277344
0 0.369141 0.265625 0.367188 0.267578 0.361328 0.269531 0.353516 0.277344 0.349609 0.277344 0.347656 0.279297 0.347656 0.289062 0.349609 0.291016 0.349609 0.294922 0.351562 0.296875 0.351562 0.298828 0.355469 0.302734 0.357422 0.302734 0.359375 0.304688 0.363281 0.304688 0.365234 0.306641 0.375000 0.306641 0.376953 0.308594 0.378906 0.308594 0.384766 0.304688 0.388672 0.304688 0.390625 0.302734 0.392578 0.302734 0.394531 0.300781 0.394531 0.296875 0.396484 0.294922 0.396484 0.291016 0.394531 0.289062 0.394531 0.283203 0.388672 0.277344 0.386719 0.271484 0.382812 0.267578 0.380859 0.267578 0.378906 0.265625
0 0.191406 0.353516 0.191406 0.361328 0.195312 0.365234 0.197266 0.365234 0.199219 0.367188 0.203125 0.367188 0.207031 0.371094 0.208984 0.371094 0.214844 0.375000 0.218750 0.375000 0.220703 0.376953 0.228516 0.376953 0.232422 0.373047 0.232422 0.371094 0.234375 0.369141 0.234375 0.359375 0.232422 0.357422 0.232422 0.353516 0.230469 0.351562 0.230469 0.347656 0.222656 0.339844 0.220703 0.339844 0.218750 0.337891 0.210938 0.337891 0.203125 0.345703 0.197266 0.347656
0 0.802734 0.406250 0.802734 0.421875 0.804688 0.423828 0.806641 0.435547 0.812500 0.439453 0.822266 0.439453 0.824219 0.441406 0.830078 0.441406 0.832031 0.443359 0.837891 0.443359 0.839844 0.445312 0.845703 0.445312 0.847656 0.443359 0.855469 0.441406 0.857422 0.435547 0.863281 0.429688 0.867188 0.421875 0.867188 0.414062 0.869141 0.412109 0.869141 0.406250 0.865234 0.400391 0.847656 0.392578 0.833984 0.392578 0.832031 0.394531 0.824219 0.392578 0.808594 0.400391
0 0.488281 0.423828 0.482422 0.429688 0.482422 0.443359 0.492188 0.462891 0.503906 0.472656 0.515625 0.476562 0.521484 0.488281 0.531250 0.494141 0.541016 0.505859 0.558594 0.511719 0.566406 0.529297 0.574219 0.537109 0.597656 0.544922 0.599609 0.525391 0.595703 0.513672 0.574219 0.498047 0.568359 0.482422 0.552734 0.466797 0.556641 0.455078 0.556641 0.439453 0.552734 0.427734 0.533203 0.419922 0.531250 0.416016 0.500000 0.417969
0 0.248047 0.480469 0.248047 0.488281 0.250000 0.490234 0.250000 0.498047 0.251953 0.500000 0.251953 0.503906 0.255859 0.507812 0.259766 0.507812 0.261719 0.509766 0.269531 0.509766 0.271484 0.507812 0.281250 0.507812 0.283203 0.505859 0.285156 0.505859 0.289062 0.501953 0.289062 0.498047 0.292969 0.492188 0.292969 0.486328 0.285156 0.478516 0.279297 0.478516 0.277344 0.476562 0.269531 0.476562 0.267578 0.474609 0.253906 0.474609
0 0.791016 0.537109 0.791016 0.539062 0.789062 0.541016 0.789062 0.552734 0.791016 0.554688 0.791016 0.558594 0.796875 0.564453 0.798828 0.564453 0.804688 0.568359 0.810547 0.568359 0.812500 0.570312 0.824219 0.570312 0.826172 0.568359 0.832031 0.568359 0.835938 0.564453 0.835938 0.552734 0.833984 0.550781 0.833984 0.546875 0.830078 0.541016 0.830078 0.537109 0.828125 0.535156 0.828125 0.533203 0.824219 0.529297 0.818359 0.529297 0.816406 0.527344 0.812500 0.527344 0.810547 0.529297 0.798828 0.529297
0 0.408203 0.599609 0.388672 0.595703 0.357422 0.603516 0.351562 0.615234 0.341797 0.623047 0.320312 0.619141 0.306641 0.636719 0.289062 0.638672 0.281250 0.644531 0.279297 0.650391 0.283203 0.658203 0.300781 0.669922 0.298828 0.697266 0.310547 0.716797 0.320312 0.716797 0.332031 0.707031 0.345703 0.705078 0.386719 0.707031 0.396484 0.693359 0.419922 0.691406 0.419922 0.648438 0.416016 0.640625 0.417969 0.609375
0 0.000000 0.619141 0.000000 0.687500 0.007812 0.685547 0.017578 0.673828 0.039062 0.667969 0.060547 0.687500 0.078125 0.689453 0.087891 0.685547 0.087891 0.667969 0.078125 0.658203 0.068359 0.654297 0.044922 0.654297 0.039062 0.644531 0.041016 0.642578 0.039062 0.625000 0.035156 0.621094 0.023438 0.617188
0 0.773438 0.662109 0.767578 0.667969 0.767578 0.673828 0.765625 0.675781 0.765625 0.687500 0.763672 0.689453 0.765625 0.693359 0.765625 0.701172 0.771484 0.710938 0.783203 0.716797 0.794922 0.716797 0.796875 0.714844 0.812500 0.716797 0.816406 0.714844 0.820312 0.710938 0.822266 0.697266 0.826172 0.689453 0.826172 0.685547 0.816406 0.669922 0.810547 0.669922 0.794922 0.658203 0.787109 0.658203 0.785156 0.660156 0.777344 0.660156
0 0.917969 0.662109 0.912109 0.664062 0.908203 0.667969 0.908203 0.685547 0.906250 0.687500 0.908203 0.724609 0.912109 0.736328 0.917969 0.738281 0.921875 0.742188 0.923828 0.753906 0.929688 0.763672 0.937500 0.767578 0.943359 0.767578 0.945312 0.765625 0.945312 0.750000 0.943359 0.748047 0.945312 0.708984 0.939453 0.695312 0.929688 0.683594 0.927734 0.677734 0.927734 0.666016 0.923828 0.662109
0 0.582031 0.687500 0.583984 0.695312 0.589844 0.699219 0.593750 0.707031 0.595703 0.724609 0.605469 0.730469 0.646484 0.728516 0.648438 0.724609 0.660156 0.732422 0.699219 0.732422 0.714844 0.716797 0.712891 0.697266 0.701172 0.689453 0.691406 0.689453 0.683594 0.683594 0.673828 0.691406 0.654297 0.697266 0.650391 0.712891 0.648438 0.693359 0.632812 0.687500 0.623047 0.677734 0.599609 0.677734 0.583984 0.683594
0 0.281250 0.763672 0.281250 0.779297 0.285156 0.783203 0.285156 0.785156 0.287109 0.787109 0.287109 0.792969 0.294922 0.800781 0.304688 0.800781 0.310547 0.794922 0.312500 0.794922 0.314453 0.792969 0.318359 0.792969 0.320312 0.791016 0.324219 0.791016 0.326172 0.789062 0.326172 0.765625 0.324219 0.763672 0.320312 0.763672 0.318359 0.761719 0.300781 0.761719 0.298828 0.759766 0.285156 0.759766
0 0.115234 0.798828 0.099609 0.787109 0.091797 0.783203 0.085938 0.783203 0.083984 0.785156 0.078125 0.785156 0.072266 0.789062 0.066406 0.789062 0.064453 0.791016 0.056641 0.792969 0.050781 0.798828 0.050781 0.806641 0.060547 0.820312 0.062500 0.832031 0.066406 0.833984 0.093750 0.833984 0.095703 0.832031 0.099609 0.832031 0.103516 0.824219 0.111328 0.816406 0.113281 0.812500 0.113281 0.806641 0.115234 0.804688
0 0.158203 0.791016 0.158203 0.810547 0.160156 0.812500 0.160156 0.818359 0.162109 0.820312 0.162109 0.824219 0.164062 0.826172 0.164062 0.828125 0.169922 0.833984 0.189453 0.833984 0.191406 0.832031 0.197266 0.832031 0.197266 0.830078 0.199219 0.828125 0.199219 0.804688 0.195312 0.800781 0.193359 0.800781 0.191406 0.798828 0.187500 0.798828 0.185547 0.796875 0.179688 0.794922 0.175781 0.791016 0.167969 0.791016 0.166016 0.789062 0.162109 0.789062 0.160156 0.791016
0 0.000000 0.818359 0.000000 0.873047 0.025391 0.873047 0.027344 0.875000 0.044922 0.875000 0.046875 0.873047 0.046875 0.853516 0.044922 0.851562 0.044922 0.847656 0.042969 0.845703 0.037109 0.845703 0.035156 0.843750 0.025391 0.843750 0.013672 0.830078 0.011719 0.824219 0.007812 0.820312
0 0.673828 0.835938 0.660156 0.849609 0.658203 0.865234 0.660156 0.869141 0.675781 0.878906 0.669922 0.896484 0.669922 0.908203 0.673828 0.917969 0.689453 0.931641 0.695312 0.931641 0.701172 0.927734 0.703125 0.917969 0.707031 0.914062 0.722656 0.910156 0.724609 0.906250 0.722656 0.886719 0.714844 0.878906 0.691406 0.875000 0.689453 0.873047 0.689453 0.865234 0.687500 0.863281 0.689453 0.839844 0.685547 0.835938
0 0.185547 0.919922 0.185547 0.937500 0.199219 0.951172 0.201172 0.951172 0.203125 0.953125 0.216797 0.953125 0.218750 0.951172 0.224609 0.949219 0.228516 0.945312 0.228516 0.927734 0.222656 0.921875 0.220703 0.921875 0.212891 0.914062 0.210938 0.914062 0.208984 0.912109 0.197266 0.912109 0.193359 0.916016 0.191406 0.916016 0.187500 0.919922
0 0.693359 0.945312 0.689453 0.951172 0.691406 0.953125 0.691406 0.960938 0.689453 0.962891 0.689453 0.998047 0.744141 0.998047 0.744141 0.986328 0.746094 0.984375 0.746094 0.976562 0.738281 0.966797 0.732422 0.955078 0.720703 0.949219 0.707031 0.949219 0.705078 0.947266
1 0.376953 0.656250 0.373047 0.652344 0.369141 0.652344 0.367188 0.650391 0.363281 0.650391 0.361328 0.652344 0.359375 0.650391 0.355469 0.652344 0.353516 0.650391 0.343750 0.650391 0.341797 0.652344 0.332031 0.654297 0.328125 0.658203 0.324219 0.660156 0.320312 0.660156 0.310547 0.667969 0.310547 0.671875 0.308594 0.673828 0.310547 0.683594 0.316406 0.689453 0.320312 0.689453 0.322266 0.691406 0.324219 0.689453 0.328125 0.689453 0.335938 0.685547 0.343750 0.685547 0.345703 0.683594 0.349609 0.683594 0.351562 0.681641 0.355469 0.681641 0.357422 0.679688 0.367188 0.677734 0.376953 0.667969 0.376953 0.664062 0.378906 0.662109 0.376953 0.660156
1 0.011719 0.693359 0.000000 0.699219 0.001953 0.769531 0.003906 0.775391 0.013672 0.783203 0.011719 0.806641 0.019531 0.832031 0.029297 0.839844 0.039062 0.839844 0.058594 0.832031 0.056641 0.820312 0.048828 0.810547 0.048828 0.798828 0.068359 0.783203 0.066406 0.759766 0.056641 0.742188 0.044922 0.705078 0.031250 0.701172 0.029297 0.697266
3 0.000000 0.000000 0.085938 0.113281 0.000000 0.226562 0.179688 0.515625 0.000000 0.595703 0.089844 0.667969 0.000000 0.697266 0.117188 0.798828 0.029297 0.841797 0.000000 0.742188 0.048828 0.853516 0.000000 0.998047 0.501953 0.992188 0.445312 0.767578 0.583984 0.726562 0.289062 0.726562 0.244141 0.488281 0.355469 0.486328 0.404297 0.591797 0.375000 0.472656 0.519531 0.414062 0.587891 0.601562 0.714844 0.697266 0.648438 0.779297 0.726562 0.910156 0.515625 0.974609 0.998047 0.998047 0.998047 0.128906 0.873047 0.044922 0.892578 0.000000 0.466797 0.000000 0.396484 0.087891 0.345703 0.017578 0.388672 0.000000 0.130859 0.000000 0.173828 0.056641 0.119141 0.095703
3 0.476562 0.367188 0.476562 0.369141 0.478516 0.371094 0.478516 0.367188
3 0.486328 0.367188 0.484375 0.369141 0.486328 0.369141
3 0.484375 0.457031 0.494141 0.466797 0.490234 0.462891 0.490234 0.460938 0.488281 0.460938 0.486328 0.458984 0.486328 0.457031
3 0.500000 0.472656 0.501953 0.472656 0.503906 0.474609 0.505859 0.474609 0.507812 0.476562 0.509766 0.476562 0.511719 0.478516 0.513672 0.478516 0.517578 0.482422 0.517578 0.484375 0.519531 0.486328 0.519531 0.488281 0.525391 0.494141 0.527344 0.494141 0.531250 0.498047 0.533203 0.498047 0.531250 0.496094 0.529297 0.496094 0.527344 0.494141 0.525391 0.494141 0.519531 0.488281 0.519531 0.484375 0.515625 0.480469 0.515625 0.478516 0.511719 0.478516 0.509766 0.476562 0.507812 0.476562 0.505859 0.474609 0.503906 0.474609 0.501953 0.472656
3 0.539062 0.505859 0.539062 0.507812 0.541016 0.507812 0.542969 0.509766 0.550781 0.509766 0.552734 0.511719 0.554688 0.511719 0.556641 0.513672 0.558594 0.513672 0.560547 0.515625 0.558594 0.513672 0.556641 0.513672 0.554688 0.511719 0.552734 0.511719 0.550781 0.509766 0.544922 0.509766 0.542969 0.507812 0.541016 0.507812
3 0.562500 0.521484 0.562500 0.527344 0.564453 0.529297 0.564453 0.527344 0.562500 0.525391
3 0.578125 0.539062 0.578125 0.541016 0.582031 0.541016 0.580078 0.541016
3 0.585938 0.542969 0.587891 0.544922 0.589844 0.544922 0.587891 0.544922
3 0.593750 0.546875 0.593750 0.548828 0.595703 0.548828 0.595703 0.546875
3 0.042969 0.660156 0.042969 0.662109 0.041016 0.664062 0.041016 0.666016 0.041016 0.664062 0.042969 0.662109
3 0.621094 0.673828 0.609375 0.673828 0.607422 0.675781 0.593750 0.675781 0.591797 0.677734 0.587891 0.677734 0.585938 0.679688 0.583984 0.679688 0.582031 0.681641 0.583984 0.681641 0.587891 0.677734 0.591797 0.677734 0.593750 0.675781 0.607422 0.675781 0.609375 0.673828 0.617188 0.673828 0.619141 0.675781 0.621094 0.675781
3 0.636719 0.671875 0.636719 0.673828 0.638672 0.673828 0.638672 0.671875
3 0.580078 0.695312 0.580078 0.697266 0.582031 0.699219 0.582031 0.697266
3 0.580078 0.841797 0.580078 0.843750 0.574219 0.847656 0.572266 0.841797 0.558594 0.839844 0.556641 0.837891 0.558594 0.833984 0.562500 0.835938 0.568359 0.833984 0.566406 0.833984 0.564453 0.830078 0.546875 0.830078 0.539062 0.833984 0.542969 0.832031 0.546875 0.837891 0.544922 0.839844 0.539062 0.839844 0.539062 0.847656 0.537109 0.849609 0.535156 0.847656 0.535156 0.853516 0.537109 0.857422 0.542969 0.855469 0.546875 0.859375 0.546875 0.865234 0.541016 0.869141 0.539062 0.867188 0.527344 0.873047 0.521484 0.873047 0.552734 0.873047 0.554688 0.875000 0.564453 0.873047 0.566406 0.869141 0.578125 0.861328 0.574219 0.851562 0.580078 0.849609 0.578125 0.845703
3 0.666016 0.839844 0.662109 0.839844 0.652344 0.849609 0.652344 0.851562 0.654297 0.853516 0.654297 0.859375 0.656250 0.861328 0.656250 0.865234 0.656250 0.855469 0.658203 0.853516 0.658203 0.849609 0.666016 0.841797
3 0.628906 0.851562 0.621094 0.851562 0.619141 0.853516 0.605469 0.853516 0.603516 0.855469 0.593750 0.855469 0.591797 0.857422 0.593750 0.857422 0.595703 0.855469 0.607422 0.855469 0.609375 0.853516 0.619141 0.853516 0.621094 0.851562
3 0.658203 0.873047 0.666016 0.880859 0.666016 0.892578 0.666016 0.888672 0.667969 0.886719 0.671875 0.886719 0.669922 0.886719 0.667969 0.884766 0.667969 0.882812 0.666016 0.880859 0.666016 0.876953 0.664062 0.875000 0.660156 0.875000
3 0.669922 0.876953 0.671875 0.878906 0.671875 0.880859 0.673828 0.878906 0.671875 0.878906
3 0.781250 0.984375 0.781250 0.986328 0.783203 0.986328 0.783203 0.984375
4 0.046875 0.001953 0.052734 0.023438 0.066406 0.037109 0.074219 0.052734 0.089844 0.072266 0.095703 0.087891 0.103516 0.093750 0.119141 0.093750 0.128906 0.089844 0.134766 0.082031 0.156250 0.070312 0.166016 0.058594 0.171875 0.056641 0.169922 0.048828 0.154297 0.027344 0.128906 0.000000 0.048828 0.000000
4 0.347656 0.005859 0.347656 0.017578 0.361328 0.042969 0.369141 0.070312 0.378906 0.082031 0.396484 0.085938 0.419922 0.070312 0.441406 0.062500 0.453125 0.052734 0.468750 0.044922 0.476562 0.035156 0.476562 0.027344 0.468750 0.015625 0.468750 0.005859 0.464844 0.000000 0.390625 0.000000
4 0.884766 0.005859 0.869141 0.029297 0.875000 0.044922 0.886719 0.054688 0.908203 0.064453 0.919922 0.078125 0.933594 0.085938 0.964844 0.113281 0.980469 0.117188 0.992188 0.126953 0.998047 0.126953 0.998047 0.000000 0.894531 0.000000
4 0.000000 0.003906 0.000000 0.162109 0.013672 0.162109 0.025391 0.158203 0.035156 0.148438 0.082031 0.125000 0.083984 0.113281 0.015625 0.013672 0.005859 0.003906
4 0.189453 0.007812 0.185547 0.021484 0.201172 0.054688 0.236328 0.093750 0.257812 0.148438 0.277344 0.160156 0.289062 0.162109 0.328125 0.132812 0.351562 0.121094 0.367188 0.105469 0.363281 0.078125 0.349609 0.056641 0.332031 0.007812 0.320312 0.003906 0.197266 0.003906
4 0.552734 0.025391 0.535156 0.029297 0.513672 0.046875 0.500000 0.064453 0.494141 0.062500 0.478516 0.066406 0.472656 0.072266 0.476562 0.093750 0.488281 0.103516 0.505859 0.132812 0.521484 0.150391 0.527344 0.150391 0.535156 0.140625 0.580078 0.105469 0.597656 0.097656 0.607422 0.080078 0.615234 0.076172 0.615234 0.066406
4 0.466797 0.164062 0.453125 0.167969 0.445312 0.160156 0.435547 0.158203 0.402344 0.158203 0.398438 0.162109 0.384766 0.162109 0.376953 0.166016 0.371094 0.164062 0.363281 0.167969 0.357422 0.197266 0.361328 0.240234 0.375000 0.250000 0.388672 0.250000 0.388672 0.253906 0.392578 0.255859 0.394531 0.250000 0.443359 0.240234 0.455078 0.230469 0.474609 0.222656 0.478516 0.218750 0.474609 0.212891 0.476562 0.207031 0.468750 0.197266 0.470703 0.193359
4 0.523438 0.226562 0.507812 0.224609 0.496094 0.228516 0.474609 0.244141 0.458984 0.248047 0.406250 0.277344 0.404297 0.294922 0.390625 0.312500 0.390625 0.326172 0.386719 0.330078 0.406250 0.375000 0.412109 0.373047 0.414062 0.378906 0.429688 0.386719 0.455078 0.386719 0.460938 0.382812 0.470703 0.386719 0.474609 0.382812 0.470703 0.380859 0.472656 0.376953 0.482422 0.378906 0.482422 0.384766 0.490234 0.361328 0.501953 0.363281 0.513672 0.355469 0.515625 0.330078 0.521484 0.326172 0.519531 0.304688 0.531250 0.244141
4 0.000000 0.228516 0.000000 0.593750 0.115234 0.544922 0.156250 0.535156 0.177734 0.515625 0.095703 0.382812 0.021484 0.244141
4 0.279297 0.251953 0.273438 0.250000 0.269531 0.244141 0.263672 0.248047 0.255859 0.248047 0.253906 0.244141 0.250000 0.244141 0.248047 0.248047 0.240234 0.244141 0.230469 0.248047 0.222656 0.244141 0.218750 0.248047 0.201172 0.250000 0.197266 0.253906 0.193359 0.263672 0.193359 0.275391 0.187500 0.281250 0.183594 0.300781 0.187500 0.312500 0.185547 0.318359 0.189453 0.324219 0.189453 0.341797 0.185547 0.347656 0.187500 0.349609 0.210938 0.333984 0.226562 0.335938 0.232422 0.330078 0.259766 0.320312 0.289062 0.300781 0.279297 0.291016
4 0.318359 0.343750 0.296875 0.345703 0.296875 0.361328 0.292969 0.371094 0.294922 0.376953 0.291016 0.380859 0.292969 0.382812 0.291016 0.388672 0.294922 0.392578 0.292969 0.394531 0.294922 0.400391 0.291016 0.412109 0.291016 0.425781 0.298828 0.431641 0.296875 0.441406 0.300781 0.437500 0.298828 0.435547 0.300781 0.431641 0.304688 0.433594 0.304688 0.437500 0.308594 0.431641 0.312500 0.435547 0.316406 0.433594 0.322266 0.435547 0.326172 0.431641 0.330078 0.437500 0.330078 0.433594 0.339844 0.427734 0.339844 0.414062 0.343750 0.396484 0.341797 0.369141 0.337891 0.361328 0.330078 0.359375 0.322266 0.353516 0.322266 0.347656
4 0.496094 0.375000 0.496094 0.376953 0.498047 0.376953 0.498047 0.375000
4 0.478516 0.437500 0.435547 0.445312 0.375000 0.476562 0.394531 0.568359 0.421875 0.605469 0.427734 0.693359 0.441406 0.748047 0.451172 0.753906 0.494141 0.748047 0.513672 0.724609 0.539062 0.732422 0.585938 0.724609 0.589844 0.710938 0.578125 0.697266 0.580078 0.681641 0.634766 0.669922 0.626953 0.619141 0.597656 0.615234 0.585938 0.601562 0.591797 0.548828 0.566406 0.535156 0.554688 0.513672 0.539062 0.509766 0.482422 0.457031
4 0.351562 0.486328 0.308594 0.492188 0.296875 0.498047 0.289062 0.507812 0.269531 0.513672 0.265625 0.519531 0.271484 0.539062 0.269531 0.552734 0.271484 0.548828 0.289062 0.589844 0.292969 0.632812 0.308594 0.630859 0.318359 0.617188 0.337891 0.619141 0.353516 0.601562 0.378906 0.591797 0.378906 0.572266 0.369141 0.535156 0.361328 0.521484 0.359375 0.496094
4 0.269531 0.566406 0.269531 0.568359 0.271484 0.568359 0.271484 0.566406
4 0.287109 0.613281 0.285156 0.613281 0.285156 0.615234
4 0.285156 0.628906 0.285156 0.632812 0.273438 0.644531 0.273438 0.654297 0.275391 0.656250 0.275391 0.658203 0.273438 0.660156 0.275391 0.662109 0.281250 0.662109 0.283203 0.664062 0.277344 0.658203 0.277344 0.656250 0.273438 0.652344 0.273438 0.646484 0.275391 0.644531 0.275391 0.642578 0.287109 0.630859
4 0.287109 0.666016 0.287109 0.669922 0.289062 0.669922 0.291016 0.671875 0.291016 0.673828 0.289062 0.675781 0.291016 0.677734 0.292969 0.677734 0.292969 0.671875
4 0.292969 0.683594 0.292969 0.689453 0.291016 0.691406 0.289062 0.691406 0.292969 0.695312
4 0.292969 0.699219 0.292969 0.705078 0.291016 0.707031 0.289062 0.707031 0.289062 0.708984 0.291016 0.708984 0.292969 0.710938 0.296875 0.710938 0.294922 0.708984 0.294922 0.703125 0.292969 0.701172
4 0.398438 0.707031 0.396484 0.708984 0.394531 0.708984 0.396484 0.708984
4 0.421875 0.707031 0.421875 0.708984 0.423828 0.710938 0.425781 0.710938 0.423828 0.708984 0.423828 0.707031
4 0.292969 0.714844 0.292969 0.716797 0.294922 0.716797 0.294922 0.714844
4 0.423828 0.714844 0.425781 0.716797 0.425781 0.714844
4 0.289062 0.722656 0.289062 0.724609 0.302734 0.724609 0.304688 0.726562 0.310547 0.726562 0.312500 0.724609 0.324219 0.724609 0.308594 0.724609 0.304688 0.720703 0.298828 0.720703 0.296875 0.722656
4 0.425781 0.722656 0.425781 0.724609 0.427734 0.724609 0.427734 0.722656
4 0.447266 0.767578 0.492188 0.953125 0.513672 0.976562 0.503906 0.998047 0.685547 0.998047 0.685547 0.960938 0.667969 0.953125 0.513672 0.974609 0.681641 0.935547 0.650391 0.849609 0.671875 0.820312 0.666016 0.796875 0.644531 0.779297 0.658203 0.755859 0.650391 0.734375 0.585938 0.728516 0.529297 0.751953
4 0.427734 0.738281 0.429688 0.740234 0.429688 0.738281
4 0.285156 0.757812 0.283203 0.757812 0.277344 0.763672 0.277344 0.779297 0.277344 0.765625 0.279297 0.763672 0.279297 0.761719 0.283203 0.757812
4 0.183594 0.775391 0.181641 0.777344 0.181641 0.783203 0.175781 0.789062 0.179688 0.792969 0.181641 0.792969 0.183594 0.794922 0.185547 0.794922 0.185547 0.789062 0.183594 0.787109 0.183594 0.785156 0.185547 0.783203 0.185547 0.775391
4 0.156250 0.791016 0.154297 0.791016 0.152344 0.792969 0.152344 0.794922 0.156250 0.794922
4 0.492188 0.992188 0.492188 0.998047 0.496094 0.998047 0.496094 0.996094 0.498047 0.994141 0.496094 0.994141 0.494141 0.992188
