0 0.078125 0.455078 0.074219 0.458984 0.072266 0.474609 0.068359 0.480469 0.070312 0.511719 0.078125 0.521484 0.095703 0.531250 0.099609 0.531250 0.105469 0.535156 0.123047 0.535156 0.128906 0.527344 0.128906 0.523438 0.138672 0.501953 0.140625 0.472656 0.142578 0.470703 0.140625 0.468750 0.140625 0.462891 0.132812 0.458984 0.113281 0.458984 0.111328 0.457031 0.091797 0.455078 0.089844 0.453125
0 0.021484 0.523438 0.017578 0.529297 0.017578 0.541016 0.015625 0.542969 0.017578 0.576172 0.021484 0.585938 0.031250 0.597656 0.041016 0.603516 0.068359 0.607422 0.089844 0.599609 0.101562 0.587891 0.107422 0.572266 0.107422 0.564453 0.099609 0.550781 0.101562 0.541016 0.095703 0.535156 0.082031 0.529297 0.068359 0.517578 0.041016 0.515625
0 0.275391 0.568359 0.281250 0.599609 0.285156 0.603516 0.314453 0.609375 0.417969 0.609375 0.431641 0.605469 0.437500 0.591797 0.435547 0.572266 0.419922 0.566406 0.404297 0.568359 0.382812 0.562500 0.371094 0.564453 0.361328 0.560547 0.337891 0.562500 0.330078 0.558594 0.294922 0.558594
0 0.867188 0.621094 0.869141 0.626953 0.859375 0.648438 0.857422 0.673828 0.847656 0.691406 0.849609 0.699219 0.871094 0.703125 0.900391 0.701172 0.914062 0.705078 0.982422 0.707031 0.994141 0.697266 0.990234 0.685547 0.994141 0.679688 0.994141 0.656250 0.998047 0.648438 0.998047 0.607422 0.986328 0.601562 0.890625 0.601562 0.888672 0.593750 0.884766 0.591797
0 0.132812 0.699219 0.132812 0.701172 0.134766 0.701172 0.134766 0.699219
0 0.171875 0.708984 0.123047 0.710938 0.115234 0.716797 0.103516 0.718750 0.095703 0.730469 0.091797 0.751953 0.097656 0.771484 0.091797 0.798828 0.087891 0.802734 0.089844 0.810547 0.095703 0.814453 0.093750 0.818359 0.101562 0.820312 0.101562 0.833984 0.154297 0.835938 0.171875 0.830078 0.171875 0.822266 0.179688 0.804688 0.171875 0.757812
2 0.576172 0.015625 0.580078 0.019531 0.607422 0.019531 0.609375 0.021484 0.613281 0.019531 0.615234 0.021484 0.638672 0.021484 0.644531 0.017578 0.644531 0.011719 0.646484 0.009766 0.646484 0.000000 0.578125 0.000000 0.578125 0.011719
2 0.281250 0.039062 0.277344 0.035156 0.259766 0.035156 0.257812 0.037109 0.257812 0.064453 0.255859 0.066406 0.253906 0.064453 0.253906 0.046875 0.250000 0.039062 0.242188 0.041016 0.220703 0.039062 0.216797 0.041016 0.208984 0.050781 0.208984 0.085938 0.212891 0.089844 0.244141 0.091797 0.253906 0.085938 0.257812 0.072266 0.261719 0.089844 0.285156 0.089844 0.287109 0.085938 0.285156 0.083984
2 0.419922 0.048828 0.419922 0.054688 0.417969 0.056641 0.417969 0.072266 0.419922 0.074219 0.419922 0.083984 0.417969 0.085938 0.419922 0.089844 0.429688 0.089844 0.431641 0.091797 0.460938 0.091797 0.466797 0.087891 0.466797 0.044922 0.462891 0.041016 0.457031 0.041016 0.455078 0.039062 0.435547 0.039062
2 0.476562 0.041016 0.474609 0.044922 0.474609 0.072266 0.476562 0.074219 0.476562 0.093750 0.478516 0.097656 0.492188 0.097656 0.494141 0.095703 0.507812 0.095703 0.509766 0.093750 0.509766 0.046875 0.507812 0.044922 0.500000 0.044922 0.498047 0.042969 0.492188 0.042969 0.490234 0.041016 0.486328 0.042969 0.484375 0.041016
2 0.556641 0.048828 0.552734 0.052734 0.552734 0.087891 0.554688 0.089844 0.554688 0.093750 0.556641 0.095703 0.574219 0.095703 0.576172 0.093750 0.582031 0.093750 0.583984 0.091797 0.583984 0.064453 0.585938 0.062500 0.585938 0.048828 0.583984 0.050781 0.582031 0.048828 0.580078 0.050781 0.578125 0.048828 0.576172 0.048828 0.574219 0.050781 0.572266 0.048828 0.568359 0.048828 0.566406 0.046875 0.564453 0.046875 0.562500 0.048828 0.560547 0.046875 0.558594 0.048828
2 0.306641 0.052734 0.304688 0.054688 0.304688 0.083984 0.310547 0.087891 0.337891 0.087891 0.339844 0.085938 0.339844 0.080078 0.337891 0.078125 0.337891 0.062500 0.339844 0.060547 0.337891 0.058594 0.337891 0.056641 0.335938 0.056641 0.333984 0.054688 0.326172 0.054688 0.324219 0.052734
2 0.308594 0.101562 0.308594 0.138672 0.328125 0.138672 0.349609 0.148438 0.357422 0.146484 0.363281 0.142578 0.367188 0.142578 0.373047 0.138672 0.373047 0.109375 0.375000 0.107422 0.371094 0.101562 0.363281 0.101562 0.361328 0.099609 0.355469 0.099609 0.353516 0.101562 0.337891 0.101562 0.335938 0.099609 0.310547 0.099609
2 0.380859 0.105469 0.380859 0.109375 0.378906 0.111328 0.378906 0.134766 0.376953 0.136719 0.376953 0.142578 0.380859 0.144531 0.398438 0.144531 0.402344 0.146484 0.406250 0.154297 0.410156 0.156250 0.431641 0.156250 0.433594 0.154297 0.433594 0.126953 0.435547 0.125000 0.435547 0.109375 0.433594 0.107422 0.425781 0.107422 0.423828 0.105469
2 0.478516 0.107422 0.474609 0.113281 0.474609 0.130859 0.472656 0.132812 0.472656 0.146484 0.470703 0.148438 0.472656 0.162109 0.474609 0.164062 0.507812 0.164062 0.509766 0.160156 0.509766 0.146484 0.511719 0.144531 0.511719 0.126953 0.513672 0.125000 0.511719 0.121094 0.511719 0.109375 0.509766 0.107422
2 0.585938 0.117188 0.585938 0.144531 0.591797 0.144531 0.593750 0.146484 0.609375 0.146484 0.611328 0.148438 0.626953 0.146484 0.628906 0.148438 0.625000 0.154297 0.626953 0.156250 0.625000 0.160156 0.625000 0.164062 0.626953 0.166016 0.648438 0.166016 0.648438 0.148438 0.646484 0.146484 0.634766 0.146484 0.632812 0.144531 0.632812 0.140625 0.634766 0.138672 0.632812 0.134766 0.632812 0.126953 0.619141 0.113281 0.595703 0.113281
2 0.654297 0.115234 0.652344 0.146484 0.669922 0.148438 0.673828 0.154297 0.693359 0.156250 0.695312 0.169922 0.722656 0.171875 0.724609 0.158203 0.728516 0.169922 0.773438 0.169922 0.771484 0.130859 0.728516 0.130859 0.724609 0.134766 0.722656 0.156250 0.718750 0.144531 0.720703 0.125000 0.716797 0.115234
2 0.066406 0.146484 0.070312 0.150391 0.074219 0.177734 0.080078 0.181641 0.101562 0.183594 0.089844 0.185547 0.082031 0.197266 0.072266 0.199219 0.072266 0.218750 0.160156 0.218750 0.158203 0.187500 0.138672 0.183594 0.154297 0.177734 0.150391 0.150391 0.156250 0.146484 0.144531 0.142578 0.074219 0.142578
2 0.792969 0.142578 0.789062 0.148438 0.789062 0.152344 0.791016 0.154297 0.791016 0.175781 0.789062 0.177734 0.789062 0.181641 0.791016 0.183594 0.791016 0.185547 0.792969 0.187500 0.810547 0.187500 0.812500 0.185547 0.826172 0.185547 0.828125 0.183594 0.828125 0.164062 0.832031 0.158203 0.832031 0.146484 0.828125 0.142578
2 0.000000 0.228516 0.000000 0.281250 0.013672 0.281250 0.015625 0.279297 0.017578 0.279297 0.019531 0.281250 0.025391 0.281250 0.027344 0.283203 0.031250 0.279297 0.031250 0.230469 0.021484 0.230469 0.019531 0.228516
2 0.339844 0.230469 0.337891 0.232422 0.337891 0.279297 0.339844 0.281250 0.339844 0.292969 0.355469 0.292969 0.357422 0.294922 0.384766 0.294922 0.386719 0.292969 0.392578 0.292969 0.394531 0.291016 0.394531 0.242188 0.382812 0.240234 0.375000 0.234375 0.371094 0.234375 0.369141 0.232422
2 0.753906 0.257812 0.751953 0.261719 0.751953 0.273438 0.753906 0.275391 0.753906 0.294922 0.751953 0.296875 0.751953 0.306641 0.753906 0.310547 0.763672 0.310547 0.765625 0.308594 0.787109 0.308594 0.789062 0.306641 0.792969 0.306641 0.796875 0.304688 0.796875 0.300781 0.798828 0.298828 0.796875 0.296875 0.796875 0.283203 0.787109 0.281250 0.783203 0.277344 0.783203 0.265625 0.781250 0.261719 0.775391 0.261719 0.767578 0.257812
2 0.876953 0.283203 0.876953 0.289062 0.878906 0.291016 0.878906 0.292969 0.890625 0.304688 0.892578 0.304688 0.896484 0.308594 0.906250 0.308594 0.908203 0.310547 0.910156 0.310547 0.910156 0.308594 0.912109 0.306641 0.912109 0.300781 0.914062 0.298828 0.914062 0.294922 0.916016 0.292969 0.914062 0.291016 0.914062 0.283203 0.916016 0.281250 0.914062 0.279297 0.914062 0.275391 0.916016 0.273438 0.914062 0.271484 0.914062 0.269531 0.898438 0.269531 0.896484 0.271484 0.890625 0.273438 0.886719 0.277344 0.880859 0.279297
2 0.000000 0.291016 0.000000 0.332031 0.011719 0.332031 0.015625 0.335938 0.027344 0.335938 0.029297 0.333984 0.031250 0.333984 0.033203 0.332031 0.033203 0.298828 0.031250 0.296875 0.029297 0.291016
2 0.050781 0.320312 0.052734 0.330078 0.060547 0.333984 0.130859 0.335938 0.158203 0.341797 0.169922 0.339844 0.169922 0.310547 0.166016 0.304688 0.156250 0.304688 0.154297 0.302734 0.134766 0.302734 0.132812 0.300781 0.113281 0.300781 0.111328 0.298828 0.082031 0.298828 0.078125 0.294922 0.070312 0.292969 0.056641 0.302734
2 0.330078 0.308594 0.324219 0.326172 0.324219 0.363281 0.322266 0.365234 0.322266 0.380859 0.330078 0.384766 0.359375 0.386719 0.363281 0.388672 0.365234 0.386719 0.367188 0.375000 0.375000 0.371094 0.378906 0.365234 0.378906 0.314453 0.363281 0.308594 0.343750 0.308594 0.341797 0.306641
2 0.472656 0.310547 0.464844 0.306641 0.447266 0.306641 0.447266 0.308594 0.441406 0.314453 0.425781 0.314453 0.423828 0.316406 0.419922 0.316406 0.419922 0.326172 0.417969 0.328125 0.417969 0.357422 0.419922 0.359375 0.439453 0.359375 0.441406 0.361328 0.449219 0.361328 0.451172 0.359375 0.462891 0.359375 0.466797 0.361328 0.470703 0.359375 0.470703 0.328125 0.472656 0.326172
2 0.486328 0.312500 0.482422 0.316406 0.482422 0.320312 0.480469 0.322266 0.480469 0.333984 0.482422 0.335938 0.482422 0.380859 0.486328 0.384766 0.517578 0.384766 0.519531 0.386719 0.523438 0.382812 0.523438 0.351562 0.521484 0.349609 0.523438 0.345703 0.523438 0.322266 0.517578 0.314453 0.513672 0.314453 0.511719 0.312500
2 0.841797 0.320312 0.839844 0.322266 0.839844 0.335938 0.841797 0.337891 0.841797 0.343750 0.845703 0.349609 0.843750 0.351562 0.843750 0.378906 0.847656 0.384766 0.878906 0.384766 0.882812 0.386719 0.888672 0.380859 0.888672 0.376953 0.892578 0.369141 0.892578 0.361328 0.888672 0.357422 0.890625 0.355469 0.894531 0.355469 0.896484 0.326172 0.890625 0.322266 0.884766 0.322266 0.882812 0.320312
2 0.734375 0.330078 0.734375 0.332031 0.732422 0.333984 0.732422 0.341797 0.730469 0.343750 0.730469 0.365234 0.732422 0.367188 0.777344 0.367188 0.779297 0.365234 0.779297 0.349609 0.777344 0.347656 0.779297 0.345703 0.779297 0.333984 0.775391 0.333984 0.773438 0.332031 0.771484 0.333984 0.769531 0.333984 0.767578 0.332031 0.755859 0.332031 0.753906 0.330078
2 0.148438 0.349609 0.146484 0.353516 0.146484 0.378906 0.144531 0.380859 0.142578 0.421875 0.146484 0.425781 0.148438 0.447266 0.150391 0.451172 0.169922 0.453125 0.175781 0.449219 0.173828 0.425781 0.177734 0.419922 0.175781 0.392578 0.171875 0.382812 0.171875 0.355469 0.169922 0.351562 0.166016 0.349609
2 0.072266 0.367188 0.068359 0.375000 0.068359 0.394531 0.070312 0.396484 0.070312 0.412109 0.068359 0.414062 0.068359 0.441406 0.076172 0.447266 0.082031 0.447266 0.095703 0.441406 0.101562 0.431641 0.101562 0.427734 0.103516 0.425781 0.103516 0.414062 0.107422 0.410156 0.109375 0.398438 0.113281 0.390625 0.113281 0.376953 0.111328 0.375000 0.101562 0.375000 0.093750 0.371094
2 0.263672 0.431641 0.265625 0.435547 0.265625 0.484375 0.267578 0.486328 0.292969 0.488281 0.318359 0.498047 0.355469 0.498047 0.357422 0.494141 0.355469 0.486328 0.359375 0.476562 0.359375 0.460938 0.363281 0.453125 0.361328 0.443359 0.345703 0.443359 0.339844 0.435547 0.339844 0.429688 0.273438 0.429688 0.269531 0.427734
2 0.998047 0.433594 0.996094 0.431641 0.972656 0.429688 0.970703 0.439453 0.962891 0.445312 0.960938 0.455078 0.957031 0.460938 0.953125 0.462891 0.919922 0.460938 0.917969 0.472656 0.921875 0.476562 0.927734 0.476562 0.945312 0.482422 0.984375 0.486328 0.986328 0.488281 0.998047 0.490234
2 0.068359 0.453125 0.064453 0.453125 0.058594 0.449219 0.052734 0.449219 0.050781 0.451172 0.037109 0.453125 0.029297 0.458984 0.027344 0.462891 0.027344 0.472656 0.025391 0.474609 0.025391 0.486328 0.023438 0.488281 0.023438 0.496094 0.027344 0.500000 0.027344 0.501953 0.035156 0.501953 0.037109 0.503906 0.042969 0.503906 0.048828 0.498047 0.052734 0.496094 0.058594 0.496094 0.060547 0.494141 0.060547 0.480469 0.066406 0.474609 0.068359 0.474609 0.068359 0.470703 0.070312 0.468750 0.070312 0.455078
2 0.662109 0.468750 0.660156 0.474609 0.662109 0.476562 0.662109 0.490234 0.664062 0.492188 0.664062 0.537109 0.667969 0.541016 0.703125 0.541016 0.705078 0.542969 0.712891 0.542969 0.714844 0.541016 0.714844 0.500000 0.712891 0.498047 0.712891 0.476562 0.708984 0.468750 0.675781 0.468750 0.673828 0.466797
2 0.755859 0.474609 0.751953 0.482422 0.751953 0.511719 0.753906 0.513672 0.751953 0.529297 0.753906 0.531250 0.753906 0.542969 0.755859 0.544922 0.765625 0.544922 0.767578 0.546875 0.798828 0.546875 0.802734 0.548828 0.804688 0.544922 0.804688 0.507812 0.802734 0.505859 0.802734 0.500000 0.804688 0.498047 0.804688 0.480469 0.802734 0.478516 0.789062 0.478516 0.787109 0.476562 0.763672 0.476562 0.761719 0.474609
2 0.529297 0.505859 0.529297 0.525391 0.533203 0.531250 0.546875 0.531250 0.548828 0.533203 0.556641 0.533203 0.568359 0.539062 0.591797 0.541016 0.595703 0.537109 0.601562 0.537109 0.613281 0.529297 0.609375 0.517578 0.609375 0.509766 0.611328 0.507812 0.609375 0.505859 0.611328 0.503906 0.609375 0.500000 0.603516 0.498047 0.601562 0.488281 0.597656 0.484375 0.558594 0.482422 0.552734 0.486328 0.552734 0.492188 0.546875 0.498047 0.533203 0.500000
2 0.208984 0.583984 0.203125 0.589844 0.203125 0.591797 0.201172 0.593750 0.201172 0.615234 0.205078 0.619141 0.207031 0.619141 0.212891 0.623047 0.226562 0.623047 0.228516 0.621094 0.228516 0.617188 0.230469 0.615234 0.230469 0.605469 0.232422 0.603516 0.232422 0.595703 0.234375 0.593750 0.234375 0.585938 0.232422 0.585938 0.230469 0.583984 0.226562 0.583984 0.224609 0.582031 0.214844 0.582031 0.212891 0.583984
2 0.474609 0.599609 0.474609 0.617188 0.476562 0.619141 0.525391 0.619141 0.527344 0.617188 0.531250 0.617188 0.531250 0.603516 0.525391 0.599609
2 0.238281 0.613281 0.232422 0.621094 0.232422 0.669922 0.242188 0.671875 0.228516 0.677734 0.228516 0.632812 0.203125 0.632812 0.201172 0.683594 0.203125 0.697266 0.228516 0.699219 0.232422 0.685547 0.234375 0.697266 0.244141 0.701172 0.234375 0.708984 0.236328 0.755859 0.230469 0.765625 0.230469 0.792969 0.250000 0.808594 0.265625 0.808594 0.289062 0.789062 0.287109 0.708984 0.255859 0.703125 0.285156 0.697266 0.281250 0.677734 0.273438 0.669922 0.279297 0.666016 0.277344 0.617188
2 0.609375 0.662109 0.613281 0.669922 0.728516 0.667969 0.781250 0.671875 0.804688 0.677734 0.814453 0.675781 0.812500 0.650391 0.751953 0.642578 0.710938 0.642578 0.689453 0.648438 0.644531 0.646484 0.628906 0.656250 0.613281 0.656250
2 0.439453 0.658203 0.435547 0.664062 0.435547 0.699219 0.437500 0.701172 0.437500 0.703125 0.470703 0.703125 0.470703 0.664062 0.468750 0.662109 0.468750 0.660156 0.466797 0.660156 0.464844 0.658203 0.455078 0.658203 0.453125 0.656250 0.445312 0.656250 0.443359 0.658203
2 0.746094 0.689453 0.744141 0.691406 0.744141 0.701172 0.738281 0.710938 0.738281 0.720703 0.744141 0.726562 0.748047 0.726562 0.753906 0.730469 0.757812 0.730469 0.759766 0.732422 0.765625 0.732422 0.773438 0.736328 0.785156 0.736328 0.792969 0.726562 0.796875 0.718750 0.798828 0.708984 0.796875 0.707031 0.792969 0.707031 0.791016 0.705078 0.787109 0.705078 0.783203 0.703125 0.779297 0.699219 0.777344 0.693359 0.773438 0.693359 0.771484 0.691406 0.761719 0.691406 0.759766 0.689453
2 0.396484 0.718750 0.394531 0.722656 0.394531 0.755859 0.396484 0.757812 0.396484 0.765625 0.400391 0.775391 0.408203 0.779297 0.414062 0.785156 0.435547 0.785156 0.443359 0.777344 0.449219 0.775391 0.449219 0.744141 0.447266 0.742188 0.447266 0.732422 0.445312 0.728516 0.441406 0.726562 0.435547 0.720703 0.435547 0.718750 0.431641 0.718750 0.429688 0.716797 0.400391 0.716797
2 0.560547 0.716797 0.558594 0.718750 0.554688 0.718750 0.552734 0.720703 0.552734 0.724609 0.550781 0.726562 0.550781 0.757812 0.552734 0.757812 0.562500 0.763672 0.566406 0.763672 0.568359 0.765625 0.572266 0.765625 0.578125 0.759766 0.580078 0.759766 0.583984 0.755859 0.583984 0.724609 0.578125 0.718750 0.574219 0.718750 0.572266 0.716797
2 0.482422 0.740234 0.482422 0.755859 0.480469 0.757812 0.480469 0.779297 0.482422 0.781250 0.482422 0.783203 0.505859 0.783203 0.507812 0.785156 0.509766 0.785156 0.513672 0.779297 0.513672 0.775391 0.511719 0.773438 0.511719 0.761719 0.513672 0.759766 0.513672 0.740234
2 0.048828 0.746094 0.046875 0.750000 0.046875 0.753906 0.044922 0.755859 0.044922 0.759766 0.042969 0.761719 0.042969 0.767578 0.041016 0.769531 0.041016 0.779297 0.044922 0.785156 0.054688 0.787109 0.072266 0.796875 0.083984 0.796875 0.089844 0.791016 0.091797 0.787109 0.091797 0.781250 0.093750 0.779297 0.093750 0.763672 0.089844 0.761719 0.083984 0.761719 0.072266 0.755859 0.070312 0.751953 0.064453 0.746094 0.060547 0.744141 0.054688 0.744141 0.052734 0.746094
2 0.886719 0.753906 0.882812 0.757812 0.882812 0.791016 0.894531 0.796875 0.898438 0.816406 0.906250 0.820312 0.912109 0.820312 0.916016 0.824219 0.927734 0.824219 0.929688 0.822266 0.933594 0.822266 0.937500 0.816406 0.937500 0.802734 0.939453 0.800781 0.939453 0.792969 0.935547 0.783203 0.935547 0.759766 0.925781 0.755859
2 0.828125 0.792969 0.828125 0.802734 0.826172 0.804688 0.826172 0.808594 0.830078 0.814453 0.853516 0.814453 0.855469 0.816406 0.871094 0.816406 0.875000 0.812500 0.875000 0.804688 0.876953 0.802734 0.876953 0.796875 0.873047 0.792969 0.863281 0.792969 0.861328 0.791016 0.855469 0.791016 0.853516 0.789062 0.851562 0.789062 0.849609 0.791016 0.843750 0.791016 0.841797 0.792969
2 0.513672 0.849609 0.511719 0.851562 0.511719 0.876953 0.509766 0.878906 0.509766 0.890625 0.525391 0.894531 0.533203 0.898438 0.537109 0.902344 0.542969 0.902344 0.548828 0.906250 0.560547 0.908203 0.564453 0.902344 0.564453 0.886719 0.568359 0.878906 0.568359 0.857422 0.564453 0.853516 0.556641 0.853516 0.552734 0.857422 0.550781 0.857422 0.546875 0.853516 0.531250 0.853516 0.529297 0.851562 0.523438 0.851562 0.521484 0.849609
2 0.863281 0.849609 0.863281 0.880859 0.861328 0.882812 0.863281 0.884766 0.900391 0.884766 0.900391 0.876953 0.898438 0.875000 0.898438 0.867188 0.900391 0.865234 0.900391 0.861328 0.902344 0.859375 0.902344 0.857422 0.898438 0.853516 0.896484 0.853516 0.894531 0.851562 0.880859 0.851562 0.878906 0.849609
2 0.050781 0.867188 0.042969 0.914062 0.042969 0.935547 0.054688 0.947266 0.056641 0.955078 0.074219 0.955078 0.076172 0.949219 0.083984 0.945312 0.113281 0.947266 0.113281 0.919922 0.146484 0.925781 0.154297 0.921875 0.154297 0.876953 0.115234 0.873047 0.111328 0.906250 0.097656 0.867188
2 0.314453 0.896484 0.304688 0.896484 0.294922 0.900391 0.289062 0.910156 0.285156 0.937500 0.283203 0.939453 0.283203 0.949219 0.279297 0.957031 0.279297 0.984375 0.285156 0.994141 0.289062 0.994141 0.292969 0.990234 0.306641 0.994141 0.312500 0.992188 0.322266 0.994141 0.324219 0.992188 0.324219 0.982422 0.326172 0.980469 0.326172 0.931641 0.333984 0.910156 0.332031 0.902344
2 0.699219 0.894531 0.697266 0.896484 0.697266 0.908203 0.699219 0.910156 0.699219 0.917969 0.697266 0.919922 0.697266 0.937500 0.699219 0.939453 0.705078 0.939453 0.712891 0.931641 0.714844 0.931641 0.720703 0.925781 0.724609 0.925781 0.726562 0.923828 0.732422 0.921875 0.732422 0.908203 0.728516 0.904297 0.724609 0.904297 0.722656 0.902344 0.718750 0.902344 0.716797 0.900391 0.714844 0.900391 0.705078 0.894531
2 0.345703 0.916016 0.345703 0.923828 0.343750 0.925781 0.343750 0.945312 0.341797 0.947266 0.341797 0.958984 0.343750 0.960938 0.351562 0.960938 0.353516 0.962891 0.363281 0.962891 0.363281 0.960938 0.365234 0.958984 0.365234 0.939453 0.367188 0.937500 0.367188 0.931641 0.365234 0.929688 0.365234 0.927734 0.353516 0.916016
2 0.603516 0.968750 0.595703 0.962891 0.591797 0.962891 0.576172 0.955078 0.572266 0.955078 0.568359 0.958984 0.560547 0.962891 0.556641 0.962891 0.550781 0.968750 0.550781 0.970703 0.546875 0.974609 0.542969 0.982422 0.542969 0.990234 0.541016 0.992188 0.541016 0.998047 0.599609 0.998047 0.603516 0.990234 0.603516 0.982422 0.605469 0.980469 0.605469 0.976562 0.603516 0.974609
2 0.906250 0.958984 0.900391 0.955078 0.890625 0.955078 0.888672 0.953125 0.886719 0.953125 0.884766 0.955078 0.876953 0.955078 0.867188 0.964844 0.867188 0.970703 0.865234 0.972656 0.865234 0.984375 0.863281 0.986328 0.863281 0.998047 0.902344 0.998047 0.902344 0.996094 0.904297 0.994141 0.904297 0.984375 0.906250 0.982422
3 0.521484 0.107422 0.519531 0.109375 0.519531 0.134766 0.517578 0.136719 0.515625 0.160156 0.511719 0.173828 0.515625 0.187500 0.531250 0.191406 0.576172 0.191406 0.580078 0.183594 0.582031 0.111328 0.566406 0.109375 0.564453 0.107422
3 0.492188 0.208984 0.490234 0.238281 0.478516 0.267578 0.484375 0.296875 0.533203 0.310547 0.542969 0.304688 0.560547 0.304688 0.564453 0.308594 0.597656 0.306641 0.607422 0.312500 0.638672 0.310547 0.648438 0.316406 0.656250 0.312500 0.669922 0.314453 0.677734 0.304688 0.681641 0.220703 0.634766 0.210938 0.496094 0.205078
4 0.845703 0.707031 0.843750 0.734375 0.847656 0.738281 0.892578 0.740234 0.908203 0.744141 0.927734 0.744141 0.957031 0.751953 0.998047 0.753906 0.998047 0.714844 0.953125 0.710938 0.921875 0.712891 0.898438 0.708984 0.871094 0.710938 0.853516 0.705078
5 0.246094 0.001953 0.773438 0.048828 0.902344 0.199219 0.173828 0.183594 0.908203 0.222656 0.894531 0.429688 0.187500 0.400391 0.195312 0.533203 0.101562 0.550781 0.166016 0.568359 0.173828 0.830078 0.000000 0.867188 0.218750 0.837891 0.740234 0.998047 0.916016 0.470703 0.929688 0.173828 0.757812 0.000000
