0 0.218750 0.017578 0.220703 0.082031 0.226562 0.089844 0.304688 0.091797 0.332031 0.109375 0.341797 0.109375 0.367188 0.076172 0.376953 0.082031 0.376953 0.107422 0.398438 0.107422 0.410156 0.093750 0.439453 0.095703 0.464844 0.050781 0.460938 0.000000 0.224609 0.000000
0 0.257812 0.111328 0.210938 0.136719 0.197266 0.236328 0.216797 0.332031 0.265625 0.345703 0.289062 0.400391 0.236328 0.445312 0.269531 0.472656 0.351562 0.437500 0.369141 0.453125 0.349609 0.494141 0.275391 0.544922 0.365234 0.517578 0.412109 0.580078 0.328125 0.615234 0.333984 0.662109 0.216797 0.640625 0.228516 0.679688 0.273438 0.689453 0.228516 0.734375 0.324219 0.742188 0.302734 0.687500 0.341797 0.687500 0.427734 0.636719 0.439453 0.554688 0.414062 0.525391 0.455078 0.480469 0.464844 0.380859 0.453125 0.330078 0.417969 0.320312 0.369141 0.259766 0.371094 0.228516 0.396484 0.218750 0.417969 0.255859 0.447266 0.248047 0.431641 0.150391 0.363281 0.150391 0.326172 0.117188
0 0.076172 0.328125 0.087891 0.335938 0.085938 0.347656 0.091797 0.367188 0.087891 0.386719 0.078125 0.396484 0.089844 0.396484 0.099609 0.412109 0.091797 0.480469 0.111328 0.519531 0.119141 0.523438 0.187500 0.523438 0.203125 0.517578 0.210938 0.505859 0.203125 0.406250 0.195312 0.378906 0.193359 0.339844 0.183594 0.324219 0.162109 0.316406 0.130859 0.314453 0.089844 0.330078
0 0.044922 0.324219 0.042969 0.324219 0.041016 0.326172 0.041016 0.330078 0.042969 0.332031 0.044922 0.330078
0 0.033203 0.339844 0.033203 0.341797 0.035156 0.341797 0.035156 0.339844
0 0.478516 0.388672 0.474609 0.416016 0.476562 0.453125 0.554688 0.455078 0.574219 0.472656 0.593750 0.474609 0.611328 0.470703 0.632812 0.443359 0.630859 0.416016 0.595703 0.410156 0.576172 0.394531 0.531250 0.392578 0.523438 0.396484 0.494141 0.396484
0 0.113281 0.558594 0.107422 0.564453 0.105469 0.570312 0.107422 0.572266 0.107422 0.582031 0.105469 0.583984 0.107422 0.589844 0.105469 0.597656 0.107422 0.599609 0.103516 0.607422 0.105469 0.609375 0.103516 0.613281 0.105469 0.615234 0.103516 0.621094 0.105469 0.623047 0.103516 0.628906 0.105469 0.630859 0.103516 0.632812 0.107422 0.644531 0.113281 0.650391 0.119141 0.652344 0.132812 0.650391 0.140625 0.646484 0.144531 0.648438 0.160156 0.646484 0.166016 0.636719 0.162109 0.628906 0.166016 0.621094 0.166016 0.613281 0.164062 0.607422 0.152344 0.595703 0.150391 0.589844 0.152344 0.585938 0.146484 0.566406 0.138672 0.558594 0.132812 0.556641
0 0.175781 0.677734 0.152344 0.671875 0.128906 0.671875 0.105469 0.677734 0.097656 0.685547 0.097656 0.705078 0.109375 0.712891 0.123047 0.699219 0.136719 0.710938 0.160156 0.705078 0.156250 0.718750 0.136719 0.738281 0.126953 0.736328 0.107422 0.751953 0.107422 0.775391 0.113281 0.785156 0.107422 0.794922 0.115234 0.806641 0.134766 0.808594 0.167969 0.800781 0.173828 0.794922 0.175781 0.783203 0.195312 0.763672 0.191406 0.753906 0.201172 0.740234 0.201172 0.732422 0.183594 0.714844 0.185547 0.691406
0 0.332031 0.710938 0.333984 0.718750 0.339844 0.724609 0.353516 0.728516 0.355469 0.730469 0.361328 0.730469 0.363281 0.732422 0.365234 0.730469 0.369141 0.732422 0.371094 0.730469 0.373047 0.732422 0.375000 0.730469 0.380859 0.732422 0.382812 0.730469 0.394531 0.728516 0.400391 0.724609 0.404297 0.724609 0.410156 0.718750 0.410156 0.714844 0.412109 0.712891 0.410156 0.703125 0.404297 0.697266 0.400391 0.697266 0.392578 0.691406 0.384766 0.689453 0.382812 0.691406 0.375000 0.691406 0.371094 0.693359 0.359375 0.687500 0.347656 0.689453 0.337891 0.699219
2 0.000000 0.000000 0.000000 0.062500 0.021484 0.062500 0.027344 0.058594 0.056641 0.054688 0.091797 0.054688 0.097656 0.060547 0.121094 0.064453 0.130859 0.060547 0.130859 0.046875 0.134766 0.042969 0.185547 0.037109 0.187500 0.031250 0.185547 0.000000
2 0.482422 0.000000 0.478516 0.185547 0.611328 0.185547 0.613281 0.000000
2 0.187500 0.062500 0.183594 0.058594 0.136719 0.060547 0.126953 0.068359 0.044922 0.080078 0.044922 0.095703 0.052734 0.115234 0.056641 0.144531 0.060547 0.148438 0.082031 0.148438 0.117188 0.140625 0.132812 0.142578 0.150391 0.132812 0.193359 0.125000 0.197266 0.121094 0.197266 0.107422
2 0.960938 0.117188 0.960938 0.142578 0.962891 0.144531 0.962891 0.169922 0.966797 0.171875 0.998047 0.171875 0.998047 0.115234 0.982422 0.115234 0.980469 0.113281 0.966797 0.113281
2 0.927734 0.173828 0.921875 0.187500 0.921875 0.310547 0.927734 0.320312 0.923828 0.404297 0.929688 0.412109 0.968750 0.412109 0.978516 0.402344 0.974609 0.328125 0.978516 0.291016 0.976562 0.187500 0.972656 0.179688
2 0.191406 0.210938 0.181641 0.210938 0.171875 0.214844 0.148438 0.214844 0.117188 0.222656 0.109375 0.240234 0.109375 0.248047 0.123047 0.267578 0.123047 0.279297 0.125000 0.281250 0.144531 0.279297 0.146484 0.277344 0.187500 0.275391 0.201172 0.271484 0.203125 0.257812 0.197266 0.248047 0.195312 0.240234 0.195312 0.226562 0.197266 0.224609
2 0.490234 0.277344 0.486328 0.281250 0.488281 0.347656 0.492188 0.357422 0.490234 0.359375 0.535156 0.359375 0.537109 0.357422 0.542969 0.357422 0.544922 0.351562 0.544922 0.330078 0.541016 0.320312 0.539062 0.281250 0.535156 0.279297 0.533203 0.281250 0.527344 0.279297 0.525391 0.281250 0.521484 0.279297 0.517578 0.281250 0.503906 0.275391
2 0.224609 0.357422 0.222656 0.361328 0.222656 0.369141 0.220703 0.371094 0.220703 0.390625 0.222656 0.392578 0.226562 0.414062 0.230469 0.416016 0.259766 0.416016 0.267578 0.412109 0.277344 0.412109 0.283203 0.408203 0.281250 0.384766 0.279297 0.380859 0.269531 0.373047 0.269531 0.369141 0.265625 0.361328 0.253906 0.355469 0.248047 0.357422 0.240234 0.353516 0.238281 0.355469
2 0.091797 0.421875 0.064453 0.421875 0.046875 0.431641 0.050781 0.460938 0.046875 0.472656 0.029297 0.478516 0.011719 0.478516 0.000000 0.472656 0.000000 0.548828 0.105469 0.521484 0.105469 0.513672 0.093750 0.501953 0.085938 0.486328 0.085938 0.472656 0.091797 0.458984
2 0.298828 0.476562 0.294922 0.476562 0.292969 0.474609 0.269531 0.474609 0.267578 0.476562 0.250000 0.476562 0.240234 0.480469 0.232422 0.490234 0.232422 0.496094 0.238281 0.503906 0.238281 0.511719 0.240234 0.513672 0.240234 0.523438 0.242188 0.527344 0.251953 0.535156 0.259766 0.535156 0.271484 0.527344 0.271484 0.525391 0.277344 0.519531 0.285156 0.515625 0.296875 0.515625 0.300781 0.511719 0.300781 0.488281 0.302734 0.486328 0.302734 0.480469
2 0.607422 0.490234 0.578125 0.478516 0.531250 0.480469 0.523438 0.484375 0.517578 0.484375 0.513672 0.488281 0.513672 0.517578 0.515625 0.519531 0.515625 0.535156 0.519531 0.541016 0.541016 0.541016 0.556641 0.544922 0.572266 0.544922 0.574219 0.542969 0.601562 0.544922 0.605469 0.541016 0.605469 0.531250 0.607422 0.529297
2 0.685547 0.505859 0.683594 0.527344 0.701172 0.531250 0.675781 0.539062 0.666016 0.576172 0.664062 0.640625 0.669922 0.687500 0.673828 0.691406 0.824219 0.691406 0.832031 0.630859 0.826172 0.531250 0.738281 0.533203 0.738281 0.525391 0.724609 0.517578 0.722656 0.509766 0.705078 0.503906
2 0.316406 0.558594 0.316406 0.564453 0.314453 0.566406 0.314453 0.568359 0.326172 0.585938 0.341797 0.585938 0.343750 0.583984 0.353516 0.583984 0.355469 0.582031 0.363281 0.582031 0.369141 0.578125 0.369141 0.572266 0.365234 0.566406 0.365234 0.562500 0.363281 0.560547 0.363281 0.558594 0.357422 0.554688 0.353516 0.554688 0.351562 0.552734 0.328125 0.552734 0.326172 0.554688 0.318359 0.554688 0.318359 0.556641
2 0.214844 0.556641 0.212891 0.558594 0.212891 0.580078 0.214844 0.582031 0.214844 0.595703 0.216797 0.597656 0.216797 0.607422 0.218750 0.609375 0.218750 0.617188 0.220703 0.621094 0.226562 0.625000 0.240234 0.623047 0.242188 0.621094 0.242188 0.603516 0.240234 0.601562 0.240234 0.564453 0.238281 0.562500 0.238281 0.558594 0.236328 0.556641
2 0.082031 0.619141 0.074219 0.625000 0.074219 0.660156 0.076172 0.662109 0.076172 0.671875 0.080078 0.675781 0.093750 0.675781 0.095703 0.673828 0.099609 0.673828 0.101562 0.671875 0.103516 0.671875 0.107422 0.667969 0.107422 0.660156 0.105469 0.658203 0.105469 0.656250 0.103516 0.654297 0.103516 0.650391 0.099609 0.644531 0.099609 0.640625 0.097656 0.638672 0.097656 0.634766 0.095703 0.632812 0.095703 0.623047 0.093750 0.621094 0.093750 0.619141
2 0.218750 0.664062 0.216797 0.658203 0.205078 0.644531 0.203125 0.636719 0.197266 0.634766 0.185547 0.634766 0.183594 0.636719 0.171875 0.638672 0.169922 0.644531 0.166016 0.648438 0.154297 0.648438 0.152344 0.650391 0.144531 0.650391 0.132812 0.654297 0.121094 0.654297 0.111328 0.658203 0.113281 0.667969 0.179688 0.667969 0.181641 0.669922 0.203125 0.669922 0.205078 0.667969 0.216797 0.667969
2 0.945312 0.675781 0.941406 0.681641 0.941406 0.708984 0.947266 0.714844 0.953125 0.728516 0.953125 0.744141 0.955078 0.746094 0.998047 0.746094 0.998047 0.707031 0.994141 0.705078 0.988281 0.707031 0.982422 0.701172 0.982422 0.689453 0.980469 0.687500 0.980469 0.679688 0.982422 0.675781 0.978516 0.671875 0.966797 0.671875 0.964844 0.669922
2 0.998047 0.882812 0.994141 0.880859 0.978516 0.884766 0.894531 0.882812 0.886719 0.888672 0.884766 0.935547 0.890625 0.943359 0.998047 0.943359
2 0.906250 0.960938 0.906250 0.968750 0.908203 0.970703 0.906250 0.972656 0.908203 0.974609 0.908203 0.998047 0.970703 0.998047 0.970703 0.976562 0.968750 0.974609 0.968750 0.960938 0.966797 0.958984 0.951172 0.958984 0.945312 0.955078 0.925781 0.955078 0.923828 0.957031 0.910156 0.957031
4 0.310547 0.937500 0.292969 0.931641 0.265625 0.939453 0.214844 0.902344 0.216797 0.878906 0.185547 0.810547 0.166016 0.806641 0.158203 0.814453 0.169922 0.851562 0.154297 0.849609 0.128906 0.863281 0.105469 0.861328 0.056641 0.828125 0.000000 0.832031 0.001953 0.998047 0.304688 0.998047 0.300781 0.957031
5 0.898438 0.000000 0.873047 0.111328 0.667969 0.126953 0.660156 0.203125 0.576172 0.251953 0.468750 0.230469 0.474609 0.386719 0.634766 0.417969 0.625000 0.486328 0.876953 0.486328 0.882812 0.757812 0.408203 0.677734 0.876953 0.787109 0.878906 0.820312 0.675781 0.806641 0.478516 0.734375 0.201172 0.765625 0.470703 0.759766 0.687500 0.835938 0.902344 0.843750
5 0.255859 0.693359 0.253906 0.691406 0.253906 0.687500 0.248047 0.681641 0.244141 0.681641 0.240234 0.679688 0.232422 0.683594 0.230469 0.681641 0.228516 0.683594 0.222656 0.683594 0.220703 0.685547 0.216797 0.683594 0.212891 0.685547 0.210938 0.683594 0.208984 0.685547 0.207031 0.683594 0.205078 0.685547 0.203125 0.683594 0.201172 0.685547 0.197266 0.685547 0.191406 0.691406 0.191406 0.695312 0.189453 0.697266 0.191406 0.699219 0.191406 0.703125 0.197266 0.708984 0.201172 0.708984 0.203125 0.710938 0.205078 0.708984 0.207031 0.710938 0.208984 0.708984 0.210938 0.710938 0.212891 0.708984 0.214844 0.710938 0.218750 0.708984 0.222656 0.710938 0.230469 0.710938 0.232422 0.708984 0.238281 0.708984 0.240234 0.707031 0.244141 0.707031 0.248047 0.705078 0.253906 0.699219 0.253906 0.695312
5 0.125000 0.730469 0.123047 0.724609 0.111328 0.716797 0.105469 0.718750 0.103516 0.716797 0.091797 0.722656 0.087891 0.720703 0.080078 0.724609 0.078125 0.722656 0.060547 0.724609 0.050781 0.728516 0.039062 0.726562 0.019531 0.732422 0.013672 0.730469 0.000000 0.736328 0.000000 0.761719 0.001953 0.763672 0.007812 0.761719 0.009766 0.763672 0.011719 0.761719 0.015625 0.763672 0.017578 0.761719 0.021484 0.763672 0.023438 0.761719 0.029297 0.763672 0.031250 0.761719 0.035156 0.763672 0.037109 0.761719 0.041016 0.763672 0.054688 0.761719 0.056641 0.763672 0.060547 0.761719 0.068359 0.765625 0.070312 0.763672 0.085938 0.765625 0.097656 0.757812 0.099609 0.746094 0.117188 0.742188
