2 0.488281 0.000000 0.486328 0.001953 0.486328 0.031250 0.490234 0.035156 0.503906 0.035156 0.505859 0.033203 0.511719 0.033203 0.513672 0.031250 0.509766 0.027344 0.509766 0.003906 0.507812 0.001953 0.507812 0.000000
2 0.542969 0.000000 0.542969 0.001953 0.541016 0.003906 0.541016 0.029297 0.542969 0.031250 0.556641 0.031250 0.558594 0.029297 0.558594 0.000000
2 0.664062 0.000000 0.662109 0.017578 0.650391 0.042969 0.652344 0.050781 0.640625 0.107422 0.642578 0.109375 0.724609 0.107422 0.726562 0.105469 0.726562 0.050781 0.716797 0.039062 0.710938 0.037109 0.712891 0.001953 0.710938 0.000000
2 0.113281 0.013672 0.087891 0.015625 0.082031 0.021484 0.076172 0.021484 0.068359 0.027344 0.068359 0.068359 0.074219 0.082031 0.083984 0.091797 0.089844 0.093750 0.093750 0.097656 0.093750 0.101562 0.099609 0.105469 0.117188 0.099609 0.121094 0.095703 0.121094 0.085938 0.136719 0.072266 0.136719 0.066406 0.126953 0.056641 0.121094 0.037109 0.121094 0.027344 0.117188 0.021484 0.117188 0.017578
2 0.320312 0.076172 0.322266 0.093750 0.326172 0.103516 0.330078 0.107422 0.339844 0.107422 0.341797 0.105469 0.361328 0.105469 0.369141 0.099609 0.394531 0.101562 0.398438 0.099609 0.400391 0.095703 0.400391 0.089844 0.398438 0.087891 0.394531 0.072266 0.388672 0.060547 0.384766 0.056641 0.349609 0.056641 0.347656 0.058594 0.341797 0.058594 0.328125 0.066406
2 0.611328 0.083984 0.607422 0.080078 0.601562 0.080078 0.599609 0.082031 0.593750 0.082031 0.591797 0.083984 0.585938 0.083984 0.583984 0.085938 0.578125 0.085938 0.576172 0.083984 0.552734 0.083984 0.548828 0.085938 0.548828 0.101562 0.550781 0.103516 0.550781 0.115234 0.554688 0.119141 0.587891 0.119141 0.589844 0.121094 0.609375 0.121094 0.609375 0.113281 0.611328 0.111328 0.609375 0.109375 0.609375 0.105469 0.611328 0.103516 0.611328 0.097656 0.613281 0.095703 0.611328 0.093750 0.613281 0.089844 0.611328 0.087891
2 0.271484 0.105469 0.265625 0.105469 0.263672 0.107422 0.259766 0.107422 0.255859 0.109375 0.246094 0.119141 0.246094 0.125000 0.244141 0.126953 0.244141 0.134766 0.246094 0.136719 0.246094 0.146484 0.248047 0.148438 0.248047 0.160156 0.251953 0.167969 0.267578 0.167969 0.269531 0.166016 0.285156 0.166016 0.287109 0.164062 0.287109 0.138672 0.285156 0.136719 0.285156 0.128906 0.283203 0.126953 0.283203 0.121094 0.281250 0.119141 0.281250 0.115234 0.279297 0.111328
2 0.548828 0.142578 0.490234 0.146484 0.486328 0.156250 0.458984 0.140625 0.453125 0.111328 0.416016 0.113281 0.414062 0.134766 0.421875 0.146484 0.429688 0.205078 0.416016 0.177734 0.371094 0.183594 0.365234 0.201172 0.339844 0.205078 0.347656 0.236328 0.365234 0.253906 0.388672 0.251953 0.406250 0.234375 0.427734 0.230469 0.429688 0.208984 0.437500 0.242188 0.476562 0.236328 0.490234 0.207031 0.494141 0.226562 0.542969 0.226562 0.548828 0.222656
2 0.640625 0.113281 0.636719 0.128906 0.638672 0.130859 0.636719 0.148438 0.628906 0.171875 0.630859 0.177734 0.626953 0.185547 0.628906 0.187500 0.625000 0.197266 0.626953 0.199219 0.734375 0.197266 0.730469 0.175781 0.728516 0.113281
2 0.068359 0.142578 0.064453 0.140625 0.050781 0.150391 0.044922 0.158203 0.042969 0.169922 0.033203 0.166016 0.015625 0.179688 0.007812 0.201172 0.009766 0.220703 0.013672 0.228516 0.021484 0.228516 0.033203 0.222656 0.044922 0.222656 0.054688 0.216797 0.064453 0.214844 0.066406 0.208984 0.074219 0.224609 0.080078 0.228516 0.097656 0.224609 0.107422 0.218750 0.107422 0.207031 0.087891 0.189453
2 0.750000 0.230469 0.738281 0.216797 0.693359 0.214844 0.691406 0.212891 0.685547 0.214844 0.628906 0.214844 0.623047 0.216797 0.621094 0.253906 0.628906 0.255859 0.632812 0.253906 0.636719 0.255859 0.667969 0.253906 0.675781 0.255859 0.679688 0.263672 0.687500 0.269531 0.734375 0.267578 0.744141 0.257812 0.744141 0.250000 0.750000 0.242188
2 0.564453 0.253906 0.478516 0.267578 0.480469 0.302734 0.501953 0.308594 0.494141 0.314453 0.492188 0.310547 0.439453 0.314453 0.441406 0.330078 0.451172 0.343750 0.451172 0.361328 0.457031 0.365234 0.458984 0.410156 0.460938 0.402344 0.472656 0.402344 0.474609 0.406250 0.464844 0.412109 0.500000 0.412109 0.507812 0.382812 0.496094 0.361328 0.498047 0.343750 0.488281 0.337891 0.496094 0.326172 0.501953 0.330078 0.503906 0.357422 0.546875 0.351562 0.541016 0.332031 0.562500 0.326172 0.562500 0.308594 0.552734 0.302734 0.562500 0.300781 0.568359 0.287109
2 0.074219 0.269531 0.066406 0.269531 0.064453 0.271484 0.058594 0.271484 0.052734 0.275391 0.048828 0.275391 0.046875 0.277344 0.037109 0.279297 0.033203 0.283203 0.033203 0.304688 0.035156 0.306641 0.035156 0.314453 0.037109 0.318359 0.041016 0.320312 0.042969 0.318359 0.046875 0.318359 0.074219 0.304688 0.080078 0.304688 0.087891 0.300781 0.087891 0.296875 0.083984 0.292969 0.083984 0.291016 0.078125 0.283203 0.078125 0.277344
2 0.615234 0.271484 0.615234 0.273438 0.613281 0.275391 0.613281 0.279297 0.611328 0.281250 0.611328 0.289062 0.609375 0.291016 0.609375 0.294922 0.611328 0.296875 0.625000 0.296875 0.626953 0.298828 0.644531 0.298828 0.646484 0.300781 0.660156 0.300781 0.660156 0.292969 0.662109 0.291016 0.662109 0.273438 0.660156 0.273438 0.658203 0.271484
2 0.673828 0.277344 0.675781 0.281250 0.675781 0.302734 0.679688 0.306641 0.695312 0.306641 0.697266 0.308594 0.683594 0.312500 0.683594 0.333984 0.685547 0.335938 0.748047 0.335938 0.748047 0.310547 0.742188 0.308594 0.750000 0.304688 0.751953 0.285156 0.748047 0.279297 0.734375 0.275391 0.681641 0.275391
2 0.400391 0.289062 0.390625 0.289062 0.388672 0.291016 0.382812 0.291016 0.375000 0.294922 0.365234 0.294922 0.357422 0.298828 0.357422 0.320312 0.359375 0.322266 0.359375 0.330078 0.361328 0.332031 0.361328 0.347656 0.375000 0.347656 0.376953 0.345703 0.382812 0.345703 0.384766 0.343750 0.398438 0.341797 0.406250 0.335938 0.406250 0.314453 0.404297 0.312500 0.404297 0.306641 0.402344 0.304688 0.402344 0.294922 0.400391 0.292969
2 0.607422 0.304688 0.607422 0.314453 0.599609 0.335938 0.619141 0.337891 0.619141 0.363281 0.591797 0.367188 0.587891 0.384766 0.589844 0.404297 0.642578 0.414062 0.689453 0.412109 0.695312 0.404297 0.697266 0.375000 0.654297 0.365234 0.662109 0.363281 0.662109 0.341797 0.667969 0.314453 0.664062 0.310547
2 0.201172 0.339844 0.169922 0.343750 0.173828 0.380859 0.169922 0.398438 0.169922 0.421875 0.173828 0.441406 0.177734 0.443359 0.207031 0.441406 0.210938 0.437500 0.210938 0.429688 0.216797 0.425781 0.224609 0.425781 0.226562 0.414062 0.238281 0.406250 0.238281 0.388672 0.232422 0.382812 0.216797 0.386719 0.179688 0.384766 0.201172 0.380859 0.201172 0.365234 0.208984 0.349609 0.207031 0.343750
2 0.353516 0.365234 0.353516 0.373047 0.355469 0.375000 0.355469 0.384766 0.357422 0.386719 0.357422 0.396484 0.359375 0.398438 0.359375 0.402344 0.361328 0.402344 0.363281 0.404297 0.373047 0.404297 0.375000 0.402344 0.382812 0.402344 0.384766 0.400391 0.400391 0.400391 0.402344 0.398438 0.404297 0.398438 0.404297 0.380859 0.402344 0.378906 0.402344 0.373047 0.400391 0.371094 0.400391 0.367188 0.394531 0.359375 0.375000 0.359375 0.373047 0.361328 0.361328 0.361328 0.359375 0.363281 0.355469 0.363281
2 0.330078 0.367188 0.326172 0.365234 0.308594 0.367188 0.306641 0.369141 0.277344 0.367188 0.271484 0.369141 0.265625 0.375000 0.267578 0.416016 0.269531 0.417969 0.269531 0.423828 0.275391 0.429688 0.324219 0.429688 0.326172 0.427734 0.322266 0.421875 0.328125 0.416016 0.335938 0.412109 0.335938 0.400391 0.330078 0.388672 0.332031 0.382812 0.332031 0.371094
2 0.998047 0.398438 0.916016 0.412109 0.919922 0.460938 0.857422 0.466797 0.865234 0.531250 0.931641 0.521484 0.939453 0.507812 0.949219 0.519531 0.912109 0.535156 0.914062 0.576172 0.869141 0.583984 0.869141 0.621094 0.886719 0.625000 0.867188 0.634766 0.875000 0.708984 0.898438 0.718750 0.880859 0.720703 0.882812 0.751953 0.896484 0.755859 0.884766 0.759766 0.884766 0.791016 0.896484 0.794922 0.880859 0.796875 0.884766 0.820312 0.917969 0.837891 0.998047 0.828125 0.988281 0.738281 0.998047 0.708984 0.955078 0.710938 0.964844 0.701172 0.955078 0.669922 0.937500 0.656250 0.898438 0.664062 0.910156 0.652344 0.892578 0.623047 0.945312 0.601562 0.925781 0.576172 0.998047 0.554688 0.998047 0.519531 0.976562 0.517578 0.998047 0.511719 0.998047 0.472656 0.939453 0.484375 0.935547 0.500000 0.925781 0.462891 0.998047 0.449219
2 0.123047 0.412109 0.121094 0.414062 0.121094 0.419922 0.119141 0.421875 0.119141 0.427734 0.117188 0.429688 0.117188 0.443359 0.119141 0.445312 0.119141 0.447266 0.125000 0.453125 0.146484 0.453125 0.148438 0.451172 0.150391 0.451172 0.156250 0.441406 0.156250 0.433594 0.158203 0.431641 0.158203 0.429688 0.156250 0.427734 0.156250 0.419922 0.154297 0.417969 0.154297 0.416016 0.148438 0.412109
2 0.744141 0.484375 0.730469 0.468750 0.728516 0.451172 0.722656 0.447266 0.654297 0.453125 0.632812 0.458984 0.578125 0.464844 0.582031 0.511719 0.669922 0.507812 0.699219 0.501953 0.742188 0.500000
2 0.212891 0.472656 0.197266 0.476562 0.195312 0.474609 0.193359 0.476562 0.171875 0.476562 0.169922 0.478516 0.167969 0.476562 0.140625 0.486328 0.125000 0.488281 0.125000 0.503906 0.130859 0.517578 0.130859 0.537109 0.132812 0.539062 0.130859 0.542969 0.150391 0.546875 0.191406 0.539062 0.214844 0.539062 0.216797 0.529297 0.214844 0.527344
2 0.478516 0.488281 0.474609 0.480469 0.462891 0.472656 0.439453 0.472656 0.423828 0.478516 0.396484 0.480469 0.361328 0.488281 0.308594 0.490234 0.304688 0.494141 0.306641 0.523438 0.308594 0.527344 0.373047 0.523438 0.392578 0.515625 0.439453 0.511719 0.472656 0.503906 0.478516 0.498047
2 0.062500 0.521484 0.064453 0.523438 0.064453 0.525391 0.062500 0.527344 0.064453 0.529297 0.062500 0.531250 0.064453 0.533203 0.064453 0.535156 0.093750 0.535156 0.095703 0.533203 0.109375 0.533203 0.111328 0.535156 0.117188 0.535156 0.119141 0.533203 0.121094 0.533203 0.121094 0.517578 0.119141 0.515625 0.085938 0.515625 0.083984 0.517578 0.064453 0.517578 0.064453 0.519531
2 0.445312 0.523438 0.441406 0.517578 0.408203 0.517578 0.392578 0.529297 0.369141 0.527344 0.316406 0.535156 0.310547 0.544922 0.314453 0.572266 0.316406 0.568359 0.318359 0.572266 0.339844 0.572266 0.343750 0.576172 0.369141 0.572266 0.373047 0.576172 0.375000 0.589844 0.396484 0.589844 0.412109 0.583984 0.419922 0.585938 0.429688 0.576172 0.445312 0.578125
2 0.187500 0.544922 0.177734 0.552734 0.177734 0.599609 0.179688 0.601562 0.179688 0.609375 0.185547 0.615234 0.189453 0.617188 0.201172 0.617188 0.203125 0.615234 0.208984 0.615234 0.212891 0.613281 0.214844 0.609375 0.214844 0.585938 0.216797 0.583984 0.216797 0.578125 0.214844 0.576172 0.214844 0.552734 0.212891 0.550781 0.212891 0.546875 0.208984 0.544922
2 0.302734 0.564453 0.296875 0.560547 0.294922 0.562500 0.283203 0.562500 0.281250 0.560547 0.281250 0.550781 0.275391 0.546875 0.251953 0.550781 0.242188 0.554688 0.232422 0.554688 0.230469 0.556641 0.230469 0.574219 0.226562 0.582031 0.226562 0.605469 0.236328 0.609375 0.261719 0.609375 0.263672 0.607422 0.283203 0.605469 0.289062 0.597656 0.285156 0.587891 0.292969 0.576172 0.296875 0.578125 0.296875 0.589844 0.298828 0.591797 0.302734 0.587891 0.300781 0.583984
2 0.724609 0.593750 0.708984 0.593750 0.707031 0.595703 0.693359 0.595703 0.683594 0.599609 0.656250 0.601562 0.654297 0.603516 0.656250 0.605469 0.656250 0.623047 0.660156 0.634766 0.662109 0.654297 0.667969 0.656250 0.675781 0.652344 0.728516 0.648438 0.730469 0.646484 0.730469 0.619141 0.728516 0.617188 0.728516 0.599609
2 0.503906 0.605469 0.466797 0.605469 0.347656 0.628906 0.281250 0.636719 0.285156 0.697266 0.289062 0.701172 0.335938 0.701172 0.410156 0.693359 0.419922 0.685547 0.447266 0.683594 0.460938 0.660156 0.470703 0.660156 0.482422 0.652344 0.488281 0.636719 0.505859 0.615234
2 0.533203 0.625000 0.527344 0.634766 0.523438 0.648438 0.519531 0.652344 0.517578 0.660156 0.507812 0.675781 0.509766 0.683594 0.513672 0.685547 0.515625 0.691406 0.519531 0.691406 0.527344 0.699219 0.576172 0.705078 0.578125 0.701172 0.578125 0.671875 0.583984 0.660156 0.585938 0.632812 0.568359 0.630859 0.566406 0.628906 0.548828 0.628906 0.542969 0.625000
2 0.925781 0.626953 0.923828 0.626953 0.923828 0.630859 0.923828 0.628906
2 0.929688 0.632812 0.927734 0.634766 0.929688 0.636719
2 0.210938 0.648438 0.208984 0.650391 0.208984 0.675781 0.210938 0.677734 0.210938 0.699219 0.214844 0.703125 0.232422 0.703125 0.234375 0.705078 0.238281 0.701172 0.238281 0.693359 0.236328 0.691406 0.236328 0.673828 0.234375 0.671875 0.234375 0.650391 0.232422 0.648438 0.232422 0.646484 0.230469 0.646484 0.228516 0.648438 0.226562 0.646484 0.224609 0.648438 0.218750 0.648438 0.216797 0.650391 0.212891 0.650391
2 0.164062 0.666016 0.160156 0.666016 0.158203 0.664062 0.156250 0.664062 0.154297 0.666016 0.146484 0.666016 0.144531 0.667969 0.142578 0.667969 0.142578 0.669922 0.140625 0.671875 0.140625 0.707031 0.142578 0.708984 0.160156 0.708984 0.162109 0.707031 0.166016 0.707031 0.167969 0.705078 0.167969 0.673828 0.166016 0.671875 0.166016 0.667969
2 0.757812 0.726562 0.755859 0.724609 0.736328 0.724609 0.716797 0.728516 0.683594 0.728516 0.648438 0.734375 0.609375 0.736328 0.607422 0.748047 0.615234 0.751953 0.617188 0.750000 0.646484 0.750000 0.667969 0.746094 0.751953 0.742188 0.757812 0.736328
2 0.783203 0.759766 0.781250 0.757812 0.775391 0.755859 0.773438 0.757812 0.761719 0.757812 0.759766 0.759766 0.755859 0.759766 0.753906 0.761719 0.750000 0.761719 0.748047 0.763672 0.744141 0.763672 0.742188 0.765625 0.740234 0.765625 0.738281 0.767578 0.738281 0.789062 0.740234 0.791016 0.783203 0.791016 0.785156 0.789062 0.785156 0.765625 0.783203 0.763672
2 0.267578 0.767578 0.267578 0.791016 0.283203 0.791016 0.285156 0.789062 0.304688 0.789062 0.306641 0.787109 0.312500 0.787109 0.316406 0.783203 0.318359 0.783203 0.320312 0.781250 0.320312 0.765625 0.318359 0.763672 0.302734 0.763672 0.300781 0.761719 0.277344 0.761719 0.275391 0.763672 0.271484 0.763672
2 0.708984 0.771484 0.707031 0.771484 0.705078 0.769531 0.689453 0.769531 0.687500 0.771484 0.669922 0.771484 0.667969 0.773438 0.664062 0.773438 0.664062 0.787109 0.666016 0.789062 0.666016 0.794922 0.667969 0.796875 0.685547 0.796875 0.687500 0.794922 0.708984 0.794922 0.708984 0.792969 0.710938 0.791016 0.710938 0.789062 0.708984 0.787109
2 0.335938 0.847656 0.320312 0.833984 0.318359 0.826172 0.314453 0.822266 0.271484 0.826172 0.261719 0.832031 0.261719 0.841797 0.263672 0.843750 0.263672 0.853516 0.265625 0.855469 0.265625 0.871094 0.267578 0.873047 0.271484 0.873047 0.273438 0.871094 0.316406 0.869141 0.330078 0.863281 0.337891 0.863281 0.341797 0.861328
2 0.232422 0.841797 0.230469 0.839844 0.222656 0.839844 0.207031 0.845703 0.199219 0.845703 0.197266 0.847656 0.175781 0.847656 0.166016 0.851562 0.162109 0.855469 0.162109 0.880859 0.167969 0.894531 0.175781 0.900391 0.181641 0.900391 0.191406 0.896484 0.199219 0.896484 0.208984 0.892578 0.216797 0.892578 0.218750 0.890625 0.228516 0.890625 0.232422 0.888672 0.234375 0.884766 0.234375 0.875000 0.236328 0.873047 0.236328 0.853516 0.234375 0.851562
2 0.269531 0.884766 0.267578 0.886719 0.267578 0.910156 0.269531 0.912109 0.269531 0.921875 0.271484 0.923828 0.281250 0.923828 0.283203 0.921875 0.300781 0.921875 0.300781 0.914062 0.302734 0.912109 0.302734 0.908203 0.298828 0.902344 0.298828 0.898438 0.296875 0.896484 0.296875 0.890625 0.291016 0.886719 0.281250 0.886719 0.279297 0.884766
2 0.906250 0.896484 0.904297 0.900391 0.904297 0.935547 0.906250 0.937500 0.908203 0.984375 0.912109 0.998047 0.966797 0.998047 0.960938 0.947266 0.958984 0.945312 0.958984 0.931641 0.953125 0.910156 0.953125 0.894531 0.951172 0.892578 0.931641 0.892578 0.929688 0.894531
2 0.078125 0.902344 0.076172 0.904297 0.076172 0.908203 0.078125 0.910156 0.078125 0.917969 0.080078 0.919922 0.093750 0.919922 0.095703 0.917969 0.095703 0.908203 0.097656 0.906250 0.097656 0.904297 0.093750 0.900391 0.082031 0.900391 0.080078 0.902344
2 0.332031 0.943359 0.292969 0.941406 0.253906 0.951172 0.203125 0.957031 0.197266 0.966797 0.197266 0.986328 0.199219 0.990234 0.210938 0.994141 0.248047 0.994141 0.250000 0.996094 0.277344 0.994141 0.298828 0.978516 0.333984 0.974609 0.335938 0.960938
4 0.832031 0.000000 0.818359 0.025391 0.824219 0.052734 0.820312 0.093750 0.830078 0.132812 0.849609 0.148438 0.845703 0.248047 0.859375 0.257812 0.859375 0.310547 0.865234 0.320312 0.902344 0.332031 0.990234 0.322266 0.998047 0.310547 0.998047 0.000000
5 0.662109 0.000000 0.617188 0.017578 0.591797 0.222656 0.353516 0.261719 0.296875 0.060547 0.322266 0.269531 0.000000 0.355469 0.023438 0.564453 0.064453 0.496094 0.554688 0.437500 0.523438 0.570312 0.031250 0.652344 0.513672 0.601562 0.378906 0.859375 0.318359 0.873047 0.365234 0.890625 0.339844 0.998047 0.373047 0.996094 0.552734 0.572266
5 0.757812 0.000000 0.818359 0.496094 0.716797 0.552734 0.746094 0.566406 0.814453 0.541016 0.857422 0.996094 0.908203 0.998047 0.845703 0.402344 0.988281 0.384766 0.998047 0.351562 0.839844 0.371094 0.785156 0.000000
