2 0.958984 0.218750 0.943359 0.224609 0.943359 0.244141 0.945312 0.246094 0.945312 0.251953 0.941406 0.257812 0.941406 0.267578 0.957031 0.310547 0.968750 0.310547 0.998047 0.296875 0.998047 0.255859 0.994141 0.251953 0.992188 0.236328 0.986328 0.228516 0.974609 0.228516 0.966797 0.220703
2 0.912109 0.250000 0.900391 0.251953 0.888672 0.257812 0.882812 0.263672 0.863281 0.269531 0.863281 0.279297 0.873047 0.292969 0.873047 0.322266 0.880859 0.337891 0.892578 0.324219 0.906250 0.322266 0.923828 0.312500 0.937500 0.310547 0.939453 0.300781 0.933594 0.287109 0.929688 0.265625 0.919922 0.253906
2 0.837891 0.289062 0.832031 0.289062 0.830078 0.287109 0.818359 0.287109 0.816406 0.289062 0.808594 0.289062 0.785156 0.302734 0.785156 0.314453 0.792969 0.328125 0.792969 0.337891 0.794922 0.341797 0.808594 0.341797 0.810547 0.339844 0.835938 0.337891 0.837891 0.335938 0.843750 0.335938 0.847656 0.332031 0.847656 0.314453 0.845703 0.312500 0.845703 0.306641 0.843750 0.304688 0.843750 0.292969
2 0.738281 0.480469 0.720703 0.480469 0.718750 0.482422 0.703125 0.482422 0.699219 0.486328 0.699219 0.494141 0.701172 0.496094 0.701172 0.507812 0.703125 0.509766 0.703125 0.517578 0.716797 0.517578 0.718750 0.515625 0.726562 0.515625 0.728516 0.513672 0.730469 0.513672 0.730469 0.511719 0.740234 0.501953 0.740234 0.488281 0.738281 0.486328
2 0.880859 0.585938 0.863281 0.583984 0.826172 0.593750 0.826172 0.607422 0.835938 0.636719 0.853516 0.640625 0.839844 0.646484 0.835938 0.662109 0.832031 0.654297 0.822266 0.654297 0.791016 0.666016 0.798828 0.705078 0.839844 0.699219 0.843750 0.691406 0.845703 0.697266 0.878906 0.695312 0.884766 0.691406 0.880859 0.685547 0.886719 0.679688 0.902344 0.675781 0.896484 0.636719 0.884766 0.634766 0.894531 0.630859 0.886719 0.605469 0.886719 0.593750
2 0.775391 0.638672 0.765625 0.636719 0.740234 0.644531 0.732422 0.644531 0.726562 0.646484 0.722656 0.650391 0.720703 0.671875 0.724609 0.681641 0.726562 0.716797 0.748047 0.716797 0.763672 0.708984 0.787109 0.703125 0.787109 0.687500 0.779297 0.675781 0.777344 0.640625
2 0.675781 0.664062 0.673828 0.667969 0.673828 0.681641 0.675781 0.683594 0.675781 0.691406 0.677734 0.693359 0.677734 0.697266 0.683594 0.705078 0.683594 0.708984 0.685547 0.710938 0.685547 0.718750 0.687500 0.722656 0.708984 0.722656 0.710938 0.720703 0.718750 0.720703 0.722656 0.716797 0.722656 0.712891 0.720703 0.710938 0.718750 0.691406 0.708984 0.669922 0.708984 0.662109 0.707031 0.660156 0.695312 0.660156 0.693359 0.662109
2 0.025391 0.703125 0.025391 0.720703 0.027344 0.722656 0.041016 0.722656 0.042969 0.724609 0.048828 0.724609 0.050781 0.726562 0.060547 0.726562 0.062500 0.728516 0.074219 0.728516 0.076172 0.726562 0.076172 0.722656 0.078125 0.720703 0.078125 0.712891 0.080078 0.710938 0.080078 0.705078 0.078125 0.703125 0.078125 0.697266 0.076172 0.695312 0.068359 0.695312 0.066406 0.693359 0.050781 0.693359 0.042969 0.701172 0.029297 0.701172 0.027344 0.703125
2 0.808594 0.736328 0.808594 0.748047 0.810547 0.750000 0.810547 0.759766 0.812500 0.761719 0.812500 0.765625 0.820312 0.773438 0.835938 0.773438 0.837891 0.771484 0.843750 0.771484 0.845703 0.769531 0.853516 0.769531 0.859375 0.765625 0.859375 0.759766 0.853516 0.751953 0.851562 0.742188 0.847656 0.736328 0.847656 0.728516 0.845703 0.726562 0.845703 0.720703 0.843750 0.718750 0.830078 0.718750 0.826172 0.722656 0.826172 0.726562 0.820312 0.732422 0.814453 0.732422
2 0.769531 0.767578 0.755859 0.769531 0.724609 0.779297 0.718750 0.783203 0.707031 0.785156 0.707031 0.798828 0.710938 0.806641 0.718750 0.812500 0.714844 0.814453 0.710938 0.822266 0.712891 0.833984 0.718750 0.841797 0.732422 0.841797 0.734375 0.839844 0.751953 0.837891 0.765625 0.833984 0.771484 0.830078 0.771484 0.824219 0.769531 0.822266 0.771484 0.808594 0.761719 0.800781 0.773438 0.796875 0.777344 0.792969 0.777344 0.783203 0.773438 0.771484
2 0.818359 0.878906 0.816406 0.876953 0.816406 0.871094 0.794922 0.871094 0.792969 0.873047 0.779297 0.873047 0.777344 0.875000 0.769531 0.875000 0.767578 0.876953 0.755859 0.876953 0.753906 0.878906 0.746094 0.878906 0.742188 0.882812 0.742188 0.884766 0.746094 0.892578 0.755859 0.892578 0.757812 0.890625 0.763672 0.890625 0.765625 0.888672 0.775391 0.888672 0.777344 0.886719 0.798828 0.886719 0.800781 0.884766 0.812500 0.884766 0.816406 0.882812
2 0.814453 0.906250 0.794922 0.906250 0.792969 0.908203 0.783203 0.908203 0.781250 0.910156 0.761719 0.910156 0.761719 0.939453 0.759766 0.941406 0.761719 0.943359 0.771484 0.943359 0.773438 0.941406 0.794922 0.941406 0.796875 0.939453 0.812500 0.939453 0.816406 0.937500 0.816406 0.910156
