0 0.275391 0.027344 0.267578 0.023438 0.261719 0.023438 0.259766 0.025391 0.251953 0.023438 0.232422 0.031250 0.218750 0.033203 0.214844 0.035156 0.207031 0.046875 0.199219 0.052734 0.201172 0.054688 0.199219 0.060547 0.214844 0.082031 0.222656 0.085938 0.228516 0.083984 0.242188 0.089844 0.246094 0.087891 0.248047 0.089844 0.257812 0.089844 0.267578 0.083984 0.273438 0.083984 0.279297 0.080078 0.281250 0.072266 0.289062 0.066406 0.281250 0.046875 0.281250 0.041016 0.277344 0.037109
0 0.509766 0.103516 0.507812 0.144531 0.511719 0.154297 0.519531 0.158203 0.550781 0.158203 0.552734 0.160156 0.595703 0.158203 0.607422 0.146484 0.621094 0.140625 0.626953 0.125000 0.626953 0.109375 0.617188 0.095703 0.601562 0.085938 0.574219 0.082031 0.556641 0.083984 0.542969 0.076172 0.529297 0.082031 0.513672 0.095703
0 0.318359 0.146484 0.306641 0.158203 0.285156 0.164062 0.292969 0.205078 0.304688 0.228516 0.306641 0.253906 0.259766 0.287109 0.271484 0.306641 0.298828 0.306641 0.296875 0.347656 0.300781 0.355469 0.335938 0.365234 0.351562 0.353516 0.349609 0.330078 0.357422 0.322266 0.382812 0.326172 0.410156 0.322266 0.419922 0.312500 0.419922 0.302734 0.404297 0.283203 0.396484 0.255859 0.373047 0.212891 0.341797 0.173828 0.332031 0.152344
0 0.277344 0.312500 0.273438 0.312500 0.271484 0.314453 0.263672 0.314453 0.261719 0.316406 0.255859 0.318359 0.248047 0.326172 0.248047 0.337891 0.246094 0.339844 0.248047 0.353516 0.250000 0.355469 0.250000 0.357422 0.257812 0.363281 0.281250 0.363281 0.291016 0.353516 0.291016 0.351562 0.292969 0.349609 0.292969 0.332031 0.294922 0.330078 0.294922 0.326172 0.291016 0.322266 0.289062 0.322266 0.285156 0.318359 0.283203 0.318359 0.281250 0.316406 0.281250 0.314453 0.279297 0.314453
0 0.000000 0.328125 0.000000 0.361328 0.001953 0.361328 0.005859 0.365234 0.001953 0.369141 0.000000 0.369141 0.003906 0.373047 0.003906 0.378906 0.015625 0.384766 0.044922 0.384766 0.048828 0.382812 0.052734 0.378906 0.052734 0.353516 0.048828 0.347656 0.042969 0.347656 0.039062 0.345703 0.033203 0.339844 0.023438 0.335938 0.017578 0.330078 0.011719 0.330078 0.009766 0.328125
0 0.310547 0.402344 0.308594 0.400391 0.304688 0.400391 0.300781 0.396484 0.298828 0.396484 0.296875 0.394531 0.294922 0.396484 0.263672 0.396484 0.261719 0.398438 0.259766 0.398438 0.251953 0.406250 0.251953 0.417969 0.253906 0.419922 0.259766 0.419922 0.261719 0.421875 0.275391 0.421875 0.277344 0.419922 0.287109 0.419922 0.289062 0.417969 0.292969 0.417969 0.294922 0.416016 0.298828 0.416016 0.304688 0.412109 0.308594 0.412109 0.308594 0.408203 0.310547 0.406250
2 0.667969 0.000000 0.712891 0.107422 0.726562 0.113281 0.738281 0.111328 0.841797 0.056641 0.841797 0.042969 0.820312 0.000000
2 0.662109 0.015625 0.652344 0.015625 0.650391 0.017578 0.646484 0.017578 0.644531 0.019531 0.640625 0.019531 0.638672 0.021484 0.636719 0.021484 0.634766 0.023438 0.632812 0.023438 0.630859 0.025391 0.625000 0.027344 0.625000 0.037109 0.628906 0.041016 0.628906 0.042969 0.634766 0.052734 0.638672 0.052734 0.640625 0.050781 0.644531 0.050781 0.650391 0.046875 0.656250 0.046875 0.658203 0.044922 0.662109 0.044922 0.664062 0.042969 0.669922 0.042969 0.669922 0.033203 0.664062 0.023438 0.664062 0.019531 0.662109 0.017578
2 0.871094 0.089844 0.855469 0.078125 0.843750 0.082031 0.775391 0.128906 0.750000 0.140625 0.734375 0.136719 0.718750 0.138672 0.714844 0.128906 0.660156 0.162109 0.654297 0.177734 0.675781 0.207031 0.683594 0.208984 0.818359 0.132812 0.867188 0.099609
2 0.201172 0.201172 0.199219 0.205078 0.201172 0.251953 0.216797 0.259766 0.220703 0.267578 0.216797 0.269531 0.232422 0.271484 0.238281 0.265625 0.242188 0.269531 0.251953 0.269531 0.255859 0.265625 0.257812 0.271484 0.267578 0.273438 0.302734 0.255859 0.302734 0.232422 0.292969 0.207031 0.285156 0.197266 0.269531 0.197266 0.263672 0.195312 0.255859 0.187500 0.244141 0.187500 0.232422 0.195312
2 0.632812 0.224609 0.630859 0.236328 0.634766 0.248047 0.648438 0.250000 0.640625 0.251953 0.636719 0.259766 0.662109 0.330078 0.662109 0.347656 0.673828 0.357422 0.716797 0.347656 0.718750 0.330078 0.703125 0.255859 0.695312 0.250000 0.666016 0.248047 0.664062 0.246094 0.669922 0.242188 0.669922 0.234375 0.646484 0.224609
2 0.599609 0.234375 0.580078 0.240234 0.578125 0.250000 0.574219 0.253906 0.562500 0.255859 0.562500 0.263672 0.558594 0.267578 0.558594 0.277344 0.550781 0.283203 0.550781 0.289062 0.544922 0.300781 0.548828 0.339844 0.562500 0.339844 0.603516 0.330078 0.611328 0.326172 0.619141 0.326172 0.625000 0.318359 0.615234 0.294922 0.615234 0.275391 0.607422 0.257812 0.607422 0.250000
2 0.025391 0.240234 0.021484 0.240234 0.019531 0.238281 0.003906 0.238281 0.000000 0.240234 0.000000 0.300781 0.005859 0.300781 0.005859 0.298828 0.013672 0.291016 0.021484 0.291016 0.023438 0.289062 0.035156 0.289062 0.039062 0.285156 0.039062 0.281250 0.041016 0.279297 0.041016 0.267578 0.039062 0.265625 0.039062 0.259766 0.033203 0.248047
2 0.154297 0.259766 0.142578 0.259766 0.132812 0.265625 0.111328 0.271484 0.101562 0.281250 0.101562 0.287109 0.109375 0.298828 0.115234 0.320312 0.121094 0.328125 0.128906 0.347656 0.138672 0.347656 0.144531 0.341797 0.146484 0.332031 0.150391 0.328125 0.160156 0.326172 0.164062 0.322266 0.164062 0.312500 0.158203 0.302734 0.158203 0.294922 0.164062 0.291016 0.166016 0.283203 0.160156 0.265625
2 0.478516 0.291016 0.482422 0.291016 0.484375 0.292969 0.478516 0.296875 0.480469 0.300781 0.476562 0.304688 0.476562 0.310547 0.474609 0.312500 0.470703 0.312500 0.470703 0.316406 0.472656 0.318359 0.470703 0.326172 0.472656 0.328125 0.474609 0.337891 0.478516 0.343750 0.482422 0.345703 0.486328 0.345703 0.488281 0.343750 0.503906 0.343750 0.509766 0.339844 0.513672 0.339844 0.515625 0.337891 0.523438 0.337891 0.529297 0.333984 0.527344 0.330078 0.527344 0.298828 0.525391 0.296875 0.519531 0.296875 0.515625 0.298828 0.505859 0.291016 0.494141 0.291016 0.492188 0.292969 0.484375 0.292969 0.482422 0.291016
2 0.429688 0.330078 0.416016 0.326172 0.400391 0.328125 0.392578 0.332031 0.382812 0.341797 0.347656 0.363281 0.341797 0.371094 0.341797 0.378906 0.347656 0.394531 0.351562 0.398438 0.359375 0.400391 0.386719 0.398438 0.431641 0.384766 0.435547 0.375000 0.433594 0.373047 0.433594 0.349609 0.435547 0.347656
2 0.468750 0.361328 0.470703 0.390625 0.474609 0.394531 0.537109 0.392578 0.544922 0.388672 0.546875 0.371094 0.554688 0.396484 0.564453 0.410156 0.613281 0.400391 0.611328 0.378906 0.597656 0.353516 0.548828 0.361328 0.544922 0.373047 0.541016 0.345703 0.523438 0.349609 0.494141 0.349609 0.478516 0.353516
2 0.164062 0.376953 0.158203 0.376953 0.160156 0.400391 0.154297 0.406250 0.134766 0.404297 0.117188 0.414062 0.089844 0.414062 0.052734 0.425781 0.052734 0.435547 0.056641 0.437500 0.052734 0.439453 0.050781 0.457031 0.078125 0.468750 0.060547 0.482422 0.082031 0.500000 0.091797 0.517578 0.109375 0.513672 0.123047 0.503906 0.123047 0.486328 0.130859 0.480469 0.140625 0.460938 0.144531 0.458984 0.150391 0.468750 0.164062 0.466797 0.171875 0.472656 0.181641 0.472656 0.203125 0.457031 0.203125 0.441406 0.191406 0.423828 0.179688 0.417969 0.175781 0.392578
2 0.728516 0.382812 0.722656 0.378906 0.697266 0.378906 0.695312 0.380859 0.683594 0.380859 0.671875 0.386719 0.671875 0.392578 0.675781 0.398438 0.675781 0.404297 0.677734 0.406250 0.677734 0.419922 0.675781 0.421875 0.675781 0.425781 0.689453 0.425781 0.691406 0.423828 0.701172 0.423828 0.703125 0.421875 0.716797 0.419922 0.724609 0.414062 0.730469 0.414062 0.732422 0.412109 0.732422 0.402344 0.730469 0.400391 0.730469 0.394531 0.728516 0.392578
2 0.330078 0.439453 0.320312 0.435547 0.306641 0.435547 0.294922 0.431641 0.289062 0.433594 0.273438 0.433594 0.271484 0.435547 0.257812 0.435547 0.240234 0.443359 0.240234 0.445312 0.230469 0.451172 0.222656 0.460938 0.226562 0.468750 0.232422 0.468750 0.234375 0.472656 0.238281 0.474609 0.251953 0.472656 0.265625 0.464844 0.279297 0.464844 0.281250 0.462891 0.292969 0.462891 0.300781 0.466797 0.306641 0.466797 0.316406 0.460938 0.314453 0.458984 0.318359 0.455078 0.324219 0.455078 0.328125 0.449219 0.326172 0.445312
2 0.570312 0.433594 0.568359 0.437500 0.568359 0.464844 0.570312 0.466797 0.570312 0.470703 0.574219 0.474609 0.578125 0.476562 0.603516 0.476562 0.605469 0.474609 0.613281 0.474609 0.615234 0.472656 0.623047 0.470703 0.623047 0.458984 0.621094 0.457031 0.621094 0.451172 0.619141 0.449219 0.621094 0.435547 0.617188 0.429688 0.574219 0.429688
2 0.693359 0.443359 0.679688 0.457031 0.681641 0.470703 0.703125 0.484375 0.687500 0.488281 0.683594 0.494141 0.687500 0.511719 0.687500 0.539062 0.693359 0.542969 0.726562 0.541016 0.732422 0.548828 0.732422 0.554688 0.759766 0.550781 0.763672 0.546875 0.761719 0.527344 0.757812 0.523438 0.759766 0.519531 0.753906 0.500000 0.748047 0.501953 0.742188 0.496094 0.744141 0.494141 0.730469 0.486328 0.734375 0.480469 0.730469 0.437500
2 0.000000 0.449219 0.000000 0.498047 0.003906 0.498047 0.009766 0.501953 0.015625 0.501953 0.017578 0.500000 0.023438 0.500000 0.025391 0.498047 0.031250 0.498047 0.033203 0.496094 0.041016 0.496094 0.046875 0.492188 0.046875 0.486328 0.042969 0.478516 0.037109 0.472656 0.037109 0.468750 0.035156 0.464844 0.031250 0.460938 0.025391 0.460938 0.011719 0.447266 0.005859 0.447266 0.003906 0.449219
2 0.363281 0.472656 0.365234 0.488281 0.373047 0.507812 0.388672 0.521484 0.410156 0.521484 0.431641 0.515625 0.443359 0.515625 0.464844 0.507812 0.464844 0.501953 0.458984 0.486328 0.451172 0.480469 0.447266 0.482422 0.441406 0.480469 0.441406 0.470703 0.437500 0.466797 0.435547 0.458984 0.431641 0.457031 0.388672 0.460938 0.373047 0.468750 0.367188 0.468750
2 0.335938 0.484375 0.328125 0.484375 0.326172 0.482422 0.322266 0.482422 0.320312 0.484375 0.300781 0.484375 0.298828 0.486328 0.296875 0.486328 0.296875 0.488281 0.294922 0.490234 0.294922 0.498047 0.296875 0.500000 0.296875 0.503906 0.300781 0.509766 0.302734 0.509766 0.308594 0.513672 0.308594 0.515625 0.310547 0.517578 0.310547 0.521484 0.312500 0.523438 0.314453 0.523438 0.316406 0.525391 0.324219 0.525391 0.328125 0.521484 0.333984 0.521484 0.335938 0.519531 0.341797 0.519531 0.341797 0.494141
2 0.230469 0.515625 0.226562 0.515625 0.224609 0.517578 0.220703 0.513672 0.220703 0.507812 0.214844 0.501953 0.212891 0.501953 0.205078 0.494141 0.199219 0.494141 0.191406 0.498047 0.169922 0.501953 0.166016 0.507812 0.166016 0.521484 0.167969 0.523438 0.166016 0.527344 0.167969 0.529297 0.167969 0.535156 0.175781 0.539062 0.177734 0.537109 0.199219 0.537109 0.205078 0.533203 0.216797 0.533203 0.218750 0.535156 0.222656 0.535156 0.224609 0.531250 0.224609 0.525391 0.228516 0.521484 0.230469 0.523438 0.230469 0.533203 0.232422 0.531250 0.230469 0.529297
2 0.519531 0.511719 0.515625 0.550781 0.527344 0.564453 0.513672 0.568359 0.511719 0.578125 0.513672 0.607422 0.521484 0.625000 0.546875 0.630859 0.576172 0.628906 0.582031 0.625000 0.580078 0.595703 0.609375 0.601562 0.630859 0.599609 0.636719 0.607422 0.623047 0.611328 0.636719 0.613281 0.640625 0.603516 0.671875 0.599609 0.666016 0.578125 0.642578 0.576172 0.636719 0.558594 0.626953 0.550781 0.576172 0.562500 0.535156 0.564453 0.539062 0.558594 0.576172 0.548828 0.570312 0.535156 0.570312 0.501953 0.564453 0.496094 0.546875 0.496094
2 0.033203 0.521484 0.031250 0.521484 0.029297 0.519531 0.019531 0.519531 0.017578 0.517578 0.007812 0.517578 0.005859 0.519531 0.000000 0.519531 0.000000 0.574219 0.009766 0.574219 0.011719 0.572266 0.017578 0.572266 0.019531 0.570312 0.021484 0.570312 0.021484 0.568359 0.037109 0.554688 0.037109 0.548828 0.039062 0.546875 0.039062 0.531250 0.037109 0.529297 0.037109 0.525391
2 0.441406 0.527344 0.402344 0.527344 0.396484 0.539062 0.380859 0.542969 0.376953 0.558594 0.375000 0.542969 0.363281 0.535156 0.326172 0.539062 0.318359 0.544922 0.318359 0.554688 0.308594 0.562500 0.308594 0.589844 0.312500 0.593750 0.326172 0.593750 0.341797 0.587891 0.376953 0.582031 0.380859 0.576172 0.388672 0.582031 0.443359 0.580078 0.447266 0.578125
2 0.173828 0.548828 0.187500 0.578125 0.210938 0.578125 0.214844 0.582031 0.226562 0.582031 0.228516 0.583984 0.232422 0.583984 0.246094 0.572266 0.253906 0.572266 0.255859 0.570312 0.255859 0.554688 0.253906 0.550781 0.244141 0.552734 0.240234 0.548828 0.236328 0.548828 0.234375 0.546875 0.224609 0.546875 0.222656 0.544922 0.205078 0.546875 0.203125 0.544922 0.195312 0.544922 0.193359 0.542969 0.189453 0.544922 0.181641 0.544922
2 0.769531 0.564453 0.765625 0.562500 0.759766 0.562500 0.757812 0.560547 0.742188 0.560547 0.740234 0.562500 0.734375 0.562500 0.732422 0.564453 0.724609 0.566406 0.712891 0.580078 0.705078 0.583984 0.705078 0.597656 0.708984 0.597656 0.718750 0.605469 0.724609 0.605469 0.726562 0.607422 0.753906 0.607422 0.755859 0.605469 0.763672 0.605469 0.765625 0.603516 0.769531 0.603516 0.775391 0.597656 0.775391 0.589844 0.771484 0.582031 0.771484 0.572266 0.769531 0.570312
2 0.478516 0.603516 0.464844 0.589844 0.464844 0.583984 0.414062 0.585938 0.396484 0.591797 0.390625 0.599609 0.337891 0.595703 0.326172 0.605469 0.312500 0.605469 0.306641 0.609375 0.318359 0.648438 0.316406 0.669922 0.333984 0.667969 0.351562 0.658203 0.392578 0.650391 0.396484 0.646484 0.392578 0.630859 0.394531 0.617188 0.400391 0.634766 0.408203 0.638672 0.466797 0.630859 0.480469 0.623047
2 0.220703 0.601562 0.220703 0.617188 0.222656 0.619141 0.222656 0.625000 0.228516 0.636719 0.234375 0.642578 0.240234 0.642578 0.242188 0.640625 0.267578 0.640625 0.269531 0.638672 0.269531 0.623047 0.277344 0.613281 0.277344 0.607422 0.275391 0.605469 0.275391 0.601562 0.271484 0.597656 0.267578 0.595703 0.263672 0.595703 0.261719 0.593750 0.242188 0.593750 0.240234 0.595703 0.228516 0.595703
2 0.599609 0.621094 0.599609 0.623047 0.601562 0.625000 0.611328 0.625000 0.613281 0.626953 0.623047 0.626953 0.623047 0.625000 0.617188 0.625000 0.615234 0.623047 0.609375 0.623047 0.607422 0.621094 0.607422 0.619141 0.605469 0.619141 0.601562 0.623047
2 0.630859 0.626953 0.632812 0.625000 0.634766 0.625000 0.636719 0.626953 0.638672 0.625000 0.630859 0.625000
2 0.773438 0.630859 0.736328 0.636719 0.738281 0.642578 0.724609 0.656250 0.736328 0.695312 0.757812 0.695312 0.734375 0.705078 0.734375 0.722656 0.742188 0.748047 0.765625 0.763672 0.759766 0.769531 0.755859 0.792969 0.767578 0.820312 0.779297 0.828125 0.806641 0.820312 0.792969 0.816406 0.808594 0.804688 0.810547 0.789062 0.804688 0.759766 0.791016 0.755859 0.800781 0.751953 0.796875 0.712891 0.789062 0.697266 0.779297 0.691406 0.759766 0.691406 0.789062 0.683594 0.789062 0.673828 0.777344 0.664062
2 0.664062 0.664062 0.660156 0.660156 0.636719 0.654297 0.632812 0.656250 0.607422 0.656250 0.597656 0.660156 0.595703 0.658203 0.578125 0.660156 0.578125 0.664062 0.572266 0.669922 0.560547 0.671875 0.560547 0.679688 0.566406 0.695312 0.564453 0.705078 0.572266 0.708984 0.585938 0.708984 0.587891 0.710938 0.601562 0.710938 0.603516 0.708984 0.625000 0.710938 0.626953 0.708984 0.654297 0.708984 0.660156 0.707031 0.666016 0.693359 0.666016 0.669922
2 0.316406 0.716797 0.316406 0.730469 0.318359 0.732422 0.318359 0.761719 0.324219 0.769531 0.335938 0.773438 0.341797 0.773438 0.349609 0.777344 0.357422 0.777344 0.359375 0.779297 0.380859 0.779297 0.386719 0.777344 0.386719 0.771484 0.384766 0.771484 0.375000 0.761719 0.375000 0.757812 0.371094 0.751953 0.371094 0.734375 0.369141 0.732422 0.369141 0.724609 0.365234 0.714844 0.357422 0.710938 0.337891 0.710938 0.335938 0.712891 0.320312 0.712891
2 0.472656 0.710938 0.460938 0.710938 0.455078 0.714844 0.435547 0.714844 0.431641 0.716797 0.431641 0.740234 0.433594 0.742188 0.433594 0.755859 0.435547 0.759766 0.466797 0.759766 0.468750 0.757812 0.482422 0.757812 0.488281 0.753906 0.484375 0.738281 0.480469 0.730469 0.474609 0.724609 0.474609 0.720703 0.472656 0.718750
2 0.662109 0.714844 0.650391 0.714844 0.648438 0.716797 0.642578 0.716797 0.636719 0.720703 0.632812 0.720703 0.625000 0.724609 0.625000 0.728516 0.623047 0.730469 0.625000 0.734375 0.625000 0.757812 0.626953 0.759766 0.628906 0.779297 0.630859 0.783203 0.634766 0.785156 0.650391 0.785156 0.654297 0.783203 0.652344 0.775391 0.660156 0.769531 0.667969 0.769531 0.675781 0.765625 0.677734 0.761719 0.677734 0.751953 0.683594 0.740234 0.683594 0.736328 0.679688 0.732422 0.677734 0.726562 0.669922 0.718750
2 0.542969 0.736328 0.544922 0.748047 0.550781 0.750000 0.556641 0.755859 0.558594 0.763672 0.560547 0.765625 0.595703 0.765625 0.597656 0.763672 0.619141 0.765625 0.621094 0.763672 0.621094 0.748047 0.619141 0.746094 0.619141 0.736328 0.615234 0.728516 0.576172 0.728516 0.574219 0.730469 0.558594 0.730469 0.556641 0.732422 0.550781 0.732422
2 0.521484 0.828125 0.515625 0.814453 0.515625 0.800781 0.496094 0.779297 0.490234 0.765625 0.449219 0.771484 0.447266 0.787109 0.445312 0.773438 0.431641 0.769531 0.396484 0.781250 0.384766 0.791016 0.384766 0.810547 0.392578 0.820312 0.398438 0.841797 0.417969 0.833984 0.451172 0.830078 0.447266 0.806641 0.449219 0.789062 0.460938 0.832031 0.472656 0.855469 0.501953 0.847656 0.519531 0.847656
2 0.697266 0.802734 0.693359 0.794922 0.681641 0.789062 0.640625 0.791016 0.636719 0.794922 0.634766 0.804688 0.623047 0.794922 0.595703 0.794922 0.572266 0.802734 0.562500 0.802734 0.558594 0.806641 0.556641 0.820312 0.564453 0.841797 0.603516 0.839844 0.621094 0.832031 0.634766 0.832031 0.638672 0.824219 0.642578 0.837891 0.652344 0.839844 0.658203 0.835938 0.687500 0.832031 0.695312 0.818359
2 0.812500 0.828125 0.777344 0.833984 0.759766 0.843750 0.763672 0.894531 0.771484 0.898438 0.802734 0.898438 0.781250 0.904297 0.773438 0.917969 0.771484 0.947266 0.773438 0.958984 0.781250 0.968750 0.804688 0.968750 0.808594 0.964844 0.839844 0.958984 0.837891 0.935547 0.832031 0.927734 0.826172 0.898438 0.816406 0.894531 0.822266 0.890625 0.822266 0.882812 0.818359 0.875000 0.816406 0.837891
2 0.535156 0.910156 0.519531 0.894531 0.478516 0.892578 0.449219 0.898438 0.445312 0.921875 0.451172 0.957031 0.443359 0.958984 0.441406 0.937500 0.433594 0.941406 0.414062 0.937500 0.398438 0.953125 0.412109 0.998047 0.544922 0.998047 0.546875 0.992188 0.541016 0.986328 0.544922 0.972656 0.537109 0.988281 0.525391 0.986328 0.531250 0.980469 0.523438 0.957031 0.527344 0.951172 0.525391 0.937500 0.533203 0.921875 0.539062 0.943359 0.542969 0.943359
2 0.626953 0.910156 0.630859 0.962891 0.638672 0.976562 0.667969 0.968750 0.685547 0.968750 0.685547 0.972656 0.677734 0.974609 0.679688 0.998047 0.742188 0.998047 0.742188 0.968750 0.707031 0.964844 0.740234 0.957031 0.732422 0.900391 0.716797 0.896484 0.654297 0.896484 0.640625 0.900391
2 0.570312 0.923828 0.570312 0.933594 0.572266 0.939453 0.576172 0.943359 0.578125 0.955078 0.580078 0.957031 0.578125 0.958984 0.582031 0.964844 0.591797 0.998047 0.626953 0.998047 0.630859 0.976562 0.623047 0.960938 0.621094 0.943359 0.619141 0.941406 0.619141 0.927734 0.617188 0.923828 0.609375 0.923828 0.599609 0.919922 0.589844 0.919922 0.587891 0.921875 0.576172 0.921875
2 0.982422 0.994141 0.970703 0.986328 0.968750 0.949219 0.964844 0.943359 0.958984 0.941406 0.919922 0.939453 0.904297 0.945312 0.896484 0.953125 0.888672 0.951172 0.873047 0.953125 0.867188 0.957031 0.849609 0.960938 0.843750 0.966797 0.843750 0.984375 0.847656 0.998047 0.982422 0.998047
4 0.007812 0.642578 0.000000 0.730469 0.042969 0.955078 0.113281 0.945312 0.121094 0.970703 0.101562 0.957031 0.101562 0.998047 0.339844 0.998047 0.373047 0.984375 0.373047 0.962891 0.320312 0.878906 0.318359 0.847656 0.291016 0.818359 0.285156 0.761719 0.160156 0.552734 0.119141 0.556641 0.072266 0.605469
4 0.013672 0.974609 0.009766 0.978516 0.009766 0.982422 0.011719 0.984375 0.013672 0.982422
4 0.027344 0.978516 0.025391 0.980469 0.027344 0.980469
5 0.156250 0.000000 0.113281 0.000000 0.101562 0.003906 0.058594 0.033203 0.037109 0.041016 0.013672 0.054688 0.001953 0.054688 0.000000 0.076172 0.013672 0.078125 0.056641 0.056641 0.068359 0.054688 0.109375 0.025391 0.148438 0.011719
5 0.232422 0.001953 0.201172 0.000000 0.154297 0.029297 0.052734 0.080078 0.046875 0.087891 0.009766 0.101562 0.003906 0.107422 0.003906 0.119141 0.013672 0.125000 0.054688 0.107422 0.060547 0.099609 0.218750 0.017578
5 0.279297 0.000000 0.419922 0.289062 0.492188 0.642578 0.318359 0.681641 0.257812 0.494141 0.285156 0.695312 0.494141 0.666016 0.529297 0.845703 0.375000 0.896484 0.529297 0.873047 0.589844 0.998047 0.564453 0.896484 0.734375 0.880859 0.777344 0.998047 0.628906 0.226562 0.828125 0.330078 0.945312 0.326172 0.833984 0.308594 0.648438 0.199219 0.439453 0.277344
6 0.832031 0.000000 0.871094 0.097656 0.689453 0.216797 0.833984 0.306641 0.947266 0.326172 0.935547 0.345703 0.867188 0.343750 0.740234 0.281250 0.722656 0.310547 0.845703 0.960938 0.964844 0.939453 0.972656 0.986328 0.998047 0.998047 0.998047 0.000000 0.892578 0.019531
6 0.332031 0.025391 0.324219 0.042969 0.337891 0.076172 0.353516 0.083984 0.349609 0.095703 0.384766 0.103516 0.375000 0.142578 0.390625 0.175781 0.402344 0.177734 0.408203 0.193359 0.455078 0.189453 0.505859 0.156250 0.501953 0.144531 0.505859 0.105469 0.484375 0.101562 0.488281 0.087891 0.468750 0.083984 0.466797 0.066406 0.449219 0.056641 0.435547 0.033203 0.423828 0.033203 0.419922 0.044922 0.412109 0.021484 0.398438 0.007812 0.388672 0.007812 0.367188 0.023438
6 0.847656 0.068359 0.845703 0.066406 0.841797 0.070312 0.839844 0.070312 0.837891 0.072266 0.832031 0.072266 0.828125 0.076172 0.826172 0.074219 0.822266 0.078125 0.822266 0.080078 0.824219 0.082031 0.824219 0.089844 0.826172 0.087891 0.826172 0.085938 0.828125 0.083984 0.830078 0.083984 0.832031 0.085938 0.833984 0.085938 0.833984 0.083984 0.837891 0.080078 0.839844 0.080078 0.841797 0.078125 0.841797 0.070312 0.843750 0.068359 0.845703 0.068359 0.847656 0.070312 0.847656 0.074219 0.849609 0.074219 0.849609 0.072266 0.847656 0.070312
6 0.791016 0.091797 0.792969 0.093750 0.794922 0.093750 0.796875 0.095703 0.796875 0.099609 0.808594 0.099609 0.814453 0.093750 0.816406 0.093750 0.820312 0.089844 0.818359 0.087891 0.818359 0.085938 0.816406 0.085938 0.816406 0.087891 0.812500 0.091797 0.810547 0.089844 0.810547 0.085938 0.808594 0.085938 0.806641 0.087891 0.804688 0.087891 0.802734 0.085938 0.800781 0.085938 0.798828 0.087891 0.796875 0.087891 0.794922 0.089844 0.792969 0.089844
6 0.789062 0.107422 0.787109 0.105469 0.787109 0.101562 0.785156 0.099609 0.785156 0.103516 0.783203 0.105469 0.781250 0.105469 0.779297 0.103516 0.779297 0.101562 0.777344 0.101562 0.775391 0.103516 0.769531 0.101562 0.767578 0.103516 0.763672 0.103516 0.761719 0.105469 0.755859 0.107422 0.750000 0.113281 0.746094 0.113281 0.742188 0.117188 0.732422 0.119141 0.740234 0.125000 0.744141 0.125000 0.746094 0.126953 0.750000 0.123047 0.751953 0.123047 0.753906 0.125000 0.759766 0.125000 0.761719 0.126953 0.761719 0.125000 0.763672 0.123047 0.763672 0.117188 0.765625 0.115234 0.767578 0.115234 0.769531 0.117188 0.769531 0.121094 0.771484 0.121094 0.771484 0.119141 0.773438 0.117188 0.775391 0.119141 0.777344 0.119141 0.781250 0.115234 0.787109 0.113281 0.787109 0.109375
