0 0.000000 0.000000 0.001953 0.998047 0.408203 0.998047 0.431641 0.853516 0.400391 0.830078 0.429688 0.820312 0.394531 0.806641 0.443359 0.800781 0.478516 0.724609 0.414062 0.716797 0.476562 0.660156 0.435547 0.470703 0.472656 0.404297 0.542969 0.400391 0.562500 0.519531 0.515625 0.517578 0.511719 0.550781 0.501953 0.517578 0.501953 0.574219 0.558594 0.603516 0.609375 0.531250 0.613281 0.400391 0.605469 0.423828 0.544922 0.392578 0.572266 0.189453 0.541016 0.152344 0.576172 0.000000
0 0.669922 0.230469 0.656250 0.244141 0.656250 0.291016 0.689453 0.310547 0.685547 0.320312 0.658203 0.322266 0.658203 0.373047 0.642578 0.392578 0.625000 0.601562 0.634766 0.615234 0.628906 0.648438 0.642578 0.656250 0.669922 0.654297 0.673828 0.595703 0.685547 0.607422 0.685547 0.599609 0.669922 0.591797 0.683594 0.585938 0.667969 0.576172 0.693359 0.548828 0.728516 0.416016 0.689453 0.314453 0.695312 0.246094
0 0.613281 0.250000 0.613281 0.259766 0.615234 0.261719 0.615234 0.263672 0.615234 0.257812 0.613281 0.255859
0 0.777344 0.375000 0.765625 0.376953 0.757812 0.380859 0.751953 0.392578 0.751953 0.425781 0.750000 0.427734 0.750000 0.431641 0.751953 0.435547 0.759766 0.443359 0.763672 0.443359 0.765625 0.445312 0.775391 0.445312 0.779297 0.443359 0.779297 0.425781 0.785156 0.416016 0.785156 0.410156 0.787109 0.408203 0.787109 0.404297 0.791016 0.396484 0.791016 0.386719 0.789062 0.382812 0.783203 0.376953 0.779297 0.376953
0 0.539062 0.457031 0.539062 0.460938 0.541016 0.460938 0.541016 0.457031
0 0.453125 0.486328 0.453125 0.488281 0.455078 0.488281 0.455078 0.486328
0 0.457031 0.496094 0.458984 0.496094 0.460938 0.498047 0.464844 0.498047 0.464844 0.496094
0 0.687500 0.617188 0.681641 0.617188 0.677734 0.621094 0.679688 0.619141 0.681641 0.619141 0.683594 0.621094 0.683594 0.623047 0.687500 0.619141
0 0.675781 0.634766 0.675781 0.636719 0.677734 0.638672 0.677734 0.636719 0.679688 0.634766 0.681641 0.634766 0.683594 0.636719 0.683594 0.638672 0.685547 0.638672 0.685547 0.632812 0.679688 0.632812 0.677734 0.634766
0 0.550781 0.650391 0.542969 0.648438 0.525391 0.650391 0.500000 0.658203 0.501953 0.681641 0.515625 0.687500 0.515625 0.707031 0.511719 0.710938 0.500000 0.708984 0.498047 0.712891 0.500000 0.714844 0.498047 0.718750 0.500000 0.730469 0.505859 0.730469 0.517578 0.738281 0.535156 0.738281 0.546875 0.726562 0.560547 0.722656 0.564453 0.718750 0.570312 0.691406 0.574219 0.683594 0.574219 0.673828 0.572266 0.667969 0.560547 0.656250
0 0.671875 0.695312 0.671875 0.703125 0.673828 0.705078 0.673828 0.708984 0.679688 0.714844 0.681641 0.714844 0.683594 0.716797 0.687500 0.716797 0.689453 0.718750 0.699219 0.718750 0.701172 0.720703 0.707031 0.720703 0.708984 0.718750 0.712891 0.718750 0.716797 0.714844 0.716797 0.712891 0.718750 0.710938 0.718750 0.707031 0.720703 0.705078 0.720703 0.701172 0.722656 0.699219 0.722656 0.689453 0.720703 0.687500 0.707031 0.687500 0.705078 0.685547 0.679688 0.685547 0.673828 0.691406 0.673828 0.693359
0 0.609375 0.693359 0.597656 0.703125 0.585938 0.722656 0.576172 0.755859 0.562500 0.765625 0.568359 0.806641 0.562500 0.824219 0.560547 0.867188 0.564453 0.882812 0.593750 0.888672 0.607422 0.902344 0.623047 0.902344 0.636719 0.886719 0.636719 0.851562 0.623047 0.839844 0.621094 0.830078 0.644531 0.808594 0.646484 0.757812 0.642578 0.736328 0.646484 0.716797 0.623047 0.697266
0 0.484375 0.726562 0.486328 0.726562 0.490234 0.722656 0.492188 0.722656 0.494141 0.720703 0.492188 0.718750 0.490234 0.720703 0.488281 0.720703 0.486328 0.718750 0.484375 0.718750
0 0.689453 0.779297 0.685547 0.783203 0.685547 0.785156 0.677734 0.792969 0.677734 0.796875 0.675781 0.798828 0.675781 0.800781 0.677734 0.802734 0.679688 0.808594 0.681641 0.810547 0.685547 0.810547 0.687500 0.812500 0.703125 0.812500 0.705078 0.814453 0.708984 0.814453 0.712891 0.810547 0.712891 0.808594 0.714844 0.806641 0.714844 0.796875 0.712891 0.794922 0.712891 0.792969 0.710938 0.791016 0.708984 0.785156 0.705078 0.781250 0.703125 0.781250 0.701172 0.779297
0 0.466797 0.818359 0.460938 0.824219 0.466797 0.843750 0.453125 0.855469 0.445312 0.880859 0.447266 0.900391 0.468750 0.921875 0.505859 0.919922 0.498047 0.933594 0.503906 0.958984 0.523438 0.958984 0.544922 0.943359 0.544922 0.966797 0.513672 0.980469 0.515625 0.998047 0.603516 0.998047 0.613281 0.990234 0.623047 0.970703 0.619141 0.957031 0.574219 0.925781 0.560547 0.925781 0.546875 0.939453 0.539062 0.923828 0.513672 0.908203 0.521484 0.902344 0.521484 0.878906 0.515625 0.861328 0.503906 0.853516 0.503906 0.822266 0.482422 0.814453
2 0.615234 0.000000 0.609375 0.000000 0.603516 0.003906 0.599609 0.003906 0.589844 0.011719 0.585938 0.011719 0.583984 0.013672 0.583984 0.027344 0.582031 0.029297 0.582031 0.041016 0.580078 0.044922 0.582031 0.046875 0.582031 0.066406 0.587891 0.070312 0.607422 0.070312 0.615234 0.064453 0.615234 0.060547 0.617188 0.058594 0.617188 0.039062 0.619141 0.037109 0.619141 0.009766 0.617188 0.007812 0.617188 0.001953
2 0.664062 0.060547 0.666016 0.060547 0.667969 0.062500 0.666016 0.060547
2 0.562500 0.140625 0.562500 0.144531 0.560547 0.146484 0.560547 0.160156 0.562500 0.160156 0.568359 0.164062 0.572266 0.164062 0.574219 0.166016 0.580078 0.166016 0.582031 0.167969 0.585938 0.167969 0.587891 0.166016 0.591797 0.166016 0.595703 0.162109 0.603516 0.162109 0.605469 0.160156 0.607422 0.160156 0.607422 0.156250 0.609375 0.154297 0.609375 0.150391 0.601562 0.142578 0.599609 0.142578 0.589844 0.136719 0.580078 0.136719 0.578125 0.134766 0.570312 0.134766 0.568359 0.136719 0.566406 0.136719
2 0.593750 0.220703 0.568359 0.220703 0.548828 0.248047 0.548828 0.390625 0.558594 0.406250 0.570312 0.402344 0.611328 0.400391 0.617188 0.394531 0.619141 0.273438 0.611328 0.259766 0.611328 0.248047 0.601562 0.224609
2 0.472656 0.455078 0.470703 0.457031 0.470703 0.460938 0.468750 0.462891 0.468750 0.468750 0.460938 0.482422 0.460938 0.488281 0.466797 0.492188 0.478516 0.492188 0.480469 0.494141 0.492188 0.494141 0.494141 0.496094 0.505859 0.496094 0.505859 0.486328 0.507812 0.484375 0.507812 0.478516 0.509766 0.476562 0.509766 0.472656 0.511719 0.470703 0.511719 0.460938 0.509766 0.458984 0.496094 0.458984 0.494141 0.457031 0.486328 0.457031 0.484375 0.455078
2 0.740234 0.453125 0.738281 0.455078 0.738281 0.480469 0.742188 0.484375 0.765625 0.484375 0.767578 0.482422 0.767578 0.457031 0.765625 0.455078 0.757812 0.455078 0.755859 0.453125
2 0.439453 0.523438 0.439453 0.527344 0.435547 0.533203 0.435547 0.541016 0.437500 0.544922 0.441406 0.548828 0.443359 0.548828 0.453125 0.558594 0.455078 0.562500 0.462891 0.566406 0.494141 0.566406 0.498047 0.558594 0.500000 0.548828 0.501953 0.546875 0.501953 0.535156 0.500000 0.531250 0.484375 0.515625 0.480469 0.513672 0.460938 0.513672 0.458984 0.515625 0.447266 0.517578
2 0.470703 0.583984 0.466797 0.587891 0.468750 0.589844 0.468750 0.607422 0.466797 0.609375 0.466797 0.617188 0.468750 0.619141 0.468750 0.623047 0.472656 0.626953 0.478516 0.626953 0.480469 0.628906 0.484375 0.628906 0.486328 0.626953 0.500000 0.626953 0.501953 0.625000 0.507812 0.625000 0.509766 0.623047 0.509766 0.615234 0.511719 0.613281 0.511719 0.605469 0.513672 0.603516 0.513672 0.593750 0.511719 0.591797 0.511719 0.589844 0.507812 0.585938 0.503906 0.585938 0.501953 0.583984
4 0.750000 0.101562 0.732422 0.117188 0.732422 0.136719 0.716797 0.140625 0.720703 0.148438 0.732422 0.152344 0.726562 0.169922 0.718750 0.171875 0.724609 0.201172 0.714844 0.205078 0.726562 0.208984 0.730469 0.228516 0.736328 0.228516 0.740234 0.240234 0.742188 0.343750 0.736328 0.357422 0.794922 0.365234 0.822266 0.345703 0.828125 0.150391 0.820312 0.119141 0.800781 0.107422 0.773438 0.107422 0.767578 0.099609
4 0.998047 0.648438 0.730469 0.693359 0.716797 0.722656 0.660156 0.720703 0.656250 0.753906 0.695312 0.757812 0.720703 0.800781 0.699219 0.847656 0.708984 0.894531 0.580078 0.908203 0.583984 0.927734 0.615234 0.947266 0.648438 0.935547 0.673828 0.974609 0.669922 0.988281 0.613281 0.998047 0.998047 0.998047
4 0.435547 0.869141 0.417969 0.882812 0.414062 0.896484 0.414062 0.935547 0.419922 0.949219 0.421875 0.974609 0.419922 0.998047 0.509766 0.998047 0.509766 0.966797 0.498047 0.958984 0.492188 0.937500 0.496094 0.925781 0.462891 0.923828 0.443359 0.900391 0.443359 0.871094 0.441406 0.867188
5 0.646484 0.050781 0.609375 0.689453 0.726562 0.693359 0.996094 0.640625 0.986328 0.619141 0.628906 0.679688 0.626953 0.503906 0.673828 0.076172
