0 0.707031 0.273438 0.707031 0.281250 0.705078 0.283203 0.705078 0.306641 0.707031 0.312500 0.720703 0.320312 0.738281 0.322266 0.744141 0.326172 0.757812 0.326172 0.765625 0.322266 0.781250 0.320312 0.789062 0.316406 0.794922 0.308594 0.806641 0.304688 0.810547 0.300781 0.812500 0.287109 0.808594 0.281250 0.783203 0.271484 0.769531 0.269531 0.753906 0.261719 0.722656 0.263672 0.708984 0.269531
0 0.580078 0.302734 0.564453 0.314453 0.556641 0.333984 0.556641 0.349609 0.562500 0.363281 0.562500 0.369141 0.566406 0.375000 0.578125 0.378906 0.609375 0.396484 0.621094 0.396484 0.628906 0.384766 0.630859 0.375000 0.640625 0.365234 0.644531 0.357422 0.636719 0.343750 0.636719 0.339844 0.642578 0.332031 0.642578 0.320312 0.628906 0.304688 0.609375 0.300781
0 0.441406 0.320312 0.437500 0.320312 0.435547 0.322266 0.427734 0.322266 0.425781 0.324219 0.417969 0.324219 0.416016 0.326172 0.412109 0.326172 0.408203 0.330078 0.410156 0.339844 0.416016 0.351562 0.419922 0.355469 0.423828 0.375000 0.427734 0.378906 0.447266 0.378906 0.449219 0.376953 0.455078 0.376953 0.458984 0.373047 0.458984 0.369141 0.460938 0.367188 0.460938 0.353516 0.458984 0.351562 0.458984 0.347656 0.451172 0.339844 0.449219 0.335938 0.449219 0.324219
0 0.609375 0.445312 0.607422 0.449219 0.607422 0.494141 0.609375 0.496094 0.609375 0.500000 0.617188 0.503906 0.638672 0.503906 0.642578 0.500000 0.648438 0.498047 0.652344 0.492188 0.652344 0.470703 0.650391 0.468750 0.650391 0.464844 0.642578 0.457031 0.640625 0.457031 0.636719 0.453125 0.630859 0.451172 0.623047 0.445312 0.619141 0.445312 0.617188 0.443359 0.613281 0.445312
0 0.222656 0.494141 0.201172 0.515625 0.201172 0.517578 0.193359 0.527344 0.193359 0.533203 0.203125 0.546875 0.210938 0.546875 0.212891 0.548828 0.216797 0.548828 0.218750 0.550781 0.224609 0.550781 0.228516 0.552734 0.232422 0.550781 0.232422 0.548828 0.240234 0.541016 0.246094 0.539062 0.251953 0.533203 0.253906 0.529297 0.253906 0.515625 0.240234 0.500000 0.238281 0.500000 0.230469 0.494141
0 0.078125 0.509766 0.074219 0.511719 0.062500 0.533203 0.062500 0.544922 0.068359 0.550781 0.083984 0.556641 0.089844 0.562500 0.095703 0.580078 0.099609 0.583984 0.103516 0.583984 0.111328 0.578125 0.121094 0.574219 0.130859 0.562500 0.138672 0.548828 0.138672 0.541016 0.144531 0.533203 0.144531 0.519531 0.113281 0.507812 0.085938 0.507812 0.083984 0.509766
0 0.658203 0.570312 0.658203 0.576172 0.660156 0.578125 0.660156 0.582031 0.664062 0.585938 0.664062 0.587891 0.667969 0.593750 0.667969 0.597656 0.675781 0.603516 0.701172 0.603516 0.708984 0.593750 0.710938 0.593750 0.716797 0.587891 0.718750 0.587891 0.718750 0.580078 0.714844 0.576172 0.710938 0.576172 0.703125 0.570312 0.701172 0.570312 0.695312 0.566406 0.691406 0.566406 0.685547 0.562500 0.664062 0.562500
0 0.878906 0.585938 0.873047 0.585938 0.861328 0.580078 0.851562 0.580078 0.845703 0.576172 0.835938 0.576172 0.822266 0.582031 0.808594 0.583984 0.804688 0.587891 0.804688 0.591797 0.794922 0.607422 0.792969 0.646484 0.808594 0.666016 0.824219 0.666016 0.832031 0.658203 0.857422 0.656250 0.869141 0.650391 0.880859 0.630859 0.884766 0.615234 0.884766 0.603516
0 0.066406 0.609375 0.052734 0.607422 0.044922 0.615234 0.039062 0.617188 0.037109 0.615234 0.031250 0.615234 0.019531 0.625000 0.019531 0.656250 0.021484 0.658203 0.021484 0.667969 0.025391 0.677734 0.035156 0.685547 0.044922 0.681641 0.052734 0.685547 0.058594 0.683594 0.072266 0.669922 0.091797 0.662109 0.095703 0.656250 0.095703 0.642578 0.091797 0.638672 0.082031 0.640625 0.072266 0.634766 0.070312 0.628906 0.074219 0.619141 0.072266 0.613281
0 0.359375 0.640625 0.359375 0.644531 0.363281 0.648438 0.365234 0.648438 0.369141 0.652344 0.371094 0.652344 0.375000 0.656250 0.376953 0.656250 0.382812 0.660156 0.394531 0.660156 0.396484 0.658203 0.398438 0.658203 0.402344 0.654297 0.404297 0.654297 0.408203 0.650391 0.410156 0.650391 0.410156 0.642578 0.408203 0.640625 0.408203 0.638672 0.394531 0.625000 0.392578 0.625000 0.390625 0.623047 0.373047 0.623047 0.373047 0.625000 0.365234 0.632812 0.365234 0.634766
0 0.818359 0.806641 0.812500 0.812500 0.812500 0.828125 0.814453 0.830078 0.814453 0.833984 0.822266 0.841797 0.824219 0.841797 0.835938 0.855469 0.837891 0.855469 0.839844 0.857422 0.845703 0.857422 0.847656 0.855469 0.849609 0.855469 0.853516 0.851562 0.855469 0.851562 0.857422 0.849609 0.857422 0.839844 0.853516 0.835938 0.851562 0.830078 0.847656 0.826172 0.847656 0.824219 0.845703 0.822266 0.845703 0.818359 0.841797 0.814453 0.832031 0.810547 0.828125 0.806641
0 0.636719 0.833984 0.628906 0.837891 0.621094 0.837891 0.607422 0.851562 0.607422 0.867188 0.613281 0.880859 0.619141 0.906250 0.628906 0.912109 0.630859 0.921875 0.638672 0.935547 0.650391 0.935547 0.658203 0.929688 0.669922 0.925781 0.673828 0.917969 0.675781 0.904297 0.671875 0.888672 0.671875 0.863281 0.667969 0.849609 0.656250 0.837891 0.648438 0.833984
0 0.824219 0.894531 0.818359 0.894531 0.816406 0.892578 0.810547 0.892578 0.802734 0.888672 0.796875 0.888672 0.777344 0.900391 0.771484 0.912109 0.771484 0.923828 0.781250 0.941406 0.787109 0.943359 0.791016 0.947266 0.802734 0.947266 0.812500 0.937500 0.814453 0.937500 0.818359 0.933594 0.822266 0.933594 0.833984 0.927734 0.837891 0.923828 0.837891 0.914062 0.830078 0.908203 0.828125 0.898438
0 0.843750 0.945312 0.841797 0.949219 0.841797 0.958984 0.839844 0.960938 0.839844 0.976562 0.841797 0.978516 0.841797 0.982422 0.851562 0.990234 0.853516 0.998047 0.910156 0.998047 0.914062 0.990234 0.919922 0.984375 0.919922 0.978516 0.916016 0.974609 0.910156 0.962891 0.894531 0.951172 0.878906 0.947266 0.859375 0.937500 0.853516 0.937500
0 0.041016 0.998047 0.300781 0.998047 0.261719 0.984375 0.228516 0.984375 0.216797 0.976562 0.160156 0.958984 0.140625 0.957031 0.126953 0.949219 0.054688 0.947266 0.046875 0.951172
0 0.638672 0.966797 0.638672 0.980469 0.652344 0.994141 0.656250 0.994141 0.658203 0.996094 0.666016 0.996094 0.667969 0.994141 0.671875 0.994141 0.673828 0.992188 0.675781 0.992188 0.679688 0.988281 0.679688 0.986328 0.681641 0.984375 0.681641 0.974609 0.679688 0.972656 0.679688 0.970703 0.673828 0.964844 0.669922 0.964844 0.667969 0.962891 0.644531 0.962891
2 0.544922 0.015625 0.544922 0.021484 0.546875 0.023438 0.550781 0.023438 0.552734 0.025391 0.572266 0.025391 0.574219 0.027344 0.582031 0.027344 0.583984 0.029297 0.591797 0.029297 0.595703 0.025391 0.595703 0.019531 0.593750 0.017578 0.593750 0.015625 0.582031 0.015625 0.580078 0.013672 0.546875 0.013672
2 0.003906 0.023438 0.003906 0.060547 0.007812 0.062500 0.056641 0.062500 0.058594 0.058594 0.058594 0.027344 0.056641 0.025391 0.044922 0.025391 0.042969 0.023438
2 0.486328 0.035156 0.484375 0.033203 0.474609 0.033203 0.472656 0.031250 0.470703 0.033203 0.453125 0.033203 0.449219 0.037109 0.449219 0.039062 0.447266 0.041016 0.447266 0.046875 0.445312 0.048828 0.445312 0.056641 0.447266 0.058594 0.447266 0.068359 0.453125 0.072266 0.466797 0.072266 0.468750 0.070312 0.474609 0.070312 0.478516 0.066406 0.478516 0.056641 0.480469 0.054688 0.480469 0.050781 0.484375 0.046875 0.484375 0.044922 0.486328 0.042969
2 0.144531 0.330078 0.140625 0.349609 0.144531 0.365234 0.181641 0.376953 0.216797 0.378906 0.232422 0.384766 0.220703 0.386719 0.220703 0.396484 0.210938 0.402344 0.207031 0.412109 0.201172 0.400391 0.148438 0.390625 0.138672 0.417969 0.140625 0.429688 0.185547 0.441406 0.197266 0.439453 0.199219 0.433594 0.207031 0.443359 0.224609 0.445312 0.251953 0.396484 0.250000 0.390625 0.240234 0.386719 0.251953 0.361328 0.232422 0.347656
3 0.000000 0.820312 0.035156 0.734375 0.031250 0.089844 0.863281 0.105469 0.998047 0.058594 0.998047 0.000000 0.000000 0.000000 0.000000 0.025391 0.060547 0.027344 0.056641 0.064453 0.003906 0.062500 0.000000 0.031250
3 0.998047 0.078125 0.308594 0.373047 0.224609 0.492188 0.253906 0.533203 0.226562 0.554688 0.189453 0.529297 0.054688 0.685547 0.046875 0.796875 0.000000 0.853516 0.000000 0.998047 0.039062 0.998047 0.054688 0.945312 0.302734 0.998047 0.851562 0.998047 0.853516 0.935547 0.912109 0.962891 0.912109 0.998047 0.998047 0.998047
3 0.048828 0.607422 0.076172 0.619141 0.228516 0.443359 0.138672 0.429688 0.148438 0.388672 0.207031 0.408203 0.230469 0.384766 0.144531 0.367188 0.144531 0.328125 0.248047 0.355469 0.248047 0.414062 0.353516 0.316406 0.785156 0.140625 0.742188 0.119141 0.478516 0.138672 0.048828 0.107422
3 0.791016 0.117188 0.791016 0.119141 0.792969 0.119141
5 0.998047 0.060547 0.863281 0.107422 0.031250 0.091797 0.031250 0.611328 0.048828 0.105469 0.787109 0.140625 0.302734 0.349609 0.083984 0.638672 0.357422 0.337891
5 0.044922 0.683594 0.039062 0.685547 0.035156 0.693359 0.037109 0.734375 0.033203 0.744141 0.033203 0.765625 0.025391 0.789062 0.027344 0.791016 0.009766 0.816406 0.000000 0.822266 0.000000 0.851562 0.009766 0.847656 0.042969 0.802734 0.042969 0.794922 0.048828 0.783203 0.052734 0.763672 0.050781 0.751953 0.054688 0.740234 0.054688 0.693359 0.052734 0.687500
