0 0.876953 0.007812 0.876953 0.017578 0.875000 0.019531 0.876953 0.050781 0.878906 0.052734 0.878906 0.060547 0.882812 0.066406 0.882812 0.072266 0.886719 0.076172 0.914062 0.076172 0.923828 0.072266 0.943359 0.072266 0.955078 0.066406 0.957031 0.060547 0.955078 0.029297 0.953125 0.027344 0.951172 0.011719 0.947266 0.007812 0.935547 0.005859 0.931641 0.009766 0.919922 0.013672 0.914062 0.011719 0.908203 0.005859 0.878906 0.005859
0 0.000000 0.447266 0.000000 0.550781 0.009766 0.546875 0.025391 0.546875 0.054688 0.539062 0.058594 0.535156 0.058594 0.527344 0.060547 0.525391 0.056641 0.513672 0.056641 0.500000 0.052734 0.490234 0.039062 0.472656 0.025391 0.462891 0.011719 0.457031 0.003906 0.447266
0 0.824219 0.654297 0.820312 0.660156 0.820312 0.673828 0.822266 0.675781 0.822266 0.679688 0.835938 0.701172 0.845703 0.708984 0.849609 0.708984 0.851562 0.710938 0.861328 0.710938 0.863281 0.708984 0.873047 0.707031 0.880859 0.699219 0.882812 0.687500 0.896484 0.671875 0.896484 0.660156 0.894531 0.656250 0.882812 0.650391 0.839844 0.650391 0.837891 0.652344 0.828125 0.652344
1 0.207031 0.000000 0.083984 0.003906 0.091797 0.544922 0.179688 0.529297 0.199219 0.505859 0.212891 0.423828 0.203125 0.388672 0.214844 0.375000 0.226562 0.302734 0.218750 0.091797 0.203125 0.068359 0.216797 0.042969
1 0.175781 0.619141 0.093750 0.632812 0.066406 0.666016 0.064453 0.998047 0.208984 0.994141 0.195312 0.925781 0.208984 0.916016 0.208984 0.888672 0.195312 0.839844 0.181641 0.828125 0.179688 0.759766 0.191406 0.746094 0.183594 0.714844 0.193359 0.691406 0.191406 0.638672
2 0.353516 0.015625 0.351562 0.017578 0.351562 0.039062 0.357422 0.056641 0.357422 0.087891 0.359375 0.089844 0.359375 0.101562 0.392578 0.101562 0.398438 0.099609 0.398438 0.093750 0.400391 0.091797 0.398438 0.087891 0.398438 0.015625 0.394531 0.013672 0.361328 0.013672 0.359375 0.015625
2 0.658203 0.023438 0.656250 0.025391 0.656250 0.035156 0.658203 0.037109 0.658203 0.064453 0.660156 0.066406 0.660156 0.072266 0.662109 0.076172 0.664062 0.074219 0.693359 0.074219 0.697266 0.072266 0.697266 0.060547 0.695312 0.058594 0.695312 0.037109 0.689453 0.025391 0.685547 0.021484 0.666016 0.021484 0.664062 0.023438
2 0.826172 0.023438 0.820312 0.033203 0.820312 0.060547 0.828125 0.068359 0.855469 0.068359 0.857422 0.066406 0.863281 0.066406 0.863281 0.050781 0.861328 0.048828 0.861328 0.023438 0.857422 0.023438 0.855469 0.021484 0.830078 0.021484 0.828125 0.023438
2 0.322266 0.031250 0.318359 0.029297 0.310547 0.029297 0.304688 0.025391 0.292969 0.025391 0.291016 0.027344 0.275391 0.029297 0.273438 0.031250 0.261719 0.031250 0.259766 0.033203 0.259766 0.068359 0.261719 0.070312 0.261719 0.085938 0.267578 0.089844 0.279297 0.089844 0.289062 0.085938 0.318359 0.085938 0.320312 0.083984 0.324219 0.083984
2 0.498047 0.056641 0.498047 0.062500 0.496094 0.064453 0.496094 0.082031 0.498047 0.083984 0.498047 0.099609 0.505859 0.103516 0.515625 0.103516 0.517578 0.101562 0.578125 0.101562 0.580078 0.097656 0.578125 0.072266 0.576172 0.070312 0.574219 0.058594 0.570312 0.052734 0.566406 0.050781 0.546875 0.050781 0.544922 0.048828 0.519531 0.048828 0.511719 0.052734 0.503906 0.052734
2 0.607422 0.050781 0.607422 0.080078 0.609375 0.082031 0.609375 0.085938 0.611328 0.087891 0.619141 0.087891 0.621094 0.089844 0.617188 0.091797 0.615234 0.095703 0.617188 0.097656 0.617188 0.111328 0.625000 0.119141 0.632812 0.119141 0.634766 0.117188 0.644531 0.117188 0.650391 0.113281 0.650391 0.087891 0.648438 0.085938 0.650391 0.076172 0.648438 0.074219 0.646484 0.052734 0.642578 0.048828 0.611328 0.048828
2 0.906250 0.103516 0.888672 0.103516 0.886719 0.105469 0.882812 0.105469 0.876953 0.113281 0.876953 0.158203 0.880859 0.162109 0.882812 0.160156 0.892578 0.160156 0.894531 0.158203 0.908203 0.158203 0.910156 0.156250 0.910156 0.142578 0.906250 0.136719 0.906250 0.132812 0.910156 0.128906 0.908203 0.126953 0.908203 0.107422 0.906250 0.105469
2 0.755859 0.134766 0.640625 0.148438 0.648438 0.349609 0.660156 0.367188 0.630859 0.373047 0.638672 0.433594 0.742188 0.429688 0.738281 0.378906 0.707031 0.367188 0.771484 0.349609
2 0.564453 0.167969 0.558594 0.166016 0.550781 0.169922 0.544922 0.175781 0.541016 0.173828 0.525391 0.173828 0.523438 0.175781 0.509766 0.175781 0.500000 0.179688 0.498047 0.183594 0.500000 0.187500 0.500000 0.195312 0.505859 0.207031 0.505859 0.210938 0.513672 0.224609 0.517578 0.226562 0.527344 0.226562 0.529297 0.224609 0.550781 0.224609 0.552734 0.222656 0.574219 0.222656 0.578125 0.220703 0.576172 0.203125 0.572266 0.199219 0.572266 0.193359 0.568359 0.183594 0.568359 0.175781
2 0.326172 0.195312 0.324219 0.193359 0.304688 0.193359 0.302734 0.195312 0.287109 0.195312 0.285156 0.197266 0.238281 0.203125 0.236328 0.226562 0.244141 0.253906 0.255859 0.251953 0.263672 0.253906 0.271484 0.259766 0.279297 0.259766 0.285156 0.255859 0.294922 0.255859 0.300781 0.251953 0.333984 0.248047 0.335938 0.244141 0.326172 0.216797 0.326172 0.203125 0.324219 0.201172
2 0.970703 0.226562 0.966797 0.236328 0.970703 0.273438 0.970703 0.322266 0.976562 0.361328 0.980469 0.373047 0.998047 0.375000 0.998047 0.226562
2 0.537109 0.236328 0.529297 0.236328 0.527344 0.238281 0.515625 0.238281 0.511719 0.240234 0.511719 0.271484 0.513672 0.273438 0.513672 0.300781 0.515625 0.302734 0.533203 0.302734 0.535156 0.300781 0.542969 0.300781 0.542969 0.279297 0.541016 0.277344 0.541016 0.263672 0.539062 0.261719 0.539062 0.238281
2 0.849609 0.248047 0.826172 0.251953 0.816406 0.255859 0.804688 0.255859 0.802734 0.257812 0.785156 0.259766 0.777344 0.263672 0.777344 0.273438 0.781250 0.287109 0.781250 0.300781 0.783203 0.302734 0.783203 0.318359 0.785156 0.320312 0.830078 0.318359 0.841797 0.314453 0.851562 0.314453 0.857422 0.310547 0.857422 0.292969 0.855469 0.291016 0.851562 0.250000
2 0.369141 0.255859 0.353516 0.253906 0.314453 0.261719 0.275391 0.265625 0.277344 0.273438 0.273438 0.283203 0.275391 0.285156 0.273438 0.287109 0.275391 0.326172 0.289062 0.328125 0.292969 0.324219 0.302734 0.322266 0.343750 0.322266 0.345703 0.324219 0.380859 0.318359 0.384766 0.308594 0.380859 0.292969 0.380859 0.277344 0.378906 0.273438 0.375000 0.273438 0.373047 0.277344 0.371094 0.275391
2 0.435547 0.283203 0.435547 0.294922 0.431641 0.298828 0.431641 0.306641 0.437500 0.316406 0.474609 0.316406 0.478516 0.312500 0.478516 0.304688 0.476562 0.302734 0.476562 0.292969 0.474609 0.291016 0.474609 0.281250 0.472656 0.281250 0.470703 0.279297 0.443359 0.279297 0.441406 0.281250 0.437500 0.281250
2 0.378906 0.349609 0.335938 0.351562 0.324219 0.359375 0.298828 0.361328 0.279297 0.371094 0.279297 0.414062 0.273438 0.431641 0.267578 0.435547 0.263672 0.480469 0.273438 0.501953 0.324219 0.496094 0.330078 0.503906 0.347656 0.503906 0.386719 0.494141 0.380859 0.402344 0.382812 0.367188
2 0.496094 0.361328 0.494141 0.361328 0.492188 0.363281 0.470703 0.363281 0.464844 0.367188 0.464844 0.398438 0.466797 0.400391 0.492188 0.400391 0.494141 0.398438 0.498047 0.398438 0.500000 0.396484 0.500000 0.394531 0.498047 0.392578 0.498047 0.375000 0.500000 0.373047 0.500000 0.365234
2 0.412109 0.365234 0.404297 0.367188 0.402344 0.375000 0.408203 0.435547 0.408203 0.478516 0.414062 0.488281 0.419922 0.488281 0.433594 0.482422 0.433594 0.455078 0.439453 0.476562 0.468750 0.466797 0.466797 0.408203 0.451172 0.400391 0.435547 0.398438 0.435547 0.367188
2 0.576172 0.382812 0.570312 0.386719 0.570312 0.392578 0.572266 0.394531 0.572266 0.402344 0.574219 0.404297 0.574219 0.445312 0.572266 0.449219 0.574219 0.453125 0.578125 0.455078 0.589844 0.455078 0.591797 0.453125 0.591797 0.402344 0.593750 0.400391 0.595703 0.390625 0.593750 0.388672 0.593750 0.384766 0.589844 0.382812
2 0.525391 0.392578 0.523438 0.396484 0.523438 0.455078 0.527344 0.457031 0.533203 0.453125 0.556641 0.453125 0.562500 0.449219 0.562500 0.433594 0.560547 0.431641 0.560547 0.414062 0.558594 0.412109 0.562500 0.406250 0.562500 0.396484 0.558594 0.392578
2 0.923828 0.486328 0.912109 0.486328 0.898438 0.492188 0.865234 0.498047 0.865234 0.535156 0.867188 0.537109 0.867188 0.548828 0.869141 0.550781 0.871094 0.568359 0.904297 0.568359 0.906250 0.566406 0.923828 0.564453 0.927734 0.556641 0.927734 0.546875 0.929688 0.544922 0.929688 0.537109 0.927734 0.535156 0.927734 0.492188
2 0.720703 0.519531 0.695312 0.521484 0.687500 0.527344 0.685547 0.537109 0.681641 0.542969 0.681641 0.558594 0.683594 0.560547 0.683594 0.564453 0.689453 0.570312 0.687500 0.574219 0.687500 0.578125 0.691406 0.580078 0.703125 0.580078 0.710938 0.576172 0.710938 0.562500 0.712891 0.560547 0.712891 0.550781 0.714844 0.548828 0.714844 0.544922 0.716797 0.542969 0.718750 0.533203 0.722656 0.527344 0.722656 0.521484
2 0.628906 0.542969 0.623047 0.558594 0.623047 0.564453 0.621094 0.566406 0.621094 0.597656 0.625000 0.601562 0.628906 0.601562 0.630859 0.603516 0.648438 0.603516 0.650391 0.605469 0.669922 0.605469 0.671875 0.603516 0.677734 0.603516 0.679688 0.599609 0.679688 0.585938 0.677734 0.583984 0.677734 0.568359 0.679688 0.564453 0.677734 0.562500 0.677734 0.558594 0.673828 0.556641 0.669922 0.558594 0.652344 0.558594 0.650391 0.556641 0.652344 0.539062 0.634766 0.539062
2 0.617188 0.544922 0.611328 0.544922 0.609375 0.542969 0.597656 0.542969 0.595703 0.544922 0.587891 0.544922 0.583984 0.548828 0.583984 0.568359 0.582031 0.570312 0.582031 0.582031 0.580078 0.583984 0.580078 0.591797 0.576172 0.601562 0.576172 0.609375 0.578125 0.611328 0.597656 0.611328 0.601562 0.607422 0.601562 0.603516 0.609375 0.595703 0.607422 0.593750 0.607422 0.582031 0.609375 0.580078 0.609375 0.558594 0.615234 0.550781 0.617188 0.552734 0.617188 0.560547 0.617188 0.552734 0.619141 0.550781 0.619141 0.546875
2 0.554688 0.556641 0.552734 0.554688 0.537109 0.554688 0.523438 0.558594 0.498047 0.558594 0.480469 0.564453 0.472656 0.570312 0.457031 0.574219 0.455078 0.578125 0.457031 0.580078 0.458984 0.636719 0.480469 0.640625 0.482422 0.638672 0.503906 0.638672 0.541016 0.628906 0.552734 0.611328 0.550781 0.589844 0.552734 0.587891
2 0.443359 0.576172 0.429688 0.570312 0.345703 0.589844 0.337891 0.597656 0.298828 0.599609 0.292969 0.607422 0.289062 0.597656 0.242188 0.601562 0.238281 0.628906 0.246094 0.669922 0.291016 0.667969 0.298828 0.662109 0.310547 0.669922 0.320312 0.701172 0.345703 0.707031 0.380859 0.699219 0.384766 0.673828 0.392578 0.662109 0.386719 0.660156 0.388672 0.654297 0.404297 0.654297 0.449219 0.636719 0.449219 0.595703 0.441406 0.593750
2 0.615234 0.593750 0.613281 0.593750 0.613281 0.597656 0.615234 0.595703
2 0.623047 0.611328 0.615234 0.621094 0.615234 0.623047 0.613281 0.625000 0.613281 0.628906 0.611328 0.630859 0.611328 0.650391 0.615234 0.654297 0.642578 0.654297 0.644531 0.652344 0.644531 0.628906 0.646484 0.626953 0.644531 0.625000 0.644531 0.621094 0.642578 0.619141 0.632812 0.619141
2 0.542969 0.640625 0.541016 0.638672 0.523438 0.638672 0.521484 0.640625 0.509766 0.640625 0.500000 0.644531 0.478516 0.646484 0.468750 0.650391 0.468750 0.683594 0.474609 0.685547 0.476562 0.683594 0.484375 0.683594 0.486328 0.681641 0.490234 0.681641 0.509766 0.673828 0.519531 0.673828 0.521484 0.671875 0.541016 0.669922 0.542969 0.667969
2 0.435547 0.761719 0.431641 0.765625 0.429688 0.787109 0.439453 0.791016 0.427734 0.791016 0.412109 0.828125 0.412109 0.839844 0.445312 0.851562 0.449219 0.855469 0.445312 0.859375 0.443359 0.855469 0.439453 0.855469 0.443359 0.859375 0.478516 0.869141 0.484375 0.863281 0.496094 0.828125 0.496094 0.812500 0.482422 0.806641 0.494141 0.802734 0.496094 0.779297 0.484375 0.771484 0.460938 0.763672
2 0.523438 0.783203 0.515625 0.798828 0.515625 0.804688 0.513672 0.806641 0.513672 0.824219 0.523438 0.828125 0.529297 0.828125 0.535156 0.833984 0.542969 0.837891 0.546875 0.837891 0.560547 0.849609 0.566406 0.845703 0.566406 0.837891 0.570312 0.830078 0.572266 0.814453 0.578125 0.806641 0.578125 0.798828 0.574219 0.794922 0.566406 0.794922 0.564453 0.792969 0.550781 0.791016 0.544922 0.787109 0.533203 0.785156 0.527344 0.781250
3 0.605469 0.781250 0.560547 0.949219 0.541016 0.988281 0.542969 0.998047 0.740234 0.998047 0.759766 0.951172 0.759766 0.923828 0.753906 0.908203 0.718750 0.888672 0.720703 0.863281 0.707031 0.855469 0.710938 0.841797 0.724609 0.841797 0.714844 0.833984 0.728516 0.822266 0.708984 0.808594
3 0.390625 0.875000 0.386719 0.914062 0.378906 0.935547 0.380859 0.951172 0.509766 0.990234 0.531250 0.992188 0.550781 0.916016 0.501953 0.904297 0.412109 0.875000
5 0.220703 0.000000 0.218750 0.072266 0.226562 0.115234 0.224609 0.167969 0.232422 0.189453 0.248047 0.197266 0.259766 0.193359 0.267578 0.177734 0.261719 0.158203 0.263672 0.109375 0.255859 0.064453 0.257812 0.005859 0.255859 0.000000
5 0.000000 0.630859 0.201172 0.597656 0.228516 0.996094 0.265625 0.998047 0.240234 0.587891 0.992188 0.462891 0.998047 0.425781 0.253906 0.548828 0.275391 0.273438 0.253906 0.253906 0.210938 0.554688 0.000000 0.591797
