0 0.992188 0.060547 0.984375 0.058594 0.945312 0.062500 0.939453 0.070312 0.933594 0.093750 0.935547 0.126953 0.929688 0.146484 0.931641 0.162109 0.937500 0.175781 0.986328 0.177734 0.998047 0.164062 0.998047 0.064453
0 0.224609 0.410156 0.226562 0.412109 0.224609 0.414062 0.226562 0.416016 0.224609 0.417969 0.226562 0.419922 0.224609 0.423828 0.226562 0.425781 0.226562 0.435547 0.236328 0.437500 0.248047 0.445312 0.251953 0.445312 0.269531 0.453125 0.273438 0.451172 0.277344 0.453125 0.279297 0.451172 0.281250 0.453125 0.289062 0.453125 0.298828 0.457031 0.308594 0.455078 0.312500 0.449219 0.312500 0.437500 0.300781 0.425781 0.298828 0.419922 0.294922 0.417969 0.267578 0.414062 0.253906 0.406250 0.248047 0.406250 0.246094 0.404297 0.242188 0.406250 0.230469 0.406250
0 0.041016 0.437500 0.035156 0.443359 0.035156 0.466797 0.029297 0.474609 0.033203 0.496094 0.029297 0.531250 0.052734 0.560547 0.048828 0.611328 0.058594 0.617188 0.097656 0.611328 0.115234 0.597656 0.123047 0.597656 0.130859 0.609375 0.136719 0.603516 0.144531 0.613281 0.152344 0.603516 0.164062 0.605469 0.183594 0.568359 0.181641 0.539062 0.187500 0.525391 0.185547 0.503906 0.193359 0.482422 0.191406 0.474609 0.113281 0.449219
0 0.693359 0.492188 0.691406 0.494141 0.691406 0.500000 0.681641 0.515625 0.681641 0.519531 0.677734 0.523438 0.679688 0.527344 0.685547 0.533203 0.689453 0.541016 0.703125 0.548828 0.707031 0.548828 0.720703 0.554688 0.730469 0.554688 0.732422 0.552734 0.736328 0.552734 0.744141 0.544922 0.744141 0.542969 0.753906 0.535156 0.757812 0.527344 0.757812 0.513672 0.750000 0.505859 0.742188 0.501953 0.730469 0.492188 0.724609 0.492188 0.718750 0.488281 0.714844 0.490234 0.701172 0.490234 0.699219 0.492188
0 0.037109 0.666016 0.025391 0.675781 0.031250 0.683594 0.003906 0.718750 0.009766 0.777344 0.000000 0.814453 0.015625 0.837891 0.007812 0.884766 0.015625 0.908203 0.000000 0.945312 0.000000 0.998047 0.117188 0.998047 0.125000 0.986328 0.125000 0.898438 0.136719 0.787109 0.125000 0.720703 0.107422 0.701172 0.111328 0.683594 0.050781 0.664062
0 0.699219 0.832031 0.691406 0.839844 0.689453 0.851562 0.691406 0.853516 0.691406 0.861328 0.697266 0.869141 0.699219 0.875000 0.703125 0.878906 0.707031 0.888672 0.710938 0.890625 0.716797 0.890625 0.718750 0.892578 0.740234 0.892578 0.744141 0.888672 0.744141 0.878906 0.746094 0.876953 0.746094 0.849609 0.744141 0.847656 0.742188 0.839844 0.734375 0.832031 0.730469 0.832031 0.728516 0.830078 0.707031 0.830078 0.705078 0.832031
0 0.632812 0.917969 0.638672 0.947266 0.628906 0.957031 0.628906 0.998047 0.876953 0.998047 0.886719 0.980469 0.884766 0.945312 0.873047 0.923828 0.861328 0.916016 0.816406 0.912109 0.806641 0.900391 0.781250 0.896484 0.718750 0.896484 0.710938 0.902344 0.648438 0.900391
0 0.210938 0.998047 0.310547 0.998047 0.310547 0.994141 0.287109 0.976562 0.277344 0.966797 0.275391 0.960938 0.267578 0.955078 0.246094 0.957031 0.240234 0.960938 0.226562 0.964844 0.218750 0.972656 0.218750 0.982422
2 0.128906 0.007812 0.125000 0.011719 0.128906 0.046875 0.140625 0.062500 0.154297 0.064453 0.142578 0.066406 0.144531 0.109375 0.150391 0.113281 0.189453 0.113281 0.201172 0.109375 0.205078 0.097656 0.216797 0.087891 0.216797 0.082031 0.201172 0.068359 0.179688 0.060547 0.185547 0.058594 0.191406 0.050781 0.189453 0.035156 0.195312 0.023438 0.195312 0.001953 0.166016 0.000000
2 0.246094 0.000000 0.250000 0.009766 0.246094 0.013672 0.250000 0.052734 0.277344 0.080078 0.289062 0.082031 0.281250 0.083984 0.275391 0.093750 0.275391 0.107422 0.289062 0.128906 0.300781 0.130859 0.324219 0.121094 0.339844 0.119141 0.333984 0.078125 0.320312 0.072266 0.333984 0.064453 0.333984 0.056641 0.328125 0.050781 0.322266 0.033203 0.320312 0.000000
2 0.724609 0.000000 0.722656 0.003906 0.722656 0.029297 0.724609 0.031250 0.724609 0.037109 0.732422 0.052734 0.740234 0.052734 0.742188 0.050781 0.748047 0.050781 0.750000 0.048828 0.771484 0.048828 0.775391 0.044922 0.773438 0.041016 0.773438 0.019531 0.771484 0.017578 0.771484 0.000000
2 0.820312 0.000000 0.820312 0.035156 0.822266 0.037109 0.822266 0.046875 0.828125 0.050781 0.859375 0.050781 0.861328 0.048828 0.865234 0.048828 0.865234 0.027344 0.867188 0.025391 0.867188 0.019531 0.857422 0.000000
2 0.050781 0.029297 0.056641 0.033203 0.052734 0.039062 0.064453 0.048828 0.064453 0.058594 0.068359 0.064453 0.076172 0.064453 0.078125 0.066406 0.107422 0.066406 0.109375 0.064453 0.117188 0.064453 0.123047 0.060547 0.123047 0.031250 0.119141 0.025391 0.119141 0.015625 0.115234 0.015625 0.109375 0.011719 0.083984 0.011719 0.082031 0.013672 0.072266 0.013672 0.058594 0.025391
2 0.607422 0.017578 0.603516 0.021484 0.603516 0.031250 0.601562 0.033203 0.601562 0.039062 0.603516 0.041016 0.603516 0.074219 0.605469 0.076172 0.636719 0.076172 0.638672 0.074219 0.654297 0.072266 0.656250 0.068359 0.658203 0.052734 0.660156 0.050781 0.660156 0.044922 0.662109 0.042969 0.662109 0.031250 0.660156 0.029297 0.660156 0.025391 0.652344 0.019531 0.613281 0.019531 0.611328 0.017578
2 0.875000 0.017578 0.876953 0.050781 0.880859 0.054688 0.878906 0.058594 0.880859 0.060547 0.886719 0.060547 0.888672 0.058594 0.884766 0.056641 0.886719 0.054688 0.923828 0.056641 0.933594 0.060547 0.937500 0.058594 0.955078 0.058594 0.957031 0.056641 0.964844 0.056641 0.970703 0.050781 0.966797 0.035156 0.968750 0.021484 0.964844 0.015625 0.943359 0.015625 0.941406 0.017578 0.914062 0.017578 0.912109 0.015625 0.882812 0.017578 0.876953 0.015625
2 0.730469 0.058594 0.730469 0.064453 0.726562 0.074219 0.726562 0.107422 0.732422 0.111328 0.740234 0.113281 0.750000 0.123047 0.755859 0.125000 0.781250 0.125000 0.792969 0.121094 0.791016 0.095703 0.785156 0.093750 0.783203 0.062500 0.781250 0.056641 0.777344 0.054688 0.751953 0.054688 0.750000 0.056641 0.734375 0.056641
2 0.812500 0.056641 0.816406 0.062500 0.814453 0.066406 0.810547 0.068359 0.798828 0.068359 0.798828 0.113281 0.800781 0.117188 0.804688 0.119141 0.810547 0.119141 0.812500 0.121094 0.837891 0.121094 0.839844 0.117188 0.839844 0.083984 0.841797 0.082031 0.841797 0.078125 0.845703 0.074219 0.847656 0.060547 0.835938 0.054688 0.820312 0.054688 0.818359 0.056641
2 0.070312 0.078125 0.068359 0.082031 0.068359 0.087891 0.066406 0.089844 0.066406 0.119141 0.070312 0.125000 0.078125 0.125000 0.080078 0.123047 0.089844 0.123047 0.091797 0.121094 0.097656 0.121094 0.099609 0.119141 0.119141 0.119141 0.119141 0.111328 0.117188 0.109375 0.111328 0.109375 0.107422 0.105469 0.107422 0.080078 0.101562 0.076172 0.093750 0.076172 0.091797 0.074219 0.082031 0.074219 0.080078 0.076172 0.074219 0.076172
2 0.603516 0.128906 0.605469 0.132812 0.609375 0.134766 0.646484 0.134766 0.648438 0.136719 0.660156 0.136719 0.662109 0.134766 0.662109 0.115234 0.673828 0.107422 0.687500 0.103516 0.689453 0.099609 0.689453 0.083984 0.683594 0.082031 0.605469 0.080078 0.605469 0.085938 0.603516 0.087891
2 0.880859 0.117188 0.880859 0.158203 0.886719 0.162109 0.892578 0.162109 0.894531 0.164062 0.923828 0.164062 0.925781 0.162109 0.925781 0.156250 0.921875 0.148438 0.921875 0.142578 0.925781 0.134766 0.929688 0.130859 0.929688 0.121094 0.927734 0.119141 0.894531 0.119141 0.892578 0.117188 0.886719 0.117188 0.884766 0.115234
2 0.121094 0.125000 0.109375 0.123047 0.107422 0.125000 0.093750 0.125000 0.091797 0.126953 0.087891 0.126953 0.080078 0.130859 0.072266 0.130859 0.064453 0.136719 0.060547 0.144531 0.060547 0.152344 0.068359 0.160156 0.070312 0.166016 0.076172 0.171875 0.080078 0.171875 0.082031 0.173828 0.089844 0.173828 0.091797 0.171875 0.105469 0.171875 0.107422 0.169922 0.119141 0.169922 0.121094 0.167969
2 0.125000 0.125000 0.126953 0.128906 0.126953 0.134766 0.128906 0.136719 0.128906 0.156250 0.130859 0.158203 0.128906 0.162109 0.130859 0.164062 0.130859 0.167969 0.169922 0.167969 0.171875 0.166016 0.177734 0.166016 0.183594 0.160156 0.183594 0.138672 0.181641 0.136719 0.183594 0.126953 0.181641 0.125000 0.162109 0.123047 0.160156 0.121094 0.144531 0.121094 0.142578 0.123047 0.128906 0.123047
2 0.257812 0.150391 0.257812 0.158203 0.259766 0.160156 0.259766 0.181641 0.275391 0.199219 0.289062 0.199219 0.306641 0.207031 0.320312 0.207031 0.324219 0.201172 0.333984 0.197266 0.335938 0.191406 0.335938 0.175781 0.337891 0.173828 0.337891 0.162109 0.333984 0.158203 0.324219 0.154297 0.306641 0.152344 0.291016 0.146484 0.277344 0.146484 0.269531 0.142578 0.263672 0.142578
2 0.687500 0.154297 0.675781 0.160156 0.666016 0.316406 0.673828 0.322266 0.703125 0.324219 0.710938 0.314453 0.712891 0.296875 0.710938 0.175781 0.707031 0.160156 0.703125 0.156250
2 0.578125 0.156250 0.566406 0.181641 0.562500 0.226562 0.546875 0.271484 0.525391 0.396484 0.511719 0.402344 0.509766 0.425781 0.496094 0.441406 0.496094 0.451172 0.505859 0.458984 0.509766 0.478516 0.583984 0.494141 0.599609 0.472656 0.599609 0.455078 0.556641 0.435547 0.560547 0.408203 0.570312 0.398438 0.609375 0.169922 0.601562 0.158203
2 0.734375 0.160156 0.734375 0.208984 0.736328 0.210938 0.789062 0.208984 0.792969 0.207031 0.792969 0.195312 0.796875 0.189453 0.800781 0.187500 0.804688 0.189453 0.812500 0.187500 0.812500 0.167969 0.810547 0.164062 0.804688 0.160156 0.748047 0.160156 0.746094 0.158203 0.744141 0.160156
2 0.869141 0.208984 0.865234 0.214844 0.865234 0.222656 0.863281 0.224609 0.863281 0.250000 0.869141 0.253906 0.886719 0.253906 0.900391 0.261719 0.912109 0.263672 0.916016 0.259766 0.916016 0.246094 0.917969 0.244141 0.917969 0.220703 0.919922 0.218750 0.919922 0.214844 0.916016 0.210938 0.876953 0.210938 0.875000 0.208984
2 0.093750 0.212891 0.089844 0.218750 0.089844 0.230469 0.085938 0.240234 0.085938 0.255859 0.082031 0.273438 0.083984 0.281250 0.091797 0.283203 0.115234 0.304688 0.154297 0.302734 0.158203 0.298828 0.162109 0.287109 0.162109 0.259766 0.164062 0.257812 0.164062 0.248047 0.167969 0.246094 0.162109 0.238281 0.160156 0.226562 0.142578 0.222656 0.128906 0.212891 0.121094 0.210938 0.097656 0.210938
2 0.242188 0.218750 0.240234 0.244141 0.236328 0.248047 0.230469 0.248047 0.228516 0.255859 0.228516 0.316406 0.242188 0.318359 0.267578 0.312500 0.310547 0.316406 0.316406 0.320312 0.322266 0.312500 0.322266 0.257812 0.330078 0.250000 0.332031 0.222656 0.326172 0.218750
2 0.730469 0.220703 0.728516 0.224609 0.728516 0.230469 0.726562 0.232422 0.726562 0.259766 0.730469 0.263672 0.748047 0.263672 0.753906 0.259766 0.783203 0.261719 0.789062 0.257812 0.787109 0.255859 0.785156 0.226562 0.781250 0.222656 0.777344 0.222656 0.771484 0.218750 0.750000 0.218750 0.748047 0.216797 0.736328 0.216797
2 0.318359 0.324219 0.314453 0.324219 0.314453 0.326172 0.316406 0.328125 0.318359 0.326172
2 0.994141 0.337891 0.986328 0.339844 0.972656 0.359375 0.972656 0.371094 0.974609 0.373047 0.974609 0.392578 0.970703 0.402344 0.970703 0.423828 0.974609 0.427734 0.992188 0.427734 0.998047 0.423828 0.998047 0.339844
2 0.863281 0.353516 0.859375 0.361328 0.859375 0.367188 0.857422 0.369141 0.855469 0.382812 0.851562 0.390625 0.851562 0.400391 0.853516 0.402344 0.865234 0.402344 0.867188 0.404297 0.892578 0.404297 0.898438 0.392578 0.898438 0.380859 0.900391 0.378906 0.900391 0.365234 0.898438 0.361328 0.890625 0.357422 0.884766 0.357422 0.876953 0.351562 0.867188 0.351562
2 0.835938 0.425781 0.830078 0.429688 0.828125 0.435547 0.832031 0.451172 0.832031 0.464844 0.824219 0.496094 0.824219 0.505859 0.820312 0.513672 0.818359 0.531250 0.828125 0.539062 0.857422 0.541016 0.859375 0.509766 0.867188 0.488281 0.867188 0.480469 0.865234 0.478516 0.867188 0.439453 0.859375 0.437500 0.845703 0.425781
2 0.958984 0.447266 0.953125 0.453125 0.945312 0.466797 0.945312 0.472656 0.943359 0.474609 0.943359 0.484375 0.949219 0.490234 0.957031 0.492188 0.962891 0.496094 0.974609 0.498047 0.976562 0.500000 0.982422 0.500000 0.984375 0.501953 0.992188 0.501953 0.994141 0.503906 0.998047 0.503906 0.998047 0.453125 0.990234 0.449219 0.982422 0.449219 0.980469 0.447266 0.974609 0.447266 0.972656 0.445312 0.962891 0.445312
2 0.220703 0.490234 0.214844 0.505859 0.207031 0.550781 0.208984 0.574219 0.320312 0.589844 0.322266 0.546875 0.328125 0.517578 0.316406 0.511719 0.242188 0.503906 0.234375 0.498047 0.228516 0.498047 0.230469 0.494141 0.236328 0.494141 0.234375 0.490234
2 0.943359 0.496094 0.937500 0.500000 0.935547 0.519531 0.923828 0.529297 0.923828 0.544922 0.939453 0.552734 0.966797 0.554688 0.972656 0.550781 0.972656 0.546875 0.974609 0.544922 0.974609 0.535156 0.982422 0.521484 0.984375 0.513672 0.980469 0.509766 0.972656 0.507812 0.968750 0.503906 0.964844 0.503906 0.949219 0.496094
2 0.000000 0.548828 0.000000 0.599609 0.001953 0.601562 0.007812 0.601562 0.009766 0.603516 0.019531 0.603516 0.021484 0.605469 0.039062 0.607422 0.042969 0.603516 0.042969 0.599609 0.044922 0.597656 0.044922 0.589844 0.046875 0.587891 0.046875 0.576172 0.048828 0.574219 0.048828 0.558594 0.046875 0.554688 0.041016 0.550781 0.031250 0.550781 0.029297 0.548828 0.015625 0.548828 0.013672 0.546875 0.005859 0.546875 0.003906 0.548828
2 0.515625 0.560547 0.511719 0.564453 0.511719 0.572266 0.513672 0.574219 0.511719 0.583984 0.513672 0.585938 0.511719 0.589844 0.503906 0.595703 0.509766 0.599609 0.507812 0.601562 0.500000 0.601562 0.498047 0.607422 0.498047 0.628906 0.501953 0.634766 0.507812 0.636719 0.525391 0.636719 0.533203 0.632812 0.546875 0.636719 0.548828 0.632812 0.548828 0.613281 0.546875 0.609375 0.550781 0.603516 0.552734 0.585938 0.556641 0.576172 0.556641 0.566406 0.554688 0.564453 0.546875 0.564453 0.535156 0.560547
2 0.570312 0.566406 0.566406 0.568359 0.564453 0.572266 0.564453 0.578125 0.560547 0.585938 0.558594 0.603516 0.554688 0.609375 0.554688 0.615234 0.552734 0.617188 0.554688 0.628906 0.562500 0.634766 0.574219 0.634766 0.576172 0.636719 0.597656 0.636719 0.601562 0.630859 0.603516 0.595703 0.597656 0.585938 0.587891 0.576172 0.583984 0.568359 0.580078 0.566406
2 0.119141 0.603516 0.099609 0.613281 0.076172 0.617188 0.072266 0.623047 0.072266 0.638672 0.076172 0.644531 0.076172 0.648438 0.091797 0.654297 0.105469 0.666016 0.109375 0.662109 0.113281 0.650391 0.123047 0.640625 0.125000 0.632812 0.126953 0.630859 0.126953 0.615234 0.123047 0.607422
2 0.343750 0.642578 0.339844 0.658203 0.339844 0.685547 0.343750 0.689453 0.345703 0.701172 0.365234 0.707031 0.394531 0.707031 0.396484 0.708984 0.416016 0.708984 0.417969 0.707031 0.416016 0.679688 0.419922 0.664062 0.419922 0.650391 0.417969 0.648438 0.416016 0.625000 0.412109 0.621094 0.386719 0.617188 0.380859 0.621094 0.378906 0.636719 0.371094 0.642578 0.349609 0.638672
2 0.671875 0.673828 0.667969 0.675781 0.667969 0.679688 0.666016 0.681641 0.664062 0.703125 0.662109 0.705078 0.662109 0.712891 0.660156 0.714844 0.660156 0.728516 0.664062 0.730469 0.693359 0.730469 0.697266 0.728516 0.716797 0.708984 0.716797 0.705078 0.718750 0.703125 0.718750 0.695312 0.720703 0.693359 0.720703 0.685547 0.718750 0.683594 0.718750 0.679688 0.716797 0.677734 0.697266 0.677734 0.695312 0.675781
2 0.945312 0.675781 0.945312 0.681641 0.943359 0.683594 0.943359 0.691406 0.941406 0.693359 0.941406 0.707031 0.947266 0.710938 0.953125 0.710938 0.958984 0.716797 0.962891 0.716797 0.964844 0.718750 0.982422 0.718750 0.984375 0.720703 0.996094 0.720703 0.998047 0.718750 0.998047 0.681641 0.996094 0.679688 0.984375 0.679688 0.974609 0.673828 0.968750 0.673828 0.966797 0.671875 0.953125 0.671875
2 0.554688 0.716797 0.550781 0.724609 0.550781 0.748047 0.554688 0.751953 0.550781 0.753906 0.550781 0.783203 0.548828 0.785156 0.548828 0.791016 0.554688 0.796875 0.560547 0.791016 0.564453 0.791016 0.576172 0.798828 0.583984 0.800781 0.583984 0.798828 0.589844 0.794922 0.589844 0.781250 0.587891 0.779297 0.589844 0.761719 0.587891 0.757812 0.583984 0.755859 0.587891 0.751953 0.589844 0.746094 0.589844 0.728516 0.578125 0.716797
2 0.226562 0.724609 0.220703 0.728516 0.228516 0.736328 0.222656 0.765625 0.199219 0.769531 0.201172 0.779297 0.208984 0.781250 0.216797 0.792969 0.218750 0.820312 0.205078 0.820312 0.195312 0.830078 0.193359 0.847656 0.203125 0.851562 0.191406 0.855469 0.189453 0.886719 0.201172 0.910156 0.236328 0.914062 0.242188 0.884766 0.253906 0.876953 0.242188 0.869141 0.244141 0.861328 0.250000 0.867188 0.251953 0.863281 0.238281 0.853516 0.308594 0.849609 0.306641 0.832031 0.312500 0.814453 0.298828 0.798828 0.312500 0.785156 0.314453 0.751953 0.304688 0.738281 0.248047 0.732422
2 0.343750 0.736328 0.343750 0.763672 0.347656 0.769531 0.404297 0.769531 0.416016 0.765625 0.484375 0.765625 0.488281 0.761719 0.482422 0.750000 0.482422 0.732422 0.466797 0.724609 0.431641 0.724609 0.421875 0.726562 0.417969 0.734375 0.416016 0.730469 0.402344 0.726562 0.392578 0.728516 0.380859 0.724609 0.359375 0.724609 0.347656 0.730469
2 0.750000 0.736328 0.746094 0.740234 0.744141 0.746094 0.732422 0.757812 0.732422 0.767578 0.740234 0.777344 0.740234 0.787109 0.742188 0.791016 0.753906 0.796875 0.771484 0.796875 0.777344 0.800781 0.800781 0.804688 0.804688 0.800781 0.806641 0.794922 0.808594 0.775391 0.816406 0.755859 0.808594 0.750000 0.800781 0.750000 0.781250 0.740234
2 0.507812 0.826172 0.474609 0.820312 0.421875 0.822266 0.408203 0.830078 0.404297 0.835938 0.398438 0.828125 0.390625 0.826172 0.341797 0.826172 0.337891 0.839844 0.337891 0.863281 0.341797 0.869141 0.392578 0.869141 0.402344 0.867188 0.404297 0.863281 0.406250 0.867188 0.414062 0.869141 0.496094 0.871094 0.503906 0.865234 0.509766 0.841797
2 0.621094 0.843750 0.597656 0.841797 0.595703 0.843750 0.585938 0.845703 0.585938 0.847656 0.580078 0.853516 0.574219 0.853516 0.570312 0.859375 0.570312 0.869141 0.568359 0.871094 0.568359 0.910156 0.570312 0.912109 0.613281 0.912109 0.617188 0.908203 0.617188 0.894531 0.619141 0.892578 0.617188 0.884766 0.619141 0.882812 0.619141 0.869141 0.621094 0.867188 0.621094 0.853516 0.623047 0.851562 0.623047 0.845703
2 0.638672 0.845703 0.634766 0.853516 0.634766 0.859375 0.632812 0.861328 0.632812 0.882812 0.634766 0.884766 0.634766 0.896484 0.636719 0.898438 0.640625 0.898438 0.642578 0.896484 0.679688 0.896484 0.681641 0.898438 0.701172 0.898438 0.703125 0.896484 0.703125 0.882812 0.697266 0.876953 0.693359 0.867188 0.679688 0.849609 0.671875 0.845703 0.662109 0.845703 0.660156 0.843750 0.642578 0.843750
2 0.472656 0.878906 0.468750 0.875000 0.455078 0.873047 0.414062 0.873047 0.406250 0.875000 0.404297 0.878906 0.394531 0.875000 0.339844 0.876953 0.335938 0.890625 0.335938 0.908203 0.337891 0.916016 0.347656 0.919922 0.390625 0.916016 0.404297 0.912109 0.414062 0.916016 0.470703 0.916016 0.474609 0.914062
2 0.619141 0.917969 0.572266 0.917969 0.570312 0.916016 0.568359 0.917969 0.546875 0.917969 0.542969 0.921875 0.542969 0.951172 0.544922 0.955078 0.541016 0.972656 0.541016 0.988281 0.544922 0.998047 0.580078 0.998047 0.578125 0.994141 0.580078 0.992188 0.587891 0.998047 0.593750 0.990234 0.615234 0.988281 0.621094 0.984375 0.623047 0.980469 0.623047 0.921875
2 0.232422 0.923828 0.230469 0.923828 0.228516 0.925781 0.222656 0.925781 0.232422 0.925781
2 0.152344 0.935547 0.148438 0.941406 0.148438 0.962891 0.146484 0.964844 0.146484 0.976562 0.144531 0.978516 0.144531 0.988281 0.146484 0.990234 0.146484 0.994141 0.148438 0.998047 0.183594 0.998047 0.183594 0.945312 0.181641 0.943359 0.181641 0.939453 0.175781 0.935547
2 0.470703 0.978516 0.464844 0.968750 0.453125 0.966797 0.423828 0.968750 0.417969 0.974609 0.408203 0.974609 0.404297 0.980469 0.400391 0.974609 0.390625 0.974609 0.373047 0.968750 0.345703 0.970703 0.335938 0.974609 0.333984 0.998047 0.468750 0.998047 0.468750 0.980469
3 0.449219 0.554688 0.439453 0.625000 0.435547 0.710938 0.460938 0.716797 0.505859 0.716797 0.505859 0.646484 0.496094 0.632812 0.494141 0.621094 0.498047 0.591797 0.503906 0.583984 0.505859 0.570312 0.496094 0.564453
5 0.720703 0.000000 0.699219 0.140625 0.837891 0.162109 0.779297 0.583984 0.226562 0.437500 0.257812 0.091797 0.201172 0.423828 0.019531 0.382812 0.009766 0.007812 0.000000 0.404297 0.195312 0.451172 0.160156 0.697266 0.320312 0.742188 0.312500 0.998047 0.427734 0.955078 0.537109 0.998047 0.546875 0.646484 0.515625 0.794922 0.343750 0.800781 0.335938 0.720703 0.181641 0.689453 0.218750 0.458984 0.998047 0.654297 0.802734 0.568359 0.859375 0.142578 0.718750 0.123047
6 0.417969 0.000000 0.414062 0.039062 0.427734 0.072266 0.433594 0.109375 0.431641 0.115234 0.437500 0.121094 0.435547 0.128906 0.449219 0.132812 0.464844 0.130859 0.468750 0.125000 0.455078 0.121094 0.472656 0.117188 0.496094 0.095703 0.501953 0.082031 0.500000 0.031250 0.496094 0.025391 0.496094 0.011719 0.492188 0.009766 0.496094 0.003906 0.488281 0.000000
6 0.466797 0.136719 0.419922 0.138672 0.410156 0.150391 0.400391 0.146484 0.392578 0.181641 0.373047 0.199219 0.357422 0.394531 0.363281 0.404297 0.357422 0.410156 0.367188 0.427734 0.398438 0.447266 0.410156 0.447266 0.419922 0.433594 0.468750 0.445312 0.484375 0.441406 0.492188 0.384766 0.503906 0.376953 0.503906 0.351562 0.494141 0.349609 0.501953 0.345703 0.492188 0.337891 0.494141 0.265625 0.488281 0.261719 0.501953 0.234375 0.474609 0.224609 0.478516 0.212891 0.492188 0.216797 0.488281 0.197266 0.474609 0.191406 0.488281 0.181641 0.486328 0.148438
6 0.384766 0.160156 0.382812 0.162109 0.386719 0.166016 0.386719 0.177734 0.388672 0.177734 0.388672 0.175781 0.386719 0.173828 0.386719 0.171875 0.388672 0.169922 0.388672 0.167969 0.386719 0.166016 0.386719 0.164062 0.388672 0.162109 0.388672 0.160156
6 0.888672 0.644531 0.876953 0.656250 0.861328 0.652344 0.845703 0.658203 0.828125 0.777344 0.830078 0.832031 0.818359 0.884766 0.826172 0.906250 0.869141 0.914062 0.896484 0.939453 0.896484 0.925781 0.906250 0.917969 0.900391 0.912109 0.902344 0.876953 0.921875 0.777344 0.929688 0.761719 0.937500 0.669922 0.927734 0.652344
6 0.912109 0.882812 0.910156 0.882812 0.910156 0.884766 0.908203 0.886719 0.908203 0.888672 0.910156 0.890625 0.908203 0.892578 0.908203 0.896484 0.906250 0.898438 0.906250 0.904297 0.910156 0.908203 0.910156 0.912109 0.910156 0.910156 0.912109 0.908203 0.912109 0.906250 0.910156 0.904297 0.910156 0.902344 0.912109 0.900391 0.912109 0.898438 0.914062 0.896484 0.914062 0.894531 0.912109 0.892578 0.912109 0.890625 0.910156 0.890625 0.908203 0.888672 0.908203 0.886719
6 0.894531 0.945312 0.896484 0.947266 0.898438 0.945312
