0 0.738281 0.486328 0.736328 0.492188 0.738281 0.533203 0.746094 0.537109 0.761719 0.556641 0.804688 0.558594 0.835938 0.544922 0.837891 0.523438 0.841797 0.513672 0.841797 0.492188 0.837891 0.488281 0.826172 0.486328 0.794922 0.464844 0.785156 0.462891 0.777344 0.464844 0.765625 0.462891 0.761719 0.468750 0.748047 0.476562
1 0.351562 0.130859 0.349609 0.146484 0.357422 0.171875 0.363281 0.232422 0.378906 0.253906 0.380859 0.269531 0.410156 0.269531 0.416016 0.273438 0.427734 0.273438 0.439453 0.263672 0.457031 0.259766 0.460938 0.253906 0.457031 0.234375 0.458984 0.197266 0.451172 0.154297 0.445312 0.152344 0.417969 0.164062 0.398438 0.146484 0.388672 0.128906 0.363281 0.126953
2 0.916016 0.201172 0.914062 0.203125 0.914062 0.208984 0.916016 0.210938 0.916016 0.220703 0.917969 0.222656 0.919922 0.236328 0.923828 0.240234 0.927734 0.251953 0.929688 0.253906 0.958984 0.255859 0.958984 0.240234 0.960938 0.238281 0.960938 0.218750 0.958984 0.216797 0.958984 0.201172 0.957031 0.197266 0.951172 0.193359 0.935547 0.193359 0.933594 0.195312 0.927734 0.195312
2 0.111328 0.359375 0.097656 0.345703 0.089844 0.343750 0.083984 0.345703 0.054688 0.345703 0.037109 0.359375 0.000000 0.367188 0.000000 0.394531 0.007812 0.398438 0.021484 0.398438 0.037109 0.394531 0.062500 0.382812 0.072266 0.382812 0.074219 0.380859 0.083984 0.380859 0.099609 0.376953 0.111328 0.371094
2 0.953125 0.384766 0.906250 0.396484 0.902344 0.400391 0.912109 0.427734 0.908203 0.433594 0.875000 0.439453 0.855469 0.447266 0.871094 0.509766 0.888672 0.507812 0.933594 0.492188 0.947266 0.492188 0.951172 0.488281 0.931641 0.427734 0.937500 0.421875 0.958984 0.417969
2 0.482422 0.392578 0.320312 0.433594 0.330078 0.521484 0.363281 0.613281 0.523438 0.572266 0.523438 0.554688 0.496094 0.476562
2 0.544922 0.412109 0.531250 0.412109 0.517578 0.423828 0.523438 0.431641 0.525391 0.437500 0.525391 0.449219 0.527344 0.451172 0.521484 0.468750 0.521484 0.484375 0.529297 0.507812 0.546875 0.503906 0.560547 0.498047 0.564453 0.494141 0.558594 0.476562 0.558594 0.464844 0.550781 0.451172 0.550781 0.421875 0.552734 0.419922
2 0.285156 0.513672 0.279297 0.501953 0.259766 0.498047 0.259766 0.482422 0.250000 0.472656 0.232422 0.468750 0.201172 0.472656 0.019531 0.517578 0.015625 0.521484 0.019531 0.566406 0.031250 0.572266 0.095703 0.560547 0.205078 0.531250 0.279297 0.535156 0.287109 0.531250
2 0.291016 0.583984 0.283203 0.580078 0.267578 0.587891 0.228516 0.593750 0.214844 0.599609 0.195312 0.601562 0.169922 0.609375 0.156250 0.609375 0.154297 0.617188 0.169922 0.671875 0.224609 0.660156 0.242188 0.652344 0.275391 0.648438 0.298828 0.640625 0.300781 0.630859
2 0.138672 0.619141 0.128906 0.617188 0.115234 0.623047 0.103516 0.623047 0.082031 0.630859 0.066406 0.630859 0.062500 0.632812 0.062500 0.644531 0.070312 0.685547 0.064453 0.689453 0.066406 0.691406 0.064453 0.695312 0.074219 0.695312 0.113281 0.683594 0.123047 0.683594 0.148438 0.677734 0.148438 0.662109 0.140625 0.636719
2 0.732422 0.636719 0.724609 0.630859 0.699219 0.632812 0.687500 0.636719 0.662109 0.638672 0.650391 0.646484 0.636719 0.650391 0.605469 0.654297 0.599609 0.664062 0.603516 0.695312 0.611328 0.705078 0.611328 0.708984 0.613281 0.697266 0.619141 0.691406 0.630859 0.693359 0.648438 0.683594 0.667969 0.689453 0.677734 0.683594 0.677734 0.679688 0.687500 0.671875 0.722656 0.664062 0.734375 0.650391
2 0.000000 0.650391 0.000000 0.791016 0.005859 0.792969 0.000000 0.794922 0.001953 0.859375 0.009766 0.873047 0.031250 0.873047 0.029297 0.884766 0.042969 0.925781 0.076172 0.919922 0.097656 0.910156 0.099609 0.900391 0.083984 0.869141 0.068359 0.861328 0.070312 0.845703 0.050781 0.791016 0.031250 0.785156 0.044922 0.775391
2 0.343750 0.820312 0.335938 0.804688 0.330078 0.800781 0.173828 0.841797 0.166016 0.847656 0.173828 0.863281 0.175781 0.880859 0.191406 0.882812 0.277344 0.859375 0.294922 0.851562 0.339844 0.843750 0.345703 0.839844
2 0.371094 0.869141 0.367188 0.867188 0.365234 0.869141 0.343750 0.871094 0.341797 0.873047 0.335938 0.873047 0.328125 0.876953 0.322266 0.876953 0.316406 0.880859 0.312500 0.880859 0.304688 0.884766 0.285156 0.886719 0.283203 0.888672 0.283203 0.904297 0.285156 0.906250 0.306641 0.906250 0.308594 0.904297 0.316406 0.904297 0.324219 0.900391 0.332031 0.900391 0.333984 0.898438 0.343750 0.896484 0.349609 0.892578 0.363281 0.890625 0.371094 0.884766
2 0.669922 0.912109 0.679688 0.941406 0.701172 0.951172 0.691406 0.960938 0.707031 0.998047 0.867188 0.998047 0.984375 0.937500 0.958984 0.894531 0.888672 0.927734 0.890625 0.919922 0.867188 0.912109 0.806641 0.917969 0.841797 0.927734 0.835938 0.939453 0.853516 0.945312 0.804688 0.962891 0.787109 0.947266 0.746094 0.941406 0.742188 0.966797 0.767578 0.976562 0.734375 0.992188 0.718750 0.974609 0.726562 0.962891 0.707031 0.958984 0.726562 0.943359 0.699219 0.949219 0.783203 0.906250 0.777344 0.875000 0.742188 0.871094
2 0.259766 0.896484 0.253906 0.894531 0.238281 0.902344 0.220703 0.904297 0.218750 0.906250 0.214844 0.906250 0.212891 0.908203 0.208984 0.908203 0.201172 0.912109 0.189453 0.914062 0.185547 0.917969 0.185547 0.927734 0.187500 0.929688 0.187500 0.933594 0.189453 0.935547 0.197266 0.935547 0.199219 0.933594 0.205078 0.933594 0.207031 0.931641 0.214844 0.931641 0.220703 0.927734 0.226562 0.927734 0.228516 0.925781 0.232422 0.925781 0.240234 0.921875 0.246094 0.921875 0.248047 0.919922 0.259766 0.917969 0.261719 0.916016 0.261719 0.904297 0.259766 0.902344
3 0.000000 0.000000 0.000000 0.314453 0.089844 0.310547 0.046875 0.337891 0.105469 0.324219 0.132812 0.371094 0.261719 0.349609 0.289062 0.404297 0.912109 0.253906 0.910156 0.201172 0.941406 0.171875 0.929688 0.000000
3 0.996094 0.011719 0.998047 0.013672 0.998047 0.011719
3 0.027344 0.316406 0.027344 0.318359 0.029297 0.318359 0.029297 0.316406
3 0.080078 0.316406 0.080078 0.318359 0.083984 0.318359 0.082031 0.316406
3 0.103516 0.337891 0.101562 0.339844 0.103516 0.339844
