0 0.300781 0.000000 0.257812 0.000000 0.238281 0.015625 0.210938 0.021484 0.171875 0.042969 0.146484 0.042969 0.095703 0.082031 0.000000 0.126953 0.000000 0.197266 0.009766 0.212891 0.011719 0.238281 0.039062 0.232422 0.089844 0.199219 0.150391 0.177734 0.183594 0.152344 0.224609 0.138672 0.259766 0.115234 0.267578 0.101562 0.326172 0.089844 0.326172 0.046875 0.312500 0.042969 0.318359 0.039062 0.310547 0.037109
0 0.714844 0.003906 0.710938 0.039062 0.697266 0.044922 0.693359 0.074219 0.708984 0.076172 0.716797 0.095703 0.708984 0.105469 0.714844 0.177734 0.742188 0.177734 0.748047 0.185547 0.730469 0.191406 0.757812 0.197266 0.728516 0.136719 0.736328 0.123047 0.759766 0.123047 0.789062 0.152344 0.787109 0.189453 0.759766 0.205078 0.765625 0.201172 0.773438 0.216797 0.792969 0.199219 0.802734 0.216797 0.806641 0.201172 0.816406 0.232422 0.902344 0.189453 0.898438 0.144531 0.914062 0.111328 0.878906 0.042969 0.880859 0.003906 0.730469 0.000000 0.720703 0.027344
0 0.888672 0.003906 0.890625 0.003906 0.892578 0.005859 0.896484 0.005859 0.896484 0.003906
0 0.699219 0.033203 0.699219 0.037109 0.701172 0.037109 0.701172 0.033203
0 0.339844 0.078125 0.335938 0.078125 0.335938 0.082031 0.337891 0.082031 0.339844 0.080078
0 0.697266 0.083984 0.701172 0.083984 0.703125 0.082031 0.697266 0.082031
0 0.699219 0.089844 0.699219 0.091797 0.695312 0.095703 0.695312 0.097656 0.697266 0.097656 0.699219 0.099609
0 0.369141 0.166016 0.369141 0.167969 0.371094 0.167969
0 0.181641 0.183594 0.150391 0.203125 0.136719 0.205078 0.132812 0.212891 0.136719 0.220703 0.121094 0.238281 0.121094 0.255859 0.126953 0.251953 0.136719 0.261719 0.123047 0.263672 0.130859 0.283203 0.130859 0.308594 0.138672 0.314453 0.136719 0.318359 0.142578 0.316406 0.146484 0.324219 0.156250 0.326172 0.162109 0.335938 0.164062 0.332031 0.167969 0.341797 0.175781 0.330078 0.187500 0.345703 0.208984 0.349609 0.226562 0.335938 0.222656 0.332031 0.230469 0.326172 0.244141 0.333984 0.271484 0.322266 0.285156 0.308594 0.287109 0.294922 0.279297 0.287109 0.281250 0.251953 0.263672 0.222656 0.255859 0.226562 0.248047 0.222656 0.250000 0.216797 0.242188 0.212891 0.246094 0.203125 0.228516 0.195312 0.199219 0.197266
0 0.197266 0.183594 0.195312 0.185547 0.197266 0.185547
0 0.716797 0.326172 0.718750 0.345703 0.720703 0.337891 0.730469 0.332031 0.738281 0.337891 0.728516 0.351562 0.710938 0.361328 0.708984 0.371094 0.697266 0.369141 0.695312 0.375000 0.712891 0.373047 0.712891 0.378906 0.699219 0.382812 0.699219 0.388672 0.707031 0.400391 0.705078 0.404297 0.714844 0.408203 0.714844 0.416016 0.751953 0.435547 0.763672 0.433594 0.767578 0.423828 0.771484 0.429688 0.775391 0.421875 0.818359 0.417969 0.828125 0.427734 0.837891 0.421875 0.833984 0.408203 0.826172 0.404297 0.828125 0.400391 0.822266 0.400391 0.818359 0.384766 0.804688 0.375000 0.800781 0.367188 0.802734 0.355469 0.791016 0.349609 0.792969 0.341797 0.796875 0.345703 0.800781 0.341797 0.781250 0.341797 0.767578 0.326172 0.742188 0.332031 0.724609 0.322266
0 0.791016 0.320312 0.789062 0.322266 0.791016 0.322266
0 0.800781 0.320312 0.796875 0.320312 0.794922 0.322266 0.796875 0.324219 0.796875 0.330078 0.798828 0.330078 0.802734 0.326172 0.802734 0.322266
0 0.703125 0.343750 0.701172 0.341797 0.699219 0.341797 0.693359 0.347656 0.693359 0.349609 0.697266 0.349609 0.699219 0.347656 0.701172 0.347656 0.703125 0.345703
0 0.705078 0.357422 0.703125 0.359375 0.697266 0.359375 0.697266 0.363281 0.699219 0.361328 0.705078 0.361328
0 0.000000 0.384766 0.000000 0.470703 0.011719 0.476562 0.021484 0.488281 0.027344 0.490234 0.054688 0.488281 0.064453 0.480469 0.068359 0.480469 0.074219 0.470703 0.072266 0.462891 0.072266 0.447266 0.074219 0.445312 0.072266 0.429688 0.058594 0.416016 0.044922 0.408203 0.035156 0.396484 0.017578 0.386719
0 0.998047 0.800781 0.992188 0.798828 0.982422 0.789062 0.962891 0.787109 0.953125 0.796875 0.937500 0.796875 0.929688 0.804688 0.923828 0.806641 0.914062 0.818359 0.900391 0.824219 0.884766 0.822266 0.869141 0.830078 0.871094 0.841797 0.878906 0.849609 0.896484 0.855469 0.908203 0.871094 0.917969 0.875000 0.929688 0.875000 0.943359 0.869141 0.955078 0.855469 0.970703 0.851562 0.982422 0.841797 0.998047 0.833984
0 0.857422 0.949219 0.849609 0.941406 0.847656 0.933594 0.839844 0.923828 0.814453 0.923828 0.808594 0.949219 0.798828 0.958984 0.775391 0.966797 0.759766 0.978516 0.753906 0.998047 0.806641 0.998047 0.808594 0.996094 0.814453 0.998047 0.822266 0.996094 0.859375 0.974609 0.861328 0.962891 0.857422 0.957031
2 0.121094 0.000000 0.097656 0.000000 0.093750 0.003906 0.089844 0.003906 0.083984 0.007812 0.076172 0.007812 0.058594 0.013672 0.048828 0.023438 0.048828 0.035156 0.052734 0.041016 0.052734 0.046875 0.056641 0.054688 0.068359 0.068359 0.076172 0.083984 0.083984 0.083984 0.087891 0.080078 0.097656 0.076172 0.099609 0.070312 0.107422 0.062500 0.105469 0.060547 0.107422 0.056641 0.115234 0.052734 0.115234 0.050781 0.126953 0.041016 0.126953 0.031250 0.123047 0.023438 0.123047 0.003906
2 0.597656 0.000000 0.558594 0.000000 0.548828 0.007812 0.542969 0.029297 0.521484 0.031250 0.505859 0.042969 0.482422 0.050781 0.472656 0.060547 0.468750 0.072266 0.449219 0.087891 0.455078 0.109375 0.464844 0.111328 0.505859 0.087891 0.531250 0.068359 0.550781 0.060547 0.560547 0.050781 0.564453 0.052734 0.583984 0.044922 0.583984 0.031250 0.599609 0.015625
2 0.916016 0.000000 0.916016 0.005859 0.921875 0.017578 0.921875 0.021484 0.925781 0.027344 0.927734 0.037109 0.931641 0.044922 0.935547 0.048828 0.937500 0.046875 0.941406 0.048828 0.951172 0.048828 0.953125 0.046875 0.957031 0.046875 0.960938 0.044922 0.966797 0.039062 0.970703 0.037109 0.972656 0.033203 0.972656 0.027344 0.968750 0.019531 0.964844 0.015625 0.964844 0.013672 0.953125 0.001953 0.953125 0.000000
2 0.494141 0.007812 0.492188 0.007812 0.490234 0.005859 0.480469 0.005859 0.478516 0.007812 0.476562 0.007812 0.470703 0.011719 0.466797 0.011719 0.458984 0.017578 0.457031 0.017578 0.451172 0.023438 0.451172 0.025391 0.449219 0.027344 0.451172 0.029297 0.451172 0.037109 0.453125 0.039062 0.453125 0.042969 0.458984 0.048828 0.462891 0.048828 0.464844 0.050781 0.470703 0.050781 0.472656 0.048828 0.482422 0.046875 0.484375 0.044922 0.490234 0.042969 0.494141 0.039062 0.496094 0.039062 0.501953 0.033203 0.501953 0.027344 0.496094 0.017578 0.496094 0.011719 0.494141 0.009766
2 0.607422 0.017578 0.605469 0.019531 0.603516 0.019531 0.597656 0.025391 0.595703 0.025391 0.599609 0.025391 0.599609 0.023438 0.601562 0.021484 0.607422 0.021484
2 0.650391 0.033203 0.638672 0.021484 0.621094 0.019531 0.621094 0.023438 0.611328 0.031250 0.595703 0.031250 0.587891 0.048828 0.576172 0.052734 0.542969 0.082031 0.525391 0.083984 0.507812 0.093750 0.507812 0.123047 0.521484 0.123047 0.587891 0.087891 0.603516 0.076172 0.644531 0.056641 0.652344 0.046875
2 0.283203 0.054688 0.275391 0.044922 0.269531 0.044922 0.263672 0.048828 0.242188 0.048828 0.224609 0.056641 0.214844 0.058594 0.210938 0.064453 0.210938 0.072266 0.214844 0.082031 0.218750 0.085938 0.224609 0.087891 0.228516 0.085938 0.234375 0.078125 0.248047 0.074219 0.250000 0.076172 0.248047 0.083984 0.251953 0.085938 0.250000 0.093750 0.251953 0.097656 0.253906 0.097656 0.251953 0.095703 0.255859 0.091797 0.257812 0.080078 0.255859 0.080078 0.251953 0.074219 0.259766 0.068359 0.279297 0.068359 0.283203 0.064453
2 0.263672 0.078125 0.263672 0.080078 0.261719 0.082031 0.261719 0.083984 0.263672 0.085938 0.263672 0.087891 0.261719 0.089844 0.261719 0.091797 0.271484 0.091797 0.273438 0.089844 0.275391 0.089844 0.277344 0.091797 0.279297 0.089844 0.279297 0.085938 0.281250 0.083984 0.281250 0.080078 0.279297 0.080078 0.277344 0.078125
2 0.250000 0.150391 0.259766 0.162109 0.279297 0.154297 0.289062 0.169922 0.310547 0.169922 0.289062 0.181641 0.269531 0.203125 0.269531 0.216797 0.285156 0.246094 0.304688 0.248047 0.287109 0.257812 0.287109 0.289062 0.316406 0.298828 0.439453 0.238281 0.419922 0.195312 0.402344 0.195312 0.375000 0.207031 0.373047 0.183594 0.357422 0.158203 0.337891 0.160156 0.328125 0.169922 0.310547 0.169922 0.304688 0.148438 0.316406 0.128906 0.306641 0.121094
2 0.736328 0.125000 0.732422 0.130859 0.730469 0.142578 0.736328 0.154297 0.744141 0.164062 0.742188 0.167969 0.742188 0.173828 0.750000 0.181641 0.753906 0.191406 0.759766 0.197266 0.771484 0.197266 0.781250 0.193359 0.787109 0.185547 0.787109 0.175781 0.785156 0.173828 0.785156 0.160156 0.787109 0.158203 0.787109 0.152344 0.785156 0.148438 0.777344 0.144531 0.771484 0.144531 0.767578 0.140625 0.765625 0.130859 0.759766 0.125000
2 0.060547 0.257812 0.046875 0.265625 0.042969 0.265625 0.027344 0.273438 0.023438 0.279297 0.023438 0.285156 0.025391 0.287109 0.029297 0.302734 0.046875 0.326172 0.056641 0.326172 0.058594 0.324219 0.062500 0.324219 0.068359 0.320312 0.082031 0.316406 0.089844 0.310547 0.083984 0.296875 0.080078 0.292969 0.078125 0.281250 0.074219 0.271484 0.068359 0.269531
2 0.902344 0.267578 0.904297 0.277344 0.912109 0.285156 0.916016 0.287109 0.919922 0.287109 0.923828 0.291016 0.925781 0.296875 0.929688 0.300781 0.935547 0.312500 0.939453 0.312500 0.941406 0.314453 0.953125 0.314453 0.955078 0.312500 0.955078 0.308594 0.951172 0.302734 0.951172 0.289062 0.955078 0.285156 0.955078 0.281250 0.951172 0.273438 0.947266 0.269531 0.943359 0.267578 0.937500 0.267578 0.935547 0.265625 0.929688 0.265625 0.927734 0.263672 0.914062 0.263672 0.912109 0.265625 0.904297 0.265625
2 0.011719 0.287109 0.009766 0.289062 0.007812 0.289062 0.005859 0.291016 0.001953 0.291016 0.000000 0.292969 0.000000 0.349609 0.011719 0.349609 0.013672 0.347656 0.019531 0.347656 0.021484 0.345703 0.027344 0.343750 0.033203 0.337891 0.033203 0.328125 0.031250 0.326172 0.029297 0.316406 0.027344 0.314453 0.027344 0.312500 0.021484 0.306641 0.021484 0.304688 0.017578 0.298828 0.017578 0.294922
2 0.425781 0.339844 0.425781 0.347656 0.441406 0.373047 0.447266 0.375000 0.455078 0.382812 0.474609 0.380859 0.478516 0.396484 0.492188 0.400391 0.503906 0.400391 0.511719 0.396484 0.529297 0.380859 0.527344 0.367188 0.519531 0.359375 0.509766 0.357422 0.511719 0.355469 0.509766 0.345703 0.490234 0.318359 0.488281 0.310547 0.478516 0.310547 0.472656 0.320312 0.460938 0.322266 0.457031 0.326172 0.433594 0.333984
2 0.154297 0.330078 0.146484 0.330078 0.138672 0.333984 0.134766 0.337891 0.126953 0.339844 0.125000 0.341797 0.121094 0.341797 0.115234 0.345703 0.113281 0.349609 0.113281 0.355469 0.115234 0.357422 0.115234 0.367188 0.119141 0.373047 0.121094 0.380859 0.125000 0.384766 0.146484 0.384766 0.148438 0.382812 0.167969 0.380859 0.171875 0.376953 0.171875 0.371094 0.166016 0.359375 0.162109 0.355469 0.162109 0.351562 0.158203 0.345703
2 0.416016 0.384766 0.404297 0.384766 0.376953 0.398438 0.382812 0.431641 0.386719 0.435547 0.392578 0.435547 0.394531 0.437500 0.394531 0.447266 0.402344 0.470703 0.408203 0.464844 0.417969 0.460938 0.421875 0.457031 0.425781 0.457031 0.433594 0.451172 0.431641 0.439453 0.425781 0.431641 0.421875 0.429688 0.406250 0.431641 0.404297 0.429688 0.408203 0.425781 0.408203 0.419922 0.412109 0.416016 0.416016 0.416016 0.417969 0.410156 0.425781 0.404297 0.425781 0.400391
2 0.154297 0.404297 0.154297 0.406250 0.152344 0.408203 0.152344 0.419922 0.154297 0.421875 0.154297 0.427734 0.156250 0.429688 0.156250 0.433594 0.158203 0.435547 0.162109 0.435547 0.164062 0.437500 0.166016 0.435547 0.171875 0.435547 0.173828 0.433594 0.175781 0.433594 0.177734 0.431641 0.183594 0.429688 0.189453 0.423828 0.189453 0.416016 0.187500 0.414062 0.187500 0.412109 0.175781 0.400391 0.160156 0.400391
2 0.250000 0.398438 0.250000 0.406250 0.251953 0.408203 0.251953 0.412109 0.253906 0.414062 0.253906 0.416016 0.255859 0.417969 0.255859 0.419922 0.263672 0.433594 0.263672 0.437500 0.265625 0.439453 0.265625 0.445312 0.267578 0.447266 0.267578 0.449219 0.285156 0.449219 0.287109 0.447266 0.287109 0.435547 0.285156 0.433594 0.285156 0.429688 0.283203 0.427734 0.283203 0.423828 0.281250 0.421875 0.281250 0.417969 0.275391 0.412109 0.273438 0.412109 0.271484 0.410156 0.267578 0.410156 0.263672 0.406250 0.261719 0.406250 0.257812 0.402344 0.255859 0.402344
2 0.363281 0.404297 0.361328 0.404297 0.359375 0.406250 0.355469 0.406250 0.345703 0.412109 0.341797 0.412109 0.339844 0.414062 0.332031 0.414062 0.330078 0.416016 0.330078 0.419922 0.332031 0.421875 0.332031 0.423828 0.341797 0.433594 0.341797 0.437500 0.343750 0.439453 0.343750 0.453125 0.345703 0.455078 0.345703 0.457031 0.355469 0.457031 0.357422 0.455078 0.361328 0.455078 0.363281 0.453125 0.373047 0.451172 0.375000 0.449219 0.376953 0.449219 0.376953 0.447266 0.378906 0.445312 0.378906 0.433594 0.371094 0.419922 0.371094 0.416016 0.369141 0.414062 0.367188 0.408203
2 0.455078 0.478516 0.494141 0.523438 0.496094 0.535156 0.507812 0.541016 0.531250 0.525391 0.548828 0.525391 0.564453 0.517578 0.556641 0.529297 0.556641 0.541016 0.570312 0.570312 0.585938 0.564453 0.605469 0.568359 0.611328 0.550781 0.625000 0.542969 0.623047 0.527344 0.615234 0.519531 0.591797 0.511719 0.564453 0.517578 0.572266 0.509766 0.595703 0.501953 0.595703 0.474609 0.582031 0.447266 0.568359 0.429688 0.546875 0.419922 0.492188 0.453125 0.474609 0.455078
2 0.658203 0.435547 0.658203 0.447266 0.660156 0.449219 0.660156 0.451172 0.664062 0.451172 0.666016 0.453125 0.669922 0.453125 0.671875 0.451172 0.677734 0.451172 0.681641 0.447266 0.683594 0.447266 0.687500 0.443359 0.687500 0.437500 0.683594 0.433594 0.679688 0.433594 0.677734 0.431641 0.675781 0.431641 0.673828 0.429688 0.664062 0.429688
2 0.328125 0.441406 0.316406 0.447266 0.312500 0.447266 0.306641 0.451172 0.292969 0.453125 0.292969 0.460938 0.296875 0.468750 0.296875 0.474609 0.300781 0.480469 0.302734 0.488281 0.306641 0.492188 0.310547 0.500000 0.310547 0.505859 0.316406 0.513672 0.322266 0.513672 0.324219 0.511719 0.333984 0.509766 0.343750 0.501953 0.343750 0.472656 0.345703 0.470703 0.343750 0.468750 0.343750 0.462891 0.335938 0.447266
2 0.951172 0.478516 0.937500 0.486328 0.935547 0.496094 0.945312 0.505859 0.957031 0.501953 0.960938 0.503906 0.955078 0.509766 0.958984 0.521484 0.958984 0.533203 0.947266 0.546875 0.953125 0.566406 0.957031 0.570312 0.960938 0.570312 0.980469 0.562500 0.986328 0.562500 0.992188 0.556641 0.992188 0.521484 0.990234 0.511719 0.984375 0.505859 0.976562 0.505859 0.970703 0.501953 0.962891 0.503906 0.958984 0.501953 0.970703 0.492188 0.970703 0.486328 0.962891 0.480469
2 0.724609 0.484375 0.714844 0.486328 0.708984 0.490234 0.703125 0.490234 0.689453 0.498047 0.689453 0.503906 0.695312 0.511719 0.695312 0.515625 0.697266 0.517578 0.697266 0.523438 0.699219 0.525391 0.699219 0.527344 0.705078 0.533203 0.720703 0.533203 0.722656 0.531250 0.732422 0.529297 0.738281 0.525391 0.742188 0.525391 0.746094 0.521484 0.746094 0.513672 0.738281 0.505859 0.738281 0.503906 0.734375 0.500000 0.730469 0.490234
2 0.173828 0.494141 0.169922 0.498047 0.169922 0.505859 0.171875 0.507812 0.171875 0.511719 0.175781 0.517578 0.175781 0.521484 0.177734 0.523438 0.177734 0.525391 0.179688 0.527344 0.179688 0.529297 0.181641 0.531250 0.181641 0.533203 0.183594 0.535156 0.187500 0.544922 0.193359 0.550781 0.197266 0.550781 0.199219 0.548828 0.201172 0.548828 0.205078 0.542969 0.205078 0.539062 0.203125 0.537109 0.203125 0.533203 0.199219 0.529297 0.199219 0.527344 0.197266 0.525391 0.197266 0.521484 0.195312 0.519531 0.195312 0.515625 0.193359 0.513672 0.191406 0.507812 0.187500 0.503906 0.185547 0.498047 0.179688 0.494141
2 0.154297 0.513672 0.142578 0.513672 0.134766 0.517578 0.125000 0.517578 0.121094 0.521484 0.121094 0.539062 0.125000 0.544922 0.107422 0.550781 0.107422 0.558594 0.117188 0.587891 0.121094 0.593750 0.138672 0.589844 0.144531 0.583984 0.144531 0.578125 0.140625 0.572266 0.140625 0.564453 0.138672 0.562500 0.138672 0.552734 0.144531 0.548828 0.166016 0.548828 0.167969 0.546875
2 0.917969 0.525391 0.904297 0.523438 0.898438 0.517578 0.888672 0.515625 0.875000 0.523438 0.855469 0.527344 0.832031 0.542969 0.832031 0.548828 0.843750 0.562500 0.843750 0.568359 0.847656 0.578125 0.861328 0.587891 0.865234 0.597656 0.873047 0.597656 0.884766 0.582031 0.892578 0.580078 0.900391 0.574219 0.900391 0.568359 0.906250 0.560547 0.916016 0.556641 0.921875 0.550781 0.921875 0.531250
2 0.470703 0.521484 0.468750 0.525391 0.462891 0.529297 0.451172 0.529297 0.437500 0.535156 0.437500 0.548828 0.445312 0.558594 0.447266 0.566406 0.455078 0.576172 0.458984 0.585938 0.468750 0.599609 0.478516 0.599609 0.488281 0.593750 0.492188 0.593750 0.498047 0.587891 0.498047 0.576172 0.496094 0.574219 0.496094 0.556641 0.494141 0.554688 0.494141 0.550781 0.488281 0.539062 0.484375 0.535156 0.480469 0.523438
2 0.001953 0.574219 0.000000 0.582031 0.001953 0.583984 0.003906 0.601562 0.000000 0.605469 0.000000 0.615234 0.007812 0.626953 0.011719 0.642578 0.027344 0.654297 0.035156 0.664062 0.044922 0.664062 0.072266 0.652344 0.074219 0.648438 0.072266 0.634766 0.056641 0.601562 0.056641 0.593750 0.050781 0.585938 0.044922 0.570312 0.039062 0.566406 0.021484 0.566406
2 0.562500 0.619141 0.562500 0.628906 0.566406 0.636719 0.566406 0.660156 0.578125 0.667969 0.593750 0.666016 0.615234 0.652344 0.630859 0.652344 0.636719 0.648438 0.646484 0.646484 0.652344 0.640625 0.652344 0.619141 0.646484 0.615234 0.617188 0.617188 0.613281 0.621094 0.609375 0.630859 0.607422 0.625000 0.599609 0.617188 0.593750 0.617188 0.591797 0.615234 0.568359 0.615234
2 0.849609 0.623047 0.841797 0.621094 0.833984 0.623047 0.816406 0.632812 0.810547 0.632812 0.779297 0.650391 0.791016 0.683594 0.808594 0.716797 0.818359 0.718750 0.824219 0.712891 0.841797 0.710938 0.849609 0.705078 0.855469 0.708984 0.878906 0.695312 0.875000 0.679688 0.857422 0.650391
2 0.187500 0.636719 0.175781 0.638672 0.166016 0.646484 0.154297 0.646484 0.150391 0.650391 0.134766 0.658203 0.134766 0.667969 0.138672 0.673828 0.140625 0.681641 0.148438 0.693359 0.148438 0.697266 0.152344 0.701172 0.152344 0.705078 0.156250 0.712891 0.162109 0.712891 0.164062 0.710938 0.183594 0.707031 0.199219 0.695312 0.201172 0.691406 0.203125 0.677734 0.199219 0.671875 0.195312 0.648438
2 0.656250 0.652344 0.638672 0.654297 0.621094 0.669922 0.603516 0.677734 0.593750 0.691406 0.593750 0.707031 0.603516 0.734375 0.609375 0.740234 0.617188 0.757812 0.632812 0.763672 0.642578 0.779297 0.652344 0.777344 0.664062 0.765625 0.671875 0.763672 0.697266 0.746094 0.701172 0.740234 0.699219 0.726562 0.681641 0.703125 0.662109 0.654297
2 0.908203 0.695312 0.898438 0.693359 0.880859 0.699219 0.873047 0.707031 0.861328 0.710938 0.855469 0.716797 0.841797 0.722656 0.839844 0.726562 0.820312 0.730469 0.824219 0.751953 0.833984 0.761719 0.843750 0.783203 0.851562 0.791016 0.875000 0.775391 0.875000 0.767578 0.869141 0.761719 0.867188 0.753906 0.869141 0.748047 0.896484 0.736328 0.910156 0.736328 0.914062 0.740234 0.935547 0.738281 0.937500 0.732422 0.933594 0.722656
2 0.437500 0.726562 0.437500 0.732422 0.449219 0.753906 0.449219 0.757812 0.457031 0.763672 0.464844 0.763672 0.474609 0.767578 0.494141 0.765625 0.496094 0.763672 0.500000 0.763672 0.511719 0.751953 0.519531 0.750000 0.521484 0.746094 0.519531 0.744141 0.519531 0.740234 0.507812 0.730469 0.498047 0.708984 0.492188 0.705078 0.476562 0.705078 0.474609 0.707031 0.462891 0.708984 0.449219 0.720703
2 0.037109 0.714844 0.035156 0.716797 0.035156 0.718750 0.027344 0.726562 0.027344 0.732422 0.029297 0.734375 0.029297 0.742188 0.033203 0.748047 0.033203 0.751953 0.035156 0.753906 0.035156 0.755859 0.037109 0.755859 0.042969 0.761719 0.058594 0.761719 0.060547 0.759766 0.066406 0.759766 0.070312 0.753906 0.070312 0.750000 0.072266 0.748047 0.072266 0.746094 0.070312 0.744141 0.070312 0.742188 0.064453 0.736328 0.060547 0.726562 0.054688 0.724609 0.042969 0.712891 0.041016 0.714844
2 0.216797 0.712891 0.195312 0.712891 0.193359 0.710938 0.189453 0.710938 0.187500 0.712891 0.179688 0.712891 0.177734 0.714844 0.173828 0.714844 0.167969 0.720703 0.171875 0.736328 0.187500 0.767578 0.199219 0.765625 0.226562 0.748047 0.226562 0.744141 0.228516 0.742188 0.228516 0.734375 0.224609 0.726562 0.224609 0.720703 0.220703 0.716797 0.220703 0.714844
2 0.710938 0.744141 0.705078 0.744141 0.699219 0.750000 0.699219 0.751953 0.697266 0.753906 0.691406 0.755859 0.687500 0.759766 0.687500 0.763672 0.685547 0.765625 0.685547 0.773438 0.687500 0.775391 0.687500 0.781250 0.691406 0.785156 0.691406 0.791016 0.693359 0.792969 0.693359 0.796875 0.695312 0.798828 0.699219 0.798828 0.703125 0.794922 0.708984 0.792969 0.720703 0.783203 0.724609 0.783203 0.726562 0.781250 0.732422 0.779297 0.732422 0.777344 0.734375 0.775391 0.734375 0.773438 0.732422 0.771484 0.730469 0.765625 0.726562 0.761719 0.726562 0.759766 0.720703 0.753906 0.720703 0.751953
2 0.525391 0.757812 0.492188 0.773438 0.480469 0.787109 0.480469 0.792969 0.486328 0.802734 0.496094 0.802734 0.503906 0.810547 0.505859 0.820312 0.521484 0.851562 0.533203 0.867188 0.582031 0.843750 0.583984 0.832031 0.572266 0.804688 0.560547 0.791016 0.554688 0.775391 0.539062 0.757812
2 0.076172 0.783203 0.054688 0.785156 0.050781 0.787109 0.044922 0.794922 0.039062 0.796875 0.039062 0.800781 0.041016 0.802734 0.039062 0.806641 0.041016 0.808594 0.041016 0.816406 0.042969 0.818359 0.044922 0.828125 0.052734 0.839844 0.052734 0.843750 0.056641 0.847656 0.058594 0.853516 0.066406 0.853516 0.068359 0.851562 0.078125 0.849609 0.083984 0.845703 0.093750 0.843750 0.099609 0.837891 0.097656 0.826172 0.085938 0.810547 0.082031 0.796875 0.080078 0.794922 0.080078 0.789062
2 0.761719 0.781250 0.751953 0.781250 0.736328 0.787109 0.732422 0.791016 0.730469 0.796875 0.722656 0.804688 0.716797 0.806641 0.712891 0.812500 0.712891 0.822266 0.714844 0.824219 0.714844 0.828125 0.730469 0.857422 0.738281 0.857422 0.746094 0.853516 0.748047 0.849609 0.771484 0.835938 0.779297 0.835938 0.783203 0.832031 0.783203 0.822266 0.779297 0.816406 0.779297 0.812500 0.775391 0.804688 0.769531 0.798828 0.769531 0.794922
2 0.451172 0.820312 0.453125 0.832031 0.466797 0.845703 0.503906 0.904297 0.544922 0.951172 0.562500 0.947266 0.564453 0.929688 0.578125 0.929688 0.632812 0.894531 0.632812 0.886719 0.607422 0.849609 0.593750 0.849609 0.539062 0.876953 0.537109 0.882812 0.544922 0.894531 0.544922 0.904297 0.535156 0.896484 0.521484 0.859375 0.486328 0.810547 0.472656 0.808594
2 0.248047 0.812500 0.218750 0.835938 0.216797 0.841797 0.234375 0.871094 0.250000 0.869141 0.263672 0.859375 0.267578 0.861328 0.259766 0.871094 0.265625 0.890625 0.273438 0.900391 0.269531 0.917969 0.275391 0.925781 0.294922 0.927734 0.314453 0.908203 0.332031 0.900391 0.335938 0.892578 0.322266 0.878906 0.320312 0.869141 0.312500 0.863281 0.306641 0.851562 0.300781 0.847656 0.291016 0.847656 0.279297 0.853516 0.277344 0.851562 0.281250 0.847656 0.281250 0.841797 0.265625 0.830078 0.257812 0.812500
2 0.388672 0.822266 0.384766 0.822266 0.371094 0.814453 0.351562 0.812500 0.314453 0.833984 0.314453 0.839844 0.320312 0.847656 0.324219 0.857422 0.341797 0.873047 0.341797 0.878906 0.345703 0.882812 0.353516 0.882812 0.365234 0.878906 0.373047 0.873047 0.376953 0.873047 0.396484 0.859375 0.402344 0.851562 0.402344 0.847656 0.394531 0.833984 0.394531 0.830078
2 0.679688 0.814453 0.675781 0.818359 0.660156 0.824219 0.660156 0.835938 0.664062 0.841797 0.666016 0.849609 0.669922 0.853516 0.673828 0.861328 0.673828 0.865234 0.677734 0.873047 0.681641 0.876953 0.683594 0.876953 0.691406 0.886719 0.701172 0.886719 0.708984 0.882812 0.714844 0.876953 0.714844 0.863281 0.712891 0.861328 0.710938 0.845703 0.708984 0.843750 0.707031 0.835938 0.693359 0.820312 0.693359 0.818359 0.689453 0.814453
2 0.167969 0.832031 0.162109 0.832031 0.160156 0.833984 0.156250 0.833984 0.152344 0.837891 0.150391 0.837891 0.144531 0.841797 0.140625 0.841797 0.134766 0.845703 0.134766 0.847656 0.132812 0.849609 0.132812 0.859375 0.134766 0.861328 0.136719 0.867188 0.142578 0.873047 0.144531 0.873047 0.146484 0.871094 0.150391 0.871094 0.154297 0.867188 0.158203 0.867188 0.160156 0.865234 0.162109 0.865234 0.164062 0.863281 0.169922 0.861328 0.173828 0.857422 0.173828 0.851562 0.171875 0.849609 0.171875 0.847656 0.169922 0.845703 0.169922 0.841797 0.167969 0.839844 0.167969 0.835938 0.169922 0.833984
2 0.126953 0.878906 0.115234 0.876953 0.113281 0.878906 0.095703 0.880859 0.087891 0.888672 0.091797 0.892578 0.089844 0.894531 0.091797 0.898438 0.089844 0.902344 0.091797 0.904297 0.091797 0.910156 0.085938 0.916016 0.072266 0.921875 0.072266 0.931641 0.078125 0.943359 0.080078 0.955078 0.083984 0.962891 0.087891 0.964844 0.095703 0.964844 0.107422 0.960938 0.119141 0.951172 0.134766 0.945312 0.148438 0.931641 0.148438 0.923828 0.144531 0.912109 0.136719 0.902344
2 0.820312 0.882812 0.810547 0.880859 0.785156 0.890625 0.781250 0.896484 0.783203 0.898438 0.781250 0.902344 0.777344 0.898438 0.761719 0.898438 0.744141 0.910156 0.730469 0.912109 0.722656 0.919922 0.720703 0.927734 0.734375 0.955078 0.751953 0.976562 0.757812 0.976562 0.773438 0.964844 0.792969 0.958984 0.804688 0.951172 0.806641 0.941406 0.792969 0.927734 0.818359 0.917969 0.828125 0.908203 0.826172 0.888672
2 0.376953 0.945312 0.373047 0.945312 0.371094 0.947266 0.369141 0.947266 0.365234 0.951172 0.363281 0.951172 0.361328 0.953125 0.355469 0.955078 0.349609 0.960938 0.349609 0.966797 0.351562 0.968750 0.351562 0.970703 0.355469 0.974609 0.355469 0.976562 0.357422 0.978516 0.359375 0.984375 0.361328 0.984375 0.363281 0.986328 0.373047 0.986328 0.375000 0.984375 0.376953 0.984375 0.380859 0.980469 0.382812 0.980469 0.386719 0.976562 0.388672 0.976562 0.394531 0.972656 0.394531 0.960938 0.392578 0.958984 0.392578 0.957031 0.388672 0.953125 0.386719 0.953125 0.380859 0.947266 0.378906 0.947266
4 0.621094 0.125000 0.611328 0.119141 0.595703 0.119141 0.583984 0.107422 0.570312 0.105469 0.550781 0.113281 0.531250 0.128906 0.507812 0.140625 0.494141 0.150391 0.492188 0.156250 0.503906 0.162109 0.507812 0.171875 0.519531 0.185547 0.529297 0.187500 0.562500 0.171875 0.580078 0.158203 0.603516 0.148438 0.619141 0.134766
4 0.332031 0.548828 0.300781 0.582031 0.285156 0.585938 0.246094 0.617188 0.244141 0.632812 0.263672 0.654297 0.259766 0.681641 0.244141 0.669922 0.232422 0.640625 0.208984 0.640625 0.210938 0.677734 0.228516 0.714844 0.300781 0.832031 0.322266 0.822266 0.337891 0.804688 0.365234 0.794922 0.394531 0.761719 0.419922 0.761719 0.431641 0.751953 0.429688 0.728516 0.404297 0.693359
5 0.000000 0.261719 0.371094 0.085938 0.560547 0.382812 0.000000 0.705078 0.068359 0.916016 0.007812 0.722656 0.109375 0.666016 0.208984 0.845703 0.126953 0.656250 0.330078 0.535156 0.435547 0.718750 0.347656 0.525391 0.574219 0.400391 0.820312 0.847656 0.562500 0.990234 0.832031 0.865234 0.960938 0.996094 0.857422 0.832031 0.998047 0.748047 0.847656 0.814453 0.613281 0.380859 0.974609 0.166016 0.603516 0.371094 0.326172 0.000000 0.355469 0.072266
6 0.712891 0.121094 0.689453 0.101562 0.683594 0.105469 0.681641 0.103516 0.662109 0.103516 0.656250 0.107422 0.652344 0.107422 0.634766 0.121094 0.628906 0.130859 0.628906 0.136719 0.626953 0.138672 0.628906 0.140625 0.628906 0.154297 0.632812 0.160156 0.632812 0.164062 0.642578 0.173828 0.648438 0.175781 0.693359 0.175781 0.695312 0.173828 0.708984 0.171875 0.710938 0.158203 0.712891 0.156250
6 0.583984 0.167969 0.583984 0.169922 0.587891 0.169922 0.587891 0.167969
6 0.537109 0.191406 0.537109 0.218750 0.542969 0.238281 0.570312 0.240234 0.589844 0.250000 0.611328 0.250000 0.626953 0.244141 0.630859 0.228516 0.648438 0.224609 0.652344 0.228516 0.656250 0.226562 0.660156 0.234375 0.656250 0.238281 0.654297 0.234375 0.642578 0.238281 0.650391 0.244141 0.646484 0.250000 0.652344 0.246094 0.662109 0.250000 0.664062 0.218750 0.660156 0.214844 0.662109 0.205078 0.658203 0.199219 0.662109 0.179688 0.634766 0.181641 0.574219 0.173828
6 0.804688 0.289062 0.802734 0.312500 0.810547 0.330078 0.808594 0.332031 0.816406 0.326172 0.822266 0.333984 0.828125 0.332031 0.830078 0.328125 0.833984 0.328125 0.835938 0.332031 0.843750 0.332031 0.839844 0.330078 0.841797 0.328125 0.849609 0.328125 0.853516 0.332031 0.857422 0.328125 0.886719 0.326172 0.890625 0.322266 0.900391 0.322266 0.906250 0.314453 0.910156 0.318359 0.912109 0.316406 0.912109 0.306641 0.916016 0.300781 0.914062 0.291016 0.904297 0.283203 0.898438 0.267578 0.892578 0.265625 0.886719 0.269531 0.873047 0.267578 0.869141 0.261719 0.849609 0.259766 0.845703 0.263672 0.839844 0.263672 0.833984 0.269531 0.816406 0.277344
6 0.433594 0.328125 0.427734 0.318359 0.423828 0.318359 0.421875 0.316406 0.414062 0.316406 0.400391 0.310547 0.392578 0.314453 0.386719 0.314453 0.384766 0.316406 0.376953 0.316406 0.375000 0.318359 0.363281 0.318359 0.361328 0.320312 0.343750 0.322266 0.343750 0.332031 0.349609 0.337891 0.349609 0.339844 0.353516 0.341797 0.380859 0.341797 0.382812 0.343750 0.394531 0.343750 0.398438 0.347656 0.400391 0.345703 0.406250 0.345703 0.408203 0.343750 0.417969 0.341797
6 0.949219 0.318359 0.929688 0.314453 0.925781 0.324219 0.910156 0.332031 0.900391 0.330078 0.914062 0.335938 0.906250 0.345703 0.904297 0.339844 0.900391 0.343750 0.886719 0.339844 0.888672 0.349609 0.894531 0.341797 0.908203 0.349609 0.902344 0.357422 0.884766 0.357422 0.878906 0.351562 0.880859 0.339844 0.857422 0.339844 0.849609 0.345703 0.843750 0.339844 0.835938 0.341797 0.833984 0.349609 0.830078 0.339844 0.820312 0.339844 0.828125 0.345703 0.812500 0.355469 0.818359 0.367188 0.814453 0.373047 0.828125 0.376953 0.820312 0.378906 0.818359 0.386719 0.828125 0.390625 0.828125 0.404297 0.835938 0.408203 0.839844 0.419922 0.857422 0.429688 0.871094 0.460938 0.888672 0.462891 0.900391 0.457031 0.910156 0.462891 0.921875 0.455078 0.923828 0.441406 0.945312 0.427734 0.935547 0.367188 0.945312 0.355469 0.937500 0.328125 0.949219 0.326172
6 0.876953 0.332031 0.875000 0.330078 0.873047 0.332031 0.869141 0.332031 0.871094 0.332031 0.873047 0.333984 0.875000 0.333984
6 0.886719 0.332031 0.888672 0.333984 0.890625 0.333984 0.892578 0.332031
6 0.242188 0.375000 0.250000 0.390625 0.269531 0.398438 0.273438 0.396484 0.281250 0.398438 0.283203 0.396484 0.314453 0.394531 0.320312 0.386719 0.343750 0.376953 0.351562 0.367188 0.341797 0.357422 0.339844 0.347656 0.333984 0.341797 0.324219 0.343750 0.322266 0.341797 0.308594 0.341797 0.292969 0.337891 0.273438 0.337891 0.271484 0.341797 0.265625 0.343750 0.259766 0.341797 0.246094 0.349609 0.244141 0.373047
6 0.064453 0.375000 0.058594 0.382812 0.056641 0.396484 0.062500 0.414062 0.074219 0.427734 0.078125 0.451172 0.080078 0.453125 0.097656 0.453125 0.113281 0.460938 0.121094 0.458984 0.134766 0.447266 0.138672 0.435547 0.138672 0.414062 0.136719 0.404297 0.130859 0.394531 0.125000 0.388672 0.115234 0.384766 0.101562 0.369141 0.099609 0.373047 0.095703 0.371094 0.097656 0.369141 0.091797 0.369141 0.093750 0.371094 0.089844 0.375000 0.085938 0.371094 0.082031 0.373047 0.080078 0.369141 0.076172 0.373047
6 0.115234 0.683594 0.113281 0.681641 0.103516 0.681641 0.101562 0.683594 0.091797 0.683594 0.109375 0.683594 0.111328 0.685547 0.113281 0.685547
6 0.072266 0.710938 0.064453 0.718750 0.064453 0.722656 0.080078 0.748047 0.082031 0.781250 0.089844 0.800781 0.101562 0.818359 0.167969 0.818359 0.173828 0.792969 0.148438 0.736328 0.136719 0.724609 0.132812 0.707031 0.126953 0.697266 0.111328 0.695312 0.105469 0.703125 0.089844 0.703125
6 0.130859 0.830078 0.130859 0.832031 0.138672 0.832031 0.138672 0.828125 0.132812 0.828125
