0 0.000000 0.162109 0.000000 0.244141 0.009766 0.246094 0.015625 0.250000 0.031250 0.251953 0.035156 0.250000 0.041016 0.242188 0.041016 0.212891 0.042969 0.210938 0.042969 0.189453 0.041016 0.187500 0.041016 0.181641 0.031250 0.173828 0.025391 0.158203 0.015625 0.158203 0.013672 0.160156
0 0.457031 0.267578 0.470703 0.296875 0.501953 0.308594 0.539062 0.308594 0.625000 0.371094 0.708984 0.371094 0.730469 0.365234 0.814453 0.308594 0.857422 0.250000 0.814453 0.240234 0.746094 0.238281 0.708984 0.267578 0.693359 0.267578 0.666016 0.240234 0.617188 0.232422 0.583984 0.238281 0.574219 0.224609 0.541016 0.222656 0.525391 0.210938 0.462891 0.238281
0 0.378906 0.375000 0.361328 0.371094 0.355469 0.365234 0.337891 0.365234 0.330078 0.369141 0.324219 0.376953 0.302734 0.384766 0.296875 0.392578 0.292969 0.410156 0.279297 0.423828 0.279297 0.433594 0.289062 0.443359 0.291016 0.451172 0.289062 0.458984 0.277344 0.470703 0.292969 0.478516 0.339844 0.474609 0.347656 0.462891 0.347656 0.457031 0.355469 0.449219 0.371094 0.445312 0.375000 0.441406 0.378906 0.427734 0.373047 0.410156 0.375000 0.402344 0.382812 0.392578 0.382812 0.380859
2 0.376953 0.000000 0.300781 0.000000 0.298828 0.023438 0.292969 0.011719 0.255859 0.011719 0.230469 0.017578 0.226562 0.021484 0.230469 0.058594 0.250000 0.060547 0.275391 0.056641 0.283203 0.050781 0.296875 0.050781 0.300781 0.042969 0.300781 0.021484 0.380859 0.021484
2 0.525391 0.003906 0.517578 0.003906 0.503906 0.019531 0.496094 0.023438 0.496094 0.027344 0.494141 0.029297 0.496094 0.062500 0.498047 0.064453 0.498047 0.068359 0.503906 0.074219 0.507812 0.074219 0.509766 0.076172 0.517578 0.076172 0.519531 0.074219 0.525391 0.074219 0.529297 0.072266 0.529297 0.058594 0.539062 0.048828 0.541016 0.042969 0.552734 0.033203 0.552734 0.027344 0.546875 0.017578 0.535156 0.007812 0.531250 0.007812
2 0.185547 0.066406 0.183594 0.062500 0.173828 0.060547 0.173828 0.048828 0.169922 0.039062 0.171875 0.033203 0.160156 0.027344 0.140625 0.033203 0.119141 0.033203 0.113281 0.035156 0.109375 0.042969 0.101562 0.035156 0.070312 0.033203 0.060547 0.039062 0.054688 0.070312 0.060547 0.076172 0.099609 0.076172 0.109375 0.070312 0.111328 0.062500 0.115234 0.072266
2 0.566406 0.041016 0.566406 0.042969 0.568359 0.044922 0.568359 0.042969
2 0.115234 0.082031 0.113281 0.080078 0.107422 0.080078 0.105469 0.082031 0.101562 0.082031 0.099609 0.083984 0.097656 0.083984 0.101562 0.083984 0.103516 0.085938 0.105469 0.085938 0.107422 0.087891 0.113281 0.087891 0.113281 0.085938 0.115234 0.083984
2 0.064453 0.109375 0.064453 0.138672 0.070312 0.144531 0.087891 0.142578 0.091797 0.144531 0.111328 0.140625 0.152344 0.142578 0.173828 0.134766 0.205078 0.130859 0.199219 0.119141 0.197266 0.105469 0.169922 0.093750 0.156250 0.093750 0.128906 0.099609 0.117188 0.097656 0.113281 0.091797 0.103516 0.089844 0.095703 0.093750 0.091797 0.085938 0.085938 0.095703 0.074219 0.097656
2 0.240234 0.093750 0.240234 0.103516 0.242188 0.105469 0.242188 0.115234 0.244141 0.117188 0.244141 0.132812 0.246094 0.134766 0.246094 0.140625 0.257812 0.140625 0.259766 0.138672 0.279297 0.136719 0.281250 0.134766 0.298828 0.134766 0.300781 0.132812 0.310547 0.130859 0.318359 0.125000 0.314453 0.111328 0.310547 0.105469 0.308594 0.093750 0.302734 0.089844 0.283203 0.087891 0.281250 0.085938 0.269531 0.085938 0.267578 0.087891 0.263672 0.085938 0.261719 0.087891 0.246094 0.087891 0.242188 0.089844
2 0.208984 0.169922 0.199219 0.160156 0.185547 0.152344 0.173828 0.150391 0.156250 0.152344 0.146484 0.167969 0.126953 0.171875 0.072266 0.169922 0.058594 0.173828 0.048828 0.183594 0.054688 0.205078 0.074219 0.210938 0.080078 0.216797 0.167969 0.210938 0.195312 0.203125 0.208984 0.203125 0.212891 0.197266
2 0.322266 0.156250 0.310547 0.150391 0.283203 0.152344 0.259766 0.160156 0.251953 0.160156 0.248047 0.156250 0.250000 0.158203 0.248047 0.160156 0.255859 0.183594 0.253906 0.189453 0.255859 0.191406 0.255859 0.199219 0.259766 0.210938 0.277344 0.208984 0.283203 0.205078 0.302734 0.201172 0.306641 0.197266 0.312500 0.195312 0.320312 0.195312 0.322266 0.193359
2 0.330078 0.152344 0.330078 0.158203 0.337891 0.169922 0.337891 0.177734 0.343750 0.189453 0.343750 0.193359 0.349609 0.205078 0.353516 0.208984 0.367188 0.208984 0.376953 0.203125 0.394531 0.201172 0.402344 0.195312 0.402344 0.187500 0.394531 0.169922 0.388672 0.166016 0.375000 0.166016 0.369141 0.160156 0.365234 0.148438 0.343750 0.148438 0.341797 0.150391 0.332031 0.150391
2 0.941406 0.189453 0.945312 0.201172 0.927734 0.205078 0.933594 0.207031 0.916016 0.220703 0.896484 0.222656 0.865234 0.265625 0.859375 0.292969 0.832031 0.322266 0.818359 0.318359 0.806641 0.333984 0.828125 0.365234 0.845703 0.371094 0.902344 0.429688 0.906250 0.443359 0.953125 0.470703 0.966797 0.492188 0.978516 0.494141 0.998047 0.476562 0.998047 0.285156 0.982422 0.275391 0.998047 0.253906 0.998047 0.240234 0.968750 0.203125
2 0.345703 0.205078 0.341797 0.201172 0.318359 0.203125 0.316406 0.205078 0.294922 0.207031 0.275391 0.214844 0.273438 0.216797 0.275391 0.220703 0.275391 0.232422 0.277344 0.234375 0.277344 0.238281 0.281250 0.242188 0.281250 0.250000 0.291016 0.255859 0.300781 0.255859 0.302734 0.253906 0.310547 0.253906 0.312500 0.251953 0.316406 0.253906 0.320312 0.251953 0.326172 0.251953 0.330078 0.248047 0.335938 0.248047 0.345703 0.244141
2 0.199219 0.261719 0.189453 0.242188 0.189453 0.236328 0.181641 0.232422 0.177734 0.234375 0.173828 0.232422 0.171875 0.234375 0.164062 0.234375 0.162109 0.236328 0.152344 0.236328 0.150391 0.238281 0.144531 0.238281 0.140625 0.242188 0.138672 0.242188 0.138672 0.263672 0.140625 0.265625 0.138672 0.269531 0.142578 0.269531 0.144531 0.271484 0.150391 0.271484 0.152344 0.273438 0.162109 0.273438 0.164062 0.275391 0.177734 0.275391 0.187500 0.265625
2 0.080078 0.246094 0.074219 0.253906 0.074219 0.261719 0.072266 0.263672 0.072266 0.296875 0.076172 0.302734 0.123047 0.302734 0.126953 0.300781 0.126953 0.281250 0.128906 0.279297 0.128906 0.275391 0.132812 0.271484 0.132812 0.265625 0.130859 0.263672 0.132812 0.259766 0.130859 0.257812 0.130859 0.250000 0.128906 0.246094 0.123047 0.242188 0.085938 0.242188
2 0.179688 0.335938 0.162109 0.341797 0.154297 0.339844 0.132812 0.345703 0.128906 0.343750 0.115234 0.347656 0.097656 0.345703 0.087891 0.349609 0.082031 0.347656 0.082031 0.378906 0.085938 0.388672 0.085938 0.398438 0.089844 0.404297 0.123047 0.400391 0.126953 0.396484 0.128906 0.371094 0.138672 0.380859 0.140625 0.398438 0.183594 0.390625
2 0.238281 0.337891 0.232422 0.337891 0.230469 0.339844 0.228516 0.337891 0.224609 0.337891 0.218750 0.343750 0.191406 0.357422 0.191406 0.361328 0.203125 0.375000 0.203125 0.378906 0.205078 0.380859 0.205078 0.388672 0.208984 0.392578 0.224609 0.392578 0.240234 0.384766 0.244141 0.380859 0.257812 0.373047 0.257812 0.367188 0.255859 0.365234 0.253906 0.357422 0.251953 0.357422 0.250000 0.353516 0.244141 0.349609
2 0.779297 0.339844 0.771484 0.339844 0.765625 0.345703 0.755859 0.349609 0.753906 0.353516 0.742188 0.365234 0.742188 0.371094 0.759766 0.388672 0.761719 0.388672 0.767578 0.394531 0.771484 0.394531 0.775391 0.392578 0.789062 0.378906 0.789062 0.376953 0.794922 0.371094 0.798828 0.371094 0.802734 0.367188 0.802734 0.359375 0.794922 0.353516 0.789062 0.351562 0.781250 0.343750
2 0.029297 0.349609 0.027344 0.349609 0.027344 0.353516 0.027344 0.351562
2 0.068359 0.361328 0.064453 0.359375 0.062500 0.361328 0.037109 0.361328 0.035156 0.363281 0.025391 0.363281 0.027344 0.373047 0.033203 0.384766 0.033203 0.404297 0.035156 0.406250 0.035156 0.412109 0.037109 0.414062 0.054688 0.414062 0.056641 0.412109 0.068359 0.412109 0.072266 0.408203 0.072266 0.392578 0.070312 0.390625 0.070312 0.365234
2 0.724609 0.384766 0.722656 0.386719 0.718750 0.386719 0.697266 0.408203 0.697266 0.412109 0.695312 0.414062 0.695312 0.416016 0.697266 0.417969 0.697266 0.421875 0.701172 0.425781 0.703125 0.425781 0.718750 0.443359 0.722656 0.443359 0.724609 0.441406 0.726562 0.441406 0.728516 0.439453 0.730469 0.433594 0.736328 0.427734 0.738281 0.427734 0.742188 0.423828 0.744141 0.423828 0.750000 0.416016 0.750000 0.408203 0.740234 0.398438 0.738281 0.398438 0.728516 0.386719 0.726562 0.386719
2 0.851562 0.408203 0.847656 0.408203 0.843750 0.412109 0.843750 0.414062 0.822266 0.435547 0.822266 0.437500 0.818359 0.441406 0.822266 0.445312 0.824219 0.445312 0.830078 0.451172 0.830078 0.453125 0.839844 0.462891 0.847656 0.462891 0.867188 0.441406 0.867188 0.439453 0.871094 0.433594 0.865234 0.425781 0.863281 0.419922
2 0.000000 0.431641 0.000000 0.488281 0.009766 0.488281 0.015625 0.494141 0.015625 0.515625 0.017578 0.517578 0.060547 0.517578 0.064453 0.511719 0.062500 0.501953 0.066406 0.498047 0.062500 0.486328 0.068359 0.474609 0.064453 0.455078 0.068359 0.451172 0.074219 0.453125 0.076172 0.447266 0.068359 0.445312 0.050781 0.425781 0.044922 0.423828 0.041016 0.425781 0.027344 0.423828
2 0.691406 0.421875 0.685547 0.421875 0.681641 0.423828 0.675781 0.429688 0.675781 0.431641 0.662109 0.443359 0.660156 0.447266 0.660156 0.455078 0.662109 0.458984 0.666016 0.460938 0.673828 0.468750 0.677734 0.476562 0.683594 0.480469 0.687500 0.478516 0.691406 0.478516 0.695312 0.470703 0.714844 0.453125 0.714844 0.449219 0.708984 0.441406 0.708984 0.439453 0.705078 0.437500 0.701172 0.433594 0.701172 0.431641
2 0.121094 0.437500 0.119141 0.437500 0.117188 0.435547 0.113281 0.435547 0.111328 0.437500 0.101562 0.437500 0.099609 0.439453 0.095703 0.439453 0.091797 0.443359 0.091797 0.453125 0.093750 0.455078 0.093750 0.478516 0.095703 0.480469 0.101562 0.480469 0.103516 0.482422 0.109375 0.482422 0.111328 0.480469 0.119141 0.480469 0.121094 0.478516
2 0.894531 0.447266 0.878906 0.447266 0.876953 0.449219 0.873047 0.449219 0.851562 0.470703 0.851562 0.476562 0.855469 0.480469 0.857422 0.480469 0.861328 0.484375 0.861328 0.486328 0.873047 0.498047 0.875000 0.498047 0.876953 0.500000 0.880859 0.500000 0.892578 0.488281 0.894531 0.488281 0.908203 0.474609 0.908203 0.472656 0.910156 0.470703 0.908203 0.464844 0.902344 0.458984 0.898438 0.449219 0.896484 0.449219
2 0.804688 0.455078 0.796875 0.460938 0.794922 0.460938 0.791016 0.464844 0.787109 0.464844 0.785156 0.466797 0.783203 0.466797 0.773438 0.478516 0.773438 0.486328 0.775391 0.488281 0.775391 0.492188 0.779297 0.496094 0.779297 0.498047 0.785156 0.500000 0.792969 0.507812 0.794922 0.507812 0.800781 0.503906 0.804688 0.503906 0.826172 0.480469 0.826172 0.474609 0.824219 0.472656 0.824219 0.470703 0.818359 0.464844 0.816406 0.464844 0.814453 0.462891 0.810547 0.462891 0.804688 0.457031
2 0.074219 0.457031 0.072266 0.458984 0.074219 0.460938
2 0.632812 0.466797 0.628906 0.470703 0.626953 0.470703 0.626953 0.472656 0.611328 0.488281 0.609375 0.488281 0.605469 0.492188 0.605469 0.500000 0.607422 0.500000 0.611328 0.503906 0.613281 0.503906 0.625000 0.517578 0.626953 0.517578 0.634766 0.523438 0.638672 0.523438 0.648438 0.513672 0.648438 0.511719 0.650391 0.509766 0.650391 0.505859 0.656250 0.500000 0.656250 0.498047 0.658203 0.496094 0.658203 0.482422 0.654297 0.478516 0.648438 0.476562 0.638672 0.466797
2 0.837891 0.490234 0.832031 0.490234 0.826172 0.496094 0.824219 0.500000 0.814453 0.503906 0.808594 0.513672 0.808594 0.525391 0.810547 0.529297 0.818359 0.537109 0.820312 0.537109 0.828125 0.544922 0.833984 0.546875 0.855469 0.525391 0.857422 0.525391 0.863281 0.519531 0.865234 0.515625 0.865234 0.511719 0.863281 0.507812 0.855469 0.500000 0.853516 0.500000 0.847656 0.494141 0.843750 0.492188 0.839844 0.492188
2 0.736328 0.505859 0.730469 0.513672 0.728516 0.521484 0.746094 0.541016 0.755859 0.546875 0.771484 0.535156 0.773438 0.539062 0.769531 0.542969 0.769531 0.558594 0.792969 0.583984 0.802734 0.580078 0.808594 0.570312 0.822266 0.558594 0.822266 0.550781 0.802734 0.529297 0.791016 0.523438 0.785156 0.523438 0.777344 0.531250 0.775391 0.529297 0.783203 0.517578 0.779297 0.509766 0.769531 0.500000 0.755859 0.498047
2 0.589844 0.513672 0.585938 0.517578 0.585938 0.519531 0.566406 0.537109 0.566406 0.546875 0.570312 0.550781 0.570312 0.552734 0.572266 0.552734 0.583984 0.564453 0.583984 0.566406 0.587891 0.570312 0.599609 0.570312 0.599609 0.568359 0.601562 0.566406 0.601562 0.562500 0.621094 0.544922 0.621094 0.539062 0.603516 0.523438 0.601562 0.517578 0.597656 0.513672
2 0.943359 0.517578 0.939453 0.521484 0.939453 0.529297 0.925781 0.541016 0.925781 0.544922 0.947266 0.566406 0.958984 0.564453 0.970703 0.552734 0.972656 0.554688 0.966797 0.560547 0.966797 0.566406 0.958984 0.578125 0.958984 0.583984 0.982422 0.607422 0.992188 0.607422 0.998047 0.597656 0.998047 0.558594 0.988281 0.552734 0.974609 0.554688 0.970703 0.552734 0.976562 0.546875 0.980469 0.537109 0.972656 0.519531 0.958984 0.513672
2 0.691406 0.542969 0.671875 0.564453 0.669922 0.572266 0.695312 0.597656 0.710938 0.587891 0.714844 0.582031 0.716797 0.583984 0.714844 0.611328 0.740234 0.638672 0.750000 0.642578 0.771484 0.621094 0.771484 0.611328 0.738281 0.576172 0.722656 0.574219 0.726562 0.570312 0.726562 0.562500 0.722656 0.556641 0.712891 0.552734 0.699219 0.541016
2 0.294922 0.556641 0.287109 0.552734 0.259766 0.552734 0.257812 0.554688 0.248047 0.554688 0.244141 0.556641 0.240234 0.566406 0.232422 0.574219 0.220703 0.576172 0.216797 0.580078 0.216797 0.603516 0.251953 0.603516 0.253906 0.601562 0.273438 0.603516 0.292969 0.595703 0.292969 0.578125 0.294922 0.576172 0.292969 0.572266 0.292969 0.560547
2 0.000000 0.556641 0.000000 0.664062 0.060547 0.664062 0.060547 0.648438 0.064453 0.642578 0.058594 0.640625 0.060547 0.632812 0.068359 0.628906 0.064453 0.625000 0.060547 0.628906 0.058594 0.625000 0.076172 0.615234 0.085938 0.617188 0.089844 0.621094 0.085938 0.632812 0.089844 0.628906 0.087891 0.566406 0.080078 0.578125 0.068359 0.562500 0.052734 0.564453 0.027344 0.556641
2 0.310547 0.558594 0.310547 0.562500 0.304688 0.570312 0.304688 0.580078 0.306641 0.582031 0.306641 0.587891 0.310547 0.591797 0.312500 0.591797 0.316406 0.595703 0.332031 0.595703 0.333984 0.597656 0.341797 0.597656 0.343750 0.595703 0.355469 0.595703 0.359375 0.593750 0.359375 0.558594 0.357422 0.556641 0.328125 0.556641 0.326172 0.554688 0.320312 0.554688 0.318359 0.556641 0.314453 0.556641
2 0.365234 0.560547 0.365234 0.591797 0.369141 0.595703 0.384766 0.595703 0.386719 0.597656 0.396484 0.597656 0.398438 0.595703 0.410156 0.595703 0.414062 0.591797 0.414062 0.585938 0.416016 0.583984 0.416016 0.570312 0.417969 0.568359 0.416016 0.566406 0.414062 0.560547 0.410156 0.556641 0.371094 0.556641
2 0.421875 0.562500 0.421875 0.591797 0.433594 0.593750 0.441406 0.597656 0.453125 0.597656 0.455078 0.599609 0.468750 0.599609 0.470703 0.597656 0.478516 0.597656 0.480469 0.599609 0.486328 0.597656 0.488281 0.599609 0.490234 0.597656 0.490234 0.593750 0.492188 0.591797 0.492188 0.566406 0.490234 0.562500 0.484375 0.562500 0.478516 0.558594 0.460938 0.558594 0.458984 0.556641 0.441406 0.556641 0.439453 0.558594 0.427734 0.558594
2 0.908203 0.560547 0.900391 0.560547 0.894531 0.566406 0.892578 0.566406 0.875000 0.583984 0.873047 0.589844 0.880859 0.597656 0.880859 0.599609 0.888672 0.607422 0.890625 0.607422 0.898438 0.613281 0.904297 0.613281 0.906250 0.611328 0.910156 0.611328 0.917969 0.605469 0.921875 0.595703 0.925781 0.591797 0.931641 0.591797 0.933594 0.589844 0.933594 0.585938 0.929688 0.578125
2 0.667969 0.578125 0.662109 0.578125 0.654297 0.585938 0.654297 0.587891 0.652344 0.589844 0.650391 0.589844 0.644531 0.595703 0.642578 0.595703 0.636719 0.603516 0.636719 0.615234 0.652344 0.630859 0.654297 0.630859 0.658203 0.634766 0.664062 0.634766 0.667969 0.630859 0.671875 0.630859 0.673828 0.628906 0.675781 0.628906 0.679688 0.625000 0.679688 0.623047 0.683594 0.619141 0.683594 0.617188 0.687500 0.613281 0.689453 0.613281 0.689453 0.611328 0.691406 0.609375 0.691406 0.601562 0.687500 0.597656 0.685547 0.597656 0.671875 0.583984 0.671875 0.582031
2 0.939453 0.599609 0.921875 0.615234 0.919922 0.619141 0.919922 0.623047 0.916016 0.628906 0.916016 0.632812 0.923828 0.640625 0.925781 0.644531 0.927734 0.644531 0.937500 0.652344 0.943359 0.654297 0.958984 0.642578 0.962891 0.632812 0.966797 0.628906 0.968750 0.628906 0.974609 0.623047 0.974609 0.621094 0.970703 0.615234 0.953125 0.607422 0.947266 0.601562 0.943359 0.599609
2 0.859375 0.607422 0.837891 0.617188 0.826172 0.630859 0.828125 0.640625 0.810547 0.644531 0.791016 0.669922 0.791016 0.691406 0.847656 0.736328 0.855469 0.736328 0.882812 0.716797 0.880859 0.701172 0.843750 0.666016 0.843750 0.652344 0.896484 0.697266 0.904297 0.695312 0.923828 0.666016 0.917969 0.650391 0.894531 0.638672 0.875000 0.648438 0.882812 0.626953
2 0.214844 0.615234 0.214844 0.628906 0.216797 0.630859 0.216797 0.650391 0.218750 0.652344 0.261719 0.652344 0.263672 0.648438 0.261719 0.646484 0.261719 0.636719 0.263672 0.634766 0.261719 0.632812 0.261719 0.611328 0.251953 0.611328 0.250000 0.609375 0.230469 0.609375 0.228516 0.611328 0.218750 0.611328
2 0.269531 0.613281 0.269531 0.630859 0.267578 0.632812 0.267578 0.636719 0.269531 0.638672 0.269531 0.652344 0.271484 0.654297 0.304688 0.654297 0.306641 0.652344 0.316406 0.650391 0.320312 0.646484 0.320312 0.630859 0.318359 0.628906 0.318359 0.623047 0.316406 0.621094 0.316406 0.617188 0.314453 0.613281 0.310547 0.611328 0.298828 0.611328 0.296875 0.609375 0.277344 0.609375
2 0.341797 0.615234 0.341797 0.632812 0.339844 0.634766 0.339844 0.650391 0.341797 0.652344 0.384766 0.652344 0.386719 0.650391 0.386719 0.613281 0.375000 0.613281 0.373047 0.611328 0.357422 0.611328 0.355469 0.613281 0.343750 0.613281
2 0.392578 0.615234 0.392578 0.650391 0.396484 0.654297 0.433594 0.654297 0.441406 0.648438 0.441406 0.644531 0.443359 0.640625 0.441406 0.638672 0.441406 0.630859 0.439453 0.628906 0.439453 0.617188 0.435547 0.611328 0.427734 0.611328 0.425781 0.613281 0.421875 0.613281 0.419922 0.611328 0.404297 0.611328 0.402344 0.613281 0.394531 0.613281
2 0.468750 0.613281 0.468750 0.615234 0.466797 0.617188 0.466797 0.652344 0.470703 0.656250 0.509766 0.656250 0.511719 0.654297 0.511719 0.611328 0.474609 0.611328 0.472656 0.613281
2 0.517578 0.611328 0.515625 0.615234 0.515625 0.625000 0.517578 0.626953 0.517578 0.652344 0.519531 0.656250 0.523438 0.658203 0.529297 0.658203 0.531250 0.656250 0.533203 0.658203 0.564453 0.658203 0.566406 0.656250 0.566406 0.650391 0.568359 0.648438 0.568359 0.623047 0.566406 0.621094 0.566406 0.615234 0.564453 0.613281 0.548828 0.613281 0.546875 0.611328
2 0.701172 0.621094 0.695312 0.628906 0.693359 0.628906 0.691406 0.630859 0.687500 0.630859 0.681641 0.636719 0.681641 0.638672 0.677734 0.644531 0.677734 0.654297 0.699219 0.675781 0.707031 0.675781 0.708984 0.673828 0.710938 0.673828 0.710938 0.669922 0.714844 0.666016 0.714844 0.664062 0.716797 0.662109 0.718750 0.662109 0.720703 0.660156 0.720703 0.658203 0.722656 0.656250 0.724609 0.656250 0.732422 0.648438 0.732422 0.644531 0.724609 0.636719 0.722656 0.636719 0.708984 0.621094
2 0.087891 0.640625 0.083984 0.640625 0.083984 0.648438 0.085938 0.650391 0.085938 0.646484 0.087891 0.644531
2 0.767578 0.689453 0.755859 0.701172 0.755859 0.703125 0.753906 0.705078 0.753906 0.708984 0.751953 0.710938 0.751953 0.714844 0.748047 0.718750 0.748047 0.720703 0.755859 0.734375 0.757812 0.734375 0.761719 0.738281 0.763672 0.738281 0.771484 0.746094 0.777344 0.746094 0.796875 0.732422 0.796875 0.730469 0.800781 0.724609 0.800781 0.720703 0.802734 0.718750 0.796875 0.710938 0.796875 0.708984 0.785156 0.697266 0.779297 0.695312 0.773438 0.689453
2 0.021484 0.697266 0.017578 0.703125 0.017578 0.712891 0.011719 0.718750 0.000000 0.718750 0.000000 0.742188 0.001953 0.746094 0.009766 0.746094 0.011719 0.748047 0.027344 0.748047 0.029297 0.750000 0.052734 0.750000 0.054688 0.748047 0.054688 0.738281 0.058594 0.732422 0.056641 0.728516 0.056641 0.718750 0.058594 0.716797 0.056641 0.714844 0.056641 0.703125 0.052734 0.697266
2 0.224609 0.726562 0.224609 0.742188 0.228516 0.746094 0.296875 0.746094 0.298828 0.707031 0.289062 0.701172 0.271484 0.701172 0.269531 0.703125 0.265625 0.701172 0.246094 0.701172 0.242188 0.705078 0.242188 0.718750 0.234375 0.722656 0.226562 0.722656
2 0.398438 0.703125 0.398438 0.707031 0.396484 0.708984 0.396484 0.738281 0.398438 0.742188 0.402344 0.744141 0.425781 0.744141 0.427734 0.742188 0.445312 0.742188 0.451172 0.738281 0.451172 0.734375 0.449219 0.732422 0.449219 0.712891 0.445312 0.705078 0.439453 0.705078 0.429688 0.699219 0.406250 0.699219
2 0.457031 0.703125 0.457031 0.734375 0.455078 0.738281 0.458984 0.742188 0.466797 0.742188 0.468750 0.744141 0.496094 0.744141 0.498047 0.742188 0.505859 0.742188 0.509766 0.738281 0.509766 0.720703 0.505859 0.714844 0.505859 0.708984 0.501953 0.705078 0.486328 0.705078 0.484375 0.703125 0.464844 0.703125 0.462891 0.701172 0.458984 0.701172
2 0.523438 0.707031 0.523438 0.716797 0.521484 0.718750 0.521484 0.740234 0.523438 0.744141 0.527344 0.746094 0.539062 0.746094 0.541016 0.748047 0.548828 0.748047 0.550781 0.746094 0.568359 0.746094 0.572266 0.744141 0.574219 0.740234 0.574219 0.722656 0.566406 0.707031 0.562500 0.707031 0.560547 0.705078 0.525391 0.705078
2 0.589844 0.716797 0.589844 0.748047 0.591797 0.750000 0.609375 0.750000 0.611328 0.751953 0.636719 0.750000 0.640625 0.746094 0.640625 0.742188 0.646484 0.736328 0.656250 0.736328 0.658203 0.734375 0.662109 0.734375 0.664062 0.730469 0.662109 0.718750 0.658203 0.714844 0.658203 0.712891 0.654297 0.708984 0.646484 0.707031 0.644531 0.705078 0.615234 0.705078 0.603516 0.710938 0.593750 0.712891
2 0.332031 0.708984 0.332031 0.746094 0.333984 0.748047 0.375000 0.748047 0.376953 0.746094 0.378906 0.746094 0.378906 0.740234 0.380859 0.738281 0.380859 0.734375 0.382812 0.732422 0.382812 0.712891 0.378906 0.708984 0.359375 0.708984 0.357422 0.707031 0.333984 0.707031
2 0.972656 0.708984 0.960938 0.714844 0.949219 0.724609 0.945312 0.732422 0.943359 0.742188 0.941406 0.744141 0.943359 0.748047 0.949219 0.751953 0.957031 0.751953 0.958984 0.753906 0.964844 0.753906 0.968750 0.755859 0.970703 0.759766 0.978516 0.765625 0.982422 0.763672 0.994141 0.751953 0.994141 0.748047 0.996094 0.746094 0.996094 0.740234 0.998047 0.738281 0.998047 0.720703 0.994141 0.716797 0.992188 0.716797 0.988281 0.712891 0.980469 0.708984
2 0.816406 0.726562 0.808594 0.734375 0.796875 0.740234 0.791016 0.746094 0.791016 0.750000 0.785156 0.757812 0.779297 0.771484 0.796875 0.796875 0.806641 0.798828 0.812500 0.802734 0.830078 0.802734 0.843750 0.789062 0.843750 0.787109 0.855469 0.775391 0.857422 0.775391 0.857422 0.771484 0.863281 0.765625 0.863281 0.761719 0.830078 0.734375
2 0.000000 0.755859 0.000000 0.796875 0.009766 0.796875 0.017578 0.802734 0.025391 0.802734 0.027344 0.800781 0.031250 0.804688 0.037109 0.800781 0.039062 0.804688 0.042969 0.804688 0.044922 0.802734 0.060547 0.802734 0.072266 0.794922 0.074219 0.783203 0.072266 0.781250 0.072266 0.765625 0.070312 0.761719 0.062500 0.757812 0.054688 0.757812 0.052734 0.755859 0.007812 0.755859 0.005859 0.753906
2 0.212891 0.759766 0.212891 0.765625 0.214844 0.765625 0.218750 0.771484 0.218750 0.798828 0.224609 0.802734 0.257812 0.802734 0.261719 0.800781 0.261719 0.761719 0.257812 0.761719 0.255859 0.759766 0.228516 0.759766 0.226562 0.757812 0.214844 0.757812
2 0.269531 0.763672 0.269531 0.771484 0.267578 0.773438 0.267578 0.798828 0.271484 0.800781 0.275391 0.800781 0.277344 0.802734 0.289062 0.802734 0.292969 0.804688 0.294922 0.802734 0.304688 0.802734 0.314453 0.796875 0.318359 0.796875 0.322266 0.794922 0.322266 0.771484 0.312500 0.761719 0.308594 0.761719 0.306641 0.759766 0.277344 0.759766
2 0.343750 0.759766 0.343750 0.761719 0.341797 0.763672 0.341797 0.794922 0.343750 0.796875 0.343750 0.798828 0.345703 0.798828 0.347656 0.800781 0.376953 0.800781 0.378906 0.798828 0.388672 0.798828 0.388672 0.771484 0.386719 0.769531 0.388672 0.763672 0.384766 0.759766 0.359375 0.759766 0.357422 0.757812 0.349609 0.757812 0.347656 0.759766
2 0.396484 0.761719 0.396484 0.798828 0.398438 0.800781 0.441406 0.800781 0.445312 0.796875 0.447266 0.792969 0.447266 0.763672 0.445312 0.761719 0.437500 0.761719 0.435547 0.759766 0.398438 0.759766
2 0.460938 0.763672 0.462891 0.765625 0.462891 0.783203 0.464844 0.785156 0.464844 0.798828 0.466797 0.800781 0.482422 0.800781 0.484375 0.802734 0.513672 0.802734 0.513672 0.761719 0.511719 0.759766 0.466797 0.759766
2 0.519531 0.765625 0.519531 0.798828 0.521484 0.802734 0.566406 0.802734 0.570312 0.800781 0.572266 0.796875 0.572266 0.783203 0.570312 0.781250 0.570312 0.765625 0.568359 0.763672 0.564453 0.763672 0.562500 0.761719 0.554688 0.761719 0.552734 0.759766 0.523438 0.759766
2 0.593750 0.763672 0.593750 0.802734 0.595703 0.804688 0.703125 0.806641 0.705078 0.763672 0.701172 0.759766 0.636719 0.757812 0.634766 0.759766 0.603516 0.759766
2 0.914062 0.771484 0.906250 0.777344 0.904297 0.783203 0.896484 0.791016 0.896484 0.792969 0.892578 0.796875 0.892578 0.798828 0.900391 0.806641 0.900391 0.808594 0.917969 0.824219 0.925781 0.824219 0.939453 0.810547 0.941406 0.804688 0.949219 0.794922 0.949219 0.791016 0.939453 0.781250 0.939453 0.779297 0.935547 0.775391 0.933594 0.775391 0.931641 0.773438 0.927734 0.773438 0.925781 0.771484
2 0.884766 0.808594 0.876953 0.808594 0.849609 0.835938 0.849609 0.839844 0.845703 0.845703 0.845703 0.853516 0.847656 0.857422 0.857422 0.863281 0.869141 0.876953 0.869141 0.878906 0.873047 0.880859 0.878906 0.878906 0.882812 0.871094 0.882812 0.865234 0.884766 0.861328 0.896484 0.851562 0.898438 0.845703 0.906250 0.835938 0.906250 0.830078 0.890625 0.814453 0.888672 0.814453
2 0.000000 0.849609 0.000000 0.892578 0.001953 0.894531 0.015625 0.894531 0.017578 0.896484 0.027344 0.896484 0.029297 0.894531 0.037109 0.894531 0.042969 0.890625 0.042969 0.875000 0.041016 0.873047 0.041016 0.867188 0.042969 0.865234 0.042969 0.855469 0.041016 0.853516 0.039062 0.855469 0.035156 0.853516 0.033203 0.855469 0.029297 0.853516 0.027344 0.855469 0.025391 0.853516 0.023438 0.855469 0.021484 0.853516 0.015625 0.853516 0.013672 0.851562 0.001953 0.851562
2 0.287109 0.861328 0.283203 0.857422 0.283203 0.853516 0.277344 0.849609 0.244141 0.847656 0.236328 0.851562 0.234375 0.859375 0.230469 0.849609 0.187500 0.849609 0.185547 0.853516 0.185547 0.890625 0.203125 0.892578 0.205078 0.894531 0.220703 0.892578 0.230469 0.888672 0.242188 0.892578 0.285156 0.890625 0.289062 0.880859 0.287109 0.876953 0.289062 0.873047
2 0.306641 0.853516 0.304688 0.865234 0.302734 0.867188 0.302734 0.880859 0.304688 0.882812 0.306641 0.890625 0.345703 0.890625 0.347656 0.888672 0.355469 0.890625 0.361328 0.886719 0.361328 0.861328 0.363281 0.859375 0.363281 0.853516 0.365234 0.849609 0.363281 0.851562 0.361328 0.849609 0.357422 0.849609 0.355469 0.851562 0.353516 0.849609 0.349609 0.849609 0.347656 0.851562 0.345703 0.849609 0.339844 0.849609 0.337891 0.847656 0.333984 0.849609 0.332031 0.847656 0.328125 0.847656 0.320312 0.851562 0.318359 0.849609 0.316406 0.851562 0.308594 0.851562
2 0.369141 0.853516 0.369141 0.863281 0.367188 0.865234 0.367188 0.888672 0.373047 0.888672 0.375000 0.890625 0.414062 0.890625 0.419922 0.886719 0.419922 0.859375 0.417969 0.857422 0.417969 0.851562 0.416016 0.853516 0.414062 0.851562 0.406250 0.851562 0.404297 0.849609 0.402344 0.851562 0.400391 0.849609 0.398438 0.851562 0.396484 0.849609 0.392578 0.851562 0.390625 0.849609 0.388672 0.851562 0.386719 0.849609 0.384766 0.851562 0.382812 0.849609 0.378906 0.851562 0.376953 0.849609
2 0.435547 0.851562 0.433594 0.855469 0.433594 0.888672 0.439453 0.892578 0.451172 0.892578 0.453125 0.894531 0.476562 0.894531 0.480469 0.892578 0.480469 0.886719 0.484375 0.878906 0.484375 0.865234 0.482422 0.863281 0.482422 0.859375 0.480469 0.855469 0.476562 0.853516 0.474609 0.855469 0.472656 0.853516 0.468750 0.855469 0.466797 0.853516 0.462891 0.853516 0.460938 0.855469 0.458984 0.853516 0.455078 0.853516 0.453125 0.855469 0.451172 0.853516 0.447266 0.853516 0.445312 0.855469 0.443359 0.853516 0.437500 0.853516
2 0.513672 0.855469 0.513672 0.888672 0.515625 0.892578 0.529297 0.892578 0.531250 0.894531 0.560547 0.892578 0.560547 0.886719 0.562500 0.884766 0.562500 0.857422 0.564453 0.853516 0.562500 0.855469 0.560547 0.853516 0.558594 0.855469 0.556641 0.853516 0.554688 0.855469 0.552734 0.853516 0.548828 0.855469 0.546875 0.853516 0.544922 0.855469 0.542969 0.853516 0.541016 0.855469 0.539062 0.853516 0.537109 0.855469 0.535156 0.853516 0.533203 0.855469 0.531250 0.853516 0.529297 0.855469 0.525391 0.853516 0.523438 0.855469 0.521484 0.853516 0.517578 0.855469 0.515625 0.853516
2 0.568359 0.855469 0.568359 0.875000 0.566406 0.876953 0.566406 0.890625 0.568359 0.892578 0.591797 0.894531 0.593750 0.892578 0.611328 0.892578 0.613281 0.890625 0.619141 0.890625 0.621094 0.888672 0.621094 0.878906 0.623047 0.876953 0.623047 0.863281 0.621094 0.861328 0.621094 0.855469 0.617188 0.853516 0.615234 0.855469 0.613281 0.853516 0.609375 0.855469 0.607422 0.853516 0.603516 0.855469 0.601562 0.853516 0.597656 0.853516 0.595703 0.855469 0.593750 0.853516 0.589844 0.853516 0.587891 0.855469 0.585938 0.853516 0.582031 0.853516 0.580078 0.855469 0.578125 0.853516 0.574219 0.855469 0.570312 0.853516
2 0.636719 0.855469 0.636719 0.892578 0.638672 0.894531 0.644531 0.894531 0.646484 0.896484 0.654297 0.896484 0.656250 0.898438 0.679688 0.898438 0.685547 0.894531 0.685547 0.888672 0.683594 0.886719 0.683594 0.853516 0.681641 0.855469 0.679688 0.853516 0.675781 0.855469 0.673828 0.853516 0.669922 0.855469 0.667969 0.853516 0.664062 0.855469 0.662109 0.853516 0.658203 0.855469 0.656250 0.853516 0.654297 0.855469 0.652344 0.853516 0.648438 0.855469 0.644531 0.853516 0.642578 0.855469
2 0.701172 0.855469 0.701172 0.892578 0.703125 0.892578 0.705078 0.894531 0.740234 0.894531 0.742188 0.892578 0.744141 0.892578 0.744141 0.853516 0.726562 0.853516 0.724609 0.851562 0.712891 0.851562 0.710938 0.853516 0.703125 0.853516
2 0.765625 0.855469 0.763672 0.890625 0.767578 0.896484 0.777344 0.896484 0.779297 0.898438 0.828125 0.898438 0.832031 0.896484 0.832031 0.878906 0.830078 0.875000 0.822266 0.873047 0.820312 0.871094 0.818359 0.863281 0.814453 0.859375 0.812500 0.853516 0.808594 0.853516 0.806641 0.851562 0.779297 0.851562 0.773438 0.855469
2 0.058594 0.861328 0.058594 0.880859 0.056641 0.882812 0.056641 0.886719 0.060547 0.892578 0.064453 0.894531 0.093750 0.894531 0.095703 0.896484 0.111328 0.896484 0.113281 0.894531 0.113281 0.886719 0.117188 0.878906 0.117188 0.867188 0.113281 0.861328 0.109375 0.861328 0.101562 0.857422 0.062500 0.857422
2 0.000000 0.904297 0.000000 0.957031 0.029297 0.957031 0.031250 0.955078 0.041016 0.955078 0.041016 0.947266 0.042969 0.945312 0.042969 0.908203 0.037109 0.904297 0.033203 0.906250 0.013672 0.906250 0.011719 0.904297
2 0.185547 0.904297 0.181641 0.908203 0.181641 0.912109 0.179688 0.914062 0.179688 0.937500 0.181641 0.939453 0.183594 0.949219 0.191406 0.953125 0.203125 0.953125 0.205078 0.955078 0.224609 0.955078 0.226562 0.951172 0.226562 0.943359 0.228516 0.941406 0.228516 0.925781 0.230469 0.923828 0.230469 0.906250 0.228516 0.904297
2 0.527344 0.906250 0.515625 0.906250 0.513672 0.904297 0.507812 0.904297 0.505859 0.906250 0.496094 0.906250 0.494141 0.908203 0.486328 0.910156 0.486328 0.917969 0.490234 0.917969 0.496094 0.923828 0.496094 0.929688 0.494141 0.931641 0.494141 0.945312 0.492188 0.947266 0.492188 0.951172 0.494141 0.953125 0.494141 0.960938 0.496094 0.962891 0.494141 0.964844 0.500000 0.968750 0.515625 0.968750 0.517578 0.966797 0.525391 0.966797 0.529297 0.962891 0.527344 0.958984 0.527344 0.943359 0.529297 0.941406 0.529297 0.919922 0.527344 0.917969
2 0.357422 0.912109 0.355469 0.962891 0.359375 0.968750 0.388672 0.970703 0.398438 0.974609 0.402344 0.935547 0.404297 0.970703 0.408203 0.974609 0.449219 0.974609 0.466797 0.962891 0.468750 0.943359 0.472656 0.943359 0.466797 0.927734 0.455078 0.919922 0.447266 0.906250 0.406250 0.906250 0.402344 0.910156 0.400391 0.935547 0.386719 0.927734 0.386719 0.921875 0.396484 0.917969 0.392578 0.910156 0.382812 0.906250 0.361328 0.906250
2 0.550781 0.908203 0.550781 0.962891 0.568359 0.960938 0.572266 0.964844 0.580078 0.958984 0.585938 0.958984 0.583984 0.953125 0.591797 0.949219 0.599609 0.966797 0.609375 0.970703 0.619141 0.970703 0.621094 0.966797 0.652344 0.970703 0.667969 0.964844 0.667969 0.943359 0.673828 0.939453 0.664062 0.933594 0.664062 0.914062 0.654297 0.908203 0.623047 0.910156 0.621094 0.927734 0.625000 0.929688 0.625000 0.937500 0.615234 0.933594 0.595703 0.937500 0.595703 0.914062 0.589844 0.906250
2 0.691406 0.925781 0.685547 0.955078 0.687500 0.966797 0.693359 0.972656 0.720703 0.974609 0.726562 0.970703 0.738281 0.968750 0.740234 0.970703 0.769531 0.970703 0.773438 0.974609 0.808594 0.972656 0.808594 0.941406 0.802734 0.937500 0.767578 0.939453 0.763672 0.935547 0.742188 0.935547 0.738281 0.931641 0.738281 0.914062 0.734375 0.910156 0.701172 0.912109
2 0.244141 0.921875 0.242188 0.923828 0.242188 0.935547 0.240234 0.937500 0.240234 0.945312 0.242188 0.947266 0.242188 0.953125 0.246094 0.953125 0.248047 0.955078 0.265625 0.955078 0.267578 0.953125 0.267578 0.949219 0.271484 0.943359 0.271484 0.929688 0.269531 0.927734 0.269531 0.925781 0.267578 0.923828 0.267578 0.921875 0.265625 0.921875 0.263672 0.919922 0.248047 0.919922 0.246094 0.921875
2 0.310547 0.933594 0.310547 0.935547 0.304688 0.945312 0.304688 0.955078 0.310547 0.964844 0.312500 0.964844 0.314453 0.966797 0.345703 0.966797 0.347656 0.964844 0.349609 0.964844 0.349609 0.962891 0.351562 0.960938 0.351562 0.935547 0.349609 0.933594 0.347656 0.933594 0.345703 0.931641 0.339844 0.931641 0.337891 0.929688 0.333984 0.929688 0.332031 0.927734 0.324219 0.927734 0.322266 0.929688 0.318359 0.929688 0.316406 0.931641 0.312500 0.931641
2 0.177734 0.964844 0.177734 0.980469 0.179688 0.982422 0.181641 0.988281 0.187500 0.994141 0.191406 0.994141 0.193359 0.996094 0.212891 0.996094 0.214844 0.998047 0.222656 0.998047 0.228516 0.992188 0.228516 0.964844 0.226562 0.964844 0.224609 0.962891 0.179688 0.962891
2 0.234375 0.964844 0.234375 0.966797 0.240234 0.966797 0.242188 0.968750 0.242188 0.972656 0.244141 0.974609 0.242188 0.976562 0.242188 0.994141 0.244141 0.996094 0.244141 0.998047 0.267578 0.998047 0.267578 0.994141 0.269531 0.992188 0.269531 0.990234 0.273438 0.986328 0.277344 0.986328 0.279297 0.984375 0.279297 0.980469 0.281250 0.978516 0.281250 0.964844 0.279297 0.962891 0.277344 0.962891 0.275391 0.964844 0.263672 0.964844 0.261719 0.962891 0.244141 0.962891 0.242188 0.964844
2 0.033203 0.976562 0.033203 0.998047 0.085938 0.998047 0.085938 0.976562 0.083984 0.974609 0.035156 0.974609
5 0.185547 0.000000 0.183594 0.056641 0.212891 0.150391 0.230469 0.281250 0.218750 0.294922 0.105469 0.312500 0.000000 0.308594 0.000000 0.345703 0.230469 0.337891 0.255859 0.320312 0.265625 0.333984 0.289062 0.332031 0.378906 0.369141 0.412109 0.339844 0.404297 0.316406 0.363281 0.333984 0.341797 0.320312 0.335938 0.283203 0.265625 0.273438 0.216797 0.048828 0.218750 0.005859
5 0.777344 0.000000 0.726562 0.000000 0.712891 0.009766 0.636719 0.089844 0.628906 0.091797 0.611328 0.111328 0.599609 0.115234 0.582031 0.132812 0.576172 0.148438 0.578125 0.156250 0.585938 0.164062 0.597656 0.166016 0.621094 0.154297 0.644531 0.125000 0.662109 0.113281 0.740234 0.031250 0.759766 0.021484 0.769531 0.021484 0.777344 0.013672
5 0.960938 0.480469 0.707031 0.687500 0.625000 0.605469 0.845703 0.373047 0.599609 0.582031 0.376953 0.402344 0.759766 0.806641 0.695312 0.820312 0.181641 0.806641 0.181641 0.578125 0.271484 0.433594 0.156250 0.546875 0.140625 0.822266 0.125000 0.552734 0.001953 0.521484 0.099609 0.582031 0.105469 0.804688 0.000000 0.847656 0.140625 0.822266 0.162109 0.998047 0.175781 0.837891 0.839844 0.843750 0.992188 0.642578 0.822266 0.810547 0.732422 0.710938
