2 0.119141 0.000000 0.125000 0.056641 0.134766 0.070312 0.357422 0.074219 0.380859 0.078125 0.384766 0.072266 0.384766 0.000000
2 0.550781 0.000000 0.550781 0.007812 0.556641 0.013672 0.574219 0.021484 0.574219 0.044922 0.566406 0.066406 0.566406 0.093750 0.570312 0.099609 0.677734 0.101562 0.685547 0.099609 0.693359 0.091797 0.693359 0.000000
2 0.818359 0.023438 0.820312 0.105469 0.824219 0.109375 0.876953 0.109375 0.880859 0.105469 0.880859 0.029297 0.878906 0.023438 0.875000 0.019531 0.824219 0.019531
2 0.474609 0.062500 0.470703 0.066406 0.470703 0.099609 0.476562 0.103516 0.486328 0.103516 0.488281 0.105469 0.500000 0.105469 0.505859 0.099609 0.505859 0.091797 0.503906 0.089844 0.503906 0.064453 0.500000 0.060547 0.480469 0.060547 0.478516 0.062500
2 0.076172 0.144531 0.070312 0.248047 0.080078 0.257812 0.236328 0.267578 0.371094 0.267578 0.378906 0.261719 0.367188 0.156250 0.357422 0.148438 0.082031 0.138672
2 0.392578 0.148438 0.384766 0.156250 0.384766 0.162109 0.382812 0.164062 0.382812 0.191406 0.386719 0.195312 0.427734 0.195312 0.431641 0.191406 0.431641 0.177734 0.433594 0.175781 0.433594 0.162109 0.435547 0.160156 0.435547 0.150391 0.429688 0.146484 0.396484 0.146484
2 0.500000 0.146484 0.464844 0.146484 0.460938 0.152344 0.460938 0.191406 0.470703 0.253906 0.423828 0.257812 0.416016 0.265625 0.417969 0.386719 0.423828 0.400391 0.525391 0.394531 0.533203 0.388672 0.525391 0.287109 0.496094 0.255859 0.503906 0.220703 0.505859 0.154297
2 0.695312 0.162109 0.681641 0.156250 0.667969 0.166016 0.619141 0.164062 0.613281 0.167969 0.517578 0.164062 0.513672 0.167969 0.513672 0.216797 0.519531 0.226562 0.609375 0.224609 0.615234 0.216797 0.691406 0.216797 0.697266 0.212891
2 0.732422 0.251953 0.734375 0.259766 0.730469 0.273438 0.732422 0.281250 0.740234 0.287109 0.835938 0.285156 0.837891 0.283203 0.839844 0.275391 0.837891 0.255859 0.839844 0.253906 0.835938 0.246094 0.828125 0.246094 0.826172 0.244141 0.808594 0.244141 0.806641 0.246094 0.794922 0.246094 0.792969 0.244141 0.791016 0.246094 0.785156 0.244141 0.738281 0.244141 0.734375 0.246094
2 0.382812 0.296875 0.369141 0.287109 0.337891 0.283203 0.250000 0.292969 0.156250 0.287109 0.148438 0.292969 0.154297 0.369141 0.097656 0.375000 0.089844 0.404297 0.144531 0.410156 0.369141 0.410156 0.382812 0.394531
2 0.832031 0.410156 0.833984 0.453125 0.841797 0.460938 0.970703 0.460938 0.998047 0.453125 0.998047 0.396484 0.990234 0.396484 0.980469 0.386719 0.865234 0.384766 0.841797 0.392578
2 0.736328 0.410156 0.736328 0.425781 0.742188 0.433594 0.750000 0.433594 0.751953 0.435547 0.789062 0.435547 0.791016 0.433594 0.791016 0.406250 0.781250 0.400391 0.748047 0.400391 0.746094 0.402344 0.742188 0.402344
2 0.128906 0.433594 0.089844 0.433594 0.066406 0.445312 0.070312 0.470703 0.121094 0.470703 0.095703 0.490234 0.103516 0.529297 0.050781 0.535156 0.054688 0.582031 0.109375 0.583984 0.068359 0.591797 0.066406 0.613281 0.078125 0.630859 0.140625 0.621094 0.146484 0.615234 0.144531 0.587891 0.179688 0.566406 0.169922 0.544922 0.171875 0.533203 0.158203 0.527344 0.183594 0.517578 0.181641 0.468750 0.132812 0.470703 0.136719 0.439453
2 0.447266 0.433594 0.441406 0.441406 0.441406 0.464844 0.443359 0.466797 0.443359 0.478516 0.445312 0.480469 0.447266 0.496094 0.453125 0.500000 0.458984 0.500000 0.460938 0.501953 0.476562 0.500000 0.486328 0.496094 0.503906 0.496094 0.509766 0.488281 0.509766 0.447266 0.507812 0.443359 0.492188 0.433594
2 0.449219 0.515625 0.449219 0.521484 0.447266 0.523438 0.447266 0.539062 0.449219 0.541016 0.449219 0.544922 0.453125 0.548828 0.468750 0.548828 0.470703 0.550781 0.492188 0.550781 0.500000 0.544922 0.500000 0.519531 0.501953 0.517578 0.501953 0.509766 0.498047 0.505859 0.474609 0.505859 0.472656 0.507812 0.464844 0.507812
2 0.820312 0.531250 0.763672 0.533203 0.757812 0.541016 0.763672 0.582031 0.759766 0.654297 0.763672 0.669922 0.818359 0.669922 0.835938 0.666016 0.833984 0.615234 0.830078 0.609375 0.828125 0.656250 0.822266 0.656250 0.824219 0.535156
2 0.320312 0.560547 0.310547 0.578125 0.310547 0.605469 0.318359 0.611328 0.349609 0.611328 0.351562 0.677734 0.355469 0.681641 0.396484 0.681641 0.400391 0.677734 0.400391 0.662109 0.390625 0.652344 0.390625 0.597656 0.382812 0.593750 0.363281 0.591797 0.367188 0.585938 0.367188 0.564453 0.363281 0.560547
2 0.550781 0.605469 0.546875 0.601562 0.542969 0.601562 0.541016 0.603516 0.523438 0.603516 0.521484 0.605469 0.515625 0.605469 0.513672 0.607422 0.509766 0.607422 0.505859 0.611328 0.505859 0.630859 0.507812 0.632812 0.507812 0.634766 0.509766 0.636719 0.513672 0.636719 0.515625 0.638672 0.527344 0.638672 0.529297 0.636719 0.544922 0.636719 0.548828 0.632812 0.548828 0.630859 0.550781 0.628906 0.550781 0.626953 0.548828 0.625000 0.548828 0.615234 0.550781 0.613281
2 0.615234 0.625000 0.615234 0.654297 0.625000 0.667969 0.658203 0.669922 0.667969 0.673828 0.669922 0.671875 0.677734 0.671875 0.683594 0.667969 0.689453 0.669922 0.699219 0.662109 0.699219 0.658203 0.703125 0.654297 0.707031 0.656250 0.708984 0.654297 0.708984 0.634766 0.707031 0.632812 0.701172 0.634766 0.685547 0.619141 0.652344 0.619141 0.650391 0.617188 0.632812 0.619141 0.630859 0.617188 0.623047 0.617188
2 0.839844 0.738281 0.833984 0.744141 0.833984 0.773438 0.835938 0.775391 0.857422 0.775391 0.859375 0.777344 0.859375 0.796875 0.863281 0.800781 0.873047 0.800781 0.882812 0.812500 0.896484 0.812500 0.898438 0.810547 0.898438 0.791016 0.896484 0.789062 0.896484 0.744141 0.892578 0.740234 0.878906 0.740234 0.876953 0.738281
2 0.925781 0.740234 0.919922 0.748047 0.919922 0.791016 0.921875 0.792969 0.921875 0.810547 0.923828 0.812500 0.953125 0.812500 0.957031 0.808594 0.957031 0.791016 0.955078 0.789062 0.955078 0.744141 0.951172 0.740234
2 0.523438 0.751953 0.513672 0.781250 0.507812 0.960938 0.525391 0.970703 0.636719 0.968750 0.667969 0.978516 0.707031 0.980469 0.716797 0.917969 0.708984 0.876953 0.720703 0.867188 0.720703 0.814453 0.691406 0.798828 0.689453 0.763672 0.650391 0.750000
2 0.406250 0.757812 0.388672 0.753906 0.359375 0.753906 0.353516 0.757812 0.259766 0.757812 0.255859 0.761719 0.253906 0.824219 0.263672 0.832031 0.328125 0.833984 0.333984 0.830078 0.349609 0.830078 0.355469 0.824219 0.357422 0.845703 0.367188 0.859375 0.373047 0.859375 0.386719 0.849609 0.394531 0.833984 0.394531 0.810547 0.406250 0.796875
2 0.123047 0.763672 0.119141 0.767578 0.119141 0.783203 0.126953 0.789062 0.126953 0.808594 0.128906 0.810547 0.128906 0.818359 0.132812 0.822266 0.138672 0.822266 0.140625 0.824219 0.160156 0.824219 0.164062 0.820312 0.164062 0.804688 0.162109 0.802734 0.164062 0.767578 0.158203 0.761719 0.130859 0.761719 0.128906 0.763672
2 0.759766 0.787109 0.757812 0.818359 0.763672 0.824219 0.806641 0.824219 0.777344 0.828125 0.773438 0.832031 0.773438 0.857422 0.779297 0.865234 0.820312 0.865234 0.869141 0.859375 0.875000 0.855469 0.873047 0.818359 0.865234 0.816406 0.835938 0.822266 0.826172 0.820312 0.828125 0.785156 0.824219 0.781250 0.775391 0.781250
2 0.132812 0.843750 0.132812 0.857422 0.134766 0.859375 0.134766 0.863281 0.136719 0.865234 0.138672 0.871094 0.146484 0.876953 0.173828 0.876953 0.175781 0.875000 0.179688 0.875000 0.183594 0.871094 0.183594 0.841797 0.181641 0.839844 0.179688 0.839844 0.177734 0.837891 0.154297 0.837891 0.152344 0.839844 0.136719 0.839844
2 0.998047 0.910156 0.994141 0.910156 0.992188 0.912109 0.978516 0.912109 0.972656 0.917969 0.974609 0.921875 0.974609 0.925781 0.972656 0.927734 0.943359 0.927734 0.941406 0.929688 0.941406 0.949219 0.947266 0.955078 0.951172 0.955078 0.953125 0.957031 0.976562 0.958984 0.978516 0.960938 0.998047 0.960938
5 0.738281 0.000000 0.705078 0.347656 0.724609 0.699219 0.000000 0.720703 0.001953 0.746094 0.722656 0.722656 0.761719 0.992188 0.744141 0.724609 0.998047 0.699219 0.744141 0.695312
