0 0.923828 0.304688 0.904297 0.314453 0.898438 0.349609 0.876953 0.375000 0.880859 0.402344 0.853516 0.435547 0.865234 0.462891 0.853516 0.490234 0.873047 0.517578 0.855469 0.626953 0.841797 0.648438 0.794922 0.662109 0.812500 0.761719 0.796875 0.800781 0.814453 0.841797 0.992188 0.875000 0.964844 0.998047 0.998047 0.998047 0.998047 0.335938
0 0.208984 0.853516 0.208984 0.865234 0.205078 0.878906 0.205078 0.890625 0.207031 0.892578 0.222656 0.892578 0.226562 0.896484 0.246094 0.896484 0.248047 0.894531 0.250000 0.896484 0.259766 0.896484 0.267578 0.892578 0.294922 0.896484 0.302734 0.888672 0.300781 0.884766 0.302734 0.882812 0.300781 0.876953 0.302734 0.875000 0.300781 0.871094 0.302734 0.869141 0.300781 0.863281 0.302734 0.861328 0.300781 0.857422 0.302734 0.849609 0.296875 0.845703 0.279297 0.845703 0.277344 0.843750 0.259766 0.843750 0.257812 0.841797 0.250000 0.841797 0.248047 0.843750 0.224609 0.841797 0.218750 0.845703 0.216797 0.851562
2 0.033203 0.000000 0.031250 0.003906 0.031250 0.019531 0.044922 0.023438 0.044922 0.037109 0.042969 0.039062 0.041016 0.037109 0.041016 0.027344 0.029297 0.027344 0.025391 0.037109 0.025391 0.050781 0.027344 0.052734 0.037109 0.052734 0.039062 0.050781 0.044922 0.056641 0.050781 0.058594 0.080078 0.060547 0.083984 0.056641 0.085938 0.048828 0.085938 0.037109 0.087891 0.035156 0.087891 0.025391 0.089844 0.023438 0.093750 0.000000
2 0.451172 0.046875 0.451172 0.062500 0.455078 0.070312 0.570312 0.074219 0.572266 0.076172 0.585938 0.074219 0.583984 0.070312 0.585938 0.039062 0.580078 0.037109 0.564453 0.037109 0.550781 0.033203 0.521484 0.035156 0.519531 0.033203 0.462891 0.031250 0.457031 0.035156
2 0.609375 0.037109 0.609375 0.042969 0.611328 0.044922 0.609375 0.046875 0.609375 0.070312 0.609375 0.066406 0.611328 0.064453 0.611328 0.039062
2 0.023438 0.062500 0.021484 0.064453 0.021484 0.072266 0.019531 0.074219 0.019531 0.078125 0.021484 0.080078 0.023438 0.080078 0.025391 0.082031 0.033203 0.082031 0.035156 0.083984 0.039062 0.080078 0.039062 0.076172 0.041016 0.074219 0.041016 0.072266 0.042969 0.070312 0.042969 0.062500 0.037109 0.062500 0.035156 0.060547 0.029297 0.060547 0.027344 0.062500
2 0.105469 0.089844 0.093750 0.099609 0.087891 0.152344 0.115234 0.160156 0.111328 0.169922 0.111328 0.183594 0.113281 0.185547 0.138672 0.185547 0.140625 0.171875 0.146484 0.166016 0.154297 0.166016 0.158203 0.162109 0.162109 0.142578 0.175781 0.128906 0.177734 0.115234 0.173828 0.103516 0.169922 0.097656 0.158203 0.093750 0.132812 0.093750 0.125000 0.089844
2 0.019531 0.093750 0.017578 0.095703 0.017578 0.113281 0.019531 0.115234 0.035156 0.115234 0.037109 0.113281 0.037109 0.105469 0.039062 0.103516 0.039062 0.099609 0.035156 0.095703 0.027344 0.095703 0.025391 0.093750
2 0.017578 0.119141 0.013672 0.123047 0.013672 0.126953 0.011719 0.128906 0.011719 0.134766 0.009766 0.136719 0.009766 0.142578 0.011719 0.144531 0.017578 0.144531 0.019531 0.146484 0.021484 0.146484 0.023438 0.144531 0.029297 0.144531 0.033203 0.140625 0.033203 0.132812 0.031250 0.130859 0.031250 0.126953 0.029297 0.125000 0.029297 0.121094 0.021484 0.121094 0.019531 0.119141
2 0.296875 0.152344 0.296875 0.171875 0.312500 0.171875 0.314453 0.173828 0.312500 0.175781 0.289062 0.175781 0.285156 0.179688 0.285156 0.185547 0.289062 0.193359 0.322266 0.195312 0.332031 0.199219 0.341797 0.199219 0.343750 0.197266 0.353516 0.203125 0.371094 0.203125 0.373047 0.201172 0.375000 0.187500 0.371094 0.183594 0.375000 0.181641 0.378906 0.173828 0.378906 0.152344 0.376953 0.150391 0.357422 0.146484 0.314453 0.144531 0.304688 0.146484
2 0.644531 0.162109 0.644531 0.166016 0.642578 0.167969 0.642578 0.181641 0.640625 0.183594 0.640625 0.199219 0.642578 0.201172 0.652344 0.205078 0.671875 0.205078 0.673828 0.207031 0.685547 0.207031 0.687500 0.205078 0.691406 0.205078 0.695312 0.201172 0.699219 0.203125 0.712891 0.203125 0.714844 0.201172 0.714844 0.160156 0.712891 0.158203 0.708984 0.160156 0.697266 0.160156 0.687500 0.156250 0.660156 0.154297 0.658203 0.156250 0.650391 0.156250
2 0.195312 0.162109 0.195312 0.191406 0.199219 0.201172 0.181641 0.220703 0.181641 0.234375 0.185547 0.238281 0.341797 0.246094 0.341797 0.214844 0.330078 0.207031 0.279297 0.201172 0.267578 0.191406 0.238281 0.191406 0.230469 0.187500 0.273438 0.187500 0.273438 0.173828 0.224609 0.173828 0.214844 0.160156
2 0.742188 0.166016 0.734375 0.175781 0.732422 0.191406 0.730469 0.193359 0.730469 0.205078 0.728516 0.208984 0.730469 0.210938 0.732422 0.230469 0.742188 0.234375 0.761719 0.234375 0.763672 0.236328 0.775391 0.236328 0.777344 0.238281 0.794922 0.238281 0.798828 0.226562 0.800781 0.207031 0.806641 0.191406 0.804688 0.183594 0.792969 0.173828 0.785156 0.171875 0.767578 0.162109 0.751953 0.160156
2 0.398438 0.248047 0.384766 0.269531 0.388672 0.281250 0.410156 0.292969 0.400391 0.302734 0.396484 0.335938 0.423828 0.341797 0.414062 0.349609 0.414062 0.376953 0.421875 0.384766 0.433594 0.382812 0.437500 0.388672 0.433594 0.392578 0.421875 0.388672 0.421875 0.400391 0.453125 0.404297 0.458984 0.347656 0.427734 0.341797 0.476562 0.335938 0.480469 0.261719 0.486328 0.259766 0.472656 0.250000
2 0.630859 0.255859 0.626953 0.267578 0.626953 0.285156 0.630859 0.291016 0.630859 0.314453 0.640625 0.318359 0.664062 0.320312 0.673828 0.324219 0.683594 0.324219 0.697266 0.328125 0.701172 0.324219 0.701172 0.308594 0.705078 0.302734 0.712891 0.302734 0.720703 0.294922 0.722656 0.283203 0.708984 0.275391 0.695312 0.263672 0.669922 0.253906 0.642578 0.251953
2 0.179688 0.277344 0.056641 0.271484 0.048828 0.283203 0.042969 0.263672 0.000000 0.253906 0.000000 0.500000 0.041016 0.304688 0.042969 0.343750 0.107422 0.337891 0.126953 0.316406 0.169922 0.316406 0.183594 0.300781
2 0.187500 0.281250 0.187500 0.287109 0.189453 0.289062 0.189453 0.300781 0.195312 0.310547 0.195312 0.318359 0.193359 0.320312 0.195312 0.324219 0.199219 0.326172 0.214844 0.326172 0.216797 0.328125 0.248047 0.328125 0.250000 0.326172 0.250000 0.314453 0.253906 0.310547 0.253906 0.292969 0.255859 0.291016 0.255859 0.287109 0.251953 0.281250 0.248047 0.279297 0.230469 0.279297 0.228516 0.277344 0.203125 0.277344 0.201172 0.279297 0.189453 0.279297
2 0.310547 0.320312 0.310547 0.345703 0.312500 0.345703 0.314453 0.347656 0.341797 0.347656 0.343750 0.345703 0.343750 0.333984 0.345703 0.332031 0.345703 0.322266 0.343750 0.320312 0.330078 0.320312 0.328125 0.318359 0.314453 0.318359 0.312500 0.320312
2 0.712891 0.337891 0.708984 0.341797 0.708984 0.343750 0.703125 0.349609 0.703125 0.351562 0.701172 0.353516 0.701172 0.367188 0.703125 0.369141 0.714844 0.369141 0.716797 0.371094 0.736328 0.371094 0.736328 0.363281 0.738281 0.361328 0.738281 0.339844 0.736328 0.337891 0.722656 0.337891 0.720703 0.335938 0.716797 0.335938 0.714844 0.337891
2 0.300781 0.359375 0.300781 0.384766 0.302734 0.386719 0.316406 0.386719 0.318359 0.388672 0.355469 0.388672 0.363281 0.384766 0.365234 0.380859 0.365234 0.365234 0.363281 0.361328 0.359375 0.359375 0.353516 0.359375 0.351562 0.357422 0.326172 0.357422 0.324219 0.355469 0.304688 0.355469
2 0.589844 0.402344 0.597656 0.406250 0.656250 0.408203 0.662109 0.404297 0.662109 0.382812 0.664062 0.380859 0.666016 0.382812 0.666016 0.408203 0.671875 0.412109 0.689453 0.414062 0.695312 0.410156 0.695312 0.380859 0.691406 0.376953 0.669922 0.375000 0.664062 0.378906 0.660156 0.375000 0.644531 0.371094 0.601562 0.373047 0.595703 0.376953 0.599609 0.380859 0.597656 0.394531
2 0.326172 0.449219 0.306641 0.449219 0.304688 0.451172 0.302734 0.451172 0.294922 0.458984 0.292969 0.468750 0.291016 0.470703 0.289062 0.476562 0.285156 0.480469 0.285156 0.488281 0.283203 0.490234 0.283203 0.494141 0.285156 0.496094 0.285156 0.498047 0.289062 0.498047 0.291016 0.500000 0.316406 0.500000 0.318359 0.498047 0.324219 0.498047 0.328125 0.494141 0.328125 0.470703 0.330078 0.468750 0.330078 0.453125
2 0.167969 0.648438 0.167969 0.687500 0.169922 0.691406 0.173828 0.689453 0.181641 0.689453 0.189453 0.699219 0.199219 0.699219 0.201172 0.701172 0.234375 0.701172 0.238281 0.697266 0.238281 0.689453 0.240234 0.687500 0.240234 0.666016 0.238281 0.662109 0.224609 0.662109 0.220703 0.656250 0.220703 0.650391 0.214844 0.646484 0.205078 0.646484 0.203125 0.644531 0.173828 0.644531
2 0.253906 0.681641 0.253906 0.683594 0.251953 0.685547 0.251953 0.703125 0.253906 0.705078 0.259766 0.705078 0.261719 0.707031 0.275391 0.707031 0.277344 0.705078 0.279297 0.705078 0.279297 0.683594 0.277344 0.681641
2 0.003906 0.738281 0.000000 0.751953 0.000000 0.820312 0.013672 0.822266 0.017578 0.828125 0.013672 0.859375 0.019531 0.863281 0.103516 0.871094 0.119141 0.876953 0.134766 0.875000 0.140625 0.857422 0.148438 0.753906
2 0.150391 0.826172 0.146484 0.832031 0.146484 0.867188 0.144531 0.869141 0.146484 0.876953 0.154297 0.884766 0.160156 0.884766 0.162109 0.886719 0.173828 0.886719 0.175781 0.888672 0.197266 0.888672 0.201172 0.880859 0.201172 0.871094 0.203125 0.869141 0.203125 0.859375 0.205078 0.857422 0.205078 0.832031 0.203125 0.830078 0.173828 0.830078 0.164062 0.826172
2 0.785156 0.845703 0.763672 0.908203 0.759766 0.964844 0.765625 0.972656 0.888672 0.998047 0.955078 0.998047 0.964844 0.937500 0.982422 0.898438 0.982422 0.880859 0.802734 0.841797
2 0.078125 0.892578 0.076172 0.894531 0.076172 0.904297 0.074219 0.906250 0.074219 0.919922 0.072266 0.921875 0.072266 0.929688 0.070312 0.931641 0.074219 0.941406 0.082031 0.947266 0.093750 0.947266 0.095703 0.949219 0.115234 0.949219 0.117188 0.947266 0.117188 0.939453 0.119141 0.937500 0.119141 0.929688 0.121094 0.927734 0.121094 0.912109 0.123047 0.910156 0.123047 0.904297 0.126953 0.900391 0.117188 0.892578 0.107422 0.892578 0.099609 0.888672 0.087891 0.890625 0.085938 0.892578
2 0.263672 0.896484 0.261719 0.910156 0.255859 0.917969 0.244141 0.919922 0.242188 0.921875 0.234375 0.919922 0.236328 0.923828 0.242188 0.925781 0.242188 0.931641 0.236328 0.935547 0.236328 0.945312 0.234375 0.947266 0.236328 0.955078 0.234375 0.958984 0.236328 0.960938 0.236328 0.966797 0.242188 0.968750 0.279297 0.970703 0.287109 0.958984 0.291016 0.947266 0.291016 0.931641 0.292969 0.929688 0.292969 0.917969 0.296875 0.910156 0.296875 0.900391 0.294922 0.898438 0.285156 0.898438 0.283203 0.896484
4 0.216797 0.015625 0.212891 0.037109 0.218750 0.046875 0.220703 0.130859 0.261719 0.136719 0.378906 0.138672 0.382812 0.134766 0.384766 0.023438 0.300781 0.013672
4 0.855469 0.410156 0.755859 0.447266 0.542969 0.466797 0.347656 0.531250 0.318359 0.998047 0.513672 0.998047 0.525391 0.970703 0.630859 0.998047 0.753906 0.996094 0.759766 0.906250 0.794922 0.832031 0.802734 0.763672 0.785156 0.658203 0.843750 0.636719 0.865234 0.566406 0.839844 0.476562
5 0.648438 0.000000 0.603516 0.097656 0.554688 0.433594 0.326172 0.503906 0.292969 0.998047 0.320312 0.968750 0.343750 0.519531 0.544922 0.462891 0.755859 0.445312 0.873047 0.398438 0.859375 0.380859 0.750000 0.423828 0.578125 0.431641
6 0.832031 0.089844 0.808594 0.234375 0.833984 0.246094 0.830078 0.253906 0.837891 0.261719 0.847656 0.261719 0.855469 0.269531 0.861328 0.263672 0.878906 0.275391 0.894531 0.267578 0.951172 0.283203 0.996094 0.271484 0.998047 0.107422 0.947266 0.091797 0.927734 0.095703
6 0.064453 0.355469 0.044922 0.429688 0.056641 0.431641 0.054688 0.441406 0.046875 0.439453 0.056641 0.451172 0.039062 0.625000 0.021484 0.714844 0.033203 0.734375 0.121094 0.742188 0.130859 0.730469 0.130859 0.619141 0.162109 0.621094 0.179688 0.392578 0.175781 0.376953 0.154297 0.361328
