0 0.000000 0.998047 0.291016 0.998047 0.289062 0.894531 0.332031 0.820312 0.304688 0.789062 0.353516 0.740234 0.738281 0.683594 0.767578 0.660156 0.947266 0.656250 0.968750 0.568359 0.943359 0.537109 0.945312 0.437500 0.617188 0.488281 0.330078 0.564453 0.193359 0.437500 0.001953 0.488281
1 0.384766 0.035156 0.375000 0.015625 0.359375 0.011719 0.283203 0.011719 0.205078 0.025391 0.000000 0.029297 0.000000 0.070312 0.107422 0.072266 0.125000 0.054688 0.152344 0.056641 0.175781 0.074219 0.283203 0.064453 0.324219 0.068359 0.378906 0.060547
1 0.470703 0.033203 0.470703 0.041016 0.472656 0.042969 0.472656 0.056641 0.464844 0.066406 0.464844 0.074219 0.470703 0.080078 0.478516 0.083984 0.484375 0.083984 0.486328 0.085938 0.498047 0.087891 0.500000 0.089844 0.521484 0.087891 0.523438 0.085938 0.527344 0.085938 0.531250 0.082031 0.531250 0.076172 0.527344 0.068359 0.527344 0.046875 0.521484 0.037109 0.511719 0.033203 0.507812 0.033203 0.505859 0.035156 0.496094 0.031250 0.472656 0.031250
1 0.320312 0.179688 0.316406 0.187500 0.316406 0.195312 0.324219 0.210938 0.339844 0.212891 0.351562 0.226562 0.357422 0.226562 0.359375 0.228516 0.371094 0.228516 0.371094 0.220703 0.373047 0.218750 0.380859 0.218750 0.382812 0.220703 0.394531 0.222656 0.396484 0.218750 0.396484 0.193359 0.392578 0.189453 0.388672 0.189453 0.375000 0.179688 0.359375 0.175781 0.343750 0.167969 0.332031 0.167969 0.328125 0.169922
1 0.902344 0.917969 0.894531 0.908203 0.863281 0.898438 0.757812 0.923828 0.724609 0.923828 0.673828 0.939453 0.603516 0.947266 0.589844 0.957031 0.589844 0.994141 0.855469 0.998047 0.867188 0.984375 0.906250 0.974609 0.900391 0.955078
4 0.552734 0.175781 0.568359 0.187500 0.580078 0.189453 0.593750 0.199219 0.599609 0.199219 0.609375 0.189453 0.666016 0.191406 0.683594 0.199219 0.705078 0.203125 0.712891 0.201172 0.712891 0.177734 0.693359 0.136719 0.685547 0.130859 0.675781 0.128906 0.662109 0.130859 0.636719 0.126953 0.593750 0.138672 0.572266 0.138672 0.566406 0.144531 0.562500 0.162109
4 0.123047 0.142578 0.091797 0.134766 0.041016 0.138672 0.023438 0.132812 0.000000 0.132812 0.000000 0.339844 0.013672 0.343750 0.029297 0.337891 0.035156 0.310547 0.050781 0.291016 0.060547 0.267578 0.113281 0.205078 0.128906 0.173828 0.126953 0.146484
4 0.638672 0.275391 0.513672 0.214844 0.457031 0.308594 0.341797 0.550781 0.431641 0.541016 0.544922 0.513672 0.630859 0.324219 0.642578 0.287109
4 0.265625 0.240234 0.218750 0.273438 0.134766 0.396484 0.142578 0.408203 0.226562 0.431641 0.285156 0.507812 0.326172 0.542969 0.349609 0.507812 0.445312 0.292969
4 0.787109 0.259766 0.785156 0.257812 0.726562 0.257812 0.697266 0.263672 0.685547 0.271484 0.673828 0.287109 0.662109 0.312500 0.662109 0.326172 0.664062 0.328125 0.683594 0.328125 0.707031 0.322266 0.718750 0.322266 0.742188 0.314453 0.781250 0.308594 0.787109 0.300781 0.787109 0.273438 0.789062 0.271484
4 0.089844 0.263672 0.076172 0.275391 0.056641 0.300781 0.046875 0.326172 0.039062 0.332031 0.031250 0.347656 0.033203 0.357422 0.060547 0.367188 0.097656 0.390625 0.115234 0.396484 0.128906 0.380859 0.162109 0.326172 0.166016 0.308594 0.160156 0.300781 0.142578 0.292969 0.103516 0.265625
4 0.873047 0.320312 0.857422 0.314453 0.839844 0.332031 0.808594 0.332031 0.796875 0.320312 0.783203 0.318359 0.773438 0.326172 0.716797 0.328125 0.640625 0.345703 0.580078 0.472656 0.580078 0.490234 0.621094 0.476562 0.662109 0.488281 0.687500 0.472656 0.757812 0.470703 0.894531 0.433594 0.896484 0.414062 0.882812 0.394531 0.884766 0.367188 0.873047 0.341797
4 0.904297 0.677734 0.876953 0.660156 0.775391 0.669922 0.738281 0.691406 0.345703 0.751953 0.312500 0.791016 0.337891 0.822266 0.289062 0.906250 0.298828 0.998047 0.589844 0.998047 0.574219 0.962891 0.611328 0.939453 0.888672 0.888672 0.865234 0.878906 0.876953 0.869141 0.865234 0.845703 0.886719 0.824219 0.873047 0.798828 0.873047 0.716797 0.902344 0.716797
4 0.886719 0.726562 0.886719 0.728516 0.888672 0.728516 0.888672 0.726562
4 0.998047 0.853516 0.996094 0.855469 0.998047 0.857422
4 0.996094 0.869141 0.994141 0.871094 0.998047 0.875000 0.998047 0.869141
4 0.998047 0.880859 0.992188 0.886719 0.994141 0.888672 0.996094 0.888672 0.998047 0.890625
4 0.888672 0.900391 0.886719 0.900391 0.886719 0.902344
4 0.998047 0.898438 0.994141 0.902344 0.996094 0.904297 0.998047 0.904297
