0 0.621094 0.046875 0.615234 0.056641 0.617188 0.085938 0.623047 0.097656 0.632812 0.105469 0.634766 0.115234 0.662109 0.115234 0.673828 0.119141 0.687500 0.119141 0.691406 0.115234 0.693359 0.109375 0.689453 0.097656 0.689453 0.068359 0.685547 0.068359 0.669922 0.060547 0.666016 0.056641 0.650391 0.050781 0.646484 0.046875
0 0.783203 0.175781 0.777344 0.189453 0.775391 0.201172 0.767578 0.214844 0.769531 0.224609 0.781250 0.228516 0.792969 0.240234 0.802734 0.246094 0.824219 0.248047 0.833984 0.244141 0.853516 0.244141 0.857422 0.240234 0.857422 0.228516 0.863281 0.216797 0.855469 0.193359 0.857422 0.173828 0.837891 0.171875 0.822266 0.175781 0.818359 0.171875 0.802734 0.167969 0.798828 0.171875 0.791016 0.171875
0 0.498047 0.193359 0.482422 0.193359 0.484375 0.201172 0.476562 0.203125 0.476562 0.208984 0.482422 0.214844 0.474609 0.218750 0.472656 0.228516 0.466797 0.232422 0.458984 0.232422 0.439453 0.244141 0.423828 0.271484 0.423828 0.279297 0.437500 0.296875 0.451172 0.333984 0.457031 0.335938 0.480469 0.333984 0.490234 0.324219 0.492188 0.289062 0.503906 0.277344 0.501953 0.250000 0.505859 0.240234 0.505859 0.205078 0.503906 0.197266
0 0.951172 0.570312 0.935547 0.585938 0.935547 0.605469 0.939453 0.613281 0.945312 0.640625 0.964844 0.652344 0.984375 0.675781 0.996094 0.677734 0.998047 0.675781 0.998047 0.570312 0.992188 0.568359 0.957031 0.568359
0 0.000000 0.660156 0.000000 0.998047 0.455078 0.998047 0.220703 0.742188 0.119141 0.681641
1 0.091797 0.324219 0.087891 0.667969 0.234375 0.746094 0.462891 0.998047 0.814453 0.994141 0.667969 0.728516 0.496094 0.500000 0.269531 0.345703 0.183594 0.320312
1 0.000000 0.324219 0.000000 0.654297 0.021484 0.656250 0.025391 0.652344 0.021484 0.582031 0.007812 0.476562 0.019531 0.431641 0.027344 0.330078
2 0.652344 0.013672 0.648438 0.021484 0.648438 0.029297 0.644531 0.035156 0.644531 0.041016 0.646484 0.044922 0.664062 0.052734 0.667969 0.056641 0.673828 0.058594 0.681641 0.064453 0.695312 0.064453 0.699219 0.060547 0.699219 0.015625 0.697266 0.013672 0.689453 0.013672 0.687500 0.011719 0.656250 0.011719
2 0.833984 0.013672 0.832031 0.015625 0.832031 0.025391 0.830078 0.027344 0.830078 0.037109 0.828125 0.039062 0.828125 0.042969 0.824219 0.046875 0.820312 0.042969 0.820312 0.039062 0.818359 0.037109 0.816406 0.039062 0.816406 0.046875 0.814453 0.048828 0.814453 0.066406 0.816406 0.068359 0.824219 0.068359 0.826172 0.070312 0.833984 0.070312 0.835938 0.072266 0.853516 0.072266 0.853516 0.048828 0.855469 0.046875 0.855469 0.039062 0.859375 0.033203 0.859375 0.019531 0.853516 0.015625 0.847656 0.015625 0.845703 0.013672
2 0.615234 0.044922 0.556641 0.050781 0.542969 0.027344 0.503906 0.039062 0.468750 0.033203 0.460938 0.046875 0.439453 0.035156 0.419922 0.056641 0.404297 0.041016 0.289062 0.046875 0.289062 0.099609 0.357422 0.101562 0.291016 0.103516 0.291016 0.128906 0.375000 0.130859 0.373047 0.103516 0.421875 0.099609 0.423828 0.068359 0.435547 0.121094 0.429688 0.197266 0.443359 0.240234 0.468750 0.228516 0.478516 0.177734 0.474609 0.142578 0.455078 0.119141 0.466797 0.089844 0.500000 0.097656 0.501953 0.076172 0.511719 0.210938 0.556641 0.210938 0.554688 0.107422 0.615234 0.095703
2 0.138672 0.031250 0.136719 0.033203 0.136719 0.068359 0.140625 0.070312 0.152344 0.070312 0.156250 0.074219 0.156250 0.080078 0.164062 0.085938 0.173828 0.085938 0.179688 0.089844 0.179688 0.093750 0.183594 0.093750 0.185547 0.085938 0.189453 0.080078 0.195312 0.076172 0.195312 0.054688 0.197266 0.052734 0.195312 0.041016 0.191406 0.037109 0.187500 0.037109 0.185547 0.035156 0.156250 0.033203 0.154297 0.031250
2 0.000000 0.070312 0.000000 0.115234 0.001953 0.117188 0.007812 0.117188 0.013672 0.121094 0.019531 0.121094 0.021484 0.123047 0.041016 0.123047 0.044922 0.119141 0.044922 0.078125 0.037109 0.074219 0.033203 0.076172 0.013672 0.076172 0.005859 0.070312
2 0.718750 0.076172 0.718750 0.080078 0.710938 0.087891 0.708984 0.095703 0.708984 0.126953 0.710938 0.128906 0.736328 0.130859 0.744141 0.134766 0.794922 0.142578 0.798828 0.121094 0.806641 0.101562 0.806641 0.087891 0.796875 0.083984 0.769531 0.080078 0.740234 0.070312 0.726562 0.070312
2 0.085938 0.103516 0.085938 0.125000 0.087891 0.126953 0.087891 0.128906 0.089844 0.128906 0.091797 0.130859 0.119141 0.130859 0.121094 0.132812 0.123047 0.130859 0.130859 0.130859 0.132812 0.128906 0.132812 0.105469 0.130859 0.103516 0.125000 0.103516 0.123047 0.101562 0.087891 0.101562
2 0.636719 0.117188 0.634766 0.119141 0.634766 0.130859 0.632812 0.132812 0.632812 0.169922 0.636719 0.175781 0.636719 0.179688 0.640625 0.183594 0.683594 0.183594 0.687500 0.179688 0.687500 0.126953 0.681641 0.123047 0.675781 0.123047 0.673828 0.121094 0.662109 0.119141 0.660156 0.117188
2 0.900391 0.138672 0.898438 0.167969 0.941406 0.173828 0.955078 0.169922 0.964844 0.216797 0.933594 0.218750 0.929688 0.242188 0.886719 0.236328 0.878906 0.261719 0.878906 0.294922 0.916016 0.318359 0.933594 0.316406 0.980469 0.326172 0.998047 0.265625 0.998047 0.232422 0.992188 0.228516 0.998047 0.226562 0.998047 0.132812 0.951172 0.132812 0.949219 0.146484
2 0.199219 0.152344 0.195312 0.154297 0.191406 0.166016 0.181641 0.177734 0.177734 0.195312 0.166016 0.220703 0.166016 0.226562 0.181641 0.234375 0.195312 0.234375 0.203125 0.242188 0.232422 0.248047 0.236328 0.242188 0.238281 0.230469 0.242188 0.226562 0.244141 0.212891 0.250000 0.203125 0.251953 0.179688 0.232422 0.169922 0.220703 0.169922 0.208984 0.166016
2 0.267578 0.175781 0.263672 0.179688 0.261719 0.195312 0.253906 0.210938 0.251953 0.224609 0.246094 0.240234 0.246094 0.253906 0.285156 0.265625 0.296875 0.273438 0.308594 0.275391 0.314453 0.269531 0.332031 0.238281 0.335938 0.226562 0.333984 0.203125 0.328125 0.197266 0.291016 0.183594 0.279297 0.175781
2 0.562500 0.232422 0.564453 0.242188 0.568359 0.248047 0.574219 0.251953 0.578125 0.259766 0.626953 0.259766 0.628906 0.257812 0.654297 0.257812 0.656250 0.255859 0.656250 0.251953 0.650391 0.240234 0.650391 0.214844 0.648438 0.212891 0.634766 0.212891 0.632812 0.210938 0.601562 0.210938 0.591797 0.214844 0.582031 0.214844 0.580078 0.216797 0.574219 0.216797 0.566406 0.224609
2 0.382812 0.236328 0.375000 0.238281 0.373047 0.242188 0.373047 0.255859 0.357422 0.277344 0.351562 0.291016 0.351562 0.296875 0.373047 0.312500 0.378906 0.312500 0.382812 0.308594 0.392578 0.287109 0.400391 0.279297 0.406250 0.269531 0.406250 0.263672 0.404297 0.259766 0.392578 0.248047 0.390625 0.242188
2 0.710938 0.263672 0.705078 0.263672 0.697266 0.259766 0.671875 0.259766 0.669922 0.261719 0.642578 0.261719 0.640625 0.263672 0.625000 0.263672 0.621094 0.265625 0.615234 0.273438 0.615234 0.300781 0.619141 0.316406 0.626953 0.326172 0.634766 0.324219 0.646484 0.326172 0.648438 0.324219 0.662109 0.324219 0.664062 0.320312 0.671875 0.320312 0.685547 0.314453 0.710938 0.308594 0.714844 0.300781 0.714844 0.283203 0.712891 0.281250
2 0.591797 0.263672 0.548828 0.265625 0.537109 0.275391 0.537109 0.279297 0.541016 0.283203 0.542969 0.289062 0.542969 0.316406 0.544922 0.316406 0.546875 0.312500 0.550781 0.318359 0.550781 0.333984 0.554688 0.335938 0.568359 0.335938 0.580078 0.330078 0.593750 0.330078 0.599609 0.326172 0.595703 0.314453 0.595703 0.306641 0.593750 0.304688 0.593750 0.294922 0.591797 0.292969 0.593750 0.287109 0.593750 0.273438 0.595703 0.271484 0.595703 0.267578
2 0.515625 0.287109 0.515625 0.291016 0.517578 0.292969 0.513672 0.298828 0.513672 0.302734 0.507812 0.306641 0.503906 0.306641 0.501953 0.308594 0.500000 0.308594 0.500000 0.310547 0.498047 0.312500 0.498047 0.324219 0.500000 0.326172 0.500000 0.330078 0.503906 0.335938 0.503906 0.341797 0.507812 0.347656 0.515625 0.347656 0.517578 0.345703 0.521484 0.345703 0.523438 0.343750 0.525391 0.343750 0.525391 0.337891 0.523438 0.335938 0.523438 0.318359 0.521484 0.316406 0.521484 0.306641 0.519531 0.304688 0.519531 0.294922 0.517578 0.292969
2 0.732422 0.361328 0.732422 0.419922 0.730469 0.421875 0.732422 0.429688 0.748047 0.433594 0.750000 0.431641 0.802734 0.431641 0.816406 0.427734 0.835938 0.427734 0.837891 0.429688 0.845703 0.427734 0.843750 0.394531 0.824219 0.376953 0.816406 0.365234 0.798828 0.359375 0.794922 0.361328 0.734375 0.359375
2 0.628906 0.376953 0.619141 0.373047 0.605469 0.375000 0.597656 0.380859 0.591797 0.380859 0.582031 0.386719 0.548828 0.392578 0.533203 0.400391 0.527344 0.406250 0.527344 0.416016 0.541016 0.443359 0.560547 0.462891 0.572266 0.464844 0.589844 0.455078 0.595703 0.455078 0.607422 0.449219 0.615234 0.449219 0.623047 0.443359 0.628906 0.443359 0.640625 0.437500 0.642578 0.427734 0.638672 0.421875 0.634766 0.384766
2 0.902344 0.394531 0.890625 0.398438 0.884766 0.406250 0.880859 0.423828 0.882812 0.425781 0.880859 0.427734 0.882812 0.431641 0.880859 0.451172 0.884766 0.460938 0.882812 0.462891 0.884766 0.464844 0.882812 0.484375 0.886719 0.501953 0.892578 0.509766 0.908203 0.513672 0.923828 0.507812 0.939453 0.490234 0.941406 0.482422 0.939453 0.480469 0.949219 0.460938 0.947266 0.458984 0.949219 0.421875 0.941406 0.406250 0.929688 0.402344 0.919922 0.406250 0.914062 0.398438
2 0.669922 0.447266 0.671875 0.474609 0.679688 0.482422 0.693359 0.480469 0.757812 0.482422 0.775391 0.478516 0.798828 0.478516 0.804688 0.472656 0.800781 0.453125 0.802734 0.439453 0.783203 0.439453 0.775391 0.445312 0.757812 0.445312 0.744141 0.441406 0.740234 0.443359 0.720703 0.441406 0.710938 0.437500 0.681641 0.437500 0.673828 0.439453
2 0.675781 0.494141 0.675781 0.501953 0.677734 0.503906 0.677734 0.507812 0.679688 0.509766 0.679688 0.511719 0.683594 0.515625 0.689453 0.515625 0.691406 0.513672 0.703125 0.513672 0.705078 0.511719 0.712891 0.511719 0.716797 0.507812 0.716797 0.496094 0.714844 0.494141 0.714844 0.492188 0.712891 0.492188 0.710938 0.490234 0.701172 0.490234 0.699219 0.492188 0.685547 0.492188 0.683594 0.490234 0.677734 0.490234 0.677734 0.492188
2 0.638672 0.505859 0.636719 0.507812 0.636719 0.511719 0.638672 0.513672 0.638672 0.517578 0.640625 0.519531 0.640625 0.521484 0.644531 0.525391 0.644531 0.527344 0.650391 0.533203 0.650391 0.535156 0.658203 0.542969 0.666016 0.542969 0.675781 0.533203 0.675781 0.531250 0.673828 0.529297 0.673828 0.523438 0.671875 0.521484 0.671875 0.519531 0.667969 0.515625 0.666016 0.515625 0.664062 0.513672 0.664062 0.511719 0.656250 0.501953 0.650391 0.501953 0.648438 0.503906 0.642578 0.503906 0.640625 0.505859
2 0.746094 0.544922 0.744141 0.544922 0.742188 0.546875 0.736328 0.546875 0.734375 0.548828 0.728516 0.548828 0.726562 0.550781 0.722656 0.550781 0.718750 0.554688 0.718750 0.587891 0.722656 0.591797 0.730469 0.591797 0.732422 0.589844 0.742188 0.589844 0.744141 0.587891 0.750000 0.587891 0.755859 0.583984 0.755859 0.582031 0.757812 0.580078 0.757812 0.576172 0.755859 0.574219 0.755859 0.568359 0.753906 0.566406 0.753906 0.562500 0.750000 0.556641 0.750000 0.550781
2 0.980469 0.552734 0.964844 0.546875 0.955078 0.546875 0.939453 0.558594 0.923828 0.566406 0.916016 0.564453 0.910156 0.568359 0.917969 0.601562 0.929688 0.615234 0.933594 0.623047 0.935547 0.623047 0.933594 0.597656 0.931641 0.595703 0.933594 0.585938 0.937500 0.583984 0.947266 0.570312 0.957031 0.566406 0.966797 0.566406 0.972656 0.560547 0.978516 0.558594
2 0.650391 0.560547 0.650391 0.568359 0.652344 0.570312 0.656250 0.580078 0.666016 0.591797 0.681641 0.591797 0.683594 0.589844 0.699219 0.589844 0.699219 0.576172 0.697266 0.574219 0.697266 0.570312 0.695312 0.568359 0.695312 0.556641 0.693359 0.554688 0.669922 0.554688 0.667969 0.556641 0.660156 0.556641 0.658203 0.558594 0.652344 0.558594
2 0.855469 0.574219 0.765625 0.591797 0.763672 0.615234 0.748047 0.621094 0.767578 0.658203 0.820312 0.650391 0.781250 0.664062 0.779297 0.675781 0.789062 0.695312 0.808594 0.697266 0.818359 0.716797 0.843750 0.720703 0.822266 0.724609 0.822266 0.753906 0.832031 0.767578 0.878906 0.757812 0.898438 0.748047 0.898438 0.738281 0.880859 0.716797 0.890625 0.707031 0.882812 0.671875 0.884766 0.650391 0.878906 0.642578 0.855469 0.638672 0.861328 0.613281
2 0.724609 0.601562 0.716797 0.601562 0.710938 0.605469 0.697266 0.607422 0.695312 0.609375 0.683594 0.609375 0.675781 0.613281 0.673828 0.634766 0.679688 0.640625 0.691406 0.666016 0.697266 0.671875 0.707031 0.671875 0.720703 0.666016 0.726562 0.666016 0.732422 0.662109 0.757812 0.658203 0.757812 0.652344 0.748047 0.640625 0.744141 0.630859 0.740234 0.626953 0.740234 0.623047
2 0.714844 0.687500 0.712891 0.691406 0.714844 0.699219 0.736328 0.732422 0.748047 0.738281 0.746094 0.740234 0.748047 0.753906 0.767578 0.779297 0.773438 0.781250 0.824219 0.767578 0.818359 0.750000 0.810547 0.740234 0.804688 0.724609 0.794922 0.722656 0.783203 0.728516 0.781250 0.726562 0.783203 0.718750 0.773438 0.707031 0.763672 0.681641 0.750000 0.679688 0.742188 0.687500 0.730469 0.679688
2 0.949219 0.841797 0.949219 0.861328 0.951172 0.863281 0.951172 0.876953 0.953125 0.878906 0.998047 0.878906 0.998047 0.839844 0.994141 0.835938 0.984375 0.835938 0.982422 0.833984 0.964844 0.833984 0.962891 0.835938 0.953125 0.835938
2 0.810547 0.841797 0.810547 0.853516 0.814453 0.859375 0.878906 0.859375 0.880859 0.857422 0.880859 0.853516 0.878906 0.851562 0.878906 0.839844 0.876953 0.837891 0.839844 0.837891 0.837891 0.839844 0.820312 0.839844 0.818359 0.841797
2 0.839844 0.894531 0.839844 0.900391 0.841797 0.902344 0.841797 0.906250 0.847656 0.914062 0.861328 0.943359 0.863281 0.943359 0.865234 0.945312 0.869141 0.945312 0.875000 0.941406 0.878906 0.941406 0.880859 0.939453 0.884766 0.939453 0.886719 0.937500 0.884766 0.927734 0.880859 0.921875 0.880859 0.914062 0.878906 0.912109 0.878906 0.894531 0.875000 0.894531 0.873047 0.892578 0.845703 0.892578 0.843750 0.894531
2 0.917969 0.896484 0.917969 0.910156 0.923828 0.933594 0.904297 0.937500 0.902344 0.951172 0.908203 0.972656 0.910156 0.974609 0.933594 0.974609 0.955078 0.970703 0.957031 0.962891 0.951172 0.949219 0.951172 0.933594 0.935547 0.929688 0.937500 0.927734 0.968750 0.927734 0.972656 0.925781 0.982422 0.914062 0.982422 0.900391 0.980469 0.898438 0.941406 0.898438 0.937500 0.900391
5 0.000000 0.238281 0.003906 0.275391 0.265625 0.300781 0.474609 0.427734 0.835938 0.996094 0.875000 0.998047 0.742188 0.742188 0.501953 0.398438 0.794922 0.332031 0.996094 0.373047 0.998047 0.332031 0.789062 0.294922 0.460938 0.369141 0.267578 0.261719
