1 0.654297 0.011719 0.566406 0.009766 0.527344 0.058594 0.542969 0.064453 0.525391 0.068359 0.457031 0.167969 0.447266 0.210938 0.427734 0.214844 0.408203 0.248047 0.283203 0.289062 0.009766 0.341797 0.000000 0.419922 0.078125 0.431641 0.400391 0.330078 0.363281 0.314453 0.431641 0.314453 0.509766 0.244141 0.621094 0.070312 0.656250 0.052734
1 0.019531 0.439453 0.021484 0.441406 0.025391 0.441406 0.027344 0.443359 0.029297 0.443359 0.031250 0.441406 0.037109 0.441406 0.039062 0.439453 0.048828 0.439453 0.050781 0.437500 0.025391 0.437500 0.023438 0.439453
1 0.363281 0.765625 0.361328 0.767578 0.357422 0.767578 0.353516 0.771484 0.353516 0.775391 0.351562 0.777344 0.353516 0.779297 0.353516 0.783203 0.357422 0.787109 0.361328 0.787109 0.363281 0.789062 0.365234 0.787109 0.369141 0.787109 0.373047 0.783203 0.373047 0.779297 0.375000 0.777344 0.373047 0.775391 0.373047 0.771484 0.369141 0.767578 0.365234 0.767578
2 0.732422 0.115234 0.744141 0.117188 0.748047 0.125000 0.750000 0.123047 0.759766 0.128906 0.767578 0.128906 0.775391 0.123047 0.802734 0.123047 0.814453 0.115234 0.824219 0.113281 0.855469 0.113281 0.871094 0.105469 0.869141 0.087891 0.861328 0.074219 0.859375 0.062500 0.853516 0.056641 0.820312 0.058594 0.792969 0.066406 0.779297 0.052734 0.767578 0.052734 0.755859 0.058594 0.755859 0.074219 0.742188 0.089844 0.740234 0.097656 0.734375 0.103516
2 0.867188 0.142578 0.859375 0.142578 0.857422 0.144531 0.851562 0.144531 0.849609 0.146484 0.835938 0.146484 0.833984 0.148438 0.833984 0.171875 0.835938 0.173828 0.835938 0.177734 0.837891 0.179688 0.855469 0.179688 0.857422 0.177734 0.869141 0.177734 0.871094 0.175781 0.871094 0.150391 0.869141 0.148438 0.869141 0.144531
2 0.937500 0.193359 0.935547 0.195312 0.935547 0.226562 0.937500 0.228516 0.937500 0.236328 0.943359 0.250000 0.945312 0.251953 0.974609 0.251953 0.976562 0.253906 0.988281 0.255859 0.992188 0.259766 0.998047 0.259766 0.998047 0.199219 0.994141 0.197266 0.990234 0.199219 0.970703 0.199219 0.968750 0.197266 0.955078 0.197266 0.953125 0.195312
2 0.652344 0.339844 0.648438 0.343750 0.648438 0.345703 0.646484 0.347656 0.646484 0.351562 0.654297 0.359375 0.654297 0.361328 0.658203 0.365234 0.662109 0.365234 0.664062 0.367188 0.675781 0.367188 0.679688 0.363281 0.679688 0.361328 0.681641 0.359375 0.681641 0.349609 0.679688 0.347656 0.679688 0.345703 0.675781 0.341797 0.669922 0.341797 0.667969 0.339844
2 0.437500 0.382812 0.439453 0.388672 0.447266 0.390625 0.457031 0.396484 0.462891 0.396484 0.482422 0.404297 0.494141 0.406250 0.500000 0.410156 0.505859 0.410156 0.509766 0.406250 0.511719 0.400391 0.525391 0.386719 0.525391 0.376953 0.517578 0.373047 0.505859 0.361328 0.501953 0.351562 0.498047 0.349609 0.488281 0.349609 0.470703 0.369141 0.455078 0.367188 0.445312 0.373047
2 0.539062 0.347656 0.537109 0.349609 0.535156 0.349609 0.535156 0.351562 0.531250 0.355469 0.531250 0.357422 0.529297 0.359375 0.529297 0.373047 0.535156 0.378906 0.537109 0.378906 0.541016 0.382812 0.542969 0.382812 0.546875 0.386719 0.552734 0.386719 0.558594 0.380859 0.558594 0.378906 0.562500 0.375000 0.562500 0.371094 0.564453 0.369141 0.564453 0.367188 0.558594 0.361328 0.556641 0.361328 0.552734 0.357422 0.550781 0.357422 0.541016 0.347656
2 0.998047 0.359375 0.994141 0.357422 0.966797 0.357422 0.964844 0.359375 0.953125 0.359375 0.951172 0.361328 0.937500 0.361328 0.929688 0.365234 0.927734 0.373047 0.914062 0.384766 0.914062 0.390625 0.925781 0.398438 0.933594 0.398438 0.935547 0.400391 0.976562 0.402344 0.978516 0.404297 0.998047 0.404297
2 0.712891 0.392578 0.708984 0.392578 0.707031 0.390625 0.699219 0.390625 0.697266 0.388672 0.691406 0.388672 0.689453 0.390625 0.683594 0.392578 0.675781 0.400391 0.675781 0.412109 0.679688 0.416016 0.679688 0.417969 0.689453 0.427734 0.695312 0.427734 0.710938 0.412109 0.712891 0.412109 0.714844 0.410156 0.714844 0.408203 0.716797 0.406250 0.716797 0.396484
2 0.544922 0.474609 0.546875 0.490234 0.580078 0.525391 0.582031 0.542969 0.601562 0.550781 0.589844 0.560547 0.605469 0.576172 0.617188 0.562500 0.623047 0.574219 0.623047 0.523438 0.632812 0.513672 0.644531 0.533203 0.636719 0.542969 0.652344 0.548828 0.652344 0.560547 0.671875 0.589844 0.679688 0.589844 0.701172 0.574219 0.669922 0.519531 0.669922 0.509766 0.660156 0.500000 0.658203 0.482422 0.664062 0.470703 0.658203 0.458984 0.646484 0.458984 0.605469 0.484375 0.574219 0.462891 0.564453 0.462891
2 0.384766 0.523438 0.382812 0.525391 0.382812 0.537109 0.373047 0.556641 0.373047 0.566406 0.371094 0.568359 0.369141 0.578125 0.392578 0.589844 0.416016 0.587891 0.419922 0.582031 0.421875 0.574219 0.427734 0.568359 0.433594 0.568359 0.441406 0.560547 0.445312 0.552734 0.445312 0.544922 0.437500 0.539062 0.421875 0.535156 0.410156 0.527344 0.398438 0.525391 0.396484 0.523438
2 0.644531 0.554688 0.642578 0.556641 0.644531 0.558594 0.644531 0.560547 0.646484 0.558594 0.646484 0.556641
2 0.861328 0.566406 0.857422 0.580078 0.857422 0.599609 0.861328 0.609375 0.859375 0.636719 0.861328 0.638672 0.876953 0.638672 0.878906 0.636719 0.912109 0.636719 0.916016 0.634766 0.917969 0.630859 0.917969 0.621094 0.916016 0.619141 0.917969 0.615234 0.917969 0.591797 0.916016 0.589844 0.910156 0.591797 0.896484 0.591797 0.894531 0.593750 0.886719 0.589844 0.888672 0.566406 0.882812 0.562500
2 0.968750 0.566406 0.964844 0.570312 0.964844 0.574219 0.962891 0.576172 0.962891 0.580078 0.960938 0.582031 0.960938 0.583984 0.953125 0.593750 0.953125 0.597656 0.951172 0.599609 0.953125 0.605469 0.955078 0.605469 0.957031 0.607422 0.968750 0.607422 0.970703 0.609375 0.982422 0.609375 0.984375 0.611328 0.996094 0.611328 0.998047 0.609375 0.998047 0.568359 0.986328 0.568359 0.984375 0.566406
2 0.210938 0.621094 0.212891 0.623047 0.212891 0.638672 0.216797 0.642578 0.216797 0.646484 0.218750 0.648438 0.218750 0.666016 0.222656 0.667969 0.232422 0.667969 0.234375 0.669922 0.267578 0.669922 0.271484 0.667969 0.273438 0.632812 0.275391 0.630859 0.275391 0.626953 0.271484 0.623047 0.259766 0.617188 0.253906 0.617188 0.248047 0.613281 0.244141 0.613281 0.236328 0.609375 0.226562 0.609375 0.224609 0.611328 0.220703 0.611328 0.224609 0.611328 0.226562 0.613281 0.224609 0.615234 0.218750 0.615234
2 0.998047 0.638672 0.968750 0.636719 0.966797 0.642578 0.964844 0.703125 0.960938 0.714844 0.957031 0.769531 0.958984 0.787109 0.966797 0.787109 0.974609 0.781250 0.998047 0.783203
2 0.816406 0.662109 0.814453 0.664062 0.810547 0.664062 0.800781 0.669922 0.783203 0.669922 0.781250 0.671875 0.781250 0.679688 0.783203 0.681641 0.783203 0.687500 0.785156 0.689453 0.785156 0.695312 0.787109 0.697266 0.787109 0.703125 0.791016 0.707031 0.792969 0.707031 0.794922 0.705078 0.806641 0.705078 0.808594 0.703125 0.820312 0.703125 0.822266 0.701172 0.822266 0.683594 0.820312 0.681641 0.820312 0.667969
2 0.845703 0.707031 0.841797 0.710938 0.841797 0.724609 0.843750 0.726562 0.843750 0.738281 0.845703 0.740234 0.853516 0.740234 0.855469 0.742188 0.875000 0.742188 0.876953 0.740234 0.876953 0.738281 0.875000 0.736328 0.875000 0.708984 0.873047 0.708984 0.871094 0.707031
2 0.771484 0.722656 0.771484 0.728516 0.769531 0.730469 0.769531 0.750000 0.771484 0.751953 0.771484 0.763672 0.773438 0.765625 0.781250 0.765625 0.783203 0.767578 0.792969 0.765625 0.798828 0.773438 0.814453 0.773438 0.816406 0.775391 0.828125 0.773438 0.828125 0.771484 0.824219 0.769531 0.814453 0.771484 0.804688 0.767578 0.806641 0.763672 0.822266 0.763672 0.824219 0.765625 0.826172 0.761719 0.828125 0.720703 0.824219 0.716797 0.792969 0.716797 0.791016 0.718750 0.781250 0.718750
2 0.890625 0.714844 0.890625 0.718750 0.888672 0.720703 0.888672 0.740234 0.886719 0.742188 0.886719 0.748047 0.888672 0.750000 0.888672 0.753906 0.890625 0.755859 0.910156 0.755859 0.910156 0.753906 0.912109 0.751953 0.912109 0.714844
2 0.097656 0.820312 0.097656 0.908203 0.095703 0.910156 0.097656 0.931641 0.099609 0.933594 0.101562 0.931641 0.134766 0.931641 0.138672 0.914062 0.136719 0.839844 0.140625 0.822266 0.138672 0.820312
2 0.000000 0.871094 0.000000 0.902344 0.001953 0.902344 0.003906 0.904297 0.015625 0.904297 0.017578 0.906250 0.021484 0.906250 0.023438 0.908203 0.025391 0.908203 0.027344 0.906250 0.027344 0.902344 0.029297 0.900391 0.029297 0.873047 0.027344 0.871094
2 0.000000 0.921875 0.000000 0.984375 0.003906 0.986328 0.007812 0.986328 0.009766 0.984375 0.011719 0.986328 0.023438 0.986328 0.025391 0.982422 0.025391 0.978516 0.023438 0.976562 0.023438 0.935547 0.025391 0.933594 0.025391 0.923828 0.023438 0.921875
2 0.093750 0.941406 0.091797 0.943359 0.091797 0.988281 0.095703 0.992188 0.136719 0.992188 0.138672 0.990234 0.138672 0.976562 0.136719 0.974609 0.136719 0.957031 0.134766 0.955078 0.134766 0.939453 0.113281 0.939453 0.111328 0.941406
5 0.794922 0.000000 0.464844 0.310547 0.000000 0.466797 0.251953 0.414062 0.166016 0.722656 0.009766 0.744141 0.162109 0.750000 0.162109 0.994141 0.212891 0.560547 0.437500 0.650391 0.611328 0.664062 0.876953 0.542969 0.998047 0.537109 0.875000 0.521484 0.531250 0.642578 0.214844 0.535156 0.283203 0.402344 0.587891 0.244141
