0 0.029297 0.000000 0.000000 0.000000 0.000000 0.310547 0.019531 0.292969 0.017578 0.265625 0.027344 0.257812 0.031250 0.218750 0.041016 0.208984 0.056641 0.205078 0.068359 0.183594 0.066406 0.158203 0.052734 0.136719 0.048828 0.111328 0.068359 0.105469 0.070312 0.062500 0.078125 0.044922
0 0.716797 0.033203 0.710938 0.046875 0.710938 0.060547 0.714844 0.066406 0.716797 0.074219 0.724609 0.082031 0.730469 0.091797 0.755859 0.091797 0.775391 0.082031 0.779297 0.078125 0.781250 0.068359 0.769531 0.058594 0.769531 0.037109 0.765625 0.029297 0.761719 0.027344 0.753906 0.027344 0.751953 0.025391 0.732422 0.025391
0 0.939453 0.033203 0.937500 0.041016 0.935547 0.042969 0.935547 0.050781 0.937500 0.052734 0.939453 0.060547 0.949219 0.070312 0.949219 0.076172 0.955078 0.087891 0.958984 0.089844 0.990234 0.089844 0.992188 0.087891 0.998047 0.087891 0.998047 0.052734 0.984375 0.037109 0.980469 0.035156 0.974609 0.035156 0.972656 0.033203 0.964844 0.033203 0.962891 0.031250 0.958984 0.033203 0.953125 0.033203 0.951172 0.031250 0.943359 0.031250
0 0.324219 0.052734 0.316406 0.058594 0.316406 0.070312 0.330078 0.089844 0.343750 0.091797 0.347656 0.095703 0.339844 0.107422 0.308594 0.117188 0.314453 0.158203 0.341797 0.187500 0.363281 0.187500 0.376953 0.179688 0.402344 0.183594 0.419922 0.171875 0.423828 0.166016 0.416016 0.152344 0.416016 0.140625 0.402344 0.123047 0.408203 0.103516 0.402344 0.099609 0.390625 0.099609 0.380859 0.091797 0.367188 0.087891 0.363281 0.083984 0.363281 0.060547 0.341797 0.050781
0 0.886719 0.068359 0.878906 0.076172 0.876953 0.083984 0.875000 0.085938 0.875000 0.093750 0.876953 0.097656 0.884766 0.105469 0.884766 0.115234 0.886719 0.119141 0.896484 0.121094 0.902344 0.125000 0.916016 0.125000 0.929688 0.117188 0.933594 0.109375 0.933594 0.087891 0.927734 0.076172 0.925781 0.076172 0.917969 0.068359 0.914062 0.066406 0.892578 0.066406 0.890625 0.068359
0 0.970703 0.113281 0.960938 0.121094 0.960938 0.138672 0.968750 0.154297 0.968750 0.162109 0.970703 0.164062 0.970703 0.167969 0.976562 0.175781 0.978516 0.181641 0.984375 0.187500 0.998047 0.187500 0.998047 0.113281
0 0.179688 0.158203 0.177734 0.162109 0.179688 0.189453 0.183594 0.193359 0.185547 0.199219 0.187500 0.199219 0.201172 0.212891 0.216797 0.214844 0.222656 0.208984 0.240234 0.207031 0.248047 0.203125 0.253906 0.187500 0.253906 0.166016 0.248047 0.160156 0.242188 0.160156 0.232422 0.154297 0.228516 0.154297 0.220703 0.148438 0.201172 0.148438 0.199219 0.150391 0.187500 0.152344
0 0.886719 0.269531 0.878906 0.287109 0.878906 0.296875 0.888672 0.306641 0.894531 0.326172 0.904297 0.332031 0.912109 0.341797 0.933594 0.347656 0.968750 0.347656 0.978516 0.343750 0.982422 0.335938 0.980469 0.306641 0.964844 0.281250 0.958984 0.265625 0.935547 0.255859 0.917969 0.255859 0.910156 0.263672 0.898438 0.263672
0 0.003906 0.333984 0.000000 0.335938 0.000000 0.345703 0.001953 0.347656 0.000000 0.349609 0.000000 0.390625 0.003906 0.392578 0.003906 0.396484 0.000000 0.398438 0.000000 0.400391 0.001953 0.400391 0.003906 0.404297 0.009766 0.406250 0.009766 0.416016 0.003906 0.417969 0.001953 0.421875 0.005859 0.423828 0.009766 0.421875 0.011719 0.423828 0.013672 0.421875 0.019531 0.421875 0.023438 0.417969 0.029297 0.416016 0.029297 0.408203 0.035156 0.402344 0.037109 0.396484 0.037109 0.386719 0.033203 0.386719 0.029297 0.382812 0.023438 0.380859 0.015625 0.373047 0.011719 0.351562 0.005859 0.347656
0 0.193359 0.398438 0.193359 0.419922 0.195312 0.425781 0.207031 0.439453 0.208984 0.449219 0.216797 0.453125 0.271484 0.449219 0.287109 0.421875 0.283203 0.412109 0.285156 0.392578 0.277344 0.382812 0.224609 0.378906 0.212891 0.382812
0 0.970703 0.666016 0.964844 0.667969 0.957031 0.675781 0.955078 0.685547 0.933594 0.726562 0.935547 0.738281 0.921875 0.759766 0.923828 0.765625 0.935547 0.773438 0.945312 0.771484 0.957031 0.779297 0.974609 0.775391 0.982422 0.781250 0.994141 0.783203 0.998047 0.781250 0.998047 0.697266 0.988281 0.695312 0.992188 0.681641 0.990234 0.673828 0.984375 0.667969
0 0.480469 0.845703 0.470703 0.851562 0.466797 0.851562 0.460938 0.855469 0.447266 0.859375 0.443359 0.865234 0.443359 0.888672 0.441406 0.890625 0.443359 0.894531 0.457031 0.900391 0.462891 0.906250 0.466797 0.906250 0.468750 0.908203 0.478516 0.908203 0.480469 0.906250 0.490234 0.904297 0.498047 0.896484 0.507812 0.892578 0.513672 0.886719 0.513672 0.880859 0.511719 0.876953 0.496094 0.863281 0.492188 0.855469 0.492188 0.851562
0 0.781250 0.873047 0.775391 0.878906 0.775391 0.882812 0.773438 0.884766 0.775391 0.886719 0.775391 0.894531 0.773438 0.896484 0.773438 0.910156 0.775391 0.912109 0.775391 0.916016 0.783203 0.923828 0.787109 0.923828 0.789062 0.925781 0.800781 0.923828 0.808594 0.931641 0.812500 0.931641 0.814453 0.933594 0.822266 0.931641 0.832031 0.921875 0.832031 0.917969 0.837891 0.910156 0.837891 0.906250 0.841797 0.902344 0.843750 0.892578 0.839844 0.882812 0.833984 0.876953 0.822266 0.871094 0.820312 0.873047 0.818359 0.871094 0.816406 0.873047 0.814453 0.871094 0.812500 0.873047 0.808594 0.873047 0.806641 0.871094 0.804688 0.873047 0.800781 0.873047 0.798828 0.871094 0.796875 0.873047 0.792969 0.871094 0.791016 0.873047 0.789062 0.871094
0 0.953125 0.998047 0.945312 0.986328 0.937500 0.984375 0.917969 0.964844 0.912109 0.962891 0.896484 0.968750 0.894531 0.966797 0.890625 0.968750 0.888672 0.966797 0.882812 0.968750 0.880859 0.966797 0.876953 0.968750 0.875000 0.966797 0.873047 0.968750 0.871094 0.966797 0.869141 0.968750 0.867188 0.966797 0.865234 0.968750 0.818359 0.966797 0.812500 0.968750 0.804688 0.980469 0.806641 0.986328 0.818359 0.994141 0.822266 0.992188 0.824219 0.994141 0.826172 0.992188 0.894531 0.994141 0.896484 0.992188 0.910156 0.994141 0.916016 0.998047
1 0.705078 0.849609 0.718750 0.863281 0.816406 0.865234 0.933594 0.914062 0.941406 0.923828 0.966797 0.923828 0.980469 0.935547 0.998047 0.923828 0.998047 0.876953 0.962891 0.890625 0.951172 0.884766 0.935547 0.886719 0.925781 0.865234 0.914062 0.863281 0.900391 0.873047 0.875000 0.847656 0.777344 0.824219 0.765625 0.826172 0.757812 0.835938 0.712891 0.837891
1 0.599609 0.845703 0.582031 0.853516 0.564453 0.871094 0.582031 0.871094 0.589844 0.863281 0.593750 0.867188 0.595703 0.880859 0.585938 0.892578 0.576172 0.892578 0.560547 0.912109 0.560547 0.917969 0.548828 0.925781 0.544922 0.955078 0.531250 0.978516 0.531250 0.998047 0.591797 0.998047 0.595703 0.986328 0.603516 0.978516 0.603516 0.970703 0.615234 0.943359 0.613281 0.914062 0.603516 0.900391 0.603516 0.863281
1 0.625000 0.962891 0.625000 0.966797 0.626953 0.968750 0.626953 0.974609 0.626953 0.966797 0.625000 0.964844
4 0.482422 0.005859 0.292969 0.000000 0.078125 0.031250 0.076172 0.105469 0.058594 0.125000 0.078125 0.183594 0.167969 0.173828 0.171875 0.189453 0.082031 0.197266 0.042969 0.218750 0.025391 0.371094 0.044922 0.408203 0.021484 0.460938 0.193359 0.453125 0.189453 0.398438 0.214844 0.376953 0.279297 0.380859 0.291016 0.439453 0.531250 0.396484 0.515625 0.156250 0.501953 0.142578 0.511719 0.091797
4 0.492188 0.000000 0.494141 0.017578 0.503906 0.044922 0.529297 0.085938 0.531250 0.097656 0.535156 0.099609 0.638672 0.080078 0.642578 0.074219 0.642578 0.068359 0.636719 0.066406 0.626953 0.052734 0.617188 0.000000
4 0.552734 0.179688 0.544922 0.271484 0.562500 0.333984 0.589844 0.369141 0.650391 0.363281 0.599609 0.378906 0.617188 0.445312 0.625000 0.648438 0.691406 0.662109 0.626953 0.671875 0.630859 0.750000 0.693359 0.759766 0.689453 0.664062 0.757812 0.642578 0.751953 0.533203 0.722656 0.382812 0.701172 0.349609 0.710938 0.335938 0.681641 0.232422 0.648438 0.226562 0.587891 0.173828
4 0.148438 0.187500 0.144531 0.181641 0.144531 0.183594 0.138672 0.187500 0.136719 0.187500 0.132812 0.183594 0.128906 0.183594 0.123047 0.187500 0.121094 0.187500 0.115234 0.183594 0.109375 0.189453 0.105469 0.189453 0.103516 0.191406 0.099609 0.191406 0.107422 0.191406 0.109375 0.189453 0.123047 0.189453 0.125000 0.191406 0.126953 0.189453 0.146484 0.189453
4 0.164062 0.183594 0.162109 0.181641 0.160156 0.181641 0.158203 0.183594 0.156250 0.183594 0.158203 0.185547 0.162109 0.185547
4 0.091797 0.191406 0.089844 0.189453 0.087891 0.191406 0.082031 0.191406 0.082031 0.193359 0.089844 0.193359
4 0.566406 0.416016 0.484375 0.427734 0.449219 0.449219 0.363281 0.451172 0.253906 0.474609 0.306641 0.630859 0.423828 0.888672 0.435547 0.888672 0.443359 0.861328 0.472656 0.837891 0.519531 0.871094 0.593750 0.777344 0.601562 0.730469 0.595703 0.519531 0.582031 0.439453
4 0.017578 0.503906 0.023438 0.525391 0.003906 0.544922 0.013672 0.582031 0.000000 0.597656 0.000000 0.998047 0.435547 0.998047 0.437500 0.978516 0.453125 0.994141 0.451172 0.970703 0.419922 0.951172 0.410156 0.875000 0.359375 0.785156 0.248047 0.476562 0.062500 0.488281
4 0.701172 0.666016 0.703125 0.714844 0.705078 0.716797 0.703125 0.744141 0.707031 0.759766 0.714844 0.765625 0.763672 0.767578 0.779297 0.755859 0.779297 0.732422 0.763672 0.664062 0.751953 0.660156 0.714844 0.660156
4 0.437500 0.945312 0.437500 0.947266 0.439453 0.947266 0.443359 0.951172 0.445312 0.951172 0.447266 0.953125 0.449219 0.953125 0.451172 0.951172 0.451172 0.949219 0.449219 0.947266 0.445312 0.947266 0.443359 0.949219 0.441406 0.949219
