1 0.414062 0.142578 0.404297 0.142578 0.359375 0.164062 0.339844 0.181641 0.341797 0.218750 0.361328 0.267578 0.373047 0.265625 0.398438 0.250000 0.445312 0.246094 0.451172 0.240234 0.453125 0.228516 0.445312 0.181641 0.421875 0.156250
1 0.583984 0.214844 0.541016 0.218750 0.519531 0.232422 0.513672 0.242188 0.511719 0.296875 0.523438 0.359375 0.523438 0.384766 0.529297 0.394531 0.539062 0.398438 0.556641 0.398438 0.585938 0.388672 0.599609 0.373047 0.593750 0.335938 0.593750 0.300781 0.587891 0.289062 0.587891 0.269531 0.582031 0.248047 0.582031 0.238281 0.585938 0.234375
1 0.439453 0.289062 0.421875 0.291016 0.380859 0.306641 0.375000 0.316406 0.378906 0.347656 0.396484 0.404297 0.402344 0.441406 0.414062 0.439453 0.421875 0.447266 0.443359 0.445312 0.455078 0.439453 0.470703 0.437500 0.470703 0.402344 0.460938 0.373047 0.449219 0.294922
1 0.291016 0.333984 0.285156 0.343750 0.283203 0.361328 0.291016 0.386719 0.296875 0.390625 0.298828 0.404297 0.302734 0.408203 0.306641 0.445312 0.310547 0.449219 0.312500 0.457031 0.320312 0.458984 0.339844 0.457031 0.347656 0.451172 0.347656 0.441406 0.341797 0.423828 0.337891 0.384766 0.326172 0.365234 0.328125 0.361328 0.326172 0.343750 0.322266 0.335938 0.312500 0.330078 0.302734 0.330078
1 0.136719 0.353516 0.132812 0.365234 0.140625 0.400391 0.140625 0.421875 0.144531 0.429688 0.146484 0.451172 0.150391 0.455078 0.181641 0.449219 0.195312 0.460938 0.212891 0.460938 0.250000 0.453125 0.253906 0.449219 0.253906 0.416016 0.246094 0.406250 0.244141 0.390625 0.234375 0.380859 0.234375 0.347656 0.228516 0.337891 0.208984 0.332031 0.189453 0.332031 0.144531 0.347656
2 0.228516 0.189453 0.208984 0.205078 0.205078 0.212891 0.205078 0.234375 0.207031 0.238281 0.226562 0.255859 0.228516 0.261719 0.234375 0.267578 0.246094 0.267578 0.259766 0.251953 0.271484 0.246094 0.273438 0.242188 0.283203 0.234375 0.285156 0.224609 0.275391 0.210938 0.273438 0.203125 0.267578 0.195312 0.255859 0.195312 0.246094 0.191406
3 0.000000 0.171875 0.035156 0.214844 0.000000 0.265625 0.068359 0.291016 0.000000 0.318359 0.000000 0.998047 0.998047 0.998047 0.998047 0.552734 0.921875 0.000000 0.636719 0.000000 0.595703 0.105469 0.533203 0.089844 0.578125 0.136719 0.626953 0.105469 0.632812 0.185547 0.517578 0.205078 0.447266 0.078125 0.507812 0.000000 0.445312 0.000000 0.218750 0.195312 0.287109 0.224609 0.246094 0.269531 0.214844 0.197266 0.099609 0.285156
3 0.000000 0.148438 0.000000 0.154297 0.001953 0.154297 0.003906 0.152344
3 0.753906 0.992188 0.753906 0.994141 0.755859 0.994141 0.755859 0.992188
4 0.001953 0.001953 0.000000 0.103516 0.015625 0.126953 0.003906 0.160156 0.035156 0.183594 0.033203 0.199219 0.046875 0.203125 0.050781 0.236328 0.076172 0.240234 0.097656 0.279297 0.115234 0.283203 0.181641 0.212891 0.203125 0.199219 0.201172 0.179688 0.207031 0.173828 0.232422 0.167969 0.253906 0.152344 0.250000 0.123047 0.195312 0.000000
4 0.212891 0.001953 0.220703 0.015625 0.222656 0.033203 0.263672 0.115234 0.277344 0.121094 0.314453 0.115234 0.388672 0.050781 0.375000 0.039062 0.378906 0.027344 0.390625 0.023438 0.404297 0.035156 0.443359 0.000000
4 0.509766 0.000000 0.500000 0.011719 0.496094 0.054688 0.460938 0.058594 0.449219 0.076172 0.498047 0.193359 0.517578 0.203125 0.626953 0.189453 0.634766 0.173828 0.630859 0.111328 0.615234 0.103516 0.603516 0.107422 0.595703 0.136719 0.578125 0.138672 0.556641 0.125000 0.531250 0.089844 0.544922 0.082031 0.574219 0.105469 0.595703 0.103516 0.603516 0.085938 0.625000 0.072266 0.634766 0.000000
4 0.923828 0.000000 0.947266 0.103516 0.976562 0.433594 0.998047 0.550781 0.998047 0.000000
4 0.009766 0.203125 0.007812 0.205078 0.001953 0.205078 0.000000 0.207031 0.000000 0.253906 0.005859 0.257812 0.011719 0.257812 0.013672 0.259766 0.015625 0.257812 0.021484 0.257812 0.023438 0.255859 0.025391 0.255859 0.029297 0.251953 0.029297 0.250000 0.031250 0.248047 0.031250 0.242188 0.033203 0.240234 0.031250 0.238281 0.031250 0.232422 0.027344 0.226562 0.027344 0.224609 0.029297 0.222656 0.027344 0.220703 0.027344 0.214844 0.025391 0.212891 0.025391 0.210938 0.021484 0.207031 0.019531 0.207031 0.017578 0.205078 0.011719 0.205078
4 0.000000 0.267578 0.000000 0.308594 0.003906 0.308594 0.005859 0.310547 0.007812 0.308594 0.013672 0.312500 0.019531 0.312500 0.021484 0.314453 0.023438 0.312500 0.039062 0.310547 0.041016 0.308594 0.042969 0.310547 0.044922 0.308594 0.046875 0.310547 0.048828 0.308594 0.054688 0.308594 0.062500 0.302734 0.064453 0.298828 0.064453 0.292969 0.066406 0.291016 0.064453 0.289062 0.064453 0.283203 0.058594 0.275391 0.054688 0.273438 0.048828 0.273438 0.046875 0.271484 0.044922 0.273438 0.042969 0.271484 0.041016 0.273438 0.039062 0.271484 0.013672 0.271484 0.011719 0.269531
4 0.328125 0.345703 0.328125 0.347656 0.330078 0.349609 0.330078 0.361328 0.328125 0.363281 0.328125 0.365234 0.330078 0.367188 0.330078 0.369141 0.330078 0.365234 0.332031 0.363281 0.332031 0.353516 0.330078 0.351562 0.330078 0.349609 0.328125 0.347656
4 0.794922 0.384766 0.787109 0.373047 0.751953 0.386719 0.726562 0.378906 0.707031 0.380859 0.675781 0.396484 0.644531 0.402344 0.615234 0.417969 0.558594 0.437500 0.542969 0.458984 0.548828 0.476562 0.546875 0.498047 0.556641 0.496094 0.587891 0.472656 0.632812 0.457031 0.789062 0.431641 0.796875 0.417969
4 0.513672 0.525391 0.486328 0.505859 0.464844 0.517578 0.437500 0.513672 0.414062 0.480469 0.404297 0.482422 0.410156 0.509766 0.400391 0.523438 0.373047 0.529297 0.355469 0.542969 0.324219 0.527344 0.322266 0.513672 0.335938 0.501953 0.330078 0.496094 0.203125 0.490234 0.187500 0.501953 0.205078 0.556641 0.220703 0.580078 0.261719 0.591797 0.298828 0.619141 0.310547 0.669922 0.404297 0.628906
4 0.162109 0.642578 0.152344 0.650391 0.148438 0.660156 0.146484 0.691406 0.166016 0.750000 0.173828 0.761719 0.183594 0.791016 0.187500 0.796875 0.197266 0.796875 0.216797 0.783203 0.210938 0.767578 0.214844 0.751953 0.210938 0.740234 0.193359 0.722656 0.199219 0.714844 0.199219 0.699219 0.183594 0.664062 0.181641 0.648438 0.175781 0.642578
