0 0.224609 0.095703 0.210938 0.115234 0.222656 0.140625 0.244141 0.146484 0.271484 0.126953 0.294922 0.140625 0.306641 0.158203 0.302734 0.193359 0.316406 0.207031 0.296875 0.222656 0.294922 0.238281 0.300781 0.251953 0.322266 0.265625 0.322266 0.300781 0.306641 0.304688 0.298828 0.320312 0.324219 0.357422 0.339844 0.359375 0.355469 0.341797 0.349609 0.279297 0.355469 0.203125 0.367188 0.177734 0.355469 0.156250 0.361328 0.142578 0.353516 0.130859 0.371094 0.126953 0.376953 0.109375 0.333984 0.089844 0.310547 0.091797 0.292969 0.105469 0.257812 0.103516 0.244141 0.091797
0 0.535156 0.164062 0.519531 0.152344 0.486328 0.150391 0.476562 0.160156 0.468750 0.177734 0.458984 0.185547 0.451172 0.185547 0.437500 0.177734 0.427734 0.166016 0.394531 0.166016 0.378906 0.181641 0.380859 0.218750 0.392578 0.236328 0.414062 0.255859 0.427734 0.257812 0.455078 0.251953 0.474609 0.238281 0.472656 0.207031 0.529297 0.179688 0.535156 0.173828
0 0.753906 0.271484 0.675781 0.273438 0.667969 0.279297 0.644531 0.285156 0.636719 0.292969 0.632812 0.306641 0.638672 0.322266 0.650391 0.330078 0.652344 0.345703 0.666016 0.359375 0.689453 0.359375 0.705078 0.351562 0.748047 0.343750 0.763672 0.328125 0.765625 0.320312 0.759766 0.281250
0 0.185547 0.283203 0.183594 0.285156 0.179688 0.285156 0.177734 0.287109 0.171875 0.289062 0.166016 0.294922 0.166016 0.298828 0.164062 0.300781 0.164062 0.304688 0.166016 0.306641 0.166016 0.310547 0.179688 0.326172 0.191406 0.330078 0.193359 0.328125 0.197266 0.328125 0.199219 0.326172 0.201172 0.326172 0.208984 0.318359 0.208984 0.314453 0.210938 0.312500 0.210938 0.304688 0.208984 0.302734 0.208984 0.298828 0.207031 0.296875 0.207031 0.294922 0.197266 0.285156 0.193359 0.285156 0.191406 0.283203
0 0.017578 0.398438 0.013672 0.406250 0.000000 0.412109 0.000000 0.537109 0.052734 0.521484 0.066406 0.509766 0.103516 0.494141 0.107422 0.486328 0.101562 0.468750 0.095703 0.470703 0.087891 0.464844 0.076172 0.464844 0.076172 0.429688 0.066406 0.429688 0.052734 0.421875 0.041016 0.419922 0.023438 0.408203
0 0.382812 0.408203 0.371094 0.400391 0.351562 0.402344 0.337891 0.408203 0.330078 0.419922 0.310547 0.435547 0.298828 0.433594 0.287109 0.437500 0.281250 0.443359 0.279297 0.451172 0.281250 0.457031 0.291016 0.464844 0.289062 0.468750 0.291016 0.474609 0.296875 0.480469 0.302734 0.482422 0.308594 0.480469 0.316406 0.472656 0.318359 0.462891 0.324219 0.458984 0.335938 0.470703 0.341797 0.472656 0.349609 0.470703 0.355469 0.464844 0.361328 0.445312 0.382812 0.421875 0.384766 0.416016
0 0.373047 0.548828 0.363281 0.550781 0.353516 0.564453 0.332031 0.580078 0.326172 0.591797 0.328125 0.603516 0.333984 0.609375 0.337891 0.621094 0.351562 0.634766 0.349609 0.642578 0.339844 0.652344 0.337891 0.658203 0.341797 0.675781 0.349609 0.683594 0.367188 0.691406 0.378906 0.687500 0.384766 0.681641 0.386719 0.675781 0.384766 0.650391 0.390625 0.626953 0.388672 0.619141 0.390625 0.572266 0.384766 0.556641
0 0.267578 0.898438 0.261719 0.904297 0.259766 0.904297 0.253906 0.910156 0.250000 0.910156 0.248047 0.912109 0.242188 0.912109 0.240234 0.910156 0.236328 0.910156 0.230469 0.904297 0.226562 0.908203 0.228516 0.910156 0.228516 0.912109 0.232422 0.912109 0.238281 0.917969 0.248047 0.917969 0.250000 0.916016 0.253906 0.916016 0.259766 0.910156 0.259766 0.908203 0.263672 0.904297 0.263672 0.902344
2 0.027344 0.109375 0.027344 0.113281 0.029297 0.115234 0.029297 0.142578 0.031250 0.144531 0.031250 0.154297 0.035156 0.160156 0.041016 0.160156 0.042969 0.162109 0.060547 0.162109 0.064453 0.158203 0.076172 0.158203 0.082031 0.164062 0.095703 0.164062 0.097656 0.162109 0.097656 0.152344 0.099609 0.150391 0.099609 0.126953 0.095703 0.123047 0.087891 0.123047 0.076172 0.115234 0.066406 0.111328 0.046875 0.111328 0.037109 0.107422 0.029297 0.107422
2 0.064453 0.216797 0.064453 0.232422 0.056641 0.240234 0.056641 0.250000 0.060547 0.251953 0.066406 0.251953 0.068359 0.253906 0.078125 0.253906 0.080078 0.255859 0.132812 0.253906 0.134766 0.244141 0.132812 0.242188 0.132812 0.218750 0.130859 0.216797 0.115234 0.216797 0.109375 0.212891 0.097656 0.212891 0.095703 0.210938 0.085938 0.214844 0.066406 0.214844
2 0.669922 0.220703 0.667969 0.226562 0.667969 0.244141 0.669922 0.246094 0.669922 0.257812 0.675781 0.267578 0.681641 0.267578 0.683594 0.269531 0.714844 0.269531 0.716797 0.267578 0.732422 0.267578 0.740234 0.263672 0.755859 0.261719 0.757812 0.242188 0.761719 0.238281 0.761719 0.226562 0.757812 0.224609 0.746094 0.224609 0.738281 0.220703 0.726562 0.220703 0.724609 0.218750 0.703125 0.218750 0.697266 0.220703 0.695312 0.218750 0.673828 0.216797
2 0.019531 0.371094 0.019531 0.386719 0.021484 0.390625 0.027344 0.392578 0.039062 0.402344 0.046875 0.402344 0.048828 0.404297 0.076172 0.404297 0.082031 0.400391 0.087891 0.400391 0.099609 0.396484 0.105469 0.388672 0.105469 0.365234 0.103516 0.359375 0.099609 0.355469 0.083984 0.349609 0.041016 0.347656 0.037109 0.349609
2 0.695312 0.367188 0.695312 0.369141 0.697266 0.371094 0.697266 0.375000 0.701172 0.378906 0.705078 0.378906 0.707031 0.380859 0.710938 0.380859 0.712891 0.382812 0.730469 0.382812 0.732422 0.380859 0.748047 0.380859 0.750000 0.378906 0.753906 0.378906 0.753906 0.376953 0.755859 0.375000 0.755859 0.371094 0.750000 0.363281 0.750000 0.359375 0.748047 0.357422 0.746094 0.357422 0.744141 0.355469 0.736328 0.355469 0.730469 0.351562 0.724609 0.351562 0.722656 0.353516 0.712891 0.353516 0.710938 0.355469 0.703125 0.355469 0.697266 0.361328 0.697266 0.365234
2 0.667969 0.396484 0.669922 0.435547 0.675781 0.439453 0.675781 0.443359 0.677734 0.443359 0.677734 0.437500 0.681641 0.433594 0.720703 0.435547 0.730469 0.431641 0.746094 0.431641 0.751953 0.427734 0.755859 0.427734 0.761719 0.421875 0.763672 0.416016 0.763672 0.404297 0.761719 0.400391 0.732422 0.400391 0.714844 0.394531 0.701172 0.394531 0.693359 0.390625 0.685547 0.390625
2 0.169922 0.511719 0.166016 0.515625 0.166016 0.531250 0.167969 0.533203 0.166016 0.562500 0.167969 0.564453 0.167969 0.572266 0.171875 0.580078 0.173828 0.591797 0.177734 0.595703 0.185547 0.595703 0.187500 0.593750 0.197266 0.593750 0.199219 0.591797 0.212891 0.589844 0.224609 0.583984 0.228516 0.580078 0.230469 0.572266 0.222656 0.548828 0.220703 0.525391 0.216797 0.515625 0.207031 0.509766
2 0.085938 0.648438 0.068359 0.648438 0.056641 0.652344 0.048828 0.658203 0.039062 0.660156 0.033203 0.666016 0.035156 0.695312 0.039062 0.705078 0.039062 0.720703 0.041016 0.724609 0.052734 0.730469 0.068359 0.728516 0.074219 0.724609 0.083984 0.722656 0.111328 0.708984 0.115234 0.708984 0.119141 0.705078 0.119141 0.699219 0.109375 0.685547 0.109375 0.677734 0.103516 0.658203
2 0.208984 0.652344 0.208984 0.654297 0.207031 0.656250 0.207031 0.658203 0.208984 0.660156 0.208984 0.667969 0.210938 0.669922 0.210938 0.671875 0.212891 0.673828 0.212891 0.675781 0.214844 0.677734 0.214844 0.679688 0.216797 0.681641 0.218750 0.687500 0.222656 0.691406 0.222656 0.693359 0.224609 0.695312 0.238281 0.695312 0.240234 0.693359 0.242188 0.693359 0.246094 0.689453 0.246094 0.685547 0.244141 0.683594 0.244141 0.677734 0.242188 0.675781 0.242188 0.666016 0.240234 0.664062 0.238281 0.658203 0.234375 0.654297 0.232422 0.654297 0.226562 0.650391 0.216797 0.650391 0.214844 0.652344
2 0.240234 0.736328 0.238281 0.734375 0.234375 0.734375 0.228516 0.728516 0.222656 0.710938 0.210938 0.710938 0.208984 0.712891 0.195312 0.714844 0.193359 0.716797 0.189453 0.716797 0.179688 0.724609 0.160156 0.726562 0.154297 0.732422 0.154297 0.740234 0.158203 0.746094 0.160156 0.746094 0.167969 0.753906 0.169922 0.761719 0.175781 0.765625 0.177734 0.763672 0.185547 0.763672 0.216797 0.748047 0.238281 0.744141 0.240234 0.742188
3 0.384766 0.707031 0.355469 0.687500 0.312500 0.703125 0.183594 0.822266 0.160156 0.822266 0.152344 0.839844 0.000000 0.701172 0.000000 0.998047 0.261719 0.998047 0.224609 0.908203 0.253906 0.908203 0.376953 0.796875 0.394531 0.744141
4 0.382812 0.001953 0.369141 0.179688 0.458984 0.177734 0.494141 0.144531 0.531250 0.154297 0.541016 0.187500 0.490234 0.207031 0.462891 0.255859 0.361328 0.234375 0.369141 0.367188 0.414062 0.419922 0.388672 0.492188 0.404297 0.765625 0.332031 0.873047 0.474609 0.998047 0.523438 0.998047 0.816406 0.708984 0.769531 0.621094 0.666016 0.648438 0.617188 0.488281 0.654297 0.447266 0.621094 0.306641 0.666016 0.271484 0.675781 0.199219 0.636719 0.000000 0.464844 0.000000 0.412109 0.054688
4 0.000000 0.248047 0.052734 0.248047 0.054688 0.238281 0.062500 0.228516 0.062500 0.214844 0.076172 0.208984 0.078125 0.201172 0.083984 0.208984 0.134766 0.212891 0.146484 0.203125 0.148438 0.191406 0.105469 0.185547 0.091797 0.169922 0.078125 0.177734 0.066406 0.177734 0.048828 0.169922 0.000000 0.173828 0.000000 0.236328 0.025391 0.238281 0.023438 0.246094 0.015625 0.242188 0.007812 0.246094 0.000000 0.244141
4 0.371094 0.476562 0.361328 0.474609 0.353516 0.480469 0.326172 0.480469 0.306641 0.488281 0.285156 0.486328 0.240234 0.501953 0.234375 0.507812 0.234375 0.521484 0.250000 0.576172 0.261719 0.583984 0.318359 0.580078 0.337891 0.566406 0.341797 0.560547 0.341797 0.546875 0.345703 0.542969 0.371094 0.541016
4 0.880859 0.708984 0.845703 0.716797 0.642578 0.898438 0.625000 0.935547 0.650391 0.966797 0.640625 0.966797 0.638672 0.992188 0.626953 0.986328 0.634766 0.970703 0.625000 0.968750 0.625000 0.998047 0.966797 0.998047 0.953125 0.982422 0.998047 0.980469 0.964844 0.970703 0.998047 0.966797 0.998047 0.902344 0.960938 0.863281 0.957031 0.839844
4 0.570312 0.970703 0.564453 0.970703 0.562500 0.972656 0.562500 0.974609 0.550781 0.986328 0.548828 0.986328 0.548828 0.988281 0.542969 0.994141 0.542969 0.998047 0.552734 0.998047 0.554688 0.996094 0.556641 0.996094 0.558594 0.994141 0.558594 0.992188 0.556641 0.992188 0.554688 0.990234 0.554688 0.986328 0.556641 0.984375 0.560547 0.984375 0.560547 0.978516 0.564453 0.974609 0.568359 0.974609 0.568359 0.972656
4 0.580078 0.968750 0.578125 0.970703 0.580078 0.972656 0.580078 0.974609 0.582031 0.974609 0.582031 0.970703
4 0.619141 0.976562 0.611328 0.968750 0.611328 0.972656 0.609375 0.974609 0.609375 0.976562 0.607422 0.978516 0.605469 0.978516 0.603516 0.976562 0.601562 0.976562 0.599609 0.974609 0.599609 0.972656 0.597656 0.970703 0.595703 0.970703 0.595703 0.974609 0.593750 0.976562 0.593750 0.980469 0.595703 0.982422 0.603516 0.982422 0.605469 0.980469 0.607422 0.980469 0.609375 0.982422 0.611328 0.982422 0.613281 0.980469 0.619141 0.980469
4 0.593750 0.992188 0.593750 0.994141 0.595703 0.994141 0.595703 0.992188
4 0.601562 0.992188 0.601562 0.994141 0.603516 0.994141 0.603516 0.992188
4 0.609375 0.992188 0.609375 0.996094 0.611328 0.996094 0.613281 0.994141 0.619141 0.994141 0.619141 0.992188
5 0.185547 0.058594 0.167969 0.091797 0.119141 0.486328 0.000000 0.539062 0.000000 0.566406 0.070312 0.542969 0.093750 0.615234 0.125000 0.644531 0.291016 0.615234 0.316406 0.597656 0.300781 0.582031 0.130859 0.617188 0.093750 0.529297 0.144531 0.494141 0.199219 0.085938
