1 0.728516 0.279297 0.697266 0.277344 0.695312 0.279297 0.691406 0.279297 0.685547 0.291016 0.685547 0.333984 0.695312 0.357422 0.699219 0.359375 0.705078 0.357422 0.708984 0.353516 0.708984 0.347656 0.716797 0.335938 0.724609 0.332031 0.740234 0.328125 0.740234 0.324219 0.742188 0.322266 0.742188 0.310547 0.736328 0.296875 0.736328 0.287109 0.734375 0.283203
2 0.195312 0.000000 0.195312 0.003906 0.193359 0.005859 0.195312 0.007812 0.193359 0.009766 0.193359 0.019531 0.195312 0.021484 0.195312 0.027344 0.203125 0.035156 0.218750 0.035156 0.220703 0.037109 0.238281 0.037109 0.238281 0.035156 0.240234 0.033203 0.240234 0.000000
2 0.335938 0.005859 0.333984 0.023438 0.337891 0.042969 0.390625 0.041016 0.402344 0.037109 0.433594 0.041016 0.470703 0.041016 0.474609 0.037109 0.472656 0.005859 0.464844 0.000000 0.408203 0.000000 0.404297 0.003906 0.396484 0.000000 0.353516 0.000000 0.351562 0.001953 0.347656 0.000000
2 0.634766 0.000000 0.634766 0.015625 0.636719 0.017578 0.636719 0.021484 0.677734 0.021484 0.679688 0.023438 0.691406 0.023438 0.693359 0.025391 0.701172 0.025391 0.705078 0.021484 0.705078 0.011719 0.703125 0.009766 0.701172 0.000000
2 0.544922 0.044922 0.542969 0.060547 0.546875 0.080078 0.576172 0.080078 0.578125 0.078125 0.578125 0.046875 0.580078 0.044922 0.582031 0.046875 0.582031 0.080078 0.580078 0.082031 0.582031 0.107422 0.585938 0.105469 0.621094 0.105469 0.623047 0.101562 0.623047 0.046875 0.621094 0.044922 0.599609 0.044922 0.597656 0.042969 0.582031 0.044922 0.548828 0.042969
2 0.154297 0.060547 0.150391 0.066406 0.152344 0.068359 0.152344 0.078125 0.150391 0.080078 0.152344 0.082031 0.148438 0.089844 0.150391 0.091797 0.150391 0.103516 0.146484 0.113281 0.148438 0.117188 0.146484 0.119141 0.148438 0.138672 0.150391 0.140625 0.158203 0.140625 0.160156 0.142578 0.175781 0.142578 0.181641 0.136719 0.181641 0.132812 0.183594 0.130859 0.183594 0.072266 0.175781 0.062500 0.171875 0.062500 0.169922 0.060547
2 0.402344 0.101562 0.400391 0.099609 0.378906 0.097656 0.371094 0.093750 0.367188 0.095703 0.347656 0.095703 0.345703 0.097656 0.343750 0.095703 0.337891 0.095703 0.333984 0.099609 0.333984 0.134766 0.339844 0.140625 0.353516 0.140625 0.355469 0.142578 0.357422 0.140625 0.386719 0.140625 0.388672 0.138672 0.398438 0.138672 0.402344 0.134766
2 0.406250 0.101562 0.406250 0.136719 0.408203 0.138672 0.412109 0.138672 0.414062 0.140625 0.466797 0.140625 0.472656 0.136719 0.472656 0.128906 0.470703 0.126953 0.470703 0.105469 0.472656 0.103516 0.470703 0.103516 0.462891 0.093750 0.427734 0.093750 0.425781 0.095703 0.421875 0.095703 0.417969 0.099609 0.410156 0.099609
2 0.542969 0.117188 0.542969 0.148438 0.544922 0.150391 0.576172 0.150391 0.578125 0.152344 0.578125 0.179688 0.615234 0.179688 0.617188 0.177734 0.615234 0.173828 0.615234 0.158203 0.619141 0.152344 0.617188 0.140625 0.623047 0.128906 0.623047 0.121094 0.619141 0.117188 0.589844 0.117188 0.580078 0.121094 0.576172 0.117188
2 0.324219 0.156250 0.324219 0.169922 0.326172 0.171875 0.326172 0.179688 0.332031 0.187500 0.398438 0.185547 0.400391 0.183594 0.400391 0.158203 0.402344 0.156250 0.402344 0.150391 0.400391 0.148438 0.394531 0.148438 0.392578 0.146484 0.337891 0.146484 0.335938 0.148438 0.330078 0.148438
2 0.406250 0.148438 0.406250 0.177734 0.412109 0.187500 0.464844 0.191406 0.472656 0.183594 0.480469 0.185547 0.480469 0.152344 0.478516 0.152344 0.480469 0.160156 0.478516 0.169922 0.480469 0.173828 0.476562 0.181641 0.472656 0.183594 0.468750 0.177734 0.470703 0.150391 0.466797 0.146484 0.412109 0.146484
2 0.767578 0.148438 0.755859 0.148438 0.751953 0.152344 0.750000 0.158203 0.744141 0.164062 0.738281 0.166016 0.734375 0.169922 0.730469 0.169922 0.722656 0.173828 0.716797 0.179688 0.716797 0.195312 0.720703 0.199219 0.744141 0.199219 0.746094 0.197266 0.765625 0.197266 0.771484 0.193359 0.771484 0.179688 0.769531 0.177734 0.769531 0.158203 0.767578 0.156250
2 0.617188 0.195312 0.605469 0.195312 0.591797 0.203125 0.589844 0.214844 0.582031 0.224609 0.582031 0.250000 0.580078 0.251953 0.578125 0.250000 0.566406 0.250000 0.550781 0.255859 0.548828 0.279297 0.554688 0.287109 0.597656 0.289062 0.607422 0.287109 0.619141 0.277344 0.621094 0.244141 0.623047 0.242188 0.621094 0.230469 0.625000 0.226562 0.625000 0.210938 0.623047 0.201172
2 0.501953 0.238281 0.437500 0.234375 0.357422 0.240234 0.359375 0.263672 0.373047 0.292969 0.359375 0.294922 0.347656 0.279297 0.326172 0.279297 0.326172 0.333984 0.468750 0.332031 0.466797 0.292969 0.404297 0.296875 0.394531 0.292969 0.455078 0.287109 0.498047 0.292969
2 0.205078 0.257812 0.201172 0.265625 0.201172 0.306641 0.203125 0.308594 0.203125 0.316406 0.207031 0.324219 0.212891 0.328125 0.250000 0.328125 0.251953 0.326172 0.251953 0.312500 0.246094 0.296875 0.246094 0.277344 0.250000 0.269531 0.248047 0.267578 0.248047 0.259766 0.246094 0.257812 0.236328 0.257812 0.234375 0.255859
2 0.318359 0.361328 0.318359 0.367188 0.320312 0.369141 0.320312 0.380859 0.337891 0.380859 0.341797 0.382812 0.351562 0.378906 0.382812 0.378906 0.384766 0.376953 0.406250 0.376953 0.408203 0.375000 0.408203 0.359375 0.404297 0.357422 0.343750 0.357422 0.341797 0.355469 0.330078 0.357422 0.328125 0.355469 0.322266 0.355469
2 0.152344 0.693359 0.140625 0.712891 0.144531 0.798828 0.097656 0.847656 0.107422 0.855469 0.109375 0.871094 0.148438 0.867188 0.162109 0.880859 0.169922 0.998047 0.281250 0.998047 0.267578 0.894531 0.271484 0.875000 0.248047 0.824219 0.234375 0.705078 0.210938 0.683594
4 0.906250 0.210938 0.890625 0.218750 0.884766 0.236328 0.878906 0.242188 0.865234 0.244141 0.863281 0.265625 0.859375 0.269531 0.833984 0.267578 0.826172 0.261719 0.826172 0.251953 0.820312 0.251953 0.812500 0.300781 0.812500 0.367188 0.833984 0.367188 0.839844 0.371094 0.916016 0.369141 0.933594 0.363281 0.941406 0.353516 0.935547 0.320312 0.951172 0.287109 0.953125 0.257812 0.933594 0.244141
4 0.998047 0.505859 0.902344 0.509766 0.894531 0.519531 0.873047 0.701172 0.818359 0.947266 0.822266 0.982422 0.998047 0.998047
5 0.150391 0.000000 0.125000 0.003906 0.125000 0.281250 0.095703 0.341797 0.095703 0.498047 0.031250 0.623047 0.082031 0.998047 0.107422 0.992188 0.056641 0.632812 0.123047 0.488281 0.121094 0.349609 0.150391 0.285156
6 0.714844 0.427734 0.615234 0.447266 0.603516 0.566406 0.634766 0.556641 0.632812 0.640625 0.628906 0.578125 0.605469 0.574219 0.603516 0.677734 0.619141 0.716797 0.597656 0.771484 0.632812 0.796875 0.603516 0.796875 0.599609 0.820312 0.632812 0.822266 0.613281 0.832031 0.625000 0.843750 0.601562 0.843750 0.609375 0.869141 0.628906 0.869141 0.603516 0.873047 0.601562 0.896484 0.628906 0.900391 0.607422 0.908203 0.619141 0.921875 0.587891 0.923828 0.601562 0.931641 0.589844 0.943359 0.662109 0.976562 0.695312 0.968750 0.710938 0.941406 0.714844 0.740234 0.664062 0.710938 0.705078 0.693359 0.730469 0.658203 0.738281 0.509766
6 0.537109 0.439453 0.466797 0.449219 0.464844 0.460938 0.423828 0.462891 0.419922 0.476562 0.376953 0.472656 0.333984 0.505859 0.330078 0.525391 0.376953 0.804688 0.380859 0.904297 0.419922 0.914062 0.388672 0.949219 0.406250 0.957031 0.394531 0.962891 0.441406 0.978516 0.505859 0.966797 0.507812 0.955078 0.517578 0.966797 0.531250 0.951172 0.509766 0.916016 0.531250 0.902344 0.533203 0.875000 0.507812 0.843750 0.513672 0.828125 0.523438 0.847656 0.517578 0.818359 0.539062 0.808594 0.548828 0.482422
6 0.457031 0.449219 0.457031 0.451172 0.462891 0.451172 0.462891 0.449219
6 0.599609 0.832031 0.601562 0.833984 0.601562 0.835938 0.603516 0.835938 0.605469 0.833984 0.609375 0.833984 0.607422 0.832031 0.605469 0.832031 0.603516 0.830078 0.601562 0.830078
6 0.535156 0.914062 0.535156 0.916016 0.537109 0.916016 0.537109 0.914062
6 0.595703 0.914062 0.595703 0.916016 0.601562 0.916016 0.601562 0.914062 0.599609 0.916016 0.597656 0.916016
6 0.517578 0.921875 0.517578 0.923828 0.519531 0.923828 0.521484 0.925781 0.521484 0.927734 0.523438 0.929688 0.525391 0.929688 0.527344 0.927734 0.531250 0.931641 0.531250 0.933594 0.533203 0.935547 0.537109 0.935547 0.537109 0.921875 0.531250 0.921875 0.529297 0.923828 0.521484 0.923828 0.519531 0.921875
6 0.589844 0.933594 0.589844 0.935547 0.593750 0.935547 0.593750 0.933594
