0 0.386719 0.574219 0.373047 0.566406 0.345703 0.566406 0.316406 0.574219 0.214844 0.578125 0.208984 0.595703 0.228516 0.695312 0.246094 0.705078 0.308594 0.703125 0.335938 0.695312 0.365234 0.701172 0.386719 0.699219 0.392578 0.689453 0.384766 0.626953
0 0.000000 0.656250 0.000000 0.701172 0.025391 0.697266 0.050781 0.701172 0.171875 0.697266 0.183594 0.691406 0.177734 0.675781 0.160156 0.673828 0.152344 0.662109 0.138672 0.656250
0 0.119141 0.738281 0.117188 0.740234 0.117188 0.750000 0.115234 0.751953 0.115234 0.761719 0.117188 0.763672 0.117188 0.789062 0.115234 0.791016 0.117188 0.792969 0.117188 0.798828 0.128906 0.806641 0.148438 0.806641 0.158203 0.800781 0.158203 0.773438 0.160156 0.771484 0.162109 0.759766 0.158203 0.751953 0.154297 0.748047 0.154297 0.744141 0.146484 0.738281 0.140625 0.738281 0.138672 0.736328
0 0.201172 0.810547 0.197266 0.814453 0.185547 0.818359 0.185547 0.820312 0.183594 0.822266 0.183594 0.828125 0.181641 0.830078 0.181641 0.833984 0.183594 0.835938 0.183594 0.843750 0.185547 0.845703 0.185547 0.847656 0.191406 0.853516 0.193359 0.853516 0.199219 0.857422 0.212891 0.857422 0.228516 0.845703 0.228516 0.843750 0.232422 0.837891 0.232422 0.832031 0.234375 0.830078 0.234375 0.822266 0.230469 0.818359 0.224609 0.816406 0.220703 0.812500 0.216797 0.812500 0.214844 0.810547
1 0.269531 0.003906 0.253906 0.468750 0.269531 0.494141 0.566406 0.505859 0.792969 0.496094 0.775391 0.367188 0.748047 0.343750 0.689453 0.146484 0.658203 0.109375 0.642578 0.003906
1 0.687500 0.003906 0.687500 0.005859 0.689453 0.005859 0.689453 0.003906
1 0.683594 0.042969 0.681641 0.041016 0.679688 0.042969
1 0.699219 0.064453 0.695312 0.064453 0.695312 0.068359
1 0.687500 0.087891 0.687500 0.111328 0.691406 0.111328 0.691406 0.109375 0.693359 0.107422 0.691406 0.105469 0.691406 0.099609 0.689453 0.097656 0.689453 0.089844
1 0.000000 0.128906 0.000000 0.533203 0.173828 0.535156 0.189453 0.517578 0.191406 0.181641 0.175781 0.132812
2 0.000000 0.539062 0.000000 0.654297 0.130859 0.650391 0.125000 0.603516 0.132812 0.568359 0.142578 0.558594 0.134766 0.550781 0.144531 0.544922 0.169922 0.542969
2 0.146484 0.566406 0.146484 0.568359 0.148438 0.570312 0.148438 0.574219 0.150391 0.574219 0.152344 0.576172 0.156250 0.572266 0.154297 0.570312 0.152344 0.570312 0.150391 0.568359 0.148438 0.568359
2 0.136719 0.572266 0.138672 0.574219 0.138672 0.572266
5 0.388672 0.710938 0.000000 0.710938 0.000000 0.998047 0.027344 0.998047 0.021484 0.732422 0.378906 0.728516
