0 0.011719 0.000000 0.011719 0.011719 0.015625 0.017578 0.021484 0.039062 0.039062 0.046875 0.058594 0.046875 0.068359 0.050781 0.078125 0.050781 0.087891 0.044922 0.119141 0.042969 0.126953 0.041016 0.132812 0.035156 0.136719 0.025391 0.136719 0.000000
0 0.242188 0.019531 0.222656 0.001953 0.199219 0.005859 0.207031 0.074219 0.185547 0.093750 0.183594 0.125000 0.177734 0.099609 0.152344 0.076172 0.117188 0.076172 0.097656 0.060547 0.082031 0.062500 0.080078 0.099609 0.066406 0.117188 0.072266 0.146484 0.035156 0.148438 0.033203 0.201172 0.042969 0.208984 0.064453 0.207031 0.082031 0.181641 0.076172 0.150391 0.103516 0.148438 0.126953 0.167969 0.175781 0.171875 0.162109 0.183594 0.166016 0.224609 0.187500 0.234375 0.210938 0.230469 0.216797 0.179688 0.271484 0.171875 0.283203 0.152344 0.279297 0.083984 0.251953 0.062500
0 0.347656 0.230469 0.359375 0.316406 0.455078 0.373047 0.552734 0.371094 0.550781 0.232422 0.611328 0.226562 0.654297 0.267578 0.658203 0.371094 0.675781 0.386719 0.878906 0.419922 0.917969 0.408203 0.994141 0.435547 0.998047 0.000000 0.652344 0.000000 0.648438 0.031250 0.630859 0.029297 0.638672 0.005859 0.535156 0.005859 0.519531 0.060547 0.539062 0.042969 0.548828 0.074219 0.466797 0.093750 0.466797 0.210938 0.423828 0.160156
0 0.527344 0.005859 0.527344 0.013672 0.529297 0.013672 0.529297 0.005859
0 0.527344 0.062500 0.527344 0.068359 0.525391 0.070312 0.525391 0.072266 0.527344 0.074219 0.527344 0.078125 0.529297 0.078125 0.529297 0.068359 0.527344 0.066406
0 0.521484 0.070312 0.519531 0.070312 0.519531 0.076172 0.521484 0.074219
0 0.474609 0.074219 0.474609 0.076172 0.494141 0.076172 0.494141 0.074219
0 0.457031 0.201172 0.455078 0.203125 0.453125 0.203125 0.453125 0.205078 0.457031 0.205078
0 0.613281 0.212891 0.613281 0.214844 0.615234 0.214844 0.615234 0.212891
0 0.478516 0.220703 0.478516 0.222656 0.484375 0.222656 0.480469 0.218750
0 0.341797 0.230469 0.339844 0.232422 0.339844 0.240234 0.341797 0.242188
0 0.263672 0.322266 0.248047 0.287109 0.175781 0.259766 0.128906 0.269531 0.111328 0.289062 0.105469 0.316406 0.091797 0.291016 0.060547 0.277344 0.015625 0.283203 0.007812 0.314453 0.015625 0.355469 0.058594 0.369141 0.083984 0.367188 0.095703 0.355469 0.099609 0.326172 0.099609 0.351562 0.109375 0.371094 0.126953 0.386719 0.160156 0.390625 0.173828 0.384766 0.179688 0.367188 0.197266 0.382812 0.224609 0.386719 0.242188 0.365234 0.242188 0.341797 0.234375 0.337891 0.261719 0.337891
0 0.296875 0.517578 0.318359 0.550781 0.363281 0.558594 0.386719 0.533203 0.460938 0.580078 0.464844 0.568359 0.531250 0.564453 0.546875 0.550781 0.550781 0.568359 0.494141 0.589844 0.494141 0.613281 0.589844 0.628906 0.626953 0.611328 0.628906 0.593750 0.621094 0.609375 0.605469 0.582031 0.642578 0.582031 0.634766 0.574219 0.648438 0.568359 0.654297 0.537109 0.689453 0.556641 0.718750 0.548828 0.751953 0.562500 0.791016 0.544922 0.810547 0.505859 0.802734 0.468750 0.609375 0.460938 0.480469 0.414062 0.437500 0.421875 0.386719 0.404297 0.339844 0.419922 0.326172 0.453125 0.333984 0.464844
0 0.662109 0.449219 0.662109 0.451172 0.669922 0.451172 0.671875 0.449219 0.673828 0.449219 0.675781 0.451172 0.681641 0.451172 0.681641 0.449219 0.679688 0.447266 0.671875 0.447266 0.669922 0.449219 0.667969 0.449219 0.666016 0.447266 0.664062 0.447266
0 0.031250 0.507812 0.031250 0.527344 0.046875 0.556641 0.048828 0.583984 0.042969 0.603516 0.031250 0.611328 0.029297 0.636719 0.011719 0.656250 0.017578 0.679688 0.064453 0.691406 0.115234 0.689453 0.142578 0.714844 0.175781 0.714844 0.177734 0.693359 0.164062 0.677734 0.167969 0.646484 0.156250 0.623047 0.164062 0.595703 0.191406 0.595703 0.208984 0.566406 0.201172 0.529297 0.167969 0.509766 0.125000 0.501953
0 0.511719 0.574219 0.513672 0.576172 0.513672 0.574219
0 0.972656 0.583984 0.962891 0.580078 0.951172 0.580078 0.943359 0.587891 0.910156 0.605469 0.908203 0.611328 0.892578 0.628906 0.892578 0.650391 0.890625 0.656250 0.898438 0.669922 0.917969 0.667969 0.937500 0.642578 0.949219 0.636719 0.958984 0.636719 0.966797 0.630859 0.968750 0.623047 0.978516 0.613281 0.982422 0.605469 0.980469 0.595703
0 0.242188 0.667969 0.242188 0.669922 0.265625 0.669922 0.267578 0.667969 0.269531 0.669922 0.279297 0.669922 0.279297 0.666016 0.277344 0.666016 0.275391 0.667969 0.273438 0.667969 0.271484 0.666016 0.269531 0.666016 0.267578 0.667969 0.265625 0.666016 0.246094 0.666016 0.244141 0.667969
0 0.457031 0.679688 0.429688 0.669922 0.386719 0.681641 0.378906 0.720703 0.349609 0.705078 0.306641 0.714844 0.244141 0.708984 0.257812 0.720703 0.246094 0.722656 0.265625 0.734375 0.257812 0.800781 0.222656 0.837891 0.232422 0.943359 0.255859 0.941406 0.273438 0.955078 0.261719 0.957031 0.265625 0.966797 0.349609 0.968750 0.351562 0.986328 0.386719 0.984375 0.375000 0.970703 0.386719 0.976562 0.404297 0.947266 0.402344 0.882812 0.419922 0.791016 0.417969 0.767578 0.398438 0.755859 0.394531 0.728516 0.380859 0.722656 0.458984 0.720703
0 0.779297 0.712891 0.759766 0.701172 0.750000 0.701172 0.738281 0.722656 0.736328 0.746094 0.730469 0.750000 0.724609 0.748047 0.708984 0.751953 0.705078 0.759766 0.705078 0.785156 0.712891 0.794922 0.748047 0.792969 0.759766 0.785156 0.763672 0.771484 0.761719 0.759766 0.765625 0.755859 0.781250 0.751953 0.787109 0.746094 0.787109 0.734375 0.783203 0.728516
0 0.001953 0.718750 0.000000 0.900391 0.080078 0.914062 0.156250 0.892578 0.162109 0.865234 0.150391 0.835938 0.150391 0.800781 0.166016 0.761719 0.164062 0.755859 0.125000 0.753906 0.105469 0.744141 0.050781 0.734375 0.019531 0.720703
0 0.246094 0.753906 0.248047 0.755859 0.248047 0.753906
0 0.662109 0.789062 0.652344 0.792969 0.636719 0.810547 0.634766 0.818359 0.640625 0.837891 0.648438 0.845703 0.648438 0.855469 0.595703 0.914062 0.599609 0.966797 0.613281 0.998047 0.677734 0.998047 0.685547 0.986328 0.689453 0.841797 0.693359 0.828125 0.708984 0.816406 0.701172 0.812500 0.695312 0.800781
0 0.718750 0.806641 0.716797 0.806641 0.714844 0.808594 0.712891 0.808594 0.712891 0.812500 0.714844 0.812500 0.716797 0.810547 0.716797 0.808594
0 0.880859 0.865234 0.882812 0.882812 0.892578 0.898438 0.894531 0.908203 0.900391 0.912109 0.906250 0.912109 0.914062 0.925781 0.917969 0.927734 0.927734 0.927734 0.949219 0.919922 0.957031 0.919922 0.968750 0.910156 0.970703 0.904297 0.982422 0.892578 0.998047 0.888672 0.998047 0.843750 0.994141 0.841797 0.914062 0.841797 0.898438 0.847656
0 0.035156 0.921875 0.037109 0.921875 0.039062 0.923828 0.044922 0.923828 0.044922 0.921875
0 0.050781 0.921875 0.050781 0.923828 0.058594 0.923828 0.056641 0.923828 0.054688 0.921875
0 0.248047 0.949219 0.250000 0.951172 0.251953 0.949219
2 0.337891 0.035156 0.337891 0.060547 0.339844 0.062500 0.375000 0.060547 0.384766 0.064453 0.398438 0.078125 0.398438 0.080078 0.408203 0.082031 0.410156 0.072266 0.412109 0.070312 0.412109 0.050781 0.414062 0.048828 0.414062 0.039062 0.412109 0.037109 0.382812 0.035156 0.380859 0.033203 0.367188 0.033203 0.365234 0.031250 0.357422 0.031250 0.355469 0.029297 0.341797 0.029297
2 0.615234 0.250000 0.603516 0.238281 0.599609 0.238281 0.597656 0.236328 0.593750 0.236328 0.591797 0.238281 0.585938 0.238281 0.583984 0.240234 0.582031 0.240234 0.578125 0.244141 0.576172 0.244141 0.574219 0.246094 0.570312 0.246094 0.566406 0.250000 0.566406 0.259766 0.568359 0.261719 0.568359 0.271484 0.572266 0.275391 0.578125 0.275391 0.580078 0.277344 0.589844 0.277344 0.591797 0.275391 0.595703 0.275391 0.597656 0.273438 0.601562 0.273438 0.603516 0.271484 0.609375 0.269531 0.615234 0.263672 0.615234 0.257812 0.617188 0.255859
2 0.013672 0.443359 0.013672 0.462891 0.011719 0.464844 0.011719 0.492188 0.009766 0.494141 0.009766 0.500000 0.013672 0.503906 0.023438 0.503906 0.031250 0.500000 0.054688 0.498047 0.058594 0.496094 0.066406 0.486328 0.078125 0.482422 0.082031 0.478516 0.083984 0.472656 0.083984 0.447266 0.080078 0.445312 0.066406 0.445312 0.064453 0.443359 0.046875 0.441406 0.044922 0.439453 0.035156 0.439453 0.033203 0.437500 0.017578 0.437500
2 0.005859 0.970703 0.013672 0.972656 0.013672 0.988281 0.011719 0.990234 0.007812 0.986328 0.005859 0.998047 0.160156 0.998047 0.164062 0.988281 0.167969 0.949219 0.126953 0.947266 0.072266 0.933594 0.021484 0.929688 0.015625 0.966797
