0 0.328125 0.042969 0.330078 0.044922 0.330078 0.042969
0 0.201172 0.099609 0.218750 0.167969 0.189453 0.193359 0.263672 0.216797 0.294922 0.183594 0.328125 0.224609 0.466797 0.210938 0.609375 0.345703 0.609375 0.417969 0.773438 0.529297 0.843750 0.537109 0.900391 0.500000 0.998047 0.490234 0.980469 0.257812 0.998047 0.208984 0.767578 0.068359 0.757812 0.107422 0.673828 0.093750 0.646484 0.138672 0.636719 0.095703 0.593750 0.097656 0.560547 0.060547 0.519531 0.074219 0.541016 0.050781 0.468750 0.066406 0.490234 0.093750 0.369141 0.042969 0.324219 0.078125 0.283203 0.066406
0 0.392578 0.042969 0.392578 0.044922 0.396484 0.044922 0.396484 0.042969
0 0.574219 0.054688 0.572266 0.052734 0.572266 0.054688 0.568359 0.058594 0.566406 0.058594 0.566406 0.060547 0.574219 0.060547
0 0.312500 0.068359 0.312500 0.066406 0.308594 0.062500 0.304688 0.066406 0.302734 0.066406 0.304688 0.068359
0 0.718750 0.083984 0.720703 0.085938 0.722656 0.083984 0.724609 0.083984 0.726562 0.085938 0.728516 0.085938 0.730469 0.083984 0.732422 0.083984 0.734375 0.082031 0.730469 0.078125 0.724609 0.078125 0.722656 0.080078 0.720703 0.080078 0.718750 0.082031
0 0.740234 0.080078 0.740234 0.083984 0.746094 0.083984 0.748047 0.082031 0.746094 0.080078
0 0.603516 0.082031 0.605469 0.082031 0.607422 0.083984 0.607422 0.082031
0 0.205078 0.085938 0.207031 0.087891 0.208984 0.087891 0.208984 0.085938
0 0.300781 0.091797 0.298828 0.093750 0.298828 0.097656 0.300781 0.097656
0 0.191406 0.167969 0.189453 0.169922 0.189453 0.173828 0.191406 0.175781 0.191406 0.177734 0.193359 0.177734 0.193359 0.175781 0.191406 0.175781 0.189453 0.173828 0.193359 0.169922 0.193359 0.167969
0 0.984375 0.173828 0.984375 0.177734 0.992188 0.177734 0.986328 0.171875
0 0.988281 0.191406 0.990234 0.193359 0.992188 0.191406 0.994141 0.191406 0.996094 0.193359 0.998047 0.193359 0.998047 0.191406 0.996094 0.189453 0.990234 0.189453
0 0.355469 0.220703 0.355469 0.224609 0.357422 0.224609 0.357422 0.222656
0 0.341797 0.238281 0.339844 0.238281 0.339844 0.240234
0 0.357422 0.238281 0.355469 0.238281 0.355469 0.240234
0 0.322266 0.253906 0.322266 0.255859 0.333984 0.255859 0.333984 0.253906 0.328125 0.253906 0.326172 0.251953 0.324219 0.251953
0 0.349609 0.253906 0.347656 0.255859 0.347656 0.259766 0.345703 0.261719 0.351562 0.267578 0.349609 0.269531 0.351562 0.271484 0.355469 0.271484 0.357422 0.269531 0.357422 0.267578 0.355469 0.265625 0.355469 0.257812 0.357422 0.255859 0.357422 0.253906
0 0.302734 0.257812 0.300781 0.257812 0.300781 0.259766 0.302734 0.261719 0.302734 0.263672 0.300781 0.265625 0.300781 0.267578 0.298828 0.269531 0.289062 0.269531 0.291016 0.271484 0.302734 0.271484 0.304688 0.269531 0.302734 0.267578
0 0.328125 0.261719 0.330078 0.261719 0.332031 0.263672 0.333984 0.263672 0.333984 0.261719
0 0.388672 0.285156 0.386719 0.283203 0.384766 0.285156 0.382812 0.285156 0.384766 0.285156 0.386719 0.287109
0 0.273438 0.320312 0.273438 0.324219 0.275391 0.324219 0.279297 0.320312 0.281250 0.322266 0.285156 0.322266 0.287109 0.324219 0.287109 0.318359 0.285156 0.318359 0.283203 0.320312 0.279297 0.320312 0.277344 0.318359 0.275391 0.320312
0 0.482422 0.316406 0.480469 0.316406 0.480469 0.318359 0.478516 0.320312 0.470703 0.320312 0.468750 0.322266 0.472656 0.326172 0.468750 0.330078 0.464844 0.330078 0.462891 0.332031 0.462891 0.333984 0.464844 0.333984 0.466797 0.335938 0.466797 0.337891 0.464844 0.339844 0.466797 0.341797 0.468750 0.341797 0.470703 0.343750 0.470703 0.345703 0.472656 0.347656 0.474609 0.347656 0.472656 0.347656 0.470703 0.345703 0.472656 0.343750 0.474609 0.343750 0.474609 0.341797 0.478516 0.337891 0.474609 0.333984 0.474609 0.324219 0.476562 0.322266 0.480469 0.322266 0.482422 0.320312
0 0.488281 0.316406 0.488281 0.318359 0.486328 0.320312 0.486328 0.322266 0.488281 0.324219 0.490234 0.324219 0.490234 0.318359
0 0.490234 0.328125 0.488281 0.328125 0.486328 0.330078 0.488281 0.332031 0.488281 0.333984 0.486328 0.335938 0.488281 0.337891 0.490234 0.335938
0 0.505859 0.328125 0.503906 0.328125 0.503906 0.335938 0.505859 0.333984
0 0.503906 0.339844 0.503906 0.347656 0.505859 0.347656 0.503906 0.345703
0 0.488281 0.343750 0.486328 0.345703 0.488281 0.347656 0.488281 0.349609 0.486328 0.351562 0.488281 0.351562 0.490234 0.349609 0.490234 0.345703
0 0.800781 0.544922 0.781250 0.550781 0.771484 0.570312 0.744141 0.589844 0.742188 0.615234 0.750000 0.625000 0.722656 0.654297 0.728516 0.691406 0.722656 0.718750 0.732422 0.753906 0.746094 0.755859 0.763672 0.771484 0.798828 0.775391 0.787109 0.785156 0.781250 0.828125 0.812500 0.847656 0.832031 0.849609 0.863281 0.832031 0.857422 0.779297 0.841797 0.761719 0.853516 0.693359 0.867188 0.669922 0.863281 0.632812 0.873047 0.611328 0.898438 0.607422 0.875000 0.603516 0.880859 0.587891 0.871094 0.564453
0 0.904297 0.642578 0.906250 0.644531 0.906250 0.646484 0.912109 0.646484 0.912109 0.640625 0.908203 0.640625 0.906250 0.642578
0 0.876953 0.656250 0.875000 0.658203 0.875000 0.662109 0.876953 0.662109 0.878906 0.660156 0.876953 0.658203
0 0.998047 0.712891 0.947266 0.765625 0.931641 0.802734 0.939453 0.820312 0.929688 0.837891 0.933594 0.857422 0.943359 0.871094 0.962891 0.882812 0.974609 0.931641 0.990234 0.955078 0.982422 0.970703 0.968750 0.978516 0.970703 0.998047 0.998047 0.998047
2 0.000000 0.000000 0.000000 0.996094 0.085938 0.998047 0.080078 0.937500 0.125000 0.912109 0.060547 0.789062 0.066406 0.767578 0.072266 0.785156 0.097656 0.771484 0.115234 0.533203 0.142578 0.480469 0.156250 0.357422 0.003906 0.316406 0.080078 0.000000
2 0.099609 0.000000 0.078125 0.076172 0.070312 0.154297 0.041016 0.228516 0.027344 0.298828 0.080078 0.320312 0.158203 0.333984 0.160156 0.222656 0.171875 0.201172 0.177734 0.117188 0.167969 0.103516 0.121094 0.095703 0.107422 0.085938 0.119141 0.083984 0.128906 0.056641 0.169922 0.039062 0.177734 0.000000
2 0.972656 0.615234 0.972656 0.617188 0.970703 0.619141 0.970703 0.623047 0.968750 0.625000 0.970703 0.626953 0.970703 0.628906 0.972656 0.630859 0.974609 0.630859 0.976562 0.632812 0.980469 0.632812 0.982422 0.634766 0.984375 0.634766 0.988281 0.638672 0.998047 0.638672 0.998047 0.625000 0.996094 0.625000 0.994141 0.623047 0.992188 0.623047 0.986328 0.617188 0.984375 0.617188 0.982422 0.615234
2 0.941406 0.677734 0.925781 0.671875 0.884766 0.667969 0.873047 0.673828 0.869141 0.689453 0.875000 0.701172 0.865234 0.703125 0.859375 0.708984 0.851562 0.738281 0.853516 0.759766 0.865234 0.785156 0.867188 0.798828 0.871094 0.802734 0.888672 0.800781 0.900391 0.787109 0.910156 0.783203 0.923828 0.763672 0.933594 0.759766 0.939453 0.746094 0.937500 0.736328 0.951172 0.722656 0.955078 0.705078 0.951172 0.697266 0.951172 0.687500
2 0.521484 0.677734 0.451172 0.705078 0.449219 0.716797 0.478516 0.761719 0.476562 0.779297 0.498047 0.804688 0.496094 0.820312 0.511719 0.861328 0.539062 0.892578 0.531250 0.919922 0.568359 0.998047 0.591797 0.998047 0.576172 0.937500 0.660156 0.904297 0.666016 0.888672 0.636719 0.830078 0.632812 0.802734 0.591797 0.738281 0.580078 0.701172 0.552734 0.681641
2 0.691406 0.771484 0.685547 0.771484 0.683594 0.769531 0.681641 0.771484 0.675781 0.771484 0.662109 0.779297 0.644531 0.783203 0.634766 0.791016 0.642578 0.820312 0.652344 0.837891 0.658203 0.837891 0.660156 0.839844 0.664062 0.837891 0.671875 0.828125 0.677734 0.826172 0.685547 0.820312 0.697266 0.818359 0.699219 0.816406 0.701172 0.816406 0.703125 0.820312 0.705078 0.818359 0.705078 0.789062
2 0.074219 0.789062 0.072266 0.789062 0.072266 0.792969 0.068359 0.796875 0.070312 0.798828 0.070312 0.800781 0.072266 0.802734 0.076172 0.798828 0.076172 0.796875 0.074219 0.794922
2 0.074219 0.808594 0.074219 0.810547 0.076172 0.812500 0.076172 0.816406 0.078125 0.818359 0.080078 0.818359 0.080078 0.814453 0.078125 0.812500 0.078125 0.810547 0.076172 0.808594
2 0.921875 0.851562 0.902344 0.869141 0.902344 0.878906 0.910156 0.890625 0.916016 0.912109 0.927734 0.927734 0.931641 0.943359 0.937500 0.951172 0.947266 0.976562 0.953125 0.980469 0.962891 0.978516 0.980469 0.964844 0.982422 0.945312 0.966797 0.935547 0.964844 0.912109 0.955078 0.888672 0.951172 0.884766 0.939453 0.880859 0.931641 0.873047 0.925781 0.859375 0.925781 0.851562
2 0.738281 0.884766 0.728516 0.884766 0.722656 0.888672 0.708984 0.890625 0.687500 0.900391 0.683594 0.921875 0.691406 0.941406 0.701172 0.945312 0.708984 0.945312 0.710938 0.943359 0.714844 0.943359 0.734375 0.931641 0.742188 0.923828 0.746094 0.916016 0.753906 0.914062 0.753906 0.910156 0.740234 0.900391 0.740234 0.896484 0.738281 0.894531
4 0.220703 0.820312 0.234375 0.853516 0.248047 0.863281 0.289062 0.949219 0.310547 0.970703 0.318359 0.998047 0.427734 0.998047 0.394531 0.912109 0.359375 0.859375 0.355469 0.843750 0.341797 0.833984 0.337891 0.765625 0.316406 0.761719 0.263672 0.781250
5 0.082031 0.000000 0.058594 0.070312 0.050781 0.148438 0.023438 0.214844 0.003906 0.310547 0.007812 0.318359 0.080078 0.341797 0.164062 0.357422 0.173828 0.347656 0.167969 0.337891 0.080078 0.322266 0.025391 0.298828 0.039062 0.228516 0.068359 0.154297 0.076172 0.076172 0.099609 0.007812 0.097656 0.000000
5 0.935547 0.814453 0.921875 0.812500 0.882812 0.871094 0.832031 0.917969 0.744141 0.974609 0.701172 0.990234 0.697266 0.998047 0.734375 0.998047 0.755859 0.990234 0.824219 0.945312 0.845703 0.978516 0.867188 0.998047 0.890625 0.998047 0.882812 0.972656 0.849609 0.927734 0.900391 0.880859 0.900391 0.869141 0.935547 0.828125
