0 0.554688 0.023438 0.554688 0.044922 0.578125 0.060547 0.599609 0.062500 0.619141 0.054688 0.630859 0.068359 0.656250 0.070312 0.699219 0.087891 0.718750 0.085938 0.728516 0.121094 0.777344 0.175781 0.826172 0.164062 0.839844 0.148438 0.837891 0.132812 0.824219 0.123047 0.824219 0.115234 0.796875 0.097656 0.794922 0.082031 0.802734 0.066406 0.792969 0.056641 0.722656 0.035156 0.677734 0.035156 0.652344 0.023438 0.619141 0.027344 0.593750 0.009766 0.560547 0.015625
0 0.863281 0.080078 0.861328 0.095703 0.875000 0.109375 0.878906 0.107422 0.896484 0.115234 0.941406 0.125000 0.949219 0.132812 0.951172 0.130859 0.968750 0.136719 0.984375 0.146484 0.998047 0.144531 0.998047 0.099609 0.980469 0.091797 0.970703 0.083984 0.945312 0.076172 0.927734 0.062500 0.917969 0.060547 0.892578 0.062500
0 0.578125 0.193359 0.578125 0.199219 0.589844 0.205078 0.582031 0.210938 0.582031 0.216797 0.595703 0.222656 0.595703 0.240234 0.607422 0.244141 0.599609 0.251953 0.634766 0.263672 0.662109 0.294922 0.701172 0.298828 0.726562 0.324219 0.740234 0.324219 0.765625 0.312500 0.767578 0.298828 0.777344 0.289062 0.777344 0.273438 0.765625 0.263672 0.761719 0.250000 0.753906 0.242188 0.744141 0.240234 0.720703 0.246094 0.679688 0.222656 0.675781 0.212891 0.650391 0.208984 0.640625 0.193359 0.621094 0.191406 0.609375 0.197266 0.591797 0.191406
0 0.037109 0.417969 0.039062 0.435547 0.085938 0.457031 0.103516 0.453125 0.115234 0.441406 0.148438 0.437500 0.154297 0.414062 0.166016 0.421875 0.207031 0.429688 0.230469 0.425781 0.251953 0.435547 0.265625 0.423828 0.263672 0.361328 0.271484 0.355469 0.265625 0.335938 0.248047 0.330078 0.230469 0.330078 0.212891 0.339844 0.187500 0.326172 0.160156 0.298828 0.142578 0.294922 0.105469 0.316406 0.101562 0.332031 0.105469 0.382812 0.050781 0.392578
0 0.298828 0.355469 0.296875 0.359375 0.296875 0.369141 0.300781 0.371094 0.302734 0.375000 0.306641 0.375000 0.310547 0.378906 0.314453 0.394531 0.322266 0.398438 0.326172 0.398438 0.328125 0.400391 0.339844 0.402344 0.351562 0.396484 0.359375 0.388672 0.361328 0.384766 0.361328 0.378906 0.359375 0.376953 0.359375 0.369141 0.355469 0.365234 0.351562 0.365234 0.343750 0.361328 0.337891 0.361328 0.326172 0.355469 0.312500 0.355469 0.310547 0.357422 0.306641 0.355469 0.300781 0.357422
0 0.410156 0.566406 0.390625 0.628906 0.371094 0.671875 0.373047 0.683594 0.376953 0.685547 0.390625 0.677734 0.427734 0.679688 0.464844 0.699219 0.490234 0.699219 0.496094 0.685547 0.498047 0.691406 0.511719 0.695312 0.535156 0.689453 0.548828 0.693359 0.554688 0.673828 0.544922 0.662109 0.517578 0.652344 0.503906 0.660156 0.500000 0.658203 0.507812 0.644531 0.503906 0.623047 0.466797 0.591797 0.464844 0.580078 0.447266 0.560547 0.425781 0.560547
0 0.740234 0.642578 0.712891 0.638672 0.693359 0.628906 0.673828 0.648438 0.675781 0.673828 0.652344 0.677734 0.619141 0.710938 0.615234 0.724609 0.599609 0.740234 0.593750 0.753906 0.597656 0.775391 0.613281 0.779297 0.619141 0.794922 0.648438 0.798828 0.666016 0.787109 0.710938 0.785156 0.720703 0.769531 0.734375 0.763672 0.742188 0.748047 0.738281 0.714844 0.744141 0.708984 0.753906 0.710938 0.761719 0.703125 0.761719 0.683594
0 0.378906 0.833984 0.380859 0.849609 0.406250 0.853516 0.402344 0.863281 0.441406 0.869141 0.476562 0.863281 0.492188 0.880859 0.541016 0.880859 0.548828 0.873047 0.554688 0.876953 0.548828 0.871094 0.560547 0.861328 0.560547 0.851562 0.585938 0.865234 0.613281 0.861328 0.623047 0.849609 0.621094 0.810547 0.615234 0.802734 0.556641 0.808594 0.554688 0.818359 0.542969 0.824219 0.541016 0.814453 0.550781 0.812500 0.539062 0.806641 0.539062 0.796875 0.552734 0.792969 0.521484 0.785156 0.513672 0.777344 0.474609 0.771484 0.414062 0.777344 0.410156 0.789062 0.388672 0.789062 0.386719 0.822266
0 0.320312 0.896484 0.322266 0.912109 0.373047 0.914062 0.375000 0.917969 0.388672 0.916016 0.396484 0.917969 0.398438 0.921875 0.408203 0.919922 0.417969 0.927734 0.451172 0.927734 0.460938 0.917969 0.460938 0.908203 0.451172 0.888672 0.441406 0.880859 0.433594 0.878906 0.402344 0.880859 0.376953 0.875000 0.365234 0.876953 0.355469 0.882812 0.330078 0.882812 0.322266 0.888672
0 0.972656 0.916016 0.972656 0.919922 0.970703 0.921875 0.953125 0.921875 0.951172 0.919922 0.949219 0.919922 0.947266 0.921875 0.941406 0.921875 0.943359 0.923828 0.945312 0.923828 0.947266 0.925781 0.958984 0.925781 0.960938 0.923828 0.962891 0.923828 0.964844 0.925781 0.966797 0.925781 0.968750 0.923828 0.970703 0.923828 0.970703 0.921875 0.972656 0.919922
0 0.419922 0.976562 0.421875 0.984375 0.427734 0.992188 0.427734 0.998047 0.501953 0.998047 0.501953 0.978516 0.498047 0.974609 0.484375 0.968750 0.472656 0.958984 0.468750 0.958984 0.466797 0.960938 0.462891 0.960938 0.460938 0.958984 0.445312 0.958984 0.443359 0.960938 0.439453 0.958984 0.437500 0.960938 0.431641 0.960938 0.421875 0.970703 0.421875 0.974609
1 0.500000 0.001953 0.500000 0.009766 0.503906 0.013672 0.513672 0.013672 0.515625 0.015625 0.517578 0.015625 0.519531 0.013672 0.537109 0.013672 0.539062 0.011719 0.552734 0.011719 0.554688 0.013672 0.558594 0.013672 0.568359 0.007812 0.566406 0.007812 0.564453 0.009766 0.558594 0.005859 0.550781 0.011719 0.546875 0.007812 0.546875 0.005859 0.544922 0.003906 0.541016 0.003906 0.539062 0.001953 0.539062 0.000000 0.501953 0.000000
1 0.603516 0.007812 0.650391 0.009766 0.675781 0.025391 0.707031 0.023438 0.742188 0.031250 0.761719 0.044922 0.816406 0.048828 0.867188 0.066406 0.923828 0.058594 0.998047 0.091797 0.998047 0.000000 0.607422 0.000000
1 0.380859 0.021484 0.376953 0.015625 0.373047 0.013672 0.357422 0.013672 0.355469 0.011719 0.345703 0.013672 0.339844 0.007812 0.330078 0.009766 0.318359 0.017578 0.314453 0.017578 0.312500 0.021484 0.298828 0.031250 0.296875 0.035156 0.296875 0.044922 0.304688 0.056641 0.302734 0.058594 0.304688 0.064453 0.314453 0.064453 0.316406 0.062500 0.322266 0.064453 0.324219 0.062500 0.349609 0.062500 0.351562 0.060547 0.357422 0.060547 0.365234 0.050781 0.373047 0.048828 0.376953 0.035156 0.380859 0.029297
1 0.000000 0.033203 0.000000 0.126953 0.009766 0.126953 0.013672 0.123047 0.015625 0.109375 0.019531 0.099609 0.019531 0.085938 0.021484 0.083984 0.023438 0.056641 0.025391 0.054688 0.025391 0.039062 0.023438 0.035156
1 0.279297 0.046875 0.277344 0.046875 0.277344 0.048828 0.269531 0.056641 0.263672 0.058594 0.259766 0.062500 0.257812 0.068359 0.251953 0.076172 0.251953 0.082031 0.250000 0.083984 0.250000 0.097656 0.257812 0.103516 0.275391 0.103516 0.279297 0.099609 0.281250 0.099609 0.285156 0.093750 0.285156 0.087891 0.287109 0.085938 0.287109 0.080078 0.289062 0.078125 0.289062 0.076172 0.291016 0.074219 0.296875 0.072266 0.296875 0.066406 0.294922 0.064453 0.294922 0.062500 0.291016 0.062500 0.287109 0.058594 0.287109 0.056641 0.281250 0.052734
1 0.835938 0.404297 0.843750 0.406250 0.841797 0.423828 0.845703 0.429688 0.859375 0.425781 0.861328 0.408203 0.869141 0.406250 0.869141 0.423828 0.875000 0.433594 0.871094 0.439453 0.886719 0.443359 0.892578 0.439453 0.919922 0.439453 0.916016 0.433594 0.925781 0.423828 0.925781 0.410156 0.945312 0.408203 0.945312 0.404297 0.957031 0.396484 0.957031 0.378906 0.951172 0.367188 0.935547 0.365234 0.929688 0.371094 0.927734 0.382812 0.910156 0.363281 0.888672 0.361328 0.875000 0.371094 0.873047 0.396484 0.863281 0.400391 0.861328 0.359375 0.845703 0.355469 0.841797 0.359375 0.843750 0.398438 0.835938 0.400391
1 0.851562 0.437500 0.851562 0.439453 0.853516 0.439453
2 0.509766 0.103516 0.500000 0.101562 0.494141 0.105469 0.490234 0.105469 0.488281 0.107422 0.486328 0.107422 0.482422 0.111328 0.480469 0.125000 0.478516 0.126953 0.478516 0.128906 0.474609 0.134766 0.474609 0.138672 0.472656 0.140625 0.472656 0.148438 0.474609 0.150391 0.474609 0.152344 0.478516 0.156250 0.480469 0.156250 0.486328 0.164062 0.492188 0.164062 0.492188 0.162109 0.494141 0.160156 0.494141 0.154297 0.496094 0.152344 0.496094 0.148438 0.498047 0.146484 0.498047 0.142578 0.500000 0.140625 0.501953 0.134766 0.507812 0.128906 0.507812 0.125000 0.509766 0.123047 0.509766 0.117188 0.513672 0.111328 0.513672 0.107422
2 0.806641 0.179688 0.804688 0.195312 0.802734 0.197266 0.804688 0.205078 0.845703 0.218750 0.861328 0.226562 0.869141 0.226562 0.871094 0.201172 0.882812 0.185547 0.888672 0.185547 0.884766 0.179688 0.867188 0.173828 0.861328 0.173828 0.853516 0.169922 0.845703 0.169922 0.843750 0.167969 0.832031 0.167969 0.830078 0.169922 0.816406 0.171875
2 0.000000 0.292969 0.000000 0.361328 0.037109 0.371094 0.042969 0.375000 0.076172 0.378906 0.087891 0.382812 0.099609 0.378906 0.101562 0.369141 0.097656 0.353516 0.097656 0.339844 0.103516 0.312500 0.089844 0.310547 0.070312 0.302734 0.054688 0.302734 0.037109 0.296875
2 0.376953 0.396484 0.373047 0.402344 0.373047 0.404297 0.375000 0.406250 0.375000 0.419922 0.376953 0.421875 0.380859 0.421875 0.382812 0.423828 0.388672 0.423828 0.390625 0.425781 0.394531 0.425781 0.396484 0.427734 0.400391 0.427734 0.404297 0.421875 0.404297 0.414062 0.406250 0.412109 0.406250 0.400391 0.404297 0.398438 0.400391 0.398438 0.394531 0.394531 0.380859 0.394531 0.378906 0.396484
2 0.207031 0.433594 0.207031 0.437500 0.205078 0.439453 0.205078 0.453125 0.207031 0.455078 0.210938 0.455078 0.214844 0.458984 0.216797 0.458984 0.218750 0.460938 0.230469 0.460938 0.232422 0.458984 0.242188 0.458984 0.244141 0.457031 0.246094 0.457031 0.250000 0.453125 0.250000 0.451172 0.251953 0.449219 0.251953 0.447266 0.250000 0.445312 0.250000 0.437500 0.248047 0.435547 0.244141 0.435547 0.242188 0.433594 0.238281 0.433594 0.232422 0.429688 0.218750 0.429688 0.216797 0.431641 0.210938 0.431641 0.208984 0.433594
2 0.337891 0.441406 0.337891 0.455078 0.335938 0.457031 0.335938 0.468750 0.337891 0.470703 0.343750 0.470703 0.345703 0.472656 0.349609 0.472656 0.351562 0.474609 0.361328 0.474609 0.363281 0.476562 0.371094 0.476562 0.373047 0.474609 0.375000 0.474609 0.375000 0.460938 0.376953 0.458984 0.376953 0.445312 0.375000 0.445312 0.373047 0.443359 0.369141 0.443359 0.367188 0.441406 0.359375 0.441406 0.357422 0.439453 0.339844 0.439453
2 0.449219 0.451172 0.447266 0.453125 0.447266 0.457031 0.445312 0.458984 0.445312 0.462891 0.443359 0.464844 0.443359 0.466797 0.445312 0.468750 0.445312 0.480469 0.443359 0.482422 0.443359 0.486328 0.447266 0.492188 0.447266 0.503906 0.449219 0.505859 0.449219 0.507812 0.455078 0.513672 0.462891 0.513672 0.466797 0.509766 0.466797 0.507812 0.468750 0.505859 0.468750 0.501953 0.472656 0.498047 0.472656 0.494141 0.476562 0.488281 0.476562 0.484375 0.478516 0.482422 0.478516 0.474609 0.480469 0.472656 0.480469 0.460938 0.478516 0.458984 0.472656 0.458984 0.462891 0.453125 0.453125 0.453125 0.451172 0.451172
2 0.546875 0.458984 0.544922 0.458984 0.539062 0.455078 0.525391 0.455078 0.519531 0.462891 0.513672 0.464844 0.509766 0.468750 0.509766 0.470703 0.507812 0.472656 0.507812 0.476562 0.505859 0.478516 0.505859 0.482422 0.503906 0.484375 0.503906 0.498047 0.509766 0.505859 0.511719 0.503906 0.517578 0.503906 0.519531 0.505859 0.525391 0.505859 0.529297 0.501953 0.529297 0.500000 0.544922 0.484375 0.544922 0.482422 0.546875 0.480469 0.544922 0.478516 0.544922 0.476562 0.546875 0.474609
2 0.318359 0.476562 0.318359 0.488281 0.314453 0.494141 0.316406 0.498047 0.320312 0.498047 0.322266 0.500000 0.330078 0.500000 0.332031 0.501953 0.341797 0.503906 0.345703 0.507812 0.349609 0.507812 0.357422 0.511719 0.363281 0.511719 0.365234 0.513672 0.371094 0.511719 0.373047 0.507812 0.373047 0.501953 0.375000 0.500000 0.375000 0.486328 0.371094 0.482422 0.361328 0.482422 0.359375 0.480469 0.353516 0.480469 0.351562 0.478516 0.345703 0.478516 0.343750 0.476562 0.337891 0.476562 0.335938 0.474609 0.320312 0.474609
2 0.183594 0.509766 0.183594 0.529297 0.185547 0.531250 0.187500 0.531250 0.189453 0.533203 0.193359 0.533203 0.195312 0.535156 0.201172 0.535156 0.203125 0.537109 0.216797 0.539062 0.218750 0.541016 0.234375 0.541016 0.234375 0.525391 0.236328 0.523438 0.236328 0.519531 0.240234 0.513672 0.238281 0.511719 0.236328 0.511719 0.234375 0.509766 0.224609 0.509766 0.222656 0.507812 0.216797 0.507812 0.214844 0.505859 0.205078 0.505859 0.203125 0.503906 0.193359 0.503906 0.191406 0.505859 0.187500 0.505859
2 0.326172 0.519531 0.326172 0.527344 0.324219 0.529297 0.324219 0.533203 0.322266 0.535156 0.322266 0.542969 0.320312 0.544922 0.320312 0.554688 0.322266 0.554688 0.324219 0.556641 0.328125 0.556641 0.330078 0.558594 0.333984 0.558594 0.335938 0.560547 0.341797 0.560547 0.343750 0.562500 0.353516 0.562500 0.355469 0.564453 0.357422 0.562500 0.361328 0.562500 0.363281 0.560547 0.365234 0.560547 0.365234 0.558594 0.369141 0.552734 0.369141 0.544922 0.371094 0.542969 0.371094 0.529297 0.369141 0.527344 0.369141 0.525391 0.363281 0.521484 0.359375 0.521484 0.357422 0.519531 0.347656 0.519531 0.345703 0.517578 0.330078 0.517578 0.328125 0.519531
2 0.613281 0.517578 0.609375 0.519531 0.599609 0.529297 0.597656 0.533203 0.597656 0.539062 0.595703 0.541016 0.595703 0.568359 0.599609 0.572266 0.615234 0.574219 0.625000 0.582031 0.630859 0.583984 0.632812 0.582031 0.634766 0.572266 0.638672 0.568359 0.640625 0.556641 0.648438 0.544922 0.648438 0.529297 0.642578 0.521484 0.638672 0.521484 0.632812 0.517578
2 0.656250 0.601562 0.648438 0.599609 0.640625 0.603516 0.625000 0.628906 0.613281 0.634766 0.589844 0.664062 0.578125 0.664062 0.554688 0.705078 0.554688 0.722656 0.550781 0.730469 0.566406 0.744141 0.568359 0.759766 0.576172 0.761719 0.587891 0.742188 0.650391 0.671875 0.654297 0.664062 0.654297 0.642578 0.650391 0.626953 0.652344 0.605469
2 0.177734 0.615234 0.177734 0.638672 0.179688 0.640625 0.216797 0.648438 0.250000 0.650391 0.281250 0.656250 0.308594 0.656250 0.316406 0.626953 0.308594 0.617188 0.285156 0.611328 0.269531 0.611328 0.253906 0.605469 0.189453 0.603516 0.181641 0.607422
2 0.097656 0.646484 0.095703 0.673828 0.105469 0.683594 0.244141 0.708984 0.289062 0.710938 0.296875 0.675781 0.296875 0.666016 0.291016 0.662109 0.234375 0.658203 0.169922 0.642578 0.107422 0.636719 0.101562 0.638672
2 0.968750 0.642578 0.951172 0.642578 0.945312 0.648438 0.945312 0.650391 0.943359 0.652344 0.943359 0.656250 0.941406 0.658203 0.941406 0.662109 0.939453 0.664062 0.939453 0.671875 0.943359 0.675781 0.947266 0.675781 0.951172 0.679688 0.955078 0.679688 0.957031 0.677734 0.960938 0.677734 0.962891 0.675781 0.962891 0.673828 0.966797 0.669922 0.966797 0.667969 0.968750 0.666016 0.968750 0.660156 0.970703 0.658203 0.970703 0.654297 0.972656 0.652344 0.972656 0.648438
2 0.869141 0.650391 0.861328 0.658203 0.853516 0.662109 0.847656 0.662109 0.843750 0.666016 0.839844 0.673828 0.841797 0.693359 0.851562 0.703125 0.853516 0.703125 0.861328 0.712891 0.865234 0.714844 0.871094 0.714844 0.873047 0.716797 0.890625 0.716797 0.898438 0.708984 0.898438 0.705078 0.906250 0.691406 0.906250 0.673828 0.910156 0.669922 0.912109 0.660156 0.908203 0.654297 0.904297 0.654297 0.896484 0.650391 0.888672 0.650391 0.886719 0.652344 0.884766 0.650391
2 0.468750 0.744141 0.468750 0.755859 0.472656 0.759766 0.478516 0.759766 0.480469 0.761719 0.496094 0.765625 0.507812 0.771484 0.513672 0.771484 0.521484 0.761719 0.523438 0.763672 0.523438 0.771484 0.529297 0.771484 0.535156 0.763672 0.535156 0.751953 0.523438 0.740234 0.521484 0.740234 0.517578 0.736328 0.505859 0.734375 0.496094 0.728516 0.490234 0.728516 0.484375 0.734375 0.472656 0.738281
2 0.019531 0.753906 0.007812 0.755859 0.001953 0.783203 0.001953 0.808594 0.005859 0.824219 0.000000 0.843750 0.001953 0.935547 0.013672 0.935547 0.033203 0.917969 0.035156 0.884766 0.041016 0.875000 0.039062 0.847656 0.031250 0.837891 0.027344 0.824219 0.031250 0.767578 0.029297 0.757812
2 0.046875 0.757812 0.046875 0.763672 0.044922 0.765625 0.044922 0.785156 0.060547 0.792969 0.064453 0.796875 0.070312 0.796875 0.080078 0.804688 0.097656 0.804688 0.099609 0.806641 0.105469 0.806641 0.109375 0.804688 0.107422 0.802734 0.107422 0.794922 0.113281 0.789062 0.117188 0.781250 0.121094 0.783203 0.121094 0.789062 0.119141 0.791016 0.121094 0.796875 0.123047 0.791016 0.121094 0.787109 0.121094 0.775391 0.107422 0.767578 0.101562 0.761719 0.097656 0.761719 0.082031 0.753906 0.056641 0.753906 0.050781 0.757812
2 0.234375 0.787109 0.234375 0.792969 0.236328 0.794922 0.236328 0.798828 0.238281 0.800781 0.240234 0.800781 0.242188 0.802734 0.246094 0.802734 0.248047 0.804688 0.251953 0.804688 0.253906 0.806641 0.259766 0.808594 0.263672 0.812500 0.265625 0.812500 0.267578 0.814453 0.281250 0.814453 0.285156 0.810547 0.285156 0.808594 0.289062 0.802734 0.289062 0.789062 0.285156 0.785156 0.281250 0.785156 0.279297 0.783203 0.238281 0.783203
2 0.082031 0.812500 0.080078 0.814453 0.080078 0.828125 0.078125 0.830078 0.078125 0.863281 0.082031 0.875000 0.082031 0.900391 0.083984 0.906250 0.095703 0.912109 0.123047 0.914062 0.132812 0.904297 0.128906 0.863281 0.126953 0.861328 0.126953 0.830078 0.123047 0.824219 0.123047 0.820312 0.115234 0.814453
2 0.189453 0.853516 0.187500 0.855469 0.187500 0.871094 0.189453 0.873047 0.189453 0.886719 0.191406 0.888672 0.191406 0.894531 0.195312 0.904297 0.201172 0.910156 0.220703 0.919922 0.226562 0.919922 0.228516 0.921875 0.236328 0.919922 0.246094 0.910156 0.246094 0.906250 0.261719 0.888672 0.259766 0.878906 0.248047 0.871094 0.234375 0.873047 0.232422 0.875000 0.230469 0.873047 0.222656 0.873047 0.208984 0.863281 0.208984 0.855469 0.205078 0.851562
2 0.578125 0.898438 0.574219 0.908203 0.574219 0.919922 0.589844 0.925781 0.607422 0.939453 0.630859 0.949219 0.638672 0.957031 0.656250 0.964844 0.660156 0.962891 0.677734 0.941406 0.679688 0.929688 0.666016 0.914062 0.646484 0.904297 0.632812 0.900391 0.623047 0.890625 0.605469 0.884766 0.597656 0.884766 0.589844 0.892578
2 0.478516 0.912109 0.474609 0.916016 0.474609 0.925781 0.476562 0.927734 0.480469 0.927734 0.482422 0.929688 0.500000 0.929688 0.501953 0.931641 0.500000 0.949219 0.503906 0.953125 0.513672 0.955078 0.517578 0.958984 0.525391 0.957031 0.529297 0.951172 0.531250 0.941406 0.539062 0.935547 0.539062 0.921875 0.542969 0.914062 0.542969 0.910156 0.539062 0.904297 0.527344 0.898438 0.505859 0.898438 0.503906 0.900391 0.500000 0.900391 0.494141 0.908203
2 0.541016 0.986328 0.541016 0.994141 0.544922 0.998047 0.597656 0.998047 0.599609 0.996094 0.599609 0.990234 0.601562 0.988281 0.601562 0.984375 0.597656 0.980469 0.591797 0.978516 0.587891 0.974609 0.583984 0.974609 0.582031 0.972656 0.566406 0.972656 0.564453 0.970703 0.560547 0.970703 0.556641 0.966797 0.554688 0.966797 0.548828 0.972656 0.546875 0.978516
2 0.208984 0.972656 0.208984 0.974609 0.207031 0.976562 0.207031 0.988281 0.205078 0.990234 0.205078 0.998047 0.242188 0.998047 0.242188 0.976562 0.240234 0.976562 0.238281 0.974609 0.234375 0.974609 0.232422 0.972656 0.226562 0.972656 0.224609 0.970703 0.210938 0.970703
3 0.511719 0.173828 0.517578 0.187500 0.558594 0.193359 0.562500 0.187500 0.576172 0.181641 0.576172 0.160156 0.587891 0.164062 0.595703 0.173828 0.626953 0.185547 0.654297 0.185547 0.664062 0.179688 0.669922 0.140625 0.667969 0.111328 0.644531 0.101562 0.562500 0.095703 0.550781 0.105469 0.544922 0.126953 0.546875 0.150391 0.541016 0.152344 0.531250 0.148438 0.529297 0.140625 0.521484 0.140625
3 0.337891 0.166016 0.326172 0.222656 0.355469 0.283203 0.412109 0.310547 0.449219 0.314453 0.451172 0.322266 0.552734 0.357422 0.609375 0.355469 0.625000 0.343750 0.644531 0.283203 0.626953 0.265625 0.576172 0.261719 0.503906 0.228516 0.490234 0.210938 0.496094 0.199219 0.482422 0.183594 0.484375 0.173828 0.380859 0.134766 0.367188 0.136719
3 0.982422 0.208984 0.943359 0.189453 0.933594 0.189453 0.912109 0.226562 0.906250 0.263672 0.904297 0.259766 0.884766 0.261719 0.828125 0.248047 0.812500 0.269531 0.794922 0.265625 0.787109 0.275391 0.837891 0.296875 0.900391 0.306641 0.908203 0.294922 0.910156 0.310547 0.917969 0.322266 0.953125 0.335938 0.968750 0.324219 0.978516 0.304688 0.970703 0.292969 0.968750 0.267578 0.958984 0.263672
3 0.580078 0.232422 0.578125 0.234375 0.578125 0.246094 0.580078 0.248047 0.583984 0.248047 0.585938 0.250000 0.587891 0.250000 0.589844 0.248047 0.593750 0.248047 0.595703 0.246094 0.593750 0.244141 0.595703 0.242188 0.593750 0.240234 0.593750 0.234375 0.589844 0.238281 0.585938 0.234375 0.583984 0.236328
3 0.861328 0.248047 0.867188 0.248047 0.867188 0.246094 0.863281 0.246094
3 0.708984 0.318359 0.705078 0.330078 0.691406 0.347656 0.685547 0.363281 0.685547 0.375000 0.675781 0.390625 0.677734 0.406250 0.695312 0.417969 0.724609 0.423828 0.761719 0.439453 0.775391 0.439453 0.791016 0.412109 0.796875 0.382812 0.808594 0.355469 0.806641 0.357422 0.802734 0.353516 0.802734 0.335938 0.798828 0.343750 0.794922 0.339844 0.794922 0.330078 0.767578 0.326172 0.720703 0.328125 0.712891 0.326172
3 0.593750 0.367188 0.595703 0.369141 0.597656 0.367188 0.599609 0.367188
4 0.000000 0.615234 0.000000 0.712891 0.013672 0.714844 0.025391 0.708984 0.031250 0.687500 0.031250 0.673828 0.048828 0.654297 0.068359 0.654297 0.074219 0.656250 0.085938 0.667969 0.089844 0.667969 0.091797 0.652344 0.089844 0.640625
4 0.107422 0.746094 0.109375 0.763672 0.115234 0.767578 0.164062 0.775391 0.183594 0.783203 0.291016 0.781250 0.304688 0.773438 0.308594 0.751953 0.306641 0.748047 0.287109 0.742188 0.230469 0.740234 0.218750 0.726562 0.218750 0.720703 0.226562 0.716797 0.207031 0.712891 0.193359 0.716797 0.125000 0.714844
5 0.042969 0.000000 0.001953 0.265625 0.138672 0.289062 0.033203 0.250000 0.046875 0.166016 0.292969 0.177734 0.339844 0.302734 0.591797 0.419922 0.197266 0.298828 0.416016 0.386719 0.255859 0.998047 0.439453 0.390625 0.998047 0.607422 0.611328 0.431641 0.998047 0.486328 0.611328 0.406250 0.318359 0.224609 0.419922 0.087891 0.712891 0.093750 0.466797 0.058594 0.302734 0.158203 0.046875 0.146484
5 0.826172 0.111328 0.824219 0.117188 0.830078 0.126953 0.857422 0.126953 0.898438 0.140625 0.908203 0.140625 0.923828 0.146484 0.929688 0.152344 0.957031 0.158203 0.998047 0.181641 0.998047 0.154297 0.968750 0.138672 0.943359 0.132812 0.925781 0.123047 0.859375 0.105469 0.835938 0.105469
6 0.134766 0.195312 0.132812 0.205078 0.138672 0.216797 0.132812 0.238281 0.154297 0.250000 0.189453 0.257812 0.214844 0.285156 0.234375 0.291016 0.267578 0.291016 0.279297 0.294922 0.308594 0.292969 0.306641 0.279297 0.291016 0.250000 0.285156 0.187500 0.265625 0.187500 0.257812 0.195312 0.248047 0.197266 0.216797 0.187500 0.177734 0.185547 0.140625 0.187500 0.140625 0.193359
6 0.751953 0.537109 0.744141 0.542969 0.746094 0.548828 0.734375 0.558594 0.724609 0.582031 0.726562 0.591797 0.722656 0.621094 0.728516 0.632812 0.742188 0.640625 0.753906 0.654297 0.755859 0.667969 0.771484 0.697266 0.775391 0.687500 0.789062 0.687500 0.794922 0.691406 0.798828 0.677734 0.804688 0.671875 0.818359 0.673828 0.818359 0.652344 0.822266 0.642578 0.818359 0.615234 0.824219 0.589844 0.820312 0.578125 0.808594 0.578125 0.804688 0.574219 0.800781 0.558594 0.798828 0.562500 0.791016 0.560547 0.787109 0.552734 0.781250 0.554688 0.771484 0.542969 0.767578 0.544922 0.763672 0.539062
6 0.648438 0.843750 0.646484 0.898438 0.724609 0.947266 0.820312 0.919922 0.789062 0.970703 0.822266 0.992188 0.828125 0.968750 0.837891 0.992188 0.847656 0.980469 0.853516 0.994141 0.908203 0.974609 0.933594 0.982422 0.947266 0.966797 0.939453 0.949219 0.962891 0.949219 0.939453 0.921875 0.972656 0.914062 0.957031 0.878906 0.957031 0.798828 0.931641 0.808594 0.929688 0.785156 0.904297 0.783203 0.921875 0.791016 0.871094 0.814453 0.882812 0.835938 0.861328 0.814453 0.855469 0.828125 0.839844 0.806641 0.851562 0.800781 0.855469 0.755859 0.814453 0.734375 0.744141 0.738281 0.753906 0.796875 0.791016 0.820312 0.705078 0.810547 0.697266 0.794922 0.669922 0.816406 0.666016 0.839844
6 0.898438 0.777344 0.898438 0.779297 0.900391 0.779297 0.900391 0.777344
6 0.712891 0.791016 0.710938 0.791016 0.708984 0.792969 0.707031 0.792969 0.707031 0.794922 0.712891 0.794922
6 0.951172 0.791016 0.949219 0.791016 0.947266 0.792969 0.951172 0.792969
6 0.808594 0.925781 0.808594 0.927734 0.810547 0.927734 0.810547 0.925781
6 0.960938 0.925781 0.960938 0.927734 0.962891 0.927734 0.962891 0.925781
6 0.953125 0.957031 0.953125 0.958984 0.955078 0.958984 0.955078 0.957031
