0 0.070312 0.572266 0.058594 0.587891 0.064453 0.626953 0.068359 0.638672 0.095703 0.662109 0.105469 0.679688 0.111328 0.683594 0.134766 0.685547 0.167969 0.677734 0.171875 0.673828 0.169922 0.640625 0.171875 0.609375 0.175781 0.597656 0.173828 0.589844 0.164062 0.583984 0.154297 0.572266 0.140625 0.568359 0.095703 0.564453
2 0.287109 0.029297 0.285156 0.031250 0.285156 0.039062 0.283203 0.041016 0.283203 0.044922 0.281250 0.046875 0.281250 0.050781 0.279297 0.052734 0.279297 0.062500 0.277344 0.064453 0.277344 0.101562 0.291016 0.101562 0.292969 0.099609 0.294922 0.099609 0.294922 0.054688 0.292969 0.052734 0.292969 0.041016 0.291016 0.041016 0.287109 0.037109
2 0.277344 0.031250 0.244141 0.031250 0.242188 0.033203 0.236328 0.033203 0.228516 0.039062 0.222656 0.048828 0.222656 0.062500 0.220703 0.064453 0.220703 0.074219 0.216797 0.083984 0.216797 0.091797 0.218750 0.093750 0.244141 0.097656 0.246094 0.093750 0.246094 0.076172 0.251953 0.060547 0.251953 0.054688 0.253906 0.052734 0.265625 0.050781 0.267578 0.046875 0.271484 0.048828 0.271484 0.052734 0.275391 0.052734 0.275391 0.048828 0.279297 0.041016 0.279297 0.033203
2 0.332031 0.042969 0.332031 0.048828 0.330078 0.050781 0.330078 0.056641 0.332031 0.058594 0.335938 0.058594 0.337891 0.060547 0.343750 0.060547 0.345703 0.062500 0.353516 0.062500 0.355469 0.064453 0.365234 0.064453 0.371094 0.068359 0.375000 0.068359 0.376953 0.070312 0.380859 0.070312 0.382812 0.072266 0.388672 0.072266 0.388672 0.066406 0.390625 0.064453 0.390625 0.048828 0.388672 0.046875 0.384766 0.046875 0.382812 0.044922 0.369141 0.044922 0.367188 0.042969 0.353516 0.042969 0.351562 0.041016 0.341797 0.041016 0.339844 0.039062 0.335938 0.039062
2 0.652344 0.054688 0.648438 0.058594 0.648438 0.062500 0.642578 0.076172 0.642578 0.082031 0.640625 0.083984 0.640625 0.093750 0.638672 0.095703 0.638672 0.107422 0.634766 0.113281 0.634766 0.117188 0.650391 0.119141 0.652344 0.121094 0.673828 0.123047 0.675781 0.121094 0.677734 0.095703 0.679688 0.093750 0.679688 0.085938 0.681641 0.083984 0.681641 0.078125 0.683594 0.076172 0.685547 0.060547 0.683594 0.058594 0.673828 0.058594 0.671875 0.056641
2 0.068359 0.142578 0.091797 0.220703 0.136719 0.234375 0.257812 0.246094 0.378906 0.277344 0.400391 0.199219 0.380859 0.197266 0.367188 0.187500 0.367188 0.162109 0.273438 0.146484 0.281250 0.164062 0.265625 0.169922 0.162109 0.132812 0.076172 0.132812
2 0.304688 0.136719 0.308594 0.136719 0.310547 0.134766 0.304688 0.134766
2 0.589844 0.164062 0.589844 0.166016 0.587891 0.167969 0.587891 0.171875 0.585938 0.173828 0.585938 0.177734 0.583984 0.179688 0.583984 0.183594 0.582031 0.185547 0.582031 0.189453 0.580078 0.191406 0.583984 0.195312 0.587891 0.195312 0.589844 0.197266 0.593750 0.197266 0.595703 0.199219 0.599609 0.199219 0.603516 0.193359 0.603516 0.189453 0.605469 0.187500 0.605469 0.181641 0.607422 0.179688 0.607422 0.171875 0.609375 0.169922 0.605469 0.166016 0.601562 0.166016 0.599609 0.164062
2 0.916016 0.208984 0.910156 0.210938 0.906250 0.220703 0.894531 0.230469 0.888672 0.248047 0.888672 0.253906 0.884766 0.261719 0.884766 0.273438 0.892578 0.279297 0.906250 0.281250 0.929688 0.289062 0.937500 0.289062 0.939453 0.287109 0.939453 0.273438 0.941406 0.271484 0.939453 0.269531 0.939453 0.250000 0.945312 0.242188 0.947266 0.232422 0.953125 0.226562 0.953125 0.218750 0.939453 0.212891
2 0.468750 0.214844 0.457031 0.244141 0.457031 0.261719 0.468750 0.261719 0.478516 0.265625 0.488281 0.265625 0.492188 0.267578 0.494141 0.271484 0.498047 0.271484 0.515625 0.279297 0.521484 0.279297 0.523438 0.263672 0.533203 0.234375 0.531250 0.230469 0.519531 0.226562 0.513672 0.226562 0.500000 0.220703 0.492188 0.220703 0.484375 0.216797
2 0.679688 0.279297 0.675781 0.281250 0.681641 0.291016 0.681641 0.306641 0.675781 0.316406 0.675781 0.337891 0.679688 0.347656 0.679688 0.367188 0.687500 0.371094 0.710938 0.371094 0.712891 0.369141 0.712891 0.324219 0.710938 0.320312 0.705078 0.316406 0.701172 0.308594 0.701172 0.296875 0.699219 0.292969 0.687500 0.281250 0.681641 0.281250
2 0.439453 0.281250 0.433594 0.287109 0.429688 0.304688 0.429688 0.312500 0.433594 0.314453 0.427734 0.316406 0.419922 0.337891 0.419922 0.355469 0.425781 0.357422 0.441406 0.357422 0.445312 0.353516 0.464844 0.355469 0.476562 0.339844 0.478516 0.326172 0.474609 0.322266 0.457031 0.318359 0.458984 0.316406 0.480469 0.318359 0.484375 0.306641 0.484375 0.294922 0.470703 0.287109
2 0.544922 0.365234 0.535156 0.361328 0.523438 0.361328 0.513672 0.357422 0.503906 0.357422 0.501953 0.361328 0.501953 0.369141 0.500000 0.371094 0.501953 0.373047 0.500000 0.375000 0.490234 0.375000 0.488281 0.373047 0.468750 0.373047 0.464844 0.375000 0.460938 0.384766 0.460938 0.394531 0.462891 0.398438 0.474609 0.402344 0.492188 0.404297 0.494141 0.406250 0.503906 0.406250 0.513672 0.410156 0.521484 0.410156 0.521484 0.402344 0.529297 0.386719 0.529297 0.382812 0.535156 0.380859 0.542969 0.373047
2 0.765625 0.355469 0.761719 0.363281 0.761719 0.369141 0.759766 0.371094 0.759766 0.376953 0.757812 0.378906 0.757812 0.386719 0.755859 0.388672 0.755859 0.425781 0.757812 0.427734 0.769531 0.427734 0.771484 0.429688 0.792969 0.429688 0.792969 0.384766 0.787109 0.371094 0.787109 0.365234 0.785156 0.361328 0.777344 0.355469
2 0.142578 0.375000 0.144531 0.429688 0.205078 0.431641 0.212891 0.427734 0.224609 0.441406 0.251953 0.445312 0.248047 0.457031 0.248047 0.480469 0.251953 0.484375 0.277344 0.488281 0.291016 0.496094 0.300781 0.494141 0.310547 0.457031 0.302734 0.453125 0.310547 0.449219 0.310547 0.433594 0.318359 0.416016 0.316406 0.394531 0.306641 0.382812 0.273438 0.376953
2 0.693359 0.392578 0.683594 0.392578 0.681641 0.396484 0.679688 0.408203 0.673828 0.423828 0.673828 0.429688 0.671875 0.431641 0.671875 0.447266 0.664062 0.468750 0.664062 0.472656 0.669922 0.478516 0.673828 0.478516 0.675781 0.480469 0.685547 0.480469 0.687500 0.478516 0.689453 0.468750 0.697266 0.457031 0.699219 0.441406 0.701172 0.439453 0.705078 0.423828 0.708984 0.416016 0.714844 0.410156 0.714844 0.406250 0.707031 0.404297
2 0.392578 0.410156 0.388672 0.416016 0.388672 0.433594 0.386719 0.435547 0.386719 0.447266 0.388672 0.449219 0.404297 0.449219 0.406250 0.451172 0.417969 0.451172 0.425781 0.455078 0.433594 0.455078 0.435547 0.453125 0.435547 0.447266 0.437500 0.445312 0.437500 0.435547 0.439453 0.433594 0.439453 0.421875 0.441406 0.417969 0.437500 0.414062 0.431641 0.414062 0.429688 0.412109 0.416016 0.412109 0.414062 0.410156
2 0.531250 0.443359 0.523438 0.435547 0.509766 0.431641 0.482422 0.429688 0.476562 0.431641 0.464844 0.445312 0.464844 0.458984 0.472656 0.466797 0.470703 0.468750 0.458984 0.464844 0.445312 0.466797 0.439453 0.486328 0.439453 0.503906 0.443359 0.507812 0.464844 0.513672 0.478516 0.511719 0.490234 0.498047 0.492188 0.482422 0.486328 0.474609 0.474609 0.472656 0.470703 0.468750 0.476562 0.466797 0.482422 0.470703 0.527344 0.472656 0.531250 0.458984
2 0.968750 0.453125 0.968750 0.478516 0.962891 0.486328 0.962891 0.490234 0.960938 0.492188 0.960938 0.523438 0.966797 0.523438 0.968750 0.525391 0.998047 0.525391 0.998047 0.453125
2 0.576172 0.492188 0.568359 0.492188 0.560547 0.501953 0.556641 0.513672 0.556641 0.525391 0.552734 0.529297 0.539062 0.527344 0.529297 0.521484 0.517578 0.521484 0.513672 0.535156 0.515625 0.548828 0.533203 0.556641 0.552734 0.570312 0.562500 0.574219 0.574219 0.574219 0.576172 0.572266 0.576172 0.566406 0.582031 0.552734 0.582031 0.544922 0.587891 0.533203 0.589844 0.515625 0.593750 0.507812 0.593750 0.500000
2 0.816406 0.501953 0.816406 0.521484 0.818359 0.523438 0.830078 0.523438 0.832031 0.525391 0.849609 0.525391 0.851562 0.527344 0.855469 0.527344 0.857422 0.529297 0.865234 0.529297 0.873047 0.533203 0.880859 0.533203 0.882812 0.531250 0.882812 0.525391 0.884766 0.523438 0.884766 0.515625 0.886719 0.513672 0.886719 0.509766 0.880859 0.505859 0.875000 0.505859 0.873047 0.503906 0.865234 0.503906 0.863281 0.501953 0.845703 0.501953 0.843750 0.500000 0.828125 0.500000 0.826172 0.498047 0.822266 0.498047
2 0.337891 0.529297 0.333984 0.542969 0.333984 0.554688 0.337891 0.558594 0.371094 0.566406 0.375000 0.562500 0.378906 0.568359 0.390625 0.572266 0.400391 0.572266 0.433594 0.583984 0.435547 0.582031 0.437500 0.556641 0.441406 0.548828 0.437500 0.544922 0.412109 0.537109 0.402344 0.537109 0.400391 0.539062 0.398438 0.537109 0.382812 0.537109 0.382812 0.546875 0.380859 0.548828 0.378906 0.539062 0.371094 0.533203
2 0.460938 0.527344 0.451172 0.548828 0.451172 0.566406 0.453125 0.570312 0.464844 0.576172 0.480469 0.578125 0.482422 0.580078 0.490234 0.580078 0.492188 0.582031 0.498047 0.582031 0.500000 0.583984 0.507812 0.583984 0.509766 0.582031 0.509766 0.568359 0.511719 0.566406 0.509766 0.564453 0.509766 0.550781 0.507812 0.546875 0.490234 0.537109 0.482422 0.535156 0.478516 0.531250 0.470703 0.527344
2 0.960938 0.560547 0.958984 0.562500 0.958984 0.595703 0.957031 0.597656 0.957031 0.615234 0.955078 0.617188 0.957031 0.625000 0.998047 0.625000 0.998047 0.566406 0.994141 0.564453 0.972656 0.564453 0.970703 0.562500 0.964844 0.562500
2 0.693359 0.597656 0.710938 0.611328 0.714844 0.621094 0.728516 0.625000 0.720703 0.630859 0.718750 0.644531 0.773438 0.654297 0.898438 0.660156 0.898438 0.642578 0.882812 0.630859 0.767578 0.626953 0.767578 0.623047 0.783203 0.623047 0.787109 0.619141 0.789062 0.591797 0.712891 0.566406 0.703125 0.566406
2 0.179688 0.593750 0.177734 0.609375 0.175781 0.611328 0.175781 0.617188 0.179688 0.621094 0.185547 0.621094 0.193359 0.625000 0.203125 0.625000 0.212891 0.628906 0.224609 0.628906 0.226562 0.630859 0.263672 0.636719 0.265625 0.621094 0.269531 0.613281 0.271484 0.597656 0.273438 0.595703 0.271484 0.589844 0.251953 0.587891 0.222656 0.580078 0.210938 0.580078 0.205078 0.576172 0.201172 0.576172 0.191406 0.589844
2 0.187500 0.636719 0.183594 0.648438 0.183594 0.675781 0.187500 0.689453 0.201172 0.695312 0.242188 0.697266 0.220703 0.701172 0.218750 0.753906 0.259766 0.753906 0.267578 0.705078 0.261719 0.701172 0.242188 0.699219 0.261719 0.695312 0.261719 0.664062 0.269531 0.652344 0.255859 0.644531
2 0.339844 0.667969 0.339844 0.673828 0.337891 0.675781 0.339844 0.687500 0.343750 0.691406 0.353516 0.695312 0.361328 0.695312 0.363281 0.697266 0.371094 0.697266 0.373047 0.699219 0.380859 0.699219 0.392578 0.703125 0.406250 0.703125 0.425781 0.708984 0.429688 0.708984 0.437500 0.701172 0.439453 0.695312 0.439453 0.679688 0.433594 0.675781 0.427734 0.675781 0.410156 0.669922 0.400391 0.669922 0.398438 0.667969 0.369141 0.666016 0.359375 0.662109 0.343750 0.662109
2 0.201172 0.701172 0.175781 0.701172 0.144531 0.710938 0.128906 0.710938 0.111328 0.714844 0.111328 0.728516 0.117188 0.740234 0.117188 0.759766 0.123047 0.765625 0.148438 0.765625 0.173828 0.757812 0.181641 0.759766 0.193359 0.753906 0.201172 0.753906 0.201172 0.718750 0.195312 0.718750 0.191406 0.712891 0.193359 0.710938 0.199219 0.712891 0.193359 0.707031 0.199219 0.705078
2 0.568359 0.722656 0.564453 0.718750 0.556641 0.718750 0.535156 0.708984 0.525391 0.708984 0.515625 0.734375 0.494141 0.734375 0.462891 0.728516 0.458984 0.742188 0.458984 0.773438 0.460938 0.775391 0.511719 0.777344 0.513672 0.779297 0.531250 0.779297 0.546875 0.775391 0.554688 0.771484 0.552734 0.759766 0.566406 0.732422
2 0.609375 0.722656 0.607422 0.732422 0.599609 0.748047 0.597656 0.763672 0.601562 0.771484 0.617188 0.783203 0.675781 0.781250 0.679688 0.777344 0.679688 0.769531 0.677734 0.767578 0.677734 0.724609 0.671875 0.720703 0.611328 0.720703
2 0.800781 0.720703 0.794922 0.718750 0.783203 0.718750 0.781250 0.720703 0.771484 0.720703 0.769531 0.722656 0.748047 0.722656 0.740234 0.726562 0.740234 0.779297 0.744141 0.781250 0.789062 0.781250 0.791016 0.783203 0.802734 0.783203 0.806641 0.779297 0.806641 0.767578 0.804688 0.765625 0.804688 0.751953 0.802734 0.750000 0.802734 0.740234 0.800781 0.738281
2 0.322266 0.740234 0.320312 0.769531 0.324219 0.767578 0.326172 0.769531 0.328125 0.767578 0.347656 0.769531 0.349609 0.767578 0.371094 0.775391 0.423828 0.775391 0.449219 0.781250 0.457031 0.777344 0.455078 0.775391 0.455078 0.751953 0.394531 0.742188 0.373047 0.742188 0.339844 0.734375 0.326172 0.734375
2 0.816406 0.759766 0.816406 0.771484 0.814453 0.773438 0.814453 0.781250 0.818359 0.789062 0.826172 0.789062 0.828125 0.791016 0.839844 0.791016 0.841797 0.792969 0.859375 0.792969 0.861328 0.794922 0.869141 0.794922 0.871094 0.792969 0.871094 0.761719 0.869141 0.757812 0.843750 0.757812 0.841797 0.759766 0.820312 0.759766 0.818359 0.757812
2 0.558594 0.769531 0.558594 0.771484 0.560547 0.771484 0.560547 0.769531
2 0.306641 0.841797 0.306641 0.857422 0.310547 0.861328 0.337891 0.863281 0.351562 0.867188 0.408203 0.869141 0.435547 0.876953 0.437500 0.875000 0.435547 0.855469 0.443359 0.830078 0.433594 0.824219 0.421875 0.826172 0.396484 0.818359 0.392578 0.820312 0.380859 0.816406 0.371094 0.818359 0.341797 0.808594 0.339844 0.810547 0.326172 0.808594 0.316406 0.820312
2 0.074219 0.841797 0.074219 0.863281 0.076172 0.865234 0.076172 0.876953 0.078125 0.878906 0.083984 0.878906 0.085938 0.880859 0.117188 0.880859 0.119141 0.878906 0.123047 0.880859 0.125000 0.878906 0.150391 0.878906 0.152344 0.876953 0.154297 0.865234 0.150391 0.861328 0.140625 0.861328 0.138672 0.859375 0.134766 0.859375 0.130859 0.855469 0.128906 0.847656 0.119141 0.837891 0.115234 0.837891 0.113281 0.835938 0.080078 0.835938 0.076172 0.837891
2 0.597656 0.855469 0.601562 0.863281 0.650391 0.863281 0.652344 0.865234 0.654297 0.863281 0.734375 0.863281 0.738281 0.845703 0.734375 0.839844 0.681641 0.839844 0.679688 0.837891 0.644531 0.837891 0.642578 0.835938 0.609375 0.837891 0.603516 0.835938 0.599609 0.839844
2 0.164062 0.855469 0.158203 0.863281 0.158203 0.875000 0.154297 0.880859 0.154297 0.888672 0.148438 0.896484 0.140625 0.898438 0.138672 0.912109 0.154297 0.916016 0.158203 0.919922 0.162109 0.931641 0.175781 0.931641 0.177734 0.933594 0.208984 0.933594 0.214844 0.931641 0.224609 0.900391 0.226562 0.857422 0.216797 0.857422 0.214844 0.855469
2 0.042969 0.898438 0.044922 0.917969 0.050781 0.931641 0.044922 0.935547 0.033203 0.935547 0.027344 0.939453 0.027344 0.953125 0.033203 0.972656 0.039062 0.976562 0.050781 0.976562 0.052734 0.974609 0.083984 0.970703 0.085938 0.962891 0.078125 0.947266 0.078125 0.929688 0.099609 0.925781 0.105469 0.917969 0.105469 0.900391 0.103516 0.898438 0.066406 0.898438 0.064453 0.900391 0.060547 0.898438
2 0.308594 0.925781 0.308594 0.927734 0.304688 0.933594 0.304688 0.937500 0.302734 0.939453 0.302734 0.947266 0.304688 0.949219 0.304688 0.951172 0.312500 0.951172 0.314453 0.953125 0.322266 0.953125 0.324219 0.955078 0.330078 0.955078 0.332031 0.957031 0.335938 0.957031 0.337891 0.958984 0.345703 0.958984 0.347656 0.957031 0.347656 0.947266 0.349609 0.945312 0.349609 0.939453 0.351562 0.937500 0.351562 0.933594 0.347656 0.929688 0.345703 0.929688 0.343750 0.927734 0.337891 0.927734 0.335938 0.925781 0.328125 0.925781 0.326172 0.923828 0.318359 0.923828 0.316406 0.921875 0.314453 0.921875
2 0.197266 0.937500 0.197266 0.962891 0.199219 0.962891 0.201172 0.964844 0.238281 0.964844 0.238281 0.960938 0.240234 0.958984 0.240234 0.941406 0.238281 0.939453 0.230469 0.939453 0.228516 0.937500
5 0.474609 0.000000 0.298828 0.519531 0.269531 0.759766 0.000000 0.806641 0.261719 0.798828 0.244141 0.998047 0.279297 0.992188 0.302734 0.806641 0.998047 0.839844 0.996094 0.802734 0.306641 0.769531 0.445312 0.199219 0.996094 0.357422 0.453125 0.164062
