0 0.000000 0.000000 0.000000 0.371094 0.021484 0.406250 0.066406 0.410156 0.080078 0.451172 0.187500 0.417969 0.207031 0.396484 0.158203 0.392578 0.177734 0.388672 0.164062 0.376953 0.185547 0.369141 0.179688 0.337891 0.195312 0.322266 0.257812 0.335938 0.316406 0.324219 0.404297 0.361328 0.431641 0.345703 0.435547 0.236328 0.466797 0.230469 0.492188 0.191406 0.474609 0.119141 0.496094 0.068359 0.443359 0.017578 0.466797 0.000000 0.250000 0.000000 0.240234 0.027344 0.218750 0.000000
0 0.400391 0.064453 0.398438 0.064453 0.398438 0.068359 0.400391 0.066406
0 0.220703 0.410156 0.216797 0.417969 0.216797 0.427734 0.222656 0.433594 0.224609 0.439453 0.224609 0.457031 0.220703 0.466797 0.222656 0.474609 0.226562 0.478516 0.238281 0.480469 0.240234 0.482422 0.261719 0.482422 0.279297 0.476562 0.281250 0.466797 0.289062 0.453125 0.289062 0.443359 0.287109 0.441406 0.285156 0.429688 0.267578 0.417969 0.253906 0.414062 0.248047 0.408203 0.224609 0.408203
0 0.066406 0.457031 0.064453 0.457031 0.064453 0.464844 0.064453 0.460938 0.066406 0.458984
0 0.054688 0.478516 0.052734 0.476562 0.050781 0.478516 0.050781 0.480469 0.052734 0.480469
0 0.046875 0.496094 0.048828 0.498047 0.052734 0.498047 0.054688 0.496094 0.060547 0.496094 0.058594 0.494141 0.056641 0.496094 0.054688 0.496094 0.052734 0.494141 0.048828 0.494141
0 0.048828 0.511719 0.048828 0.513672 0.052734 0.513672 0.052734 0.511719
0 0.060547 0.511719 0.062500 0.513672 0.064453 0.513672 0.064453 0.511719
0 0.035156 0.527344 0.035156 0.529297 0.039062 0.533203 0.041016 0.533203 0.042969 0.535156 0.044922 0.535156 0.046875 0.537109 0.046875 0.539062 0.048828 0.539062 0.050781 0.541016 0.056641 0.541016 0.056641 0.539062 0.054688 0.537109 0.054688 0.529297 0.056641 0.527344 0.056641 0.523438 0.054688 0.523438 0.052734 0.521484 0.048828 0.521484 0.048828 0.523438 0.042969 0.529297 0.039062 0.529297 0.037109 0.527344
0 0.191406 0.537109 0.189453 0.541016 0.189453 0.560547 0.191406 0.562500 0.191406 0.568359 0.195312 0.574219 0.201172 0.574219 0.203125 0.576172 0.208984 0.576172 0.210938 0.578125 0.224609 0.578125 0.226562 0.580078 0.240234 0.580078 0.244141 0.578125 0.244141 0.574219 0.255859 0.552734 0.255859 0.546875 0.257812 0.544922 0.253906 0.537109 0.242188 0.535156 0.240234 0.533203 0.232422 0.533203 0.230469 0.531250 0.222656 0.531250 0.220703 0.529297 0.207031 0.529297 0.205078 0.531250 0.199219 0.531250
0 0.095703 0.541016 0.095703 0.542969 0.097656 0.542969
0 0.078125 0.544922 0.078125 0.546875 0.080078 0.548828 0.082031 0.548828 0.083984 0.546875 0.082031 0.544922
0 0.113281 0.607422 0.099609 0.625000 0.058594 0.628906 0.074219 0.640625 0.083984 0.673828 0.068359 0.708984 0.076172 0.753906 0.064453 0.826172 0.103516 0.904297 0.125000 0.914062 0.125000 0.935547 0.136719 0.939453 0.126953 0.941406 0.128906 0.957031 0.183594 0.976562 0.218750 0.906250 0.296875 0.900391 0.292969 0.859375 0.283203 0.873047 0.273438 0.859375 0.267578 0.873047 0.253906 0.855469 0.279297 0.843750 0.242188 0.843750 0.248047 0.857422 0.218750 0.847656 0.208984 0.785156 0.220703 0.771484 0.265625 0.763672 0.279297 0.728516 0.250000 0.691406 0.261719 0.658203 0.238281 0.625000 0.197266 0.626953 0.169922 0.611328
0 0.675781 0.955078 0.675781 0.982422 0.671875 0.988281 0.671875 0.998047 0.765625 0.998047 0.765625 0.978516 0.757812 0.962891 0.746094 0.949219 0.736328 0.943359 0.732422 0.943359 0.718750 0.933594 0.708984 0.933594
0 0.958984 0.960938 0.958984 0.964844 0.955078 0.968750 0.955078 0.978516 0.960938 0.984375 0.964844 0.984375 0.968750 0.988281 0.970703 0.994141 0.974609 0.998047 0.998047 0.998047 0.998047 0.947266 0.984375 0.947266 0.986328 0.949219 0.980469 0.955078 0.970703 0.955078 0.966797 0.958984 0.962891 0.958984 0.960938 0.960938
1 0.353516 0.832031 0.355469 0.843750 0.365234 0.851562 0.412109 0.857422 0.453125 0.871094 0.476562 0.867188 0.623047 0.878906 0.634766 0.867188 0.623047 0.855469 0.511719 0.851562 0.476562 0.845703 0.453125 0.832031 0.431641 0.837891 0.369141 0.820312 0.359375 0.822266
2 0.810547 0.000000 0.810547 0.007812 0.816406 0.011719 0.828125 0.011719 0.835938 0.015625 0.865234 0.019531 0.875000 0.023438 0.900391 0.027344 0.921875 0.027344 0.937500 0.031250 0.955078 0.031250 0.958984 0.025391 0.957031 0.015625 0.947266 0.007812 0.945312 0.000000
2 0.498047 0.085938 0.494141 0.101562 0.498047 0.119141 0.494141 0.152344 0.498047 0.160156 0.609375 0.169922 0.695312 0.187500 0.712891 0.187500 0.722656 0.166016 0.726562 0.101562 0.679688 0.103516 0.521484 0.082031
2 0.789062 0.126953 0.787109 0.166016 0.791016 0.171875 0.921875 0.187500 0.927734 0.183594 0.937500 0.156250 0.937500 0.144531 0.933594 0.140625 0.878906 0.126953 0.861328 0.126953 0.839844 0.121094 0.794922 0.119141
2 0.470703 0.255859 0.470703 0.275391 0.474609 0.279297 0.556641 0.287109 0.654297 0.304688 0.673828 0.302734 0.673828 0.269531 0.666016 0.265625 0.623047 0.261719 0.576172 0.250000 0.503906 0.242188 0.482422 0.242188
2 0.767578 0.275391 0.761719 0.304688 0.761719 0.318359 0.765625 0.322266 0.787109 0.322266 0.837891 0.333984 0.888672 0.339844 0.914062 0.337891 0.923828 0.281250 0.921875 0.265625 0.843750 0.261719 0.820312 0.248047 0.800781 0.248047 0.787109 0.255859
2 0.207031 0.343750 0.208984 0.351562 0.218750 0.359375 0.298828 0.371094 0.341797 0.380859 0.351562 0.386719 0.402344 0.392578 0.408203 0.380859 0.406250 0.371094 0.382812 0.367188 0.363281 0.353516 0.349609 0.351562 0.316406 0.332031 0.298828 0.332031 0.279297 0.339844 0.248047 0.341797 0.232422 0.330078 0.220703 0.330078 0.210938 0.335938
2 0.449219 0.398438 0.451172 0.457031 0.460938 0.466797 0.541016 0.472656 0.599609 0.484375 0.652344 0.488281 0.658203 0.470703 0.669922 0.464844 0.666016 0.445312 0.675781 0.435547 0.675781 0.414062 0.511719 0.392578 0.472656 0.382812 0.458984 0.384766
2 0.738281 0.441406 0.740234 0.482422 0.750000 0.498047 0.769531 0.503906 0.800781 0.500000 0.814453 0.505859 0.851562 0.507812 0.861328 0.498047 0.873047 0.496094 0.876953 0.492188 0.876953 0.482422 0.892578 0.458984 0.892578 0.449219 0.875000 0.441406 0.816406 0.431641 0.791016 0.431641 0.765625 0.425781 0.744141 0.425781
2 0.429688 0.517578 0.423828 0.560547 0.439453 0.589844 0.441406 0.605469 0.458984 0.611328 0.615234 0.630859 0.646484 0.628906 0.656250 0.552734 0.636719 0.533203 0.519531 0.509766 0.441406 0.507812
2 0.714844 0.582031 0.714844 0.603516 0.722656 0.607422 0.748047 0.609375 0.783203 0.619141 0.816406 0.621094 0.841797 0.626953 0.853516 0.626953 0.859375 0.619141 0.849609 0.599609 0.851562 0.568359 0.812500 0.564453 0.777344 0.552734 0.734375 0.548828 0.724609 0.558594
2 0.763672 0.818359 0.761719 0.826172 0.763672 0.833984 0.779297 0.837891 0.785156 0.845703 0.785156 0.851562 0.789062 0.855469 0.796875 0.857422 0.828125 0.859375 0.845703 0.865234 0.861328 0.865234 0.865234 0.861328 0.865234 0.853516 0.871094 0.843750 0.871094 0.824219 0.863281 0.822266 0.843750 0.822266 0.841797 0.820312 0.826172 0.820312 0.824219 0.818359 0.792969 0.818359 0.777344 0.810547 0.771484 0.810547
5 0.453125 0.023438 0.460938 0.039062 0.621094 0.054688 0.998047 0.117188 0.996094 0.080078 0.496094 0.003906 0.464844 0.005859
5 0.000000 0.548828 0.001953 0.591797 0.912109 0.710938 0.937500 0.757812 0.888672 0.996094 0.927734 0.996094 0.998047 0.728516 0.968750 0.664062 0.998047 0.347656 0.951172 0.386719 0.439453 0.330078 0.970703 0.425781 0.917969 0.673828
