0 0.000000 0.000000 0.000000 0.140625 0.056641 0.169922 0.234375 0.179688 0.353516 0.068359 0.414062 0.062500 0.468750 0.152344 0.314453 0.273438 0.517578 0.597656 0.597656 0.591797 0.669922 0.642578 0.865234 0.455078 0.998047 0.449219 0.998047 0.000000
0 0.000000 0.169922 0.001953 0.619141 0.082031 0.589844 0.123047 0.593750 0.138672 0.611328 0.130859 0.621094 0.173828 0.632812 0.380859 0.621094 0.464844 0.601562 0.414062 0.486328 0.357422 0.421875 0.296875 0.298828 0.228516 0.208984 0.048828 0.199219
0 0.261719 0.193359 0.257812 0.197266 0.261719 0.201172
0 0.056641 0.628906 0.058594 0.630859 0.060547 0.630859 0.058594 0.628906
1 0.216797 0.244141 0.185547 0.242188 0.138672 0.259766 0.101562 0.281250 0.087891 0.302734 0.085938 0.322266 0.121094 0.398438 0.121094 0.433594 0.128906 0.445312 0.154297 0.437500 0.166016 0.423828 0.207031 0.414062 0.234375 0.394531 0.277344 0.402344 0.308594 0.398438 0.320312 0.390625 0.320312 0.378906 0.312500 0.371094 0.287109 0.359375 0.265625 0.318359 0.253906 0.275391 0.232422 0.251953
1 0.263672 0.513672 0.263672 0.517578 0.259766 0.525391 0.257812 0.541016 0.255859 0.542969 0.255859 0.550781 0.253906 0.552734 0.253906 0.566406 0.255859 0.568359 0.255859 0.572266 0.263672 0.582031 0.277344 0.580078 0.300781 0.562500 0.304688 0.562500 0.306641 0.564453 0.322266 0.564453 0.328125 0.560547 0.328125 0.554688 0.324219 0.544922 0.304688 0.525391 0.292969 0.519531 0.277344 0.507812 0.269531 0.507812
2 0.380859 0.062500 0.353516 0.070312 0.335938 0.087891 0.337891 0.105469 0.326172 0.117188 0.322266 0.140625 0.298828 0.164062 0.263672 0.187500 0.263672 0.205078 0.279297 0.228516 0.281250 0.246094 0.306641 0.277344 0.324219 0.259766 0.347656 0.251953 0.369141 0.232422 0.390625 0.222656 0.466797 0.152344 0.466797 0.134766 0.437500 0.115234
2 0.994141 0.472656 0.916016 0.464844 0.851562 0.472656 0.722656 0.589844 0.726562 0.609375 0.693359 0.613281 0.689453 0.656250 0.730469 0.656250 0.734375 0.632812 0.890625 0.503906 0.990234 0.511719
2 0.839844 0.638672 0.833984 0.669922 0.835938 0.683594 0.832031 0.695312 0.833984 0.712891 0.841797 0.724609 0.837891 0.751953 0.878906 0.759766 0.904297 0.759766 0.908203 0.734375 0.919922 0.718750 0.921875 0.681641 0.927734 0.677734 0.933594 0.648438 0.912109 0.642578 0.888672 0.642578 0.875000 0.636719
2 0.931641 0.681641 0.925781 0.689453 0.925781 0.703125 0.923828 0.705078 0.923828 0.722656 0.921875 0.724609 0.921875 0.738281 0.927734 0.742188 0.939453 0.742188 0.941406 0.744141 0.957031 0.744141 0.962891 0.740234 0.962891 0.736328 0.964844 0.734375 0.964844 0.701172 0.962891 0.699219 0.962891 0.685547 0.955078 0.681641
2 0.822266 0.697266 0.789062 0.695312 0.771484 0.902344 0.742188 0.904297 0.740234 0.980469 0.703125 0.998047 0.783203 0.998047 0.792969 0.943359 0.787109 0.908203 0.798828 0.849609 0.808594 0.839844 0.839844 0.849609 0.853516 0.835938 0.867188 0.841797 0.869141 0.855469 0.853516 0.863281 0.851562 0.923828 0.902344 0.925781 0.894531 0.921875 0.894531 0.837891 0.867188 0.837891 0.857422 0.812500 0.814453 0.808594 0.820312 0.769531 0.808594 0.757812 0.806641 0.726562 0.824219 0.714844
2 0.693359 0.716797 0.650391 0.712891 0.578125 0.728516 0.539062 0.724609 0.328125 0.750000 0.285156 0.746094 0.277344 0.755859 0.281250 0.898438 0.302734 0.904297 0.392578 0.890625 0.406250 0.927734 0.578125 0.916016 0.580078 0.876953 0.701172 0.869141
5 0.394531 0.056641 0.386719 0.064453 0.390625 0.068359 0.392578 0.068359 0.396484 0.072266 0.396484 0.074219 0.398438 0.076172 0.398438 0.078125 0.400391 0.080078 0.402344 0.080078 0.404297 0.082031 0.408203 0.082031 0.412109 0.078125 0.412109 0.074219 0.414062 0.072266 0.414062 0.068359 0.412109 0.066406 0.412109 0.062500 0.406250 0.056641 0.402344 0.056641 0.400391 0.054688 0.398438 0.056641
5 0.000000 0.142578 0.000000 0.167969 0.048828 0.197266 0.228516 0.207031 0.298828 0.298828 0.359375 0.421875 0.416016 0.486328 0.486328 0.615234 0.509766 0.615234 0.445312 0.484375 0.380859 0.408203 0.322266 0.287109 0.279297 0.246094 0.255859 0.197266 0.320312 0.140625 0.335938 0.105469 0.234375 0.181641 0.056641 0.171875
