0 0.427734 0.339844 0.421875 0.386719 0.414062 0.408203 0.414062 0.421875 0.423828 0.433594 0.433594 0.439453 0.449219 0.437500 0.468750 0.447266 0.498047 0.447266 0.519531 0.439453 0.525391 0.431641 0.523438 0.406250 0.511719 0.388672 0.503906 0.382812 0.509766 0.380859 0.511719 0.375000 0.515625 0.376953 0.521484 0.369141 0.523438 0.371094 0.525391 0.355469 0.517578 0.357422 0.500000 0.343750 0.472656 0.335938 0.464844 0.337891 0.447266 0.333984
0 0.341797 0.410156 0.337891 0.421875 0.322266 0.437500 0.320312 0.441406 0.320312 0.453125 0.337891 0.470703 0.347656 0.490234 0.353516 0.492188 0.355469 0.490234 0.367188 0.490234 0.378906 0.482422 0.392578 0.480469 0.400391 0.476562 0.404297 0.453125 0.408203 0.443359 0.408203 0.431641 0.406250 0.427734 0.378906 0.408203 0.345703 0.408203
0 0.613281 0.410156 0.605469 0.433594 0.619141 0.445312 0.640625 0.597656 0.675781 0.599609 0.681641 0.488281 0.708984 0.474609 0.734375 0.503906 0.802734 0.523438 0.804688 0.556641 0.826172 0.525391 0.845703 0.525391 0.837891 0.546875 0.802734 0.564453 0.820312 0.572266 0.804688 0.578125 0.804688 0.605469 0.773438 0.625000 0.789062 0.673828 0.767578 0.689453 0.765625 0.724609 0.812500 0.722656 0.830078 0.689453 0.843750 0.716797 0.826172 0.734375 0.794922 0.734375 0.812500 0.746094 0.798828 0.765625 0.865234 0.769531 0.910156 0.748047 0.914062 0.720703 0.882812 0.699219 0.871094 0.623047 0.896484 0.595703 0.896484 0.556641 0.853516 0.496094 0.851562 0.441406 0.800781 0.414062 0.759766 0.427734
0 0.138672 0.478516 0.109375 0.478516 0.101562 0.486328 0.091797 0.490234 0.087891 0.498047 0.087891 0.511719 0.089844 0.513672 0.089844 0.519531 0.095703 0.525391 0.095703 0.529297 0.101562 0.535156 0.103516 0.541016 0.107422 0.544922 0.123047 0.544922 0.125000 0.542969 0.128906 0.542969 0.134766 0.537109 0.134766 0.535156 0.144531 0.527344 0.146484 0.515625 0.148438 0.513672 0.148438 0.505859 0.150391 0.503906 0.150391 0.488281 0.146484 0.482422
0 0.314453 0.572266 0.314453 0.599609 0.326172 0.609375 0.333984 0.613281 0.337891 0.613281 0.345703 0.623047 0.355469 0.626953 0.369141 0.626953 0.371094 0.625000 0.376953 0.625000 0.386719 0.619141 0.390625 0.609375 0.390625 0.597656 0.371094 0.574219 0.357422 0.568359 0.343750 0.568359 0.341797 0.570312
0 0.775391 0.679688 0.775391 0.681641 0.777344 0.681641 0.777344 0.679688
0 0.941406 0.712891 0.937500 0.716797 0.937500 0.724609 0.943359 0.734375 0.943359 0.738281 0.947266 0.746094 0.957031 0.753906 0.962891 0.769531 0.978516 0.783203 0.984375 0.783203 0.986328 0.785156 0.988281 0.783203 0.998047 0.783203 0.998047 0.708984 0.994141 0.708984 0.992188 0.710938 0.947266 0.710938 0.945312 0.712891
0 0.150391 0.744141 0.162109 0.748047 0.152344 0.751953 0.150391 0.759766 0.158203 0.761719 0.154297 0.765625 0.156250 0.779297 0.152344 0.787109 0.140625 0.789062 0.144531 0.792969 0.140625 0.798828 0.150391 0.796875 0.173828 0.804688 0.179688 0.810547 0.177734 0.826172 0.197266 0.847656 0.246094 0.847656 0.257812 0.859375 0.269531 0.861328 0.285156 0.853516 0.291016 0.841797 0.292969 0.808594 0.279297 0.771484 0.269531 0.765625 0.265625 0.771484 0.259766 0.763672 0.269531 0.757812 0.236328 0.757812 0.253906 0.765625 0.244141 0.769531 0.234375 0.763672 0.205078 0.759766 0.207031 0.751953 0.214844 0.751953 0.181641 0.740234
0 0.134766 0.789062 0.132812 0.791016 0.134766 0.791016
0 0.328125 0.822266 0.326172 0.830078 0.316406 0.837891 0.312500 0.837891 0.306641 0.849609 0.304688 0.859375 0.306641 0.900391 0.316406 0.919922 0.322266 0.925781 0.339844 0.927734 0.343750 0.925781 0.355469 0.929688 0.365234 0.927734 0.371094 0.923828 0.371094 0.919922 0.376953 0.914062 0.378906 0.916016 0.386719 0.914062 0.392578 0.902344 0.410156 0.884766 0.398438 0.873047 0.392578 0.859375 0.398438 0.845703 0.392578 0.837891 0.375000 0.832031 0.355469 0.832031
2 0.796875 0.015625 0.796875 0.017578 0.798828 0.017578
2 0.451172 0.023438 0.445312 0.044922 0.451172 0.074219 0.458984 0.080078 0.460938 0.125000 0.451172 0.109375 0.447266 0.078125 0.404297 0.076172 0.396484 0.080078 0.412109 0.132812 0.441406 0.142578 0.464844 0.134766 0.492188 0.136719 0.486328 0.169922 0.494141 0.203125 0.552734 0.193359 0.546875 0.152344 0.533203 0.148438 0.523438 0.136719 0.503906 0.134766 0.525391 0.126953 0.525391 0.031250 0.513672 0.021484
2 0.628906 0.033203 0.632812 0.091797 0.638672 0.099609 0.660156 0.099609 0.648438 0.105469 0.646484 0.148438 0.652344 0.156250 0.667969 0.156250 0.683594 0.144531 0.681641 0.099609 0.669922 0.093750 0.701172 0.093750 0.689453 0.103516 0.689453 0.119141 0.701172 0.144531 0.718750 0.144531 0.746094 0.134766 0.746094 0.091797 0.707031 0.089844 0.742188 0.080078 0.736328 0.035156 0.728516 0.023438 0.658203 0.021484
2 0.804688 0.019531 0.781250 0.027344 0.775391 0.039062 0.773438 0.083984 0.781250 0.105469 0.783203 0.121094 0.781250 0.123047 0.794922 0.142578 0.794922 0.152344 0.820312 0.154297 0.845703 0.142578 0.839844 0.115234 0.839844 0.066406 0.832031 0.050781 0.826172 0.021484
2 0.619141 0.033203 0.611328 0.033203 0.611328 0.037109 0.613281 0.033203 0.617188 0.042969 0.613281 0.046875 0.601562 0.044922 0.599609 0.041016 0.591797 0.044922 0.566406 0.046875 0.568359 0.076172 0.572266 0.083984 0.570312 0.087891 0.578125 0.101562 0.582031 0.142578 0.587891 0.154297 0.589844 0.179688 0.595703 0.187500 0.632812 0.183594 0.646484 0.175781 0.632812 0.132812 0.630859 0.097656 0.621094 0.074219 0.617188 0.046875
2 0.916016 0.068359 0.914062 0.072266 0.916016 0.099609 0.917969 0.101562 0.917969 0.109375 0.919922 0.111328 0.923828 0.126953 0.925781 0.128906 0.968750 0.128906 0.972656 0.126953 0.972656 0.119141 0.970703 0.117188 0.968750 0.101562 0.966797 0.099609 0.966797 0.072266 0.962891 0.068359 0.957031 0.068359 0.955078 0.066406 0.919922 0.066406
2 0.464844 0.148438 0.460938 0.146484 0.453125 0.146484 0.451172 0.148438 0.443359 0.148438 0.441406 0.150391 0.425781 0.150391 0.423828 0.148438 0.417969 0.156250 0.417969 0.164062 0.416016 0.166016 0.416016 0.179688 0.417969 0.181641 0.417969 0.185547 0.421875 0.189453 0.433594 0.189453 0.435547 0.191406 0.435547 0.195312 0.451172 0.195312 0.453125 0.193359 0.462891 0.193359 0.466797 0.191406 0.466797 0.152344
2 0.337891 0.173828 0.322266 0.171875 0.320312 0.173828 0.312500 0.173828 0.291016 0.183594 0.275391 0.183594 0.261719 0.187500 0.263672 0.212891 0.277344 0.242188 0.320312 0.244141 0.322266 0.242188 0.328125 0.242188 0.335938 0.234375 0.343750 0.230469 0.345703 0.226562 0.343750 0.193359 0.337891 0.181641
2 0.873047 0.185547 0.876953 0.203125 0.873047 0.220703 0.875000 0.236328 0.931641 0.242188 0.921875 0.248047 0.923828 0.287109 0.937500 0.291016 0.998047 0.287109 0.998047 0.234375 0.958984 0.242188 0.955078 0.238281 0.962891 0.232422 0.986328 0.228516 0.982422 0.191406 0.966797 0.175781 0.941406 0.171875 0.917969 0.183594 0.880859 0.181641
2 0.845703 0.197266 0.833984 0.203125 0.814453 0.205078 0.804688 0.224609 0.806641 0.246094 0.810547 0.255859 0.818359 0.259766 0.812500 0.261719 0.810547 0.273438 0.812500 0.291016 0.816406 0.300781 0.830078 0.312500 0.857422 0.312500 0.875000 0.300781 0.875000 0.289062 0.869141 0.275391 0.869141 0.263672 0.873047 0.255859 0.855469 0.253906 0.859375 0.251953 0.859375 0.240234 0.855469 0.228516 0.857422 0.208984 0.855469 0.203125
2 0.750000 0.212891 0.730469 0.212891 0.708984 0.218750 0.705078 0.226562 0.697266 0.224609 0.691406 0.234375 0.693359 0.271484 0.703125 0.277344 0.701172 0.285156 0.710938 0.300781 0.712891 0.312500 0.728516 0.330078 0.742188 0.328125 0.755859 0.314453 0.763672 0.312500 0.763672 0.285156 0.757812 0.275391 0.751953 0.271484 0.728516 0.271484 0.736328 0.267578 0.755859 0.267578 0.761719 0.263672 0.761719 0.218750
2 0.669922 0.216797 0.646484 0.224609 0.613281 0.224609 0.609375 0.234375 0.607422 0.255859 0.619141 0.279297 0.642578 0.281250 0.632812 0.287109 0.623047 0.287109 0.617188 0.298828 0.638672 0.347656 0.687500 0.343750 0.697266 0.339844 0.707031 0.326172 0.703125 0.300781 0.693359 0.285156 0.656250 0.281250 0.673828 0.279297 0.685547 0.267578 0.681641 0.246094 0.683594 0.228516
2 0.560547 0.234375 0.548828 0.234375 0.546875 0.236328 0.539062 0.236328 0.531250 0.240234 0.525391 0.240234 0.525391 0.267578 0.527344 0.269531 0.529297 0.283203 0.525391 0.287109 0.507812 0.291016 0.500000 0.296875 0.500000 0.300781 0.509766 0.302734 0.511719 0.300781 0.521484 0.300781 0.529297 0.296875 0.544922 0.296875 0.546875 0.294922 0.568359 0.292969 0.568359 0.285156 0.564453 0.279297 0.564453 0.257812 0.560547 0.250000
2 0.376953 0.248047 0.367188 0.248047 0.365234 0.250000 0.359375 0.250000 0.357422 0.251953 0.357422 0.271484 0.359375 0.273438 0.359375 0.285156 0.361328 0.287109 0.361328 0.291016 0.363281 0.292969 0.371094 0.292969 0.373047 0.291016 0.376953 0.291016 0.378906 0.289062 0.380859 0.289062 0.380859 0.287109 0.384766 0.281250 0.384766 0.271484 0.386719 0.269531 0.386719 0.261719 0.384766 0.259766 0.384766 0.257812 0.382812 0.255859 0.380859 0.250000 0.378906 0.250000
2 0.488281 0.265625 0.482422 0.261719 0.466797 0.259766 0.462891 0.255859 0.458984 0.257812 0.453125 0.257812 0.451172 0.255859 0.449219 0.257812 0.435547 0.259766 0.425781 0.267578 0.416016 0.269531 0.414062 0.271484 0.414062 0.281250 0.412109 0.283203 0.416016 0.310547 0.423828 0.314453 0.429688 0.314453 0.431641 0.312500 0.457031 0.310547 0.458984 0.308594 0.466797 0.308594 0.468750 0.306641 0.476562 0.306641 0.488281 0.302734 0.494141 0.298828 0.494141 0.281250 0.488281 0.273438
2 0.878906 0.255859 0.880859 0.257812 0.880859 0.259766 0.882812 0.261719 0.886719 0.261719 0.886719 0.259766 0.882812 0.255859
2 0.595703 0.337891 0.572266 0.337891 0.564453 0.341797 0.558594 0.347656 0.554688 0.347656 0.548828 0.351562 0.537109 0.353516 0.535156 0.355469 0.535156 0.369141 0.537109 0.371094 0.537109 0.376953 0.539062 0.378906 0.539062 0.388672 0.541016 0.390625 0.560547 0.390625 0.562500 0.388672 0.582031 0.386719 0.583984 0.384766 0.597656 0.384766 0.599609 0.382812 0.599609 0.376953 0.597656 0.375000 0.597656 0.351562 0.595703 0.349609
2 0.984375 0.345703 0.958984 0.339844 0.927734 0.339844 0.919922 0.343750 0.910156 0.341797 0.902344 0.343750 0.900391 0.349609 0.894531 0.343750 0.875000 0.347656 0.855469 0.345703 0.847656 0.347656 0.843750 0.353516 0.843750 0.378906 0.857422 0.382812 0.863281 0.390625 0.865234 0.400391 0.871094 0.402344 0.912109 0.400391 0.916016 0.390625 0.921875 0.400391 0.960938 0.398438 0.974609 0.394531 0.980469 0.388672
2 0.791016 0.398438 0.789062 0.376953 0.785156 0.373047 0.785156 0.371094 0.775391 0.363281 0.771484 0.365234 0.759766 0.365234 0.757812 0.367188 0.744141 0.367188 0.742188 0.369141 0.728516 0.369141 0.726562 0.371094 0.718750 0.371094 0.712891 0.376953 0.712891 0.388672 0.716797 0.396484 0.722656 0.402344 0.726562 0.402344 0.728516 0.404297 0.738281 0.404297 0.740234 0.406250 0.777344 0.406250 0.779297 0.404297 0.787109 0.404297
2 0.437500 0.498047 0.441406 0.515625 0.437500 0.525391 0.441406 0.527344 0.453125 0.523438 0.515625 0.523438 0.519531 0.529297 0.519531 0.566406 0.529297 0.582031 0.585938 0.587891 0.623047 0.585938 0.625000 0.582031 0.621094 0.562500 0.623047 0.519531 0.613281 0.486328 0.595703 0.480469 0.597656 0.451172 0.593750 0.447266 0.578125 0.449219 0.568359 0.458984 0.546875 0.445312 0.531250 0.445312 0.509766 0.455078 0.488281 0.476562 0.468750 0.478516
2 0.548828 0.673828 0.533203 0.667969 0.496094 0.669922 0.494141 0.671875 0.453125 0.669922 0.453125 0.726562 0.460938 0.730469 0.474609 0.732422 0.480469 0.738281 0.488281 0.740234 0.513672 0.740234 0.515625 0.738281 0.535156 0.740234 0.542969 0.732422 0.542969 0.720703 0.548828 0.710938
2 0.611328 0.681641 0.601562 0.677734 0.599609 0.679688 0.552734 0.679688 0.552734 0.728516 0.562500 0.732422 0.572266 0.732422 0.574219 0.730469 0.603516 0.730469 0.605469 0.728516 0.609375 0.728516 0.613281 0.724609 0.611328 0.701172 0.609375 0.699219
4 0.048828 0.001953 0.054688 0.044922 0.082031 0.044922 0.125000 0.023438 0.138672 0.033203 0.146484 0.046875 0.148438 0.082031 0.162109 0.105469 0.167969 0.140625 0.205078 0.148438 0.222656 0.148438 0.244141 0.140625 0.246094 0.117188 0.240234 0.099609 0.218750 0.066406 0.212891 0.037109 0.189453 0.000000
4 0.220703 0.000000 0.220703 0.005859 0.234375 0.025391 0.240234 0.044922 0.250000 0.054688 0.257812 0.080078 0.285156 0.130859 0.322266 0.130859 0.349609 0.123047 0.378906 0.107422 0.375000 0.089844 0.361328 0.072266 0.351562 0.046875 0.337891 0.033203 0.332031 0.017578 0.318359 0.001953
4 0.998047 0.789062 0.970703 0.789062 0.955078 0.759766 0.935547 0.753906 0.869141 0.781250 0.789062 0.783203 0.775391 0.791016 0.771484 0.814453 0.761719 0.822266 0.730469 0.824219 0.708984 0.804688 0.681641 0.802734 0.675781 0.853516 0.685547 0.966797 0.718750 0.976562 0.730469 0.998047 0.998047 0.998047
5 0.435547 0.232422 0.568359 0.226562 0.625000 0.398438 0.757812 0.355469 0.996094 0.330078 0.990234 0.306641 0.816406 0.328125 0.791016 0.191406 0.994141 0.158203 0.998047 0.134766 0.792969 0.169922 0.765625 0.013672 0.738281 0.000000 0.765625 0.171875 0.587891 0.195312 0.554688 0.005859 0.533203 0.000000 0.564453 0.203125
5 0.253906 0.279297 0.244141 0.285156 0.242188 0.310547 0.263672 0.376953 0.261719 0.388672 0.271484 0.423828 0.269531 0.431641 0.277344 0.445312 0.287109 0.447266 0.292969 0.445312 0.298828 0.435547 0.291016 0.423828 0.292969 0.412109 0.285156 0.388672 0.283203 0.363281 0.275391 0.347656 0.277344 0.343750 0.263672 0.304688 0.265625 0.291016 0.263672 0.285156
5 0.439453 0.515625 0.427734 0.503906 0.396484 0.503906 0.224609 0.529297 0.191406 0.521484 0.160156 0.521484 0.148438 0.533203 0.160156 0.544922 0.201172 0.544922 0.220703 0.550781 0.322266 0.541016 0.324219 0.554688 0.333984 0.560547 0.343750 0.554688 0.345703 0.537109 0.402344 0.525391 0.427734 0.527344
5 0.095703 0.531250 0.093750 0.525391 0.089844 0.521484 0.083984 0.519531 0.080078 0.521484 0.078125 0.519531 0.072266 0.521484 0.070312 0.519531 0.066406 0.521484 0.064453 0.519531 0.060547 0.521484 0.054688 0.519531 0.044922 0.523438 0.041016 0.521484 0.023438 0.529297 0.015625 0.529297 0.013672 0.531250 0.011719 0.529297 0.005859 0.531250 0.001953 0.529297 0.000000 0.531250 0.000000 0.550781 0.001953 0.552734 0.005859 0.550781 0.007812 0.552734 0.013672 0.550781 0.015625 0.552734 0.019531 0.550781 0.021484 0.552734 0.023438 0.550781 0.035156 0.548828 0.041016 0.544922 0.050781 0.544922 0.058594 0.541016 0.062500 0.542969 0.066406 0.541016 0.068359 0.542969 0.072266 0.541016 0.074219 0.542969 0.080078 0.541016 0.083984 0.542969 0.089844 0.541016 0.093750 0.537109
5 0.998047 0.542969 0.994141 0.544922 0.992188 0.542969 0.970703 0.550781 0.962891 0.550781 0.941406 0.560547 0.939453 0.558594 0.925781 0.558594 0.923828 0.560547 0.921875 0.558594 0.917969 0.560547 0.916016 0.558594 0.914062 0.560547 0.908203 0.558594 0.902344 0.560547 0.896484 0.570312 0.898438 0.576172 0.908203 0.582031 0.914062 0.580078 0.916016 0.582031 0.917969 0.580078 0.919922 0.582031 0.923828 0.580078 0.925781 0.582031 0.939453 0.582031 0.941406 0.580078 0.947266 0.582031 0.970703 0.572266 0.972656 0.574219 0.990234 0.566406 0.998047 0.566406
5 0.322266 0.619141 0.318359 0.738281 0.324219 0.759766 0.357422 0.791016 0.433594 0.802734 0.503906 0.794922 0.587891 0.800781 0.619141 0.791016 0.619141 0.779297 0.609375 0.773438 0.572266 0.779297 0.492188 0.773438 0.464844 0.781250 0.367188 0.769531 0.341797 0.738281 0.343750 0.625000 0.332031 0.613281
5 0.800781 0.755859 0.798828 0.750000 0.794922 0.746094 0.789062 0.744141 0.767578 0.753906 0.761719 0.753906 0.759766 0.755859 0.755859 0.753906 0.738281 0.761719 0.730469 0.761719 0.728516 0.763672 0.726562 0.761719 0.720703 0.761719 0.718750 0.763672 0.716797 0.761719 0.712891 0.763672 0.708984 0.761719 0.703125 0.763672 0.699219 0.767578 0.697266 0.773438 0.699219 0.779297 0.703125 0.783203 0.708984 0.785156 0.712891 0.783203 0.714844 0.785156 0.718750 0.783203 0.720703 0.785156 0.726562 0.785156 0.728516 0.783203 0.730469 0.785156 0.734375 0.783203 0.740234 0.785156 0.746094 0.783203 0.750000 0.779297 0.761719 0.777344 0.763672 0.775391 0.767578 0.777344 0.789062 0.767578 0.792969 0.767578 0.798828 0.761719
6 0.000000 0.226562 0.000000 0.478516 0.017578 0.484375 0.087891 0.480469 0.113281 0.468750 0.166016 0.472656 0.214844 0.464844 0.214844 0.406250 0.203125 0.402344 0.212891 0.396484 0.181641 0.355469 0.185547 0.296875 0.166016 0.291016 0.138672 0.267578 0.146484 0.263672 0.109375 0.261719 0.078125 0.250000 0.076172 0.261719 0.101562 0.273438 0.072266 0.275391 0.052734 0.246094 0.050781 0.228516
6 0.066406 0.246094 0.066406 0.248047 0.068359 0.248047
6 0.998047 0.408203 0.976562 0.402344 0.966797 0.406250 0.910156 0.408203 0.861328 0.417969 0.859375 0.496094 0.869141 0.509766 0.871094 0.525391 0.875000 0.521484 0.878906 0.525391 0.886719 0.550781 0.896484 0.552734 0.898438 0.562500 0.908203 0.556641 0.941406 0.558594 0.962891 0.548828 0.998047 0.541016
6 0.998047 0.568359 0.947266 0.583984 0.908203 0.583984 0.898438 0.578125 0.898438 0.595703 0.886719 0.615234 0.873047 0.619141 0.882812 0.644531 0.884766 0.685547 0.894531 0.701172 0.910156 0.708984 0.958984 0.701172 0.998047 0.701172
6 0.402344 0.611328 0.396484 0.615234 0.388672 0.628906 0.388672 0.644531 0.378906 0.689453 0.378906 0.732422 0.392578 0.755859 0.408203 0.765625 0.412109 0.773438 0.417969 0.773438 0.421875 0.765625 0.435547 0.761719 0.445312 0.736328 0.447266 0.662109 0.439453 0.632812 0.429688 0.617188 0.416016 0.611328
6 0.669922 0.816406 0.642578 0.814453 0.636719 0.839844 0.609375 0.857422 0.587891 0.855469 0.574219 0.839844 0.548828 0.845703 0.498047 0.839844 0.484375 0.845703 0.464844 0.876953 0.439453 0.875000 0.433594 0.859375 0.419922 0.859375 0.412109 0.873047 0.416016 0.884766 0.396484 0.910156 0.443359 0.929688 0.443359 0.976562 0.433594 0.996094 0.630859 0.998047 0.675781 0.960938
6 0.250000 0.998047 0.259766 0.994141 0.263672 0.998047 0.287109 0.998047 0.289062 0.994141 0.277344 0.988281 0.285156 0.984375 0.285156 0.974609 0.291016 0.968750 0.300781 0.972656 0.318359 0.968750 0.322266 0.958984 0.324219 0.960938 0.328125 0.955078 0.333984 0.955078 0.330078 0.951172 0.333984 0.941406 0.345703 0.939453 0.322266 0.937500 0.316406 0.933594 0.316406 0.929688 0.302734 0.927734 0.281250 0.933594 0.273438 0.927734 0.263672 0.927734 0.269531 0.923828 0.255859 0.921875 0.246094 0.957031 0.250000 0.958984 0.250000 0.970703 0.255859 0.970703 0.255859 0.957031 0.263672 0.955078 0.267578 0.974609 0.261719 0.986328 0.253906 0.982422 0.250000 0.984375
6 0.371094 0.939453 0.371094 0.943359 0.373047 0.943359 0.373047 0.941406
6 0.300781 0.976562 0.298828 0.976562 0.296875 0.978516 0.298828 0.980469 0.298828 0.982422 0.296875 0.984375 0.300781 0.984375 0.298828 0.982422 0.300781 0.980469
6 0.240234 0.982422 0.238281 0.982422 0.238281 0.998047 0.240234 0.996094 0.240234 0.988281 0.242188 0.986328 0.240234 0.984375
6 0.292969 0.994141 0.294922 0.996094 0.294922 0.998047 0.312500 0.998047 0.312500 0.996094 0.308594 0.992188 0.306641 0.994141 0.304688 0.994141 0.302734 0.992188 0.296875 0.992188 0.294922 0.994141
6 0.324219 0.996094 0.324219 0.998047 0.326172 0.998047 0.326172 0.996094
