0 0.496094 0.000000 0.441406 0.000000 0.439453 0.046875 0.431641 0.050781 0.423828 0.222656 0.429688 0.255859 0.445312 0.281250 0.468750 0.279297 0.484375 0.267578 0.492188 0.253906 0.490234 0.226562 0.498047 0.201172 0.498047 0.164062 0.476562 0.105469 0.484375 0.097656 0.486328 0.070312 0.498047 0.044922
0 0.525391 0.501953 0.509766 0.535156 0.484375 0.556641 0.478516 0.570312 0.478516 0.587891 0.486328 0.605469 0.478516 0.644531 0.478516 0.666016 0.484375 0.673828 0.486328 0.691406 0.533203 0.703125 0.539062 0.699219 0.541016 0.687500 0.539062 0.638672 0.548828 0.625000 0.560547 0.623047 0.562500 0.619141 0.560547 0.591797 0.568359 0.580078 0.568359 0.570312 0.556641 0.539062 0.554688 0.515625 0.531250 0.509766
0 0.039062 0.919922 0.054688 0.998047 0.375000 0.998047 0.398438 0.974609 0.386719 0.955078 0.359375 0.947266 0.326172 0.953125 0.236328 0.947266 0.212891 0.953125 0.199219 0.945312 0.191406 0.923828 0.146484 0.919922 0.115234 0.908203 0.089844 0.931641 0.068359 0.916016
0 0.656250 0.994141 0.650391 0.988281 0.648438 0.976562 0.636719 0.974609 0.630859 0.968750 0.628906 0.931641 0.603516 0.914062 0.585938 0.917969 0.576172 0.933594 0.546875 0.945312 0.531250 0.960938 0.521484 0.982422 0.521484 0.998047 0.654297 0.998047
0 0.681641 0.998047 0.681641 0.996094 0.683594 0.994141 0.687500 0.998047 0.699219 0.998047 0.703125 0.994141 0.701172 0.994141 0.699219 0.992188 0.685547 0.992188 0.683594 0.994141 0.681641 0.994141
2 0.103516 0.015625 0.099609 0.019531 0.099609 0.023438 0.097656 0.025391 0.097656 0.029297 0.095703 0.031250 0.095703 0.041016 0.097656 0.042969 0.097656 0.048828 0.099609 0.050781 0.101562 0.050781 0.103516 0.052734 0.107422 0.052734 0.117188 0.058594 0.132812 0.058594 0.132812 0.021484 0.126953 0.017578 0.109375 0.017578 0.107422 0.015625
2 0.007812 0.117188 0.005859 0.121094 0.005859 0.156250 0.007812 0.160156 0.011719 0.160156 0.013672 0.162109 0.021484 0.162109 0.023438 0.164062 0.048828 0.164062 0.050781 0.162109 0.050781 0.156250 0.046875 0.148438 0.046875 0.142578 0.050781 0.134766 0.054688 0.130859 0.054688 0.119141 0.019531 0.119141 0.017578 0.117188
2 0.533203 0.318359 0.519531 0.328125 0.521484 0.337891 0.525391 0.339844 0.537109 0.339844 0.541016 0.343750 0.537109 0.355469 0.527344 0.367188 0.521484 0.386719 0.521484 0.400391 0.533203 0.402344 0.541016 0.406250 0.552734 0.406250 0.554688 0.404297 0.554688 0.382812 0.556641 0.380859 0.558594 0.361328 0.564453 0.347656 0.572266 0.339844 0.574219 0.332031 0.552734 0.320312
2 0.156250 0.349609 0.144531 0.347656 0.134766 0.341797 0.128906 0.341797 0.119141 0.337891 0.113281 0.337891 0.107422 0.341797 0.097656 0.361328 0.097656 0.369141 0.099609 0.371094 0.097656 0.421875 0.099609 0.425781 0.105469 0.427734 0.117188 0.416016 0.150391 0.416016 0.152344 0.414062 0.154297 0.386719 0.164062 0.361328 0.162109 0.355469
2 0.000000 0.355469 0.000000 0.402344 0.007812 0.402344 0.009766 0.404297 0.015625 0.404297 0.019531 0.400391 0.019531 0.398438 0.023438 0.392578 0.023438 0.361328 0.021484 0.361328 0.019531 0.359375 0.009766 0.359375 0.003906 0.355469
2 0.083984 0.447266 0.078125 0.453125 0.070312 0.466797 0.070312 0.484375 0.080078 0.492188 0.083984 0.492188 0.085938 0.494141 0.089844 0.494141 0.097656 0.498047 0.115234 0.500000 0.121094 0.494141 0.121094 0.484375 0.119141 0.480469 0.121094 0.478516 0.121094 0.474609 0.128906 0.464844 0.128906 0.460938 0.130859 0.458984 0.126953 0.453125 0.121094 0.453125 0.119141 0.451172 0.107422 0.449219 0.105469 0.447266 0.099609 0.447266 0.097656 0.445312 0.089844 0.445312 0.087891 0.447266
2 0.656250 0.564453 0.652344 0.568359 0.652344 0.576172 0.650391 0.578125 0.650391 0.611328 0.648438 0.613281 0.648438 0.626953 0.652344 0.630859 0.662109 0.630859 0.664062 0.632812 0.683594 0.632812 0.685547 0.630859 0.685547 0.613281 0.687500 0.611328 0.689453 0.568359 0.685547 0.564453
2 0.783203 0.603516 0.773438 0.611328 0.773438 0.621094 0.767578 0.630859 0.765625 0.642578 0.763672 0.644531 0.763672 0.656250 0.765625 0.658203 0.771484 0.658203 0.775391 0.666016 0.796875 0.666016 0.806641 0.669922 0.820312 0.669922 0.832031 0.662109 0.835938 0.654297 0.837891 0.621094 0.833984 0.617188 0.814453 0.613281 0.808594 0.609375 0.804688 0.609375 0.791016 0.603516
2 0.998047 0.607422 0.988281 0.607422 0.986328 0.609375 0.968750 0.609375 0.962891 0.613281 0.962891 0.615234 0.960938 0.617188 0.960938 0.621094 0.958984 0.623047 0.958984 0.638672 0.960938 0.640625 0.960938 0.646484 0.962891 0.648438 0.974609 0.648438 0.976562 0.650391 0.996094 0.650391 0.998047 0.652344
2 0.722656 0.634766 0.722656 0.636719 0.724609 0.636719 0.726562 0.638672 0.728516 0.636719 0.730469 0.636719 0.730469 0.634766 0.728516 0.636719 0.726562 0.634766
2 0.074219 0.673828 0.070312 0.677734 0.070312 0.683594 0.068359 0.685547 0.068359 0.691406 0.066406 0.693359 0.066406 0.708984 0.078125 0.710938 0.083984 0.716797 0.087891 0.716797 0.089844 0.718750 0.105469 0.718750 0.107422 0.720703 0.115234 0.720703 0.119141 0.722656 0.123047 0.714844 0.125000 0.699219 0.126953 0.697266 0.126953 0.687500 0.125000 0.683594 0.119141 0.679688 0.107422 0.679688 0.097656 0.673828 0.091797 0.673828 0.089844 0.671875 0.080078 0.671875 0.078125 0.673828
2 0.828125 0.675781 0.824219 0.679688 0.824219 0.685547 0.822266 0.687500 0.822266 0.691406 0.820312 0.693359 0.820312 0.701172 0.818359 0.703125 0.820312 0.705078 0.820312 0.710938 0.822266 0.712891 0.828125 0.712891 0.830078 0.714844 0.833984 0.714844 0.835938 0.716797 0.853516 0.716797 0.853516 0.712891 0.855469 0.710938 0.855469 0.697266 0.857422 0.695312 0.857422 0.687500 0.855469 0.685547 0.855469 0.683594 0.851562 0.679688 0.847656 0.679688 0.845703 0.677734 0.835938 0.677734 0.833984 0.675781
2 0.957031 0.693359 0.953125 0.697266 0.953125 0.732422 0.955078 0.734375 0.955078 0.736328 0.957031 0.736328 0.958984 0.738281 0.962891 0.738281 0.964844 0.740234 0.968750 0.740234 0.970703 0.742188 0.974609 0.742188 0.976562 0.744141 0.988281 0.744141 0.994141 0.738281 0.994141 0.730469 0.996094 0.728516 0.996094 0.724609 0.998047 0.722656 0.998047 0.701172 0.990234 0.701172 0.988281 0.699219 0.984375 0.699219 0.982422 0.697266 0.976562 0.697266 0.974609 0.695312 0.968750 0.695312 0.966797 0.693359
2 0.875000 0.710938 0.875000 0.722656 0.873047 0.724609 0.876953 0.730469 0.884766 0.730469 0.894531 0.734375 0.886719 0.738281 0.880859 0.748047 0.882812 0.761719 0.886719 0.765625 0.894531 0.765625 0.904297 0.769531 0.917969 0.769531 0.921875 0.761719 0.923828 0.744141 0.917969 0.740234 0.910156 0.740234 0.908203 0.738281 0.910156 0.736328 0.921875 0.736328 0.923828 0.722656 0.925781 0.720703 0.923828 0.710938 0.910156 0.710938 0.908203 0.708984 0.892578 0.710938 0.880859 0.707031
2 0.953125 0.748047 0.953125 0.785156 0.957031 0.789062 0.962891 0.791016 0.968750 0.796875 0.970703 0.796875 0.972656 0.798828 0.984375 0.798828 0.986328 0.796875 0.988281 0.796875 0.988281 0.787109 0.986328 0.785156 0.986328 0.769531 0.988281 0.767578 0.988281 0.757812 0.990234 0.755859 0.990234 0.750000 0.988281 0.748047
2 0.343750 0.800781 0.341797 0.798828 0.326172 0.798828 0.324219 0.800781 0.294922 0.800781 0.291016 0.804688 0.291016 0.816406 0.289062 0.818359 0.289062 0.843750 0.291016 0.845703 0.333984 0.845703 0.335938 0.847656 0.339844 0.847656 0.343750 0.841797
2 0.115234 0.802734 0.113281 0.804688 0.113281 0.816406 0.111328 0.818359 0.111328 0.828125 0.113281 0.830078 0.115234 0.830078 0.121094 0.835938 0.123047 0.835938 0.125000 0.837891 0.136719 0.837891 0.136719 0.826172 0.138672 0.824219 0.138672 0.814453 0.140625 0.812500 0.140625 0.810547 0.142578 0.808594 0.142578 0.806641 0.140625 0.806641 0.134766 0.802734
2 0.619141 0.828125 0.617188 0.830078 0.617188 0.839844 0.615234 0.841797 0.615234 0.865234 0.613281 0.867188 0.613281 0.882812 0.615234 0.884766 0.632812 0.884766 0.634766 0.886719 0.648438 0.886719 0.650391 0.884766 0.650391 0.845703 0.652344 0.843750 0.650391 0.841797 0.650391 0.833984 0.646484 0.830078 0.632812 0.830078 0.630859 0.828125
2 0.121094 0.841797 0.115234 0.863281 0.115234 0.878906 0.119141 0.884766 0.119141 0.898438 0.126953 0.906250 0.142578 0.916016 0.154297 0.916016 0.164062 0.919922 0.181641 0.919922 0.185547 0.916016 0.185547 0.902344 0.193359 0.890625 0.195312 0.857422 0.187500 0.851562 0.181641 0.851562 0.171875 0.847656 0.160156 0.851562 0.146484 0.843750
2 0.750000 0.841797 0.748047 0.843750 0.748047 0.861328 0.750000 0.863281 0.750000 0.869141 0.748047 0.871094 0.748047 0.878906 0.746094 0.880859 0.746094 0.886719 0.744141 0.888672 0.744141 0.892578 0.746094 0.894531 0.761719 0.898438 0.765625 0.902344 0.771484 0.902344 0.773438 0.904297 0.777344 0.898438 0.777344 0.888672 0.779297 0.886719 0.779297 0.871094 0.781250 0.869141 0.781250 0.861328 0.787109 0.849609 0.783203 0.845703 0.775391 0.841797
2 0.853516 0.878906 0.845703 0.880859 0.841797 0.886719 0.839844 0.898438 0.828125 0.904297 0.828125 0.910156 0.822266 0.925781 0.822266 0.943359 0.845703 0.951172 0.853516 0.951172 0.853516 0.941406 0.859375 0.921875 0.869141 0.910156 0.871094 0.904297 0.871094 0.884766 0.871094 0.888672 0.867188 0.892578 0.863281 0.890625 0.861328 0.892578 0.865234 0.894531 0.859375 0.898438 0.845703 0.898438 0.841797 0.894531 0.843750 0.890625 0.847656 0.890625 0.845703 0.886719 0.855469 0.880859
2 0.896484 0.878906 0.892578 0.882812 0.892578 0.888672 0.886719 0.898438 0.886719 0.902344 0.878906 0.919922 0.878906 0.925781 0.875000 0.935547 0.876953 0.937500 0.876953 0.945312 0.884766 0.949219 0.896484 0.949219 0.898438 0.951172 0.919922 0.951172 0.921875 0.949219 0.927734 0.949219 0.927734 0.945312 0.921875 0.945312 0.919922 0.947266 0.914062 0.943359 0.914062 0.933594 0.916016 0.931641 0.917969 0.917969 0.925781 0.908203 0.927734 0.894531 0.929688 0.892578 0.927734 0.888672 0.916016 0.884766 0.910156 0.884766 0.904297 0.880859
2 0.953125 0.896484 0.951172 0.912109 0.949219 0.914062 0.947266 0.923828 0.941406 0.933594 0.939453 0.951172 0.941406 0.953125 0.947266 0.953125 0.953125 0.957031 0.958984 0.957031 0.978516 0.964844 0.998047 0.968750 0.998047 0.908203 0.996094 0.906250 0.974609 0.902344 0.960938 0.896484
3 0.197266 0.000000 0.195312 0.052734 0.187500 0.068359 0.187500 0.240234 0.220703 0.253906 0.337891 0.261719 0.341797 0.031250 0.351562 0.003906
4 0.484375 0.117188 0.494141 0.140625 0.503906 0.144531 0.527344 0.132812 0.552734 0.140625 0.609375 0.136719 0.630859 0.154297 0.662109 0.154297 0.775391 0.136719 0.781250 0.101562 0.794922 0.095703 0.822266 0.099609 0.824219 0.087891 0.796875 0.060547 0.800781 0.021484 0.794922 0.000000 0.505859 0.000000 0.503906 0.054688
4 0.859375 0.003906 0.861328 0.009766 0.859375 0.013672 0.865234 0.025391 0.867188 0.052734 0.871094 0.060547 0.875000 0.058594 0.886719 0.058594 0.906250 0.048828 0.914062 0.048828 0.953125 0.037109 0.953125 0.029297 0.947266 0.009766 0.949219 0.007812 0.947266 0.000000 0.861328 0.000000
5 0.000000 0.591797 0.003906 0.617188 0.144531 0.660156 0.154297 0.847656 0.167969 0.666016 0.236328 0.675781 0.203125 0.820312 0.216797 0.908203 0.261719 0.681641 0.998047 0.865234 0.996094 0.835938 0.142578 0.634766 0.205078 0.324219 0.115234 0.613281
6 0.998047 0.154297 0.925781 0.162109 0.898438 0.183594 0.910156 0.222656 0.912109 0.294922 0.896484 0.511719 0.900391 0.544922 0.912109 0.566406 0.998047 0.564453
