0 0.861328 0.000000 0.841797 0.044922 0.837891 0.107422 0.847656 0.123047 0.875000 0.134766 0.875000 0.140625 0.886719 0.160156 0.904297 0.166016 0.916016 0.164062 0.925781 0.158203 0.925781 0.115234 0.917969 0.076172 0.927734 0.066406 0.927734 0.039062 0.914062 0.023438 0.898438 0.013672 0.894531 0.000000
0 0.998047 0.056641 0.958984 0.058594 0.935547 0.066406 0.931641 0.074219 0.931641 0.085938 0.929688 0.087891 0.931641 0.128906 0.947266 0.152344 0.972656 0.158203 0.998047 0.152344
0 0.699219 0.068359 0.689453 0.062500 0.673828 0.062500 0.654297 0.070312 0.603516 0.064453 0.591797 0.072266 0.587891 0.080078 0.585938 0.105469 0.572266 0.130859 0.572266 0.160156 0.580078 0.173828 0.609375 0.185547 0.669922 0.185547 0.677734 0.171875 0.673828 0.148438 0.675781 0.138672 0.691406 0.121094 0.697266 0.105469
0 0.003906 0.445312 0.003906 0.451172 0.000000 0.453125 0.000000 0.556641 0.017578 0.572266 0.023438 0.595703 0.042969 0.597656 0.068359 0.587891 0.083984 0.562500 0.105469 0.552734 0.128906 0.531250 0.132812 0.509766 0.126953 0.494141 0.126953 0.472656 0.111328 0.457031 0.099609 0.453125 0.076172 0.451172 0.050781 0.455078
0 0.632812 0.556641 0.625000 0.556641 0.619141 0.560547 0.611328 0.562500 0.607422 0.570312 0.605469 0.580078 0.595703 0.591797 0.591797 0.601562 0.591797 0.615234 0.589844 0.619141 0.593750 0.623047 0.601562 0.625000 0.609375 0.630859 0.615234 0.630859 0.617188 0.632812 0.630859 0.630859 0.640625 0.621094 0.644531 0.613281 0.646484 0.597656 0.648438 0.595703 0.648438 0.587891 0.646484 0.585938 0.646484 0.582031 0.642578 0.578125 0.642578 0.566406 0.644531 0.564453 0.638672 0.558594 0.634766 0.558594
0 0.007812 0.794922 0.000000 0.812500 0.000000 0.998047 0.101562 0.998047 0.111328 0.966797 0.113281 0.941406 0.123047 0.923828 0.121094 0.876953 0.107422 0.865234 0.107422 0.837891 0.093750 0.822266 0.078125 0.814453 0.068359 0.800781 0.046875 0.796875 0.035156 0.789062
0 0.134766 0.902344 0.134766 0.908203 0.130859 0.916016 0.128906 0.937500 0.134766 0.939453 0.150391 0.955078 0.152344 0.955078 0.164062 0.968750 0.173828 0.968750 0.175781 0.966797 0.195312 0.968750 0.203125 0.964844 0.205078 0.960938 0.205078 0.925781 0.199219 0.916016 0.169922 0.900391 0.152344 0.900391 0.150391 0.902344 0.140625 0.900391
2 0.208984 0.000000 0.212891 0.005859 0.234375 0.015625 0.244141 0.025391 0.259766 0.033203 0.279297 0.037109 0.304688 0.050781 0.312500 0.048828 0.314453 0.037109 0.330078 0.017578 0.335938 0.000000
2 0.369141 0.000000 0.363281 0.005859 0.363281 0.011719 0.361328 0.013672 0.363281 0.021484 0.355469 0.039062 0.353516 0.076172 0.361328 0.080078 0.363281 0.078125 0.373047 0.082031 0.376953 0.078125 0.396484 0.080078 0.406250 0.066406 0.412109 0.048828 0.412109 0.041016 0.421875 0.017578 0.419922 0.013672 0.421875 0.009766 0.419922 0.000000
2 0.591797 0.003906 0.562500 0.005859 0.558594 0.015625 0.542969 0.017578 0.478516 0.005859 0.474609 0.011719 0.480469 0.015625 0.480469 0.021484 0.468750 0.023438 0.464844 0.035156 0.468750 0.029297 0.478516 0.029297 0.482422 0.033203 0.482422 0.042969 0.478516 0.046875 0.462891 0.044922 0.460938 0.048828 0.462891 0.085938 0.468750 0.091797 0.478516 0.091797 0.488281 0.097656 0.496094 0.097656 0.501953 0.091797 0.527344 0.093750 0.556641 0.113281 0.572266 0.111328 0.580078 0.095703
2 0.605469 0.003906 0.609375 0.037109 0.638672 0.041016 0.646484 0.054688 0.667969 0.054688 0.669922 0.056641 0.673828 0.054688 0.675781 0.056641 0.693359 0.048828 0.708984 0.048828 0.716797 0.044922 0.718750 0.000000 0.607422 0.000000
2 0.759766 0.048828 0.751953 0.046875 0.742188 0.048828 0.740234 0.082031 0.734375 0.091797 0.710938 0.093750 0.705078 0.097656 0.699219 0.130859 0.683594 0.134766 0.679688 0.142578 0.679688 0.154297 0.685547 0.164062 0.697266 0.166016 0.705078 0.162109 0.730469 0.162109 0.734375 0.158203 0.744141 0.130859 0.746094 0.091797 0.759766 0.058594
2 0.000000 0.054688 0.000000 0.130859 0.054688 0.152344 0.062500 0.162109 0.058594 0.167969 0.070312 0.169922 0.072266 0.179688 0.101562 0.193359 0.111328 0.189453 0.136719 0.195312 0.142578 0.179688 0.150391 0.189453 0.203125 0.208984 0.220703 0.203125 0.234375 0.167969 0.224609 0.144531 0.210938 0.132812 0.138672 0.111328 0.031250 0.060547
2 0.000000 0.148438 0.000000 0.234375 0.044922 0.250000 0.085938 0.269531 0.095703 0.269531 0.099609 0.261719 0.101562 0.238281 0.115234 0.208984 0.115234 0.203125 0.093750 0.199219 0.048828 0.179688 0.037109 0.164062
2 0.988281 0.160156 0.982422 0.164062 0.978516 0.175781 0.970703 0.185547 0.958984 0.218750 0.947266 0.236328 0.939453 0.259766 0.939453 0.271484 0.941406 0.275391 0.988281 0.291016 0.998047 0.296875 0.998047 0.160156
2 0.804688 0.177734 0.798828 0.185547 0.798828 0.197266 0.796875 0.199219 0.794922 0.248047 0.826172 0.263672 0.843750 0.265625 0.847656 0.261719 0.847656 0.257812 0.843750 0.251953 0.847656 0.246094 0.849609 0.212891 0.851562 0.210938 0.851562 0.201172 0.855469 0.187500 0.853516 0.183594 0.847656 0.181641 0.832031 0.181641 0.822266 0.177734
2 0.343750 0.205078 0.333984 0.207031 0.320312 0.259766 0.275391 0.320312 0.259766 0.361328 0.261719 0.373047 0.289062 0.373047 0.335938 0.388672 0.269531 0.382812 0.250000 0.451172 0.263672 0.490234 0.316406 0.505859 0.332031 0.498047 0.349609 0.433594 0.353516 0.394531 0.333984 0.390625 0.343750 0.378906 0.388672 0.220703
2 0.583984 0.275391 0.572266 0.294922 0.558594 0.298828 0.552734 0.306641 0.546875 0.343750 0.548828 0.384766 0.539062 0.404297 0.539062 0.412109 0.550781 0.425781 0.572266 0.435547 0.591797 0.439453 0.595703 0.435547 0.603516 0.404297 0.652344 0.304688 0.630859 0.289062 0.607422 0.283203 0.593750 0.275391
2 0.000000 0.292969 0.000000 0.425781 0.054688 0.435547 0.060547 0.441406 0.064453 0.431641 0.058594 0.431641 0.054688 0.425781 0.060547 0.417969 0.062500 0.423828 0.070312 0.417969 0.087891 0.425781 0.083984 0.429688 0.083984 0.443359 0.087891 0.443359 0.099609 0.425781 0.097656 0.421875 0.113281 0.410156 0.128906 0.367188 0.132812 0.335938 0.121094 0.337891 0.052734 0.318359
2 0.939453 0.304688 0.939453 0.314453 0.937500 0.316406 0.937500 0.318359 0.941406 0.322266 0.947266 0.322266 0.949219 0.324219 0.953125 0.324219 0.980469 0.337891 0.984375 0.337891 0.994141 0.343750 0.998047 0.343750 0.998047 0.320312 0.996094 0.318359 0.994141 0.318359 0.990234 0.314453 0.974609 0.306641 0.970703 0.306641 0.968750 0.304688 0.964844 0.304688 0.962891 0.302734 0.958984 0.302734 0.951172 0.298828 0.943359 0.298828
2 0.458984 0.300781 0.449219 0.314453 0.437500 0.351562 0.435547 0.367188 0.441406 0.371094 0.431641 0.373047 0.419922 0.398438 0.419922 0.406250 0.439453 0.410156 0.468750 0.425781 0.498047 0.431641 0.525391 0.443359 0.531250 0.435547 0.533203 0.421875 0.513672 0.412109 0.507812 0.392578 0.521484 0.359375 0.521484 0.349609 0.513672 0.339844 0.476562 0.326172 0.470703 0.318359 0.472656 0.314453 0.464844 0.308594 0.466797 0.304688
2 0.722656 0.339844 0.708984 0.341797 0.644531 0.476562 0.634766 0.515625 0.632812 0.501953 0.619141 0.484375 0.587891 0.484375 0.578125 0.535156 0.621094 0.542969 0.626953 0.529297 0.630859 0.554688 0.675781 0.574219 0.695312 0.576172 0.718750 0.511719 0.750000 0.460938 0.777344 0.380859 0.767578 0.361328
2 0.806641 0.384766 0.798828 0.386719 0.794922 0.390625 0.787109 0.404297 0.787109 0.408203 0.777344 0.421875 0.771484 0.464844 0.769531 0.466797 0.773438 0.472656 0.781250 0.474609 0.792969 0.482422 0.810547 0.486328 0.818359 0.474609 0.828125 0.445312 0.828125 0.439453 0.839844 0.417969 0.843750 0.402344 0.816406 0.386719
2 0.429688 0.478516 0.429688 0.490234 0.431641 0.492188 0.433594 0.492188 0.435547 0.494141 0.441406 0.494141 0.443359 0.496094 0.449219 0.496094 0.451172 0.498047 0.455078 0.498047 0.457031 0.500000 0.460938 0.500000 0.462891 0.501953 0.466797 0.501953 0.468750 0.503906 0.474609 0.503906 0.476562 0.505859 0.480469 0.505859 0.482422 0.503906 0.482422 0.501953 0.484375 0.500000 0.484375 0.496094 0.486328 0.494141 0.486328 0.490234 0.488281 0.488281 0.486328 0.486328 0.486328 0.482422 0.484375 0.480469 0.484375 0.478516 0.476562 0.470703 0.474609 0.470703 0.472656 0.468750 0.468750 0.468750 0.466797 0.466797 0.462891 0.466797 0.460938 0.464844 0.447266 0.464844 0.445312 0.466797 0.439453 0.468750
2 0.931641 0.476562 0.921875 0.482422 0.917969 0.501953 0.839844 0.697266 0.841797 0.703125 0.875000 0.708984 0.884766 0.697266 0.880859 0.691406 0.884766 0.662109 0.898438 0.636719 0.908203 0.601562 0.951172 0.498047 0.953125 0.486328
2 0.994141 0.501953 0.984375 0.501953 0.904297 0.701172 0.900391 0.724609 0.921875 0.734375 0.929688 0.732422 0.960938 0.638672 0.998047 0.548828 0.994141 0.539062 0.998047 0.505859
2 0.503906 0.535156 0.503906 0.548828 0.529297 0.556641 0.546875 0.570312 0.562500 0.570312 0.564453 0.566406 0.568359 0.572266 0.546875 0.574219 0.535156 0.599609 0.541016 0.609375 0.564453 0.613281 0.583984 0.621094 0.587891 0.613281 0.589844 0.593750 0.601562 0.583984 0.607422 0.560547 0.576172 0.548828 0.572266 0.550781 0.570312 0.542969 0.546875 0.535156
2 0.236328 0.599609 0.210938 0.625000 0.203125 0.691406 0.193359 0.708984 0.191406 0.720703 0.195312 0.724609 0.240234 0.734375 0.271484 0.736328 0.277344 0.699219 0.285156 0.681641 0.285156 0.666016 0.292969 0.642578 0.296875 0.613281 0.261719 0.601562
2 0.433594 0.623047 0.431641 0.625000 0.433594 0.628906 0.435547 0.626953 0.455078 0.628906 0.457031 0.630859 0.453125 0.634766 0.462891 0.636719 0.453125 0.644531 0.447266 0.644531 0.419922 0.634766 0.414062 0.640625 0.410156 0.662109 0.410156 0.679688 0.443359 0.695312 0.460938 0.695312 0.464844 0.671875 0.472656 0.666016 0.474609 0.658203 0.480469 0.652344 0.480469 0.630859 0.470703 0.626953
2 0.685547 0.689453 0.628906 0.816406 0.580078 0.982422 0.595703 0.998047 0.873047 0.998047 0.949219 0.792969 0.880859 0.767578 0.845703 0.742188 0.822266 0.742188
2 0.390625 0.742188 0.390625 0.779297 0.386719 0.787109 0.386719 0.796875 0.390625 0.800781 0.544922 0.824219 0.548828 0.808594 0.542969 0.804688 0.539062 0.810547 0.537109 0.802734 0.558594 0.787109 0.560547 0.767578 0.550781 0.761719 0.515625 0.757812 0.496094 0.750000 0.417969 0.736328 0.394531 0.738281
2 0.345703 0.808594 0.341797 0.812500 0.341797 0.822266 0.343750 0.824219 0.337891 0.832031 0.339844 0.841797 0.345703 0.841797 0.347656 0.843750 0.357422 0.843750 0.359375 0.845703 0.363281 0.845703 0.371094 0.849609 0.376953 0.849609 0.382812 0.853516 0.386719 0.849609 0.386719 0.845703 0.390625 0.839844 0.390625 0.830078 0.392578 0.828125 0.392578 0.818359 0.390625 0.816406 0.390625 0.812500 0.382812 0.806641 0.363281 0.806641 0.361328 0.804688 0.353516 0.808594
2 0.177734 0.847656 0.173828 0.851562 0.173828 0.859375 0.171875 0.861328 0.171875 0.898438 0.173828 0.900391 0.177734 0.900391 0.179688 0.902344 0.181641 0.902344 0.187500 0.908203 0.191406 0.908203 0.193359 0.906250 0.193359 0.898438 0.195312 0.896484 0.195312 0.886719 0.193359 0.884766 0.193359 0.873047 0.195312 0.871094 0.195312 0.863281 0.197266 0.861328 0.197266 0.849609 0.195312 0.847656
2 0.294922 0.933594 0.357422 0.949219 0.398438 0.949219 0.496094 0.960938 0.501953 0.953125 0.509766 0.953125 0.515625 0.960938 0.523438 0.957031 0.529297 0.960938 0.535156 0.937500 0.525391 0.943359 0.519531 0.935547 0.525391 0.921875 0.535156 0.917969 0.503906 0.904297 0.498047 0.898438 0.498047 0.888672 0.490234 0.884766 0.392578 0.876953 0.339844 0.863281 0.332031 0.880859 0.316406 0.882812 0.314453 0.917969 0.306641 0.929688
2 0.121094 0.941406 0.117188 0.947266 0.117188 0.957031 0.115234 0.958984 0.113281 0.998047 0.167969 0.998047 0.166016 0.980469 0.152344 0.970703 0.154297 0.966797 0.152344 0.958984 0.134766 0.943359 0.130859 0.941406
2 0.263672 0.972656 0.263672 0.974609 0.261719 0.976562 0.261719 0.996094 0.259766 0.998047 0.302734 0.998047 0.302734 0.996094 0.304688 0.994141 0.304688 0.980469 0.306641 0.978516 0.304688 0.976562 0.302734 0.976562 0.300781 0.974609 0.291016 0.974609 0.289062 0.972656 0.279297 0.972656 0.277344 0.970703 0.265625 0.970703
5 0.021484 0.003906 0.443359 0.175781 0.212891 0.998047 0.251953 0.992188 0.476562 0.189453 0.998047 0.408203 0.957031 0.337891 0.171875 0.003906
