0 0.000000 0.000000 0.000000 0.533203 0.998047 0.388672 0.998047 0.236328 0.951172 0.121094 0.783203 0.111328 0.765625 0.193359 0.820312 0.226562 0.765625 0.236328 0.742188 0.093750 0.703125 0.056641 0.724609 0.000000 0.667969 0.000000 0.687500 0.066406 0.660156 0.072266 0.687500 0.082031 0.724609 0.357422 0.611328 0.417969 0.544922 0.324219 0.482422 0.000000
0 0.488281 0.000000 0.488281 0.001953 0.490234 0.001953 0.490234 0.000000
0 0.568359 0.087891 0.570312 0.089844 0.572266 0.089844 0.574219 0.087891
0 0.554688 0.091797 0.556641 0.091797 0.558594 0.089844 0.554688 0.089844
0 0.537109 0.095703 0.544922 0.095703 0.542969 0.093750 0.539062 0.093750
0 0.685547 0.261719 0.681641 0.261719 0.679688 0.263672 0.677734 0.263672 0.675781 0.265625 0.673828 0.265625 0.671875 0.263672 0.669922 0.265625 0.666016 0.265625 0.664062 0.267578 0.660156 0.267578 0.669922 0.267578 0.671875 0.265625 0.673828 0.265625 0.675781 0.267578 0.681641 0.267578 0.683594 0.265625 0.683594 0.263672
0 0.615234 0.275391 0.617188 0.277344 0.617188 0.279297 0.615234 0.281250 0.613281 0.281250 0.621094 0.281250 0.621094 0.275391
0 0.607422 0.281250 0.605469 0.279297 0.605469 0.277344 0.603516 0.277344 0.597656 0.283203 0.607422 0.283203
0 0.566406 0.291016 0.568359 0.289062 0.574219 0.289062 0.566406 0.289062
0 0.054688 0.343750 0.054688 0.345703 0.056641 0.345703 0.056641 0.343750
0 0.998047 0.416016 0.000000 0.560547 0.000000 0.611328 0.083984 0.599609 0.099609 0.636719 0.000000 0.615234 0.000000 0.998047 0.152344 0.998047 0.123047 0.966797 0.201172 0.953125 0.216797 0.998047 0.509766 0.998047 0.500000 0.923828 0.546875 0.906250 0.740234 0.953125 0.748047 0.998047 0.779297 0.929688 0.736328 0.925781 0.796875 0.908203 0.822266 0.832031 0.957031 0.851562 0.906250 0.998047 0.998047 0.998047 0.998047 0.654297 0.978516 0.777344 0.835938 0.751953 0.826172 0.636719 0.853516 0.527344 0.998047 0.519531
0 0.769531 0.945312 0.769531 0.947266 0.775391 0.947266 0.777344 0.949219 0.779297 0.947266 0.779297 0.945312
0 0.785156 0.945312 0.785156 0.947266 0.787109 0.947266 0.787109 0.945312
0 0.792969 0.945312 0.792969 0.947266 0.794922 0.947266
0 0.800781 0.945312 0.800781 0.947266 0.802734 0.947266 0.802734 0.945312
0 0.861328 0.947266 0.863281 0.949219 0.865234 0.947266
0 0.923828 0.945312 0.921875 0.947266 0.921875 0.951172 0.923828 0.951172 0.925781 0.953125 0.927734 0.953125 0.927734 0.945312
0 0.865234 0.953125 0.869141 0.957031 0.865234 0.960938 0.859375 0.960938 0.857422 0.962891 0.859375 0.962891 0.863281 0.966797 0.863281 0.968750 0.867188 0.972656 0.867188 0.974609 0.865234 0.976562 0.859375 0.976562 0.859375 0.980469 0.865234 0.980469 0.867188 0.978516 0.869141 0.978516 0.871094 0.980469 0.878906 0.980469 0.880859 0.978516 0.878906 0.976562 0.873047 0.976562 0.871094 0.974609 0.871094 0.966797 0.876953 0.962891 0.878906 0.964844 0.880859 0.962891 0.880859 0.960938 0.875000 0.962891 0.873047 0.960938 0.871094 0.960938 0.869141 0.958984 0.869141 0.955078 0.867188 0.955078
0 0.769531 0.960938 0.769531 0.962891 0.773438 0.962891 0.773438 0.960938
0 0.787109 0.960938 0.785156 0.962891 0.787109 0.962891
0 0.800781 0.960938 0.800781 0.962891 0.802734 0.962891 0.802734 0.960938
0 0.849609 0.960938 0.847656 0.960938 0.845703 0.962891 0.849609 0.962891
0 0.910156 0.960938 0.908203 0.962891 0.908203 0.964844 0.910156 0.966797 0.910156 0.964844 0.912109 0.962891
0 0.892578 0.978516 0.892578 0.980469 0.894531 0.980469 0.894531 0.978516
0 0.197266 0.998047 0.195312 0.996094 0.193359 0.998047
2 0.880859 0.519531 0.857422 0.533203 0.853516 0.542969 0.857422 0.611328 0.832031 0.621094 0.832031 0.636719 0.857422 0.652344 0.837891 0.677734 0.837891 0.750000 0.933594 0.769531 0.980469 0.771484 0.982422 0.722656 0.966797 0.705078 0.966797 0.669922 0.978516 0.656250 0.998047 0.652344 0.998047 0.527344 0.900391 0.515625
2 0.820312 0.839844 0.810547 0.865234 0.812500 0.884766 0.804688 0.886719 0.800781 0.892578 0.804688 0.912109 0.820312 0.917969 0.943359 0.929688 0.951172 0.912109 0.947266 0.908203 0.955078 0.906250 0.962891 0.898438 0.945312 0.875000 0.945312 0.871094 0.957031 0.863281 0.953125 0.853516 0.904297 0.849609 0.830078 0.835938
2 0.501953 0.923828 0.503906 0.947266 0.492188 0.980469 0.492188 0.990234 0.500000 0.996094 0.732422 0.998047 0.734375 0.957031 0.689453 0.939453 0.658203 0.937500 0.646484 0.929688 0.597656 0.923828 0.572266 0.908203 0.546875 0.908203
3 0.726562 0.000000 0.724609 0.029297 0.705078 0.056641 0.744141 0.093750 0.740234 0.195312 0.753906 0.216797 0.787109 0.238281 0.812500 0.236328 0.818359 0.226562 0.763672 0.193359 0.761719 0.162109 0.777344 0.156250 0.783203 0.109375 0.804688 0.099609 0.923828 0.103516 0.953125 0.121094 0.951172 0.146484 0.978516 0.193359 0.974609 0.220703 0.998047 0.234375 0.998047 0.000000
4 0.478516 0.005859 0.492188 0.082031 0.498047 0.095703 0.505859 0.099609 0.621094 0.074219 0.677734 0.070312 0.685547 0.066406 0.683594 0.056641 0.669922 0.044922 0.666016 0.035156 0.666016 0.000000 0.500000 0.000000
4 0.683594 0.078125 0.601562 0.083984 0.505859 0.105469 0.507812 0.152344 0.519531 0.177734 0.525391 0.226562 0.544922 0.285156 0.576172 0.285156 0.603516 0.275391 0.654297 0.269531 0.693359 0.255859 0.689453 0.240234 0.697266 0.214844 0.687500 0.195312 0.689453 0.140625
4 0.703125 0.265625 0.658203 0.273438 0.642578 0.281250 0.652344 0.333984 0.650391 0.349609 0.632812 0.281250 0.550781 0.294922 0.552734 0.328125 0.578125 0.400391 0.587891 0.402344 0.599609 0.414062 0.609375 0.414062 0.640625 0.400391 0.654297 0.380859 0.662109 0.388672 0.699219 0.378906 0.718750 0.365234 0.718750 0.351562 0.705078 0.324219 0.712891 0.300781
4 0.357422 0.554688 0.345703 0.550781 0.294922 0.550781 0.285156 0.556641 0.283203 0.562500 0.289062 0.572266 0.304688 0.572266 0.306641 0.576172 0.287109 0.601562 0.275391 0.634766 0.275391 0.679688 0.283203 0.693359 0.296875 0.697266 0.306641 0.691406 0.308594 0.685547 0.302734 0.669922 0.304688 0.654297 0.324219 0.609375 0.343750 0.583984 0.361328 0.570312 0.363281 0.564453
4 0.542969 0.554688 0.533203 0.560547 0.529297 0.572266 0.531250 0.574219 0.529297 0.578125 0.531250 0.580078 0.527344 0.587891 0.529297 0.591797 0.525391 0.599609 0.527344 0.603516 0.511719 0.638672 0.509766 0.658203 0.513672 0.667969 0.523438 0.673828 0.533203 0.667969 0.535156 0.662109 0.533203 0.652344 0.542969 0.626953 0.541016 0.625000 0.546875 0.615234 0.548828 0.605469 0.556641 0.599609 0.558594 0.593750 0.556641 0.587891 0.558594 0.583984 0.552734 0.560547
4 0.001953 0.607422 0.000000 0.613281 0.005859 0.623047 0.015625 0.625000 0.029297 0.632812 0.033203 0.636719 0.033203 0.640625 0.044922 0.648438 0.058594 0.650391 0.060547 0.652344 0.064453 0.650391 0.066406 0.652344 0.078125 0.646484 0.083984 0.646484 0.085938 0.648438 0.095703 0.642578 0.097656 0.636719 0.091797 0.626953 0.091797 0.621094 0.095703 0.613281 0.089844 0.603516 0.082031 0.601562 0.066406 0.607422 0.042969 0.597656 0.031250 0.597656 0.023438 0.601562 0.011719 0.601562
4 0.144531 0.744141 0.142578 0.742188 0.142578 0.738281 0.132812 0.728516 0.128906 0.728516 0.126953 0.726562 0.125000 0.726562 0.123047 0.728516 0.119141 0.728516 0.111328 0.736328 0.109375 0.734375 0.105469 0.734375 0.103516 0.736328 0.099609 0.736328 0.095703 0.740234 0.095703 0.744141 0.093750 0.746094 0.095703 0.748047 0.095703 0.751953 0.099609 0.755859 0.103516 0.755859 0.105469 0.757812 0.111328 0.757812 0.113281 0.759766 0.117188 0.759766 0.119141 0.761719 0.123047 0.761719 0.125000 0.759766 0.128906 0.759766 0.134766 0.753906 0.138672 0.753906 0.142578 0.750000 0.142578 0.746094
4 0.455078 0.892578 0.457031 0.894531 0.457031 0.898438 0.460938 0.902344 0.464844 0.902344 0.470703 0.906250 0.474609 0.906250 0.482422 0.910156 0.490234 0.910156 0.498047 0.914062 0.507812 0.914062 0.509766 0.912109 0.511719 0.914062 0.519531 0.914062 0.521484 0.912109 0.525391 0.912109 0.529297 0.908203 0.529297 0.904297 0.531250 0.902344 0.529297 0.900391 0.529297 0.896484 0.525391 0.892578 0.521484 0.892578 0.519531 0.890625 0.511719 0.890625 0.509766 0.892578 0.507812 0.890625 0.500000 0.890625 0.492188 0.886719 0.482422 0.886719 0.478516 0.882812 0.474609 0.882812 0.472656 0.880859 0.466797 0.880859 0.464844 0.882812 0.460938 0.882812 0.457031 0.886719 0.457031 0.890625
4 0.425781 0.910156 0.419922 0.900391 0.412109 0.898438 0.400391 0.904297 0.394531 0.910156 0.394531 0.914062 0.375000 0.933594 0.365234 0.929688 0.335938 0.935547 0.324219 0.931641 0.287109 0.931641 0.281250 0.933594 0.275391 0.943359 0.277344 0.949219 0.287109 0.955078 0.335938 0.955078 0.349609 0.958984 0.357422 0.957031 0.363281 0.964844 0.371094 0.966797 0.376953 0.964844 0.382812 0.957031 0.390625 0.955078 0.404297 0.939453 0.412109 0.937500 0.423828 0.925781
4 0.218750 0.990234 0.212891 0.972656 0.214844 0.970703 0.212891 0.964844 0.207031 0.957031 0.201172 0.955078 0.195312 0.957031 0.189453 0.966797 0.171875 0.960938 0.160156 0.964844 0.158203 0.962891 0.150391 0.966797 0.148438 0.964844 0.146484 0.966797 0.144531 0.964844 0.142578 0.966797 0.128906 0.966797 0.123047 0.968750 0.117188 0.978516 0.123047 0.988281 0.140625 0.990234 0.154297 0.998047 0.191406 0.998047 0.195312 0.994141 0.199219 0.998047 0.214844 0.998047
5 0.998047 0.390625 0.421875 0.453125 0.291016 0.492188 0.000000 0.535156 0.000000 0.558594 0.292969 0.513672 0.419922 0.474609 0.984375 0.419922
