0 0.183594 0.060547 0.179688 0.064453 0.179688 0.083984 0.187500 0.103516 0.189453 0.103516 0.205078 0.121094 0.214844 0.125000 0.226562 0.123047 0.232422 0.117188 0.234375 0.109375 0.242188 0.095703 0.240234 0.091797 0.232422 0.085938 0.224609 0.074219 0.218750 0.074219 0.214844 0.070312 0.212891 0.066406 0.212891 0.056641 0.208984 0.054688 0.195312 0.054688
0 0.482422 0.058594 0.476562 0.066406 0.476562 0.083984 0.480469 0.091797 0.480469 0.097656 0.490234 0.103516 0.494141 0.103516 0.501953 0.107422 0.515625 0.107422 0.523438 0.103516 0.523438 0.101562 0.529297 0.093750 0.529297 0.078125 0.527344 0.076172 0.527344 0.072266 0.525391 0.068359 0.521484 0.064453 0.517578 0.062500 0.513672 0.062500 0.511719 0.060547 0.507812 0.060547 0.505859 0.058594
0 0.000000 0.072266 0.000000 0.140625 0.005859 0.144531 0.013672 0.144531 0.017578 0.140625 0.025391 0.136719 0.033203 0.128906 0.037109 0.119141 0.046875 0.111328 0.046875 0.101562 0.044922 0.097656 0.041016 0.095703 0.027344 0.080078 0.019531 0.076172 0.009766 0.074219 0.007812 0.072266
0 0.351562 0.078125 0.347656 0.091797 0.349609 0.132812 0.355469 0.136719 0.371094 0.140625 0.382812 0.152344 0.408203 0.152344 0.410156 0.154297 0.417969 0.152344 0.421875 0.140625 0.421875 0.128906 0.425781 0.121094 0.423828 0.119141 0.425781 0.109375 0.419922 0.093750 0.408203 0.087891 0.390625 0.085938 0.384766 0.080078 0.378906 0.080078 0.369141 0.076172 0.355469 0.076172
0 0.351562 0.162109 0.347656 0.166016 0.347656 0.167969 0.345703 0.169922 0.345703 0.173828 0.343750 0.175781 0.343750 0.183594 0.345703 0.185547 0.345703 0.191406 0.347656 0.193359 0.349609 0.199219 0.351562 0.201172 0.355469 0.201172 0.357422 0.203125 0.371094 0.203125 0.373047 0.201172 0.375000 0.201172 0.380859 0.195312 0.380859 0.179688 0.378906 0.177734 0.378906 0.175781 0.375000 0.171875 0.373047 0.171875 0.365234 0.164062 0.361328 0.164062 0.359375 0.162109
0 0.130859 0.199219 0.119141 0.191406 0.089844 0.181641 0.060547 0.181641 0.052734 0.185547 0.041016 0.199219 0.019531 0.210938 0.011719 0.224609 0.000000 0.228516 0.000000 0.253906 0.007812 0.261719 0.005859 0.277344 0.000000 0.285156 0.000000 0.298828 0.005859 0.302734 0.025391 0.292969 0.058594 0.289062 0.082031 0.291016 0.089844 0.287109 0.101562 0.269531 0.105469 0.255859 0.113281 0.250000 0.130859 0.246094 0.136719 0.236328 0.136719 0.218750
0 0.572266 0.191406 0.560547 0.199219 0.560547 0.208984 0.558594 0.210938 0.560547 0.214844 0.560547 0.220703 0.552734 0.236328 0.552734 0.248047 0.556641 0.255859 0.562500 0.261719 0.570312 0.265625 0.574219 0.265625 0.580078 0.269531 0.587891 0.269531 0.589844 0.267578 0.599609 0.265625 0.607422 0.259766 0.607422 0.244141 0.599609 0.228516 0.599609 0.207031 0.597656 0.203125 0.585938 0.191406
0 0.193359 0.205078 0.193359 0.208984 0.191406 0.210938 0.191406 0.226562 0.193359 0.228516 0.193359 0.236328 0.195312 0.240234 0.201172 0.244141 0.214844 0.244141 0.216797 0.242188 0.228516 0.242188 0.234375 0.238281 0.238281 0.238281 0.246094 0.230469 0.248047 0.226562 0.248047 0.212891 0.246094 0.210938 0.246094 0.207031 0.242188 0.203125 0.238281 0.203125 0.236328 0.201172 0.224609 0.201172 0.222656 0.199219 0.216797 0.199219 0.214844 0.197266 0.205078 0.197266 0.203125 0.199219 0.199219 0.199219
0 0.726562 0.226562 0.714844 0.218750 0.701172 0.216797 0.691406 0.228516 0.660156 0.228516 0.654297 0.240234 0.638672 0.251953 0.638672 0.294922 0.642578 0.302734 0.638672 0.320312 0.640625 0.337891 0.699219 0.337891 0.710938 0.333984 0.742188 0.332031 0.751953 0.326172 0.746094 0.271484 0.732422 0.251953
0 0.148438 0.271484 0.156250 0.271484 0.158203 0.269531 0.156250 0.267578 0.150391 0.267578 0.148438 0.269531
0 0.142578 0.281250 0.142578 0.292969 0.146484 0.296875 0.152344 0.310547 0.152344 0.320312 0.146484 0.328125 0.146484 0.337891 0.148438 0.343750 0.156250 0.353516 0.160156 0.373047 0.162109 0.375000 0.191406 0.375000 0.195312 0.373047 0.199219 0.365234 0.208984 0.355469 0.208984 0.347656 0.210938 0.345703 0.208984 0.328125 0.199219 0.316406 0.195312 0.302734 0.181641 0.294922 0.173828 0.287109 0.169922 0.287109 0.164062 0.281250 0.158203 0.279297
0 0.583984 0.337891 0.572266 0.343750 0.568359 0.347656 0.568359 0.359375 0.572266 0.367188 0.582031 0.376953 0.585938 0.390625 0.597656 0.396484 0.605469 0.396484 0.617188 0.384766 0.619141 0.380859 0.619141 0.359375 0.617188 0.357422 0.617188 0.351562 0.611328 0.343750 0.607422 0.343750 0.597656 0.337891
0 0.494141 0.382812 0.494141 0.400391 0.496094 0.402344 0.496094 0.404297 0.503906 0.412109 0.527344 0.412109 0.529297 0.414062 0.531250 0.414062 0.533203 0.412109 0.537109 0.412109 0.537109 0.410156 0.539062 0.408203 0.539062 0.394531 0.541016 0.392578 0.541016 0.390625 0.539062 0.388672 0.539062 0.382812 0.535156 0.376953 0.533203 0.376953 0.529297 0.373047 0.515625 0.373047 0.513672 0.375000 0.509766 0.375000 0.507812 0.376953 0.498047 0.378906
0 0.597656 0.533203 0.591797 0.539062 0.591797 0.550781 0.593750 0.552734 0.593750 0.558594 0.601562 0.568359 0.601562 0.570312 0.605469 0.574219 0.609375 0.574219 0.611328 0.576172 0.632812 0.576172 0.636719 0.574219 0.640625 0.570312 0.642578 0.562500 0.650391 0.558594 0.656250 0.550781 0.654297 0.544922 0.650391 0.541016 0.640625 0.537109 0.630859 0.529297 0.623047 0.527344 0.621094 0.525391 0.615234 0.525391 0.613281 0.527344 0.605469 0.529297 0.601562 0.533203
0 0.765625 0.542969 0.755859 0.574219 0.755859 0.615234 0.771484 0.648438 0.787109 0.650391 0.796875 0.662109 0.839844 0.671875 0.851562 0.683594 0.867188 0.689453 0.890625 0.689453 0.917969 0.681641 0.947266 0.658203 0.962891 0.652344 0.958984 0.560547 0.931641 0.539062 0.873047 0.527344 0.837891 0.537109 0.787109 0.537109
0 0.486328 0.595703 0.484375 0.597656 0.484375 0.615234 0.482422 0.617188 0.482422 0.625000 0.480469 0.626953 0.480469 0.634766 0.478516 0.636719 0.480469 0.640625 0.480469 0.654297 0.488281 0.667969 0.500000 0.679688 0.503906 0.681641 0.513672 0.681641 0.515625 0.679688 0.519531 0.679688 0.535156 0.667969 0.535156 0.660156 0.531250 0.652344 0.531250 0.642578 0.529297 0.640625 0.529297 0.636719 0.523438 0.628906 0.513672 0.609375 0.505859 0.605469 0.498047 0.597656 0.494141 0.595703
3 0.000000 0.000000 0.048828 0.101562 0.000000 0.226562 0.060547 0.179688 0.138672 0.218750 0.089844 0.289062 0.000000 0.300781 0.000000 0.533203 0.095703 0.482422 0.150391 0.585938 0.000000 0.710938 0.150391 0.619141 0.218750 0.707031 0.000000 0.826172 0.115234 0.982422 0.044922 0.824219 0.228516 0.722656 0.343750 0.849609 0.371094 0.982422 0.318359 0.998047 0.998047 0.998047 0.998047 0.525391 0.818359 0.533203 0.958984 0.556641 0.943359 0.671875 0.761719 0.644531 0.634766 0.384766 0.636719 0.267578 0.554688 0.255859 0.533203 0.097656 0.478516 0.097656 0.482422 0.052734 0.576172 0.042969 0.505859 0.000000
3 0.519531 0.000000 0.521484 0.001953 0.525391 0.001953 0.527344 0.003906 0.523438 0.007812 0.521484 0.007812 0.521484 0.009766 0.525391 0.013672 0.525391 0.015625 0.527344 0.015625 0.529297 0.013672 0.529297 0.000000
3 0.537109 0.000000 0.537109 0.001953 0.539062 0.001953 0.541016 0.003906 0.537109 0.007812 0.535156 0.007812 0.535156 0.009766 0.539062 0.013672 0.539062 0.017578 0.541016 0.017578 0.542969 0.019531 0.546875 0.019531 0.548828 0.021484 0.550781 0.021484 0.552734 0.019531 0.552734 0.017578 0.554688 0.015625 0.552734 0.013672 0.552734 0.011719 0.554688 0.009766 0.556641 0.009766 0.552734 0.005859 0.552734 0.000000 0.550781 0.000000 0.550781 0.003906 0.548828 0.005859 0.546875 0.005859 0.544922 0.003906 0.544922 0.000000
3 0.558594 0.017578 0.558594 0.019531 0.564453 0.025391 0.562500 0.027344 0.566406 0.027344 0.572266 0.031250 0.574219 0.031250 0.576172 0.029297 0.593750 0.029297 0.597656 0.025391 0.597656 0.023438 0.599609 0.021484 0.595703 0.017578 0.595703 0.015625 0.593750 0.013672 0.591797 0.013672 0.589844 0.015625 0.582031 0.015625 0.580078 0.017578 0.578125 0.017578 0.574219 0.011719 0.572266 0.013672 0.570312 0.013672 0.564453 0.017578
3 0.707031 0.015625 0.707031 0.017578 0.708984 0.017578
3 0.730469 0.017578 0.730469 0.019531 0.732422 0.021484 0.732422 0.019531
3 0.632812 0.054688 0.654297 0.054688 0.656250 0.056641 0.669922 0.056641 0.671875 0.058594 0.699219 0.058594 0.707031 0.068359 0.703125 0.064453 0.703125 0.062500 0.699219 0.056641 0.693359 0.056641 0.691406 0.058594 0.685547 0.058594 0.683594 0.056641 0.675781 0.056641 0.673828 0.058594 0.671875 0.058594 0.669922 0.056641 0.656250 0.056641 0.654297 0.054688
3 0.816406 0.093750 0.820312 0.097656 0.820312 0.099609 0.824219 0.103516 0.828125 0.103516 0.830078 0.105469 0.832031 0.103516 0.851562 0.103516 0.843750 0.103516 0.841797 0.101562 0.832031 0.101562 0.830078 0.103516 0.828125 0.103516 0.826172 0.101562 0.826172 0.097656 0.824219 0.097656 0.822266 0.099609 0.818359 0.095703 0.818359 0.093750
3 0.902344 0.132812 0.904297 0.132812 0.919922 0.148438 0.919922 0.150391 0.921875 0.152344 0.921875 0.154297 0.921875 0.152344 0.919922 0.150391 0.919922 0.148438 0.904297 0.132812
3 0.601562 0.203125 0.599609 0.205078 0.601562 0.207031 0.601562 0.218750 0.603516 0.220703 0.601562 0.222656 0.601562 0.224609 0.605469 0.224609 0.605469 0.214844 0.603516 0.212891 0.603516 0.207031 0.601562 0.205078
3 0.957031 0.203125 0.957031 0.205078 0.958984 0.205078
3 0.697266 0.216797 0.699219 0.216797 0.701172 0.214844 0.708984 0.214844 0.710938 0.216797 0.712891 0.216797 0.710938 0.214844 0.701172 0.214844 0.699219 0.216797
3 0.964844 0.226562 0.968750 0.230469 0.968750 0.234375 0.970703 0.232422 0.972656 0.234375 0.972656 0.236328 0.970703 0.238281 0.972656 0.240234 0.972656 0.242188 0.974609 0.244141 0.974609 0.246094 0.976562 0.248047 0.976562 0.250000 0.976562 0.244141 0.970703 0.238281 0.972656 0.236328 0.974609 0.236328 0.974609 0.234375 0.972656 0.232422 0.972656 0.228516 0.970703 0.230469 0.966797 0.226562
3 0.654297 0.230469 0.652344 0.232422 0.652344 0.234375 0.654297 0.232422
3 0.617188 0.248047 0.617188 0.255859 0.621094 0.255859 0.623047 0.253906 0.623047 0.251953 0.621094 0.250000 0.619141 0.250000
3 0.636719 0.248047 0.634766 0.250000 0.632812 0.250000 0.630859 0.251953 0.632812 0.250000 0.634766 0.250000
3 0.000000 0.255859 0.000000 0.283203 0.001953 0.281250 0.001953 0.279297 0.003906 0.277344 0.003906 0.271484 0.005859 0.269531 0.005859 0.261719 0.003906 0.259766 0.003906 0.257812 0.001953 0.257812
3 0.980469 0.257812 0.980469 0.259766 0.982422 0.261719 0.982422 0.263672 0.986328 0.263672 0.986328 0.261719 0.988281 0.259766 0.990234 0.259766 0.988281 0.259766 0.986328 0.261719 0.984375 0.261719
3 0.988281 0.271484 0.990234 0.273438 0.990234 0.275391 0.992188 0.277344 0.992188 0.281250 0.992188 0.275391
3 0.750000 0.277344 0.750000 0.279297 0.751953 0.279297
3 0.994141 0.287109 0.996094 0.289062 0.996094 0.294922 0.998047 0.296875 0.998047 0.298828 0.998047 0.289062 0.996094 0.289062
3 0.753906 0.328125 0.751953 0.328125 0.748047 0.332031 0.750000 0.332031
3 0.732422 0.335938 0.722656 0.335938 0.720703 0.337891 0.718750 0.337891 0.716797 0.335938 0.710938 0.335938 0.708984 0.337891 0.703125 0.337891 0.701172 0.339844 0.695312 0.339844 0.695312 0.341797 0.693359 0.343750 0.685547 0.343750 0.681641 0.339844 0.679688 0.339844 0.677734 0.341797 0.673828 0.341797 0.669922 0.337891 0.664062 0.337891 0.664062 0.339844 0.662109 0.341797 0.671875 0.341797 0.673828 0.343750 0.707031 0.343750 0.708984 0.341797 0.714844 0.341797 0.724609 0.335938
3 0.662109 0.388672 0.664062 0.390625 0.664062 0.388672
3 0.671875 0.394531 0.671875 0.396484 0.673828 0.396484 0.673828 0.394531
3 0.777344 0.535156 0.775391 0.535156 0.771484 0.539062 0.769531 0.539062 0.771484 0.539062 0.773438 0.537109 0.775391 0.537109
3 0.763672 0.541016 0.761719 0.541016 0.759766 0.542969 0.759766 0.544922 0.757812 0.546875 0.757812 0.550781 0.759766 0.550781 0.759766 0.548828 0.761719 0.546875 0.761719 0.544922 0.763672 0.542969
3 0.275391 0.955078 0.277344 0.957031 0.277344 0.958984 0.283203 0.964844 0.289062 0.964844 0.292969 0.960938 0.292969 0.957031 0.291016 0.955078 0.291016 0.953125 0.289062 0.951172 0.287109 0.951172 0.285156 0.949219 0.283203 0.949219 0.279297 0.953125 0.277344 0.953125
3 0.119141 0.990234 0.123047 0.994141 0.123047 0.998047 0.126953 0.998047
4 0.593750 0.000000 0.593750 0.003906 0.601562 0.013672 0.605469 0.027344 0.628906 0.029297 0.630859 0.031250 0.699219 0.033203 0.703125 0.029297 0.703125 0.023438 0.707031 0.013672 0.707031 0.000000
4 0.736328 0.000000 0.736328 0.037109 0.740234 0.044922 0.769531 0.048828 0.798828 0.060547 0.833984 0.064453 0.875000 0.078125 0.900391 0.078125 0.902344 0.082031 0.906250 0.076172 0.906250 0.058594 0.902344 0.048828 0.906250 0.021484 0.904297 0.011719 0.898438 0.007812 0.898438 0.000000
4 0.929688 0.000000 0.929688 0.052734 0.931641 0.054688 0.929688 0.087891 0.937500 0.093750 0.955078 0.099609 0.998047 0.103516 0.998047 0.000000
4 0.558594 0.054688 0.535156 0.078125 0.531250 0.117188 0.562500 0.179688 0.601562 0.199219 0.613281 0.242188 0.626953 0.251953 0.658203 0.224609 0.710938 0.212891 0.751953 0.273438 0.750000 0.333984 0.654297 0.349609 0.740234 0.572266 0.775391 0.533203 0.998047 0.523438 0.998047 0.300781 0.951172 0.187500 0.861328 0.107422 0.802734 0.087891 0.726562 0.085938 0.699219 0.060547
4 0.226562 0.357422 0.210938 0.359375 0.195312 0.378906 0.169922 0.382812 0.107422 0.423828 0.117188 0.441406 0.121094 0.468750 0.130859 0.470703 0.164062 0.458984 0.136719 0.474609 0.134766 0.501953 0.177734 0.582031 0.195312 0.595703 0.287109 0.556641 0.283203 0.525391 0.302734 0.482422 0.273438 0.417969 0.255859 0.408203 0.242188 0.410156 0.248047 0.406250 0.248047 0.394531
4 0.335938 0.361328 0.322266 0.365234 0.306641 0.378906 0.292969 0.386719 0.287109 0.392578 0.283203 0.404297 0.283203 0.416016 0.291016 0.441406 0.306641 0.460938 0.312500 0.474609 0.328125 0.472656 0.343750 0.462891 0.355469 0.451172 0.369141 0.445312 0.378906 0.437500 0.378906 0.416016 0.369141 0.406250 0.349609 0.371094
4 0.390625 0.445312 0.380859 0.445312 0.363281 0.453125 0.335938 0.472656 0.324219 0.484375 0.324219 0.498047 0.333984 0.519531 0.343750 0.527344 0.347656 0.537109 0.353516 0.541016 0.369141 0.541016 0.380859 0.535156 0.380859 0.527344 0.378906 0.525391 0.380859 0.513672 0.402344 0.490234 0.410156 0.488281 0.416016 0.482422 0.414062 0.472656 0.400391 0.462891 0.398438 0.453125
4 0.095703 0.484375 0.070312 0.490234 0.000000 0.535156 0.000000 0.699219 0.021484 0.691406 0.050781 0.667969 0.138672 0.615234 0.148438 0.599609 0.148438 0.585938 0.134766 0.560547 0.117188 0.546875 0.103516 0.525391 0.101562 0.496094
4 0.339844 0.542969 0.332031 0.542969 0.320312 0.552734 0.296875 0.558594 0.273438 0.572266 0.199219 0.603516 0.199219 0.621094 0.214844 0.638672 0.216797 0.646484 0.228516 0.662109 0.238281 0.667969 0.246094 0.666016 0.283203 0.640625 0.326172 0.601562 0.330078 0.591797 0.339844 0.582031 0.345703 0.564453 0.345703 0.552734
4 0.472656 0.591797 0.451172 0.582031 0.396484 0.587891 0.371094 0.580078 0.369141 0.589844 0.359375 0.593750 0.351562 0.589844 0.359375 0.576172 0.355469 0.570312 0.343750 0.595703 0.294922 0.646484 0.326172 0.705078 0.324219 0.712891 0.291016 0.656250 0.261719 0.660156 0.250000 0.673828 0.250000 0.687500 0.285156 0.746094 0.314453 0.763672 0.330078 0.763672 0.341797 0.755859 0.339844 0.738281 0.347656 0.748047 0.363281 0.746094 0.466797 0.701172 0.474609 0.664062
4 0.208984 0.677734 0.166016 0.640625 0.162109 0.628906 0.150391 0.621094 0.011719 0.701172 0.000000 0.712891 0.000000 0.824219 0.027344 0.818359 0.041016 0.806641 0.144531 0.755859 0.152344 0.746094 0.207031 0.722656 0.216797 0.714844
4 0.341797 0.849609 0.318359 0.833984 0.306641 0.804688 0.267578 0.804688 0.248047 0.791016 0.240234 0.732422 0.220703 0.724609 0.046875 0.824219 0.117188 0.984375 0.041016 0.835938 0.000000 0.843750 0.000000 0.998047 0.316406 0.998047 0.365234 0.984375 0.365234 0.960938 0.328125 0.933594 0.324219 0.875000
