0 0.437500 0.310547 0.414062 0.332031 0.414062 0.361328 0.406250 0.371094 0.427734 0.390625 0.441406 0.449219 0.458984 0.449219 0.464844 0.457031 0.466797 0.564453 0.453125 0.572266 0.447266 0.593750 0.466797 0.626953 0.513672 0.632812 0.548828 0.617188 0.564453 0.591797 0.542969 0.570312 0.505859 0.558594 0.501953 0.494141 0.511719 0.470703 0.494141 0.449219 0.476562 0.335938 0.458984 0.314453
0 0.197266 0.375000 0.177734 0.388672 0.171875 0.406250 0.171875 0.417969 0.177734 0.429688 0.183594 0.435547 0.191406 0.439453 0.199219 0.439453 0.212891 0.447266 0.226562 0.447266 0.242188 0.437500 0.246094 0.431641 0.246094 0.404297 0.250000 0.392578 0.250000 0.378906 0.244141 0.375000 0.236328 0.375000 0.232422 0.371094 0.226562 0.371094 0.224609 0.373047 0.218750 0.371094 0.216797 0.373047
0 0.736328 0.457031 0.732422 0.474609 0.738281 0.498047 0.750000 0.521484 0.757812 0.529297 0.759766 0.541016 0.767578 0.552734 0.767578 0.560547 0.757812 0.574219 0.761719 0.582031 0.783203 0.601562 0.791016 0.601562 0.808594 0.585938 0.808594 0.537109 0.804688 0.535156 0.822266 0.519531 0.824219 0.513672 0.810547 0.488281 0.800781 0.478516 0.787109 0.472656 0.777344 0.455078 0.757812 0.451172
0 0.621094 0.525391 0.611328 0.542969 0.611328 0.548828 0.609375 0.550781 0.611328 0.574219 0.628906 0.591797 0.638672 0.595703 0.646484 0.595703 0.648438 0.597656 0.681641 0.595703 0.687500 0.585938 0.685547 0.568359 0.689453 0.564453 0.689453 0.556641 0.679688 0.542969 0.679688 0.529297 0.669922 0.521484 0.648438 0.515625 0.646484 0.517578 0.630859 0.517578
0 0.853516 0.556641 0.847656 0.574219 0.849609 0.603516 0.853516 0.613281 0.865234 0.630859 0.880859 0.634766 0.886719 0.632812 0.892578 0.626953 0.912109 0.619141 0.916016 0.613281 0.916016 0.603516 0.914062 0.603516 0.902344 0.589844 0.902344 0.574219 0.896484 0.556641 0.892578 0.554688
0 0.337891 0.605469 0.337891 0.621094 0.341797 0.638672 0.349609 0.652344 0.373047 0.673828 0.394531 0.679688 0.412109 0.681641 0.425781 0.679688 0.427734 0.666016 0.437500 0.658203 0.447266 0.636719 0.458984 0.623047 0.457031 0.615234 0.445312 0.609375 0.408203 0.605469 0.376953 0.591797 0.365234 0.591797 0.355469 0.601562
0 0.794922 0.603516 0.794922 0.650391 0.810547 0.666016 0.832031 0.722656 0.849609 0.740234 0.853516 0.751953 0.851562 0.761719 0.861328 0.761719 0.857422 0.753906 0.865234 0.744141 0.886719 0.759766 0.904297 0.759766 0.919922 0.753906 0.921875 0.714844 0.917969 0.707031 0.906250 0.699219 0.878906 0.693359 0.851562 0.695312 0.837891 0.658203 0.845703 0.636719 0.843750 0.628906 0.818359 0.603516
0 0.923828 0.609375 0.921875 0.613281 0.921875 0.621094 0.919922 0.623047 0.919922 0.646484 0.925781 0.654297 0.929688 0.654297 0.937500 0.658203 0.941406 0.662109 0.957031 0.664062 0.958984 0.662109 0.962891 0.662109 0.970703 0.656250 0.982422 0.656250 0.986328 0.652344 0.986328 0.648438 0.984375 0.646484 0.982422 0.636719 0.978516 0.630859 0.978516 0.626953 0.962891 0.609375 0.962891 0.607422 0.955078 0.603516 0.933594 0.603516 0.931641 0.605469 0.927734 0.605469
0 0.062500 0.714844 0.062500 0.724609 0.070312 0.746094 0.083984 0.757812 0.083984 0.763672 0.087891 0.771484 0.099609 0.783203 0.103516 0.785156 0.146484 0.783203 0.152344 0.781250 0.160156 0.773438 0.166016 0.759766 0.166016 0.750000 0.156250 0.732422 0.156250 0.728516 0.148438 0.718750 0.121094 0.712891 0.093750 0.712891 0.091797 0.710938 0.072266 0.710938
0 0.375000 0.763672 0.373047 0.769531 0.373047 0.785156 0.378906 0.789062 0.384766 0.800781 0.394531 0.810547 0.394531 0.812500 0.404297 0.820312 0.427734 0.820312 0.435547 0.816406 0.447266 0.804688 0.449219 0.804688 0.455078 0.796875 0.455078 0.791016 0.449219 0.777344 0.439453 0.769531 0.429688 0.769531 0.425781 0.767578 0.419922 0.755859 0.416016 0.753906 0.394531 0.753906
0 0.861328 0.792969 0.853516 0.806641 0.865234 0.849609 0.882812 0.863281 0.869141 0.884766 0.869141 0.894531 0.900391 0.914062 0.884766 0.929688 0.886719 0.964844 0.914062 0.998047 0.998047 0.998047 0.998047 0.976562 0.988281 0.980469 0.984375 0.976562 0.988281 0.974609 0.978516 0.974609 0.972656 0.966797 0.955078 0.964844 0.943359 0.933594 0.904297 0.917969 0.908203 0.882812 0.921875 0.863281 0.919922 0.826172 0.871094 0.791016
0 0.539062 0.810547 0.535156 0.816406 0.535156 0.837891 0.546875 0.853516 0.548828 0.859375 0.554688 0.865234 0.560547 0.867188 0.570312 0.878906 0.574219 0.880859 0.583984 0.880859 0.601562 0.861328 0.601562 0.837891 0.591797 0.824219 0.587891 0.814453 0.572266 0.804688 0.558594 0.804688 0.550781 0.808594 0.542969 0.808594
0 0.150391 0.839844 0.146484 0.845703 0.146484 0.853516 0.148438 0.855469 0.148438 0.861328 0.150391 0.863281 0.150391 0.867188 0.154297 0.871094 0.158203 0.871094 0.160156 0.873047 0.173828 0.873047 0.175781 0.871094 0.179688 0.871094 0.185547 0.867188 0.185547 0.865234 0.189453 0.859375 0.189453 0.845703 0.187500 0.843750 0.187500 0.841797 0.183594 0.837891 0.181641 0.837891 0.179688 0.835938 0.171875 0.835938 0.169922 0.833984 0.164062 0.833984 0.162109 0.835938 0.158203 0.835938 0.156250 0.837891
1 0.951172 0.365234 0.939453 0.357422 0.921875 0.357422 0.910156 0.345703 0.896484 0.345703 0.863281 0.353516 0.839844 0.353516 0.830078 0.357422 0.826172 0.371094 0.828125 0.402344 0.832031 0.406250 0.845703 0.408203 0.869141 0.404297 0.882812 0.398438 0.935547 0.392578 0.949219 0.384766
1 0.414062 0.376953 0.335938 0.382812 0.322266 0.392578 0.304688 0.398438 0.306641 0.443359 0.320312 0.474609 0.330078 0.482422 0.343750 0.486328 0.375000 0.474609 0.384766 0.474609 0.417969 0.464844 0.441406 0.451172 0.435547 0.443359 0.435547 0.429688 0.427734 0.410156 0.425781 0.390625 0.414062 0.380859
1 0.464844 0.519531 0.447266 0.513672 0.421875 0.513672 0.386719 0.525391 0.369141 0.521484 0.355469 0.533203 0.335938 0.541016 0.330078 0.548828 0.328125 0.564453 0.332031 0.591797 0.341797 0.601562 0.351562 0.601562 0.365234 0.589844 0.376953 0.589844 0.416016 0.605469 0.447266 0.605469 0.447266 0.582031 0.451172 0.572266 0.462891 0.562500 0.460938 0.546875 0.466797 0.533203
2 0.242188 0.062500 0.236328 0.060547 0.232422 0.056641 0.218750 0.056641 0.216797 0.058594 0.201172 0.058594 0.199219 0.060547 0.191406 0.060547 0.189453 0.062500 0.189453 0.080078 0.191406 0.082031 0.191406 0.105469 0.193359 0.107422 0.193359 0.111328 0.199219 0.111328 0.201172 0.113281 0.207031 0.113281 0.208984 0.115234 0.230469 0.115234 0.236328 0.111328 0.246094 0.109375 0.250000 0.105469 0.250000 0.089844 0.248047 0.087891 0.248047 0.080078 0.246094 0.078125
2 0.158203 0.082031 0.154297 0.074219 0.148438 0.070312 0.146484 0.062500 0.138672 0.060547 0.115234 0.062500 0.097656 0.068359 0.093750 0.076172 0.087891 0.068359 0.082031 0.066406 0.044922 0.066406 0.039062 0.072266 0.042969 0.109375 0.050781 0.128906 0.093750 0.128906 0.097656 0.126953 0.099609 0.117188 0.105469 0.126953 0.130859 0.125000 0.152344 0.103516 0.162109 0.099609
2 0.000000 0.076172 0.000000 0.142578 0.013672 0.142578 0.015625 0.140625 0.021484 0.140625 0.025391 0.132812 0.027344 0.132812 0.031250 0.128906 0.037109 0.128906 0.027344 0.111328 0.027344 0.107422 0.025391 0.105469 0.025391 0.101562 0.021484 0.093750 0.021484 0.080078 0.019531 0.078125 0.013672 0.078125 0.011719 0.076172
2 0.298828 0.132812 0.224609 0.142578 0.226562 0.191406 0.232422 0.195312 0.216797 0.199219 0.216797 0.210938 0.228516 0.240234 0.253906 0.242188 0.236328 0.261719 0.234375 0.275391 0.226562 0.285156 0.228516 0.296875 0.287109 0.289062 0.302734 0.279297 0.302734 0.240234 0.281250 0.236328 0.302734 0.232422 0.294922 0.193359 0.240234 0.191406 0.265625 0.183594 0.298828 0.183594 0.302734 0.179688
2 0.134766 0.154297 0.111328 0.158203 0.099609 0.169922 0.111328 0.189453 0.111328 0.210938 0.103516 0.187500 0.082031 0.171875 0.064453 0.171875 0.046875 0.185547 0.000000 0.181641 0.000000 0.236328 0.054688 0.238281 0.046875 0.246094 0.046875 0.285156 0.056641 0.292969 0.171875 0.283203 0.167969 0.251953 0.154297 0.234375 0.121094 0.232422 0.095703 0.242188 0.078125 0.238281 0.109375 0.228516 0.113281 0.210938 0.115234 0.228516 0.148438 0.216797 0.148438 0.185547
2 0.896484 0.214844 0.896484 0.226562 0.898438 0.228516 0.898438 0.232422 0.917969 0.248047 0.933594 0.255859 0.957031 0.255859 0.960938 0.253906 0.962891 0.248047 0.970703 0.240234 0.970703 0.236328 0.972656 0.234375 0.972656 0.207031 0.962891 0.205078 0.949219 0.195312 0.935547 0.193359 0.917969 0.207031 0.906250 0.212891
2 0.115234 0.332031 0.115234 0.349609 0.121094 0.359375 0.125000 0.378906 0.128906 0.382812 0.144531 0.382812 0.146484 0.384766 0.166016 0.382812 0.183594 0.367188 0.191406 0.365234 0.191406 0.351562 0.183594 0.330078 0.160156 0.330078 0.158203 0.328125 0.146484 0.328125 0.144531 0.326172 0.126953 0.326172
2 0.105469 0.349609 0.095703 0.339844 0.078125 0.339844 0.076172 0.337891 0.042969 0.337891 0.015625 0.343750 0.013672 0.341797 0.011719 0.343750 0.001953 0.343750 0.000000 0.345703 0.000000 0.402344 0.068359 0.400391 0.089844 0.396484 0.105469 0.380859 0.105469 0.361328 0.107422 0.359375
4 0.708984 0.525391 0.708984 0.527344 0.710938 0.529297 0.716797 0.529297 0.718750 0.527344 0.720703 0.527344 0.722656 0.525391 0.724609 0.525391 0.726562 0.527344 0.728516 0.527344 0.724609 0.523438 0.724609 0.521484 0.720703 0.521484 0.718750 0.519531 0.714844 0.519531 0.712891 0.521484 0.710938 0.521484 0.710938 0.523438
4 0.699219 0.554688 0.691406 0.613281 0.699219 0.636719 0.705078 0.720703 0.716797 0.761719 0.734375 0.765625 0.826172 0.751953 0.832031 0.746094 0.828125 0.738281 0.832031 0.730469 0.810547 0.689453 0.804688 0.667969 0.792969 0.656250 0.787109 0.613281 0.757812 0.585938 0.746094 0.564453 0.714844 0.562500 0.712891 0.554688
4 0.587891 0.589844 0.587891 0.595703 0.574219 0.601562 0.544922 0.634766 0.546875 0.765625 0.550781 0.769531 0.558594 0.765625 0.613281 0.771484 0.699219 0.763672 0.703125 0.757812 0.699219 0.689453 0.683594 0.607422 0.679688 0.603516 0.642578 0.603516 0.621094 0.595703 0.609375 0.583984
4 0.458984 0.652344 0.460938 0.654297 0.462891 0.654297 0.464844 0.652344 0.474609 0.652344 0.476562 0.654297 0.482422 0.648438 0.480469 0.646484 0.466797 0.646484 0.464844 0.648438 0.462891 0.646484 0.460938 0.648438 0.460938 0.650391
4 0.359375 0.683594 0.355469 0.693359 0.355469 0.734375 0.363281 0.765625 0.367188 0.767578 0.388672 0.751953 0.414062 0.750000 0.427734 0.763672 0.447266 0.769531 0.466797 0.789062 0.484375 0.783203 0.521484 0.785156 0.525391 0.779297 0.529297 0.689453 0.521484 0.669922 0.511719 0.671875 0.498047 0.664062 0.453125 0.664062 0.449219 0.658203 0.441406 0.673828 0.421875 0.689453 0.380859 0.681641
4 0.324219 0.730469 0.318359 0.722656 0.246094 0.736328 0.226562 0.736328 0.208984 0.726562 0.191406 0.726562 0.173828 0.732422 0.173828 0.761719 0.166016 0.787109 0.169922 0.828125 0.181641 0.830078 0.201172 0.841797 0.328125 0.837891 0.335938 0.833984 0.339844 0.826172 0.339844 0.777344 0.335938 0.753906 0.326172 0.746094
4 0.841797 0.769531 0.718750 0.775391 0.714844 0.832031 0.697266 0.781250 0.625000 0.789062 0.623047 0.841797 0.607422 0.833984 0.613281 0.824219 0.605469 0.830078 0.607422 0.873047 0.621094 0.857422 0.630859 0.892578 0.628906 0.933594 0.617188 0.890625 0.564453 0.882812 0.552734 0.896484 0.552734 0.998047 0.880859 0.994141 0.880859 0.912109 0.865234 0.896484 0.875000 0.865234 0.855469 0.843750
4 0.152344 0.792969 0.089844 0.789062 0.027344 0.796875 0.000000 0.810547 0.000000 0.998047 0.154297 0.996094 0.160156 0.986328 0.160156 0.880859 0.140625 0.857422 0.140625 0.843750 0.154297 0.828125
4 0.505859 0.794922 0.466797 0.798828 0.453125 0.814453 0.433594 0.824219 0.400391 0.826172 0.392578 0.820312 0.375000 0.830078 0.365234 0.853516 0.376953 0.953125 0.404297 0.998047 0.531250 0.998047 0.535156 0.992188 0.531250 0.849609 0.519531 0.808594 0.509766 0.806641 0.503906 0.800781
4 0.369141 0.962891 0.355469 0.927734 0.324219 0.892578 0.304688 0.898438 0.292969 0.890625 0.289062 0.898438 0.261719 0.888672 0.320312 0.880859 0.320312 0.869141 0.298828 0.857422 0.220703 0.863281 0.220703 0.878906 0.238281 0.888672 0.210938 0.890625 0.207031 0.957031 0.203125 0.875000 0.167969 0.878906 0.166016 0.984375 0.201172 0.990234 0.207031 0.964844 0.210938 0.998047 0.283203 0.998047 0.330078 0.974609 0.357422 0.982422 0.355469 0.970703 0.367188 0.972656
5 0.277344 0.119141 0.251953 0.113281 0.000000 0.148438 0.000000 0.167969 0.041016 0.169922 0.171875 0.144531 0.205078 0.285156 0.001953 0.318359 0.000000 0.343750 0.203125 0.308594 0.212891 0.363281 0.230469 0.369141 0.224609 0.251953 0.199219 0.148438 0.273438 0.134766
5 0.998047 0.166016 0.943359 0.152344 0.894531 0.191406 0.828125 0.205078 0.656250 0.208984 0.568359 0.242188 0.509766 0.283203 0.523438 0.234375 0.556641 0.181641 0.541016 0.169922 0.519531 0.191406 0.464844 0.318359 0.490234 0.330078 0.585938 0.257812 0.646484 0.234375 0.865234 0.220703 0.917969 0.205078 0.947266 0.175781 0.972656 0.175781 0.994141 0.191406
6 0.333984 0.255859 0.386719 0.285156 0.472656 0.287109 0.535156 0.169922 0.589844 0.205078 0.720703 0.152344 0.736328 0.052734 0.753906 0.117188 0.736328 0.193359 0.832031 0.199219 0.908203 0.050781 0.896484 0.017578 0.908203 0.011719 0.744141 0.000000 0.753906 0.044922 0.742188 0.050781 0.708984 0.000000 0.371094 0.003906 0.357422 0.070312 0.371094 0.078125 0.339844 0.097656
6 0.736328 0.023438 0.736328 0.025391 0.738281 0.025391 0.738281 0.023438
6 0.738281 0.093750 0.738281 0.095703 0.740234 0.095703
6 0.722656 0.228516 0.695312 0.226562 0.615234 0.246094 0.494141 0.332031 0.503906 0.447266 0.519531 0.472656 0.525391 0.544922 0.560547 0.576172 0.597656 0.570312 0.609375 0.533203 0.628906 0.513672 0.691406 0.517578 0.705078 0.478516 0.722656 0.476562 0.736328 0.451172 0.769531 0.441406 0.751953 0.369141 0.740234 0.351562
6 0.453125 0.298828 0.455078 0.300781 0.455078 0.298828
6 0.003906 0.419922 0.011719 0.419922 0.009766 0.417969 0.005859 0.417969
6 0.035156 0.419922 0.033203 0.417969 0.031250 0.419922
6 0.000000 0.425781 0.000000 0.525391 0.009766 0.541016 0.000000 0.552734 0.017578 0.546875 0.027344 0.564453 0.134766 0.542969 0.136719 0.507812 0.146484 0.537109 0.183594 0.537109 0.251953 0.523438 0.279297 0.501953 0.279297 0.486328 0.255859 0.439453 0.214844 0.451172 0.154297 0.425781 0.134766 0.435547 0.138672 0.486328 0.132812 0.490234 0.121094 0.476562 0.121094 0.453125 0.128906 0.445312 0.119141 0.445312 0.126953 0.429688 0.089844 0.435547 0.066406 0.423828
6 0.126953 0.457031 0.125000 0.458984 0.125000 0.464844 0.126953 0.466797 0.128906 0.464844 0.128906 0.458984
6 0.146484 0.572266 0.142578 0.578125 0.136719 0.576172 0.117188 0.599609 0.115234 0.593750 0.126953 0.572266 0.123047 0.566406 0.076172 0.570312 0.046875 0.580078 0.039062 0.593750 0.029297 0.593750 0.021484 0.609375 0.005859 0.623047 0.011719 0.693359 0.031250 0.707031 0.089844 0.697266 0.109375 0.701172 0.152344 0.699219 0.160156 0.662109 0.154297 0.650391 0.152344 0.593750 0.146484 0.589844
