0 0.998047 0.613281 0.939453 0.617188 0.837891 0.650391 0.859375 0.851562 0.839844 0.865234 0.837891 0.888672 0.847656 0.906250 0.888672 0.916016 0.873047 0.941406 0.875000 0.957031 0.902344 0.964844 0.917969 0.998047 0.998047 0.998047
2 0.103516 0.058594 0.101562 0.056641 0.091797 0.056641 0.089844 0.058594 0.082031 0.058594 0.080078 0.060547 0.066406 0.060547 0.064453 0.062500 0.062500 0.062500 0.058594 0.068359 0.058594 0.082031 0.060547 0.083984 0.060547 0.091797 0.062500 0.093750 0.068359 0.095703 0.070312 0.093750 0.076172 0.093750 0.078125 0.091797 0.083984 0.091797 0.085938 0.089844 0.093750 0.089844 0.095703 0.087891 0.103516 0.087891 0.105469 0.085938 0.107422 0.085938 0.109375 0.083984 0.111328 0.078125 0.107422 0.074219 0.107422 0.072266 0.103516 0.066406
2 0.138672 0.087891 0.126953 0.087891 0.115234 0.091797 0.105469 0.099609 0.107422 0.119141 0.115234 0.136719 0.105469 0.142578 0.097656 0.152344 0.101562 0.169922 0.121094 0.167969 0.123047 0.166016 0.128906 0.166016 0.134766 0.162109 0.130859 0.156250 0.126953 0.138672 0.125000 0.136719 0.128906 0.132812 0.140625 0.130859 0.146484 0.123047 0.144531 0.105469
2 0.814453 0.160156 0.796875 0.156250 0.742188 0.187500 0.708984 0.197266 0.689453 0.208984 0.679688 0.220703 0.617188 0.250000 0.617188 0.259766 0.625000 0.267578 0.636719 0.294922 0.652344 0.298828 0.671875 0.283203 0.714844 0.261719 0.730469 0.246094 0.753906 0.242188 0.828125 0.199219 0.830078 0.193359
2 0.000000 0.171875 0.000000 0.222656 0.005859 0.222656 0.007812 0.220703 0.011719 0.220703 0.019531 0.216797 0.027344 0.216797 0.029297 0.214844 0.037109 0.214844 0.039062 0.212891 0.042969 0.212891 0.046875 0.210938 0.054688 0.203125 0.056641 0.199219 0.054688 0.187500 0.050781 0.181641 0.050781 0.177734 0.044922 0.171875 0.041016 0.169922 0.003906 0.169922
2 0.386719 0.195312 0.380859 0.191406 0.371094 0.191406 0.369141 0.189453 0.365234 0.189453 0.363281 0.191406 0.333984 0.191406 0.332031 0.193359 0.312500 0.195312 0.298828 0.201172 0.294922 0.205078 0.294922 0.218750 0.296875 0.220703 0.296875 0.224609 0.306641 0.224609 0.308594 0.222656 0.320312 0.220703 0.326172 0.216797 0.330078 0.216797 0.337891 0.212891 0.361328 0.210938 0.363281 0.208984 0.380859 0.207031 0.386719 0.203125
2 0.148438 0.230469 0.136719 0.220703 0.117188 0.220703 0.115234 0.222656 0.109375 0.222656 0.107422 0.224609 0.103516 0.224609 0.095703 0.228516 0.089844 0.228516 0.082031 0.232422 0.076172 0.238281 0.076172 0.246094 0.091797 0.271484 0.095703 0.271484 0.097656 0.273438 0.107422 0.273438 0.109375 0.271484 0.115234 0.271484 0.126953 0.265625 0.132812 0.265625 0.134766 0.263672 0.146484 0.261719 0.150391 0.257812 0.150391 0.253906 0.148438 0.251953
2 0.597656 0.271484 0.589844 0.271484 0.562500 0.281250 0.556641 0.287109 0.576172 0.326172 0.570312 0.335938 0.556641 0.339844 0.546875 0.347656 0.554688 0.390625 0.564453 0.404297 0.574219 0.402344 0.599609 0.384766 0.615234 0.378906 0.640625 0.363281 0.644531 0.357422 0.640625 0.337891 0.611328 0.308594 0.607422 0.291016
2 0.421875 0.291016 0.398438 0.291016 0.375000 0.302734 0.363281 0.312500 0.345703 0.320312 0.337891 0.320312 0.333984 0.324219 0.335938 0.332031 0.343750 0.337891 0.343750 0.378906 0.345703 0.386719 0.353516 0.394531 0.410156 0.376953 0.419922 0.367188 0.414062 0.369141 0.406250 0.361328 0.410156 0.357422 0.421875 0.357422 0.416016 0.351562 0.425781 0.343750 0.443359 0.339844 0.443359 0.324219 0.433594 0.316406 0.425781 0.304688 0.425781 0.296875
2 0.523438 0.310547 0.513672 0.310547 0.505859 0.314453 0.494141 0.328125 0.486328 0.330078 0.472656 0.337891 0.466797 0.337891 0.457031 0.345703 0.462891 0.369141 0.468750 0.378906 0.490234 0.376953 0.492188 0.380859 0.490234 0.382812 0.484375 0.382812 0.486328 0.386719 0.490234 0.386719 0.500000 0.376953 0.511719 0.375000 0.517578 0.371094 0.521484 0.371094 0.525391 0.367188 0.525391 0.355469 0.519531 0.345703 0.525391 0.339844 0.531250 0.337891 0.533203 0.332031
2 0.773438 0.357422 0.753906 0.367188 0.748047 0.367188 0.748047 0.376953 0.753906 0.386719 0.753906 0.390625 0.757812 0.398438 0.757812 0.404297 0.763672 0.416016 0.771484 0.416016 0.773438 0.414062 0.777344 0.414062 0.779297 0.412109 0.785156 0.412109 0.792969 0.408203 0.792969 0.404297 0.791016 0.402344 0.791016 0.396484 0.779297 0.376953 0.779297 0.371094 0.777344 0.369141 0.777344 0.359375
2 0.496094 0.431641 0.484375 0.425781 0.476562 0.404297 0.466797 0.388672 0.447266 0.390625 0.435547 0.398438 0.421875 0.402344 0.400391 0.402344 0.394531 0.406250 0.384766 0.406250 0.367188 0.417969 0.363281 0.423828 0.365234 0.433594 0.378906 0.460938 0.396484 0.474609 0.406250 0.474609 0.427734 0.464844 0.449219 0.462891 0.453125 0.458984 0.455078 0.449219 0.457031 0.453125 0.464844 0.453125 0.470703 0.449219 0.486328 0.447266 0.496094 0.437500
2 0.648438 0.404297 0.644531 0.408203 0.644531 0.412109 0.648438 0.417969 0.648438 0.425781 0.650391 0.427734 0.650391 0.433594 0.654297 0.443359 0.654297 0.460938 0.664062 0.468750 0.664062 0.474609 0.667969 0.480469 0.677734 0.480469 0.681641 0.476562 0.693359 0.474609 0.697266 0.464844 0.695312 0.462891 0.693359 0.449219 0.687500 0.439453 0.683594 0.423828 0.669922 0.414062 0.667969 0.406250 0.664062 0.404297
2 0.894531 0.404297 0.888672 0.404297 0.886719 0.402344 0.869141 0.402344 0.861328 0.406250 0.845703 0.408203 0.843750 0.410156 0.835938 0.410156 0.833984 0.412109 0.837891 0.427734 0.843750 0.437500 0.843750 0.445312 0.845703 0.447266 0.845703 0.455078 0.847656 0.457031 0.847656 0.464844 0.853516 0.468750 0.857422 0.468750 0.859375 0.466797 0.869141 0.466797 0.878906 0.457031 0.884766 0.455078 0.888672 0.451172 0.892578 0.441406 0.896484 0.437500 0.896484 0.406250
2 0.177734 0.416016 0.177734 0.425781 0.181641 0.433594 0.187500 0.433594 0.195312 0.443359 0.216797 0.511719 0.228516 0.511719 0.246094 0.501953 0.257812 0.500000 0.261719 0.492188 0.255859 0.474609 0.251953 0.472656 0.230469 0.472656 0.218750 0.449219 0.218750 0.435547 0.208984 0.412109 0.193359 0.412109
2 0.462891 0.498047 0.457031 0.496094 0.455078 0.498047 0.451172 0.498047 0.449219 0.500000 0.441406 0.500000 0.439453 0.501953 0.435547 0.501953 0.433594 0.503906 0.433594 0.505859 0.431641 0.507812 0.433594 0.509766 0.433594 0.515625 0.435547 0.517578 0.435547 0.523438 0.439453 0.529297 0.451172 0.529297 0.453125 0.527344 0.458984 0.527344 0.460938 0.525391 0.464844 0.525391 0.472656 0.517578 0.472656 0.509766 0.468750 0.505859 0.468750 0.503906
2 0.550781 0.539062 0.546875 0.533203 0.501953 0.533203 0.492188 0.541016 0.484375 0.541016 0.476562 0.544922 0.468750 0.544922 0.466797 0.546875 0.453125 0.548828 0.451172 0.550781 0.451172 0.558594 0.457031 0.566406 0.513672 0.566406 0.515625 0.564453 0.542969 0.564453 0.550781 0.560547
2 0.025391 0.537109 0.023438 0.539062 0.017578 0.539062 0.015625 0.541016 0.001953 0.541016 0.000000 0.542969 0.000000 0.582031 0.009766 0.582031 0.011719 0.580078 0.021484 0.580078 0.023438 0.578125 0.033203 0.578125 0.035156 0.576172 0.035156 0.566406 0.033203 0.564453 0.033203 0.556641 0.031250 0.554688 0.031250 0.544922 0.029297 0.542969 0.029297 0.541016
2 0.304688 0.572266 0.140625 0.623047 0.138672 0.634766 0.148438 0.714844 0.160156 0.718750 0.203125 0.705078 0.216797 0.705078 0.240234 0.693359 0.269531 0.691406 0.277344 0.666016 0.318359 0.652344 0.324219 0.625000 0.312500 0.617188 0.308594 0.607422
2 0.132812 0.656250 0.126953 0.652344 0.113281 0.652344 0.111328 0.654297 0.099609 0.654297 0.097656 0.656250 0.062500 0.656250 0.060547 0.658203 0.060547 0.667969 0.062500 0.669922 0.062500 0.697266 0.066406 0.707031 0.072266 0.710938 0.105469 0.710938 0.109375 0.708984 0.109375 0.687500 0.115234 0.683594 0.130859 0.685547
2 0.656250 0.667969 0.621094 0.734375 0.601562 0.798828 0.738281 0.855469 0.787109 0.835938 0.814453 0.773438 0.808594 0.746094 0.796875 0.724609 0.697266 0.679688
2 0.041016 0.718750 0.027344 0.718750 0.025391 0.720703 0.017578 0.720703 0.015625 0.722656 0.009766 0.722656 0.007812 0.724609 0.001953 0.724609 0.000000 0.726562 0.000000 0.767578 0.001953 0.767578 0.003906 0.765625 0.023438 0.765625 0.025391 0.763672 0.031250 0.763672 0.033203 0.761719 0.039062 0.761719 0.041016 0.759766
2 0.080078 0.761719 0.082031 0.765625 0.082031 0.783203 0.083984 0.785156 0.083984 0.796875 0.085938 0.800781 0.105469 0.800781 0.107422 0.798828 0.126953 0.798828 0.132812 0.794922 0.132812 0.781250 0.130859 0.779297 0.130859 0.763672 0.126953 0.761719 0.115234 0.761719 0.111328 0.757812 0.111328 0.755859 0.089844 0.755859 0.087891 0.757812 0.083984 0.757812
2 0.056641 0.812500 0.031250 0.816406 0.021484 0.820312 0.021484 0.847656 0.031250 0.863281 0.039062 0.867188 0.035156 0.869141 0.035156 0.878906 0.041016 0.898438 0.041016 0.910156 0.046875 0.916016 0.070312 0.912109 0.070312 0.896484 0.066406 0.890625 0.064453 0.865234 0.048828 0.861328 0.074219 0.853516 0.074219 0.826172 0.070312 0.816406
2 0.607422 0.875000 0.605469 0.890625 0.611328 0.919922 0.625000 0.923828 0.615234 0.947266 0.615234 0.958984 0.626953 0.986328 0.626953 0.998047 0.703125 0.998047 0.718750 0.992188 0.724609 0.982422 0.722656 0.957031 0.732422 0.949219 0.722656 0.914062 0.705078 0.908203 0.654297 0.914062 0.654297 0.910156 0.666016 0.908203 0.662109 0.875000 0.654297 0.859375
2 0.359375 0.892578 0.351562 0.888672 0.271484 0.927734 0.263672 0.939453 0.255859 0.933594 0.257812 0.916016 0.248047 0.898438 0.205078 0.898438 0.191406 0.908203 0.187500 0.921875 0.189453 0.939453 0.201172 0.964844 0.212891 0.972656 0.216797 0.982422 0.234375 0.986328 0.255859 0.984375 0.265625 0.978516 0.275391 0.960938 0.277344 0.966797 0.289062 0.968750 0.306641 0.953125 0.337891 0.941406 0.345703 0.933594 0.343750 0.914062 0.361328 0.906250
4 0.236328 0.023438 0.248047 0.041016 0.255859 0.089844 0.267578 0.099609 0.375000 0.111328 0.437500 0.097656 0.687500 0.000000 0.251953 0.000000
5 0.158203 0.000000 0.335938 0.541016 0.423828 0.996094 0.462891 0.984375 0.400391 0.765625 0.474609 0.996094 0.515625 0.998047 0.439453 0.757812 0.541016 0.998047 0.578125 0.998047 0.447266 0.667969 0.978516 0.607422 0.998047 0.539062 0.429688 0.607422 0.189453 0.000000
