0 0.000000 0.000000 0.000000 0.998047 0.058594 0.980469 0.056641 0.896484 0.447266 0.818359 0.468750 0.839844 0.480469 0.812500 0.517578 0.998047 0.998047 0.998047 0.998047 0.000000
0 0.154297 0.722656 0.152344 0.724609 0.148438 0.724609 0.146484 0.726562 0.140625 0.726562 0.140625 0.728516 0.142578 0.730469 0.142578 0.734375 0.146484 0.734375 0.148438 0.732422 0.150391 0.732422 0.154297 0.728516
0 0.146484 0.761719 0.146484 0.763672 0.148438 0.765625 0.148438 0.767578 0.150391 0.769531 0.150391 0.773438 0.152344 0.771484 0.158203 0.771484 0.160156 0.769531 0.164062 0.769531 0.166016 0.771484 0.167969 0.771484 0.167969 0.767578 0.166016 0.765625 0.166016 0.761719 0.167969 0.759766 0.154297 0.759766 0.152344 0.761719
0 0.486328 0.867188 0.486328 0.871094 0.490234 0.871094 0.490234 0.867188
0 0.484375 0.900391 0.484375 0.902344 0.486328 0.902344 0.486328 0.900391
0 0.074219 0.906250 0.074219 0.910156 0.076172 0.910156 0.076172 0.906250
0 0.490234 0.916016 0.488281 0.916016 0.488281 0.919922 0.490234 0.917969
0 0.503906 0.914062 0.503906 0.916016 0.505859 0.916016 0.505859 0.914062
0 0.316406 0.931641 0.314453 0.941406 0.326172 0.960938 0.339844 0.966797 0.345703 0.976562 0.332031 0.984375 0.326172 0.992188 0.312500 0.994141 0.314453 0.998047 0.402344 0.996094 0.408203 0.986328 0.408203 0.978516 0.402344 0.974609 0.406250 0.970703 0.390625 0.968750 0.388672 0.960938 0.382812 0.960938 0.378906 0.953125 0.378906 0.960938 0.382812 0.964844 0.378906 0.966797 0.373047 0.962891 0.375000 0.953125 0.371094 0.929688 0.363281 0.929688 0.369141 0.933594 0.371094 0.947266 0.367188 0.953125 0.365234 0.937500 0.349609 0.929688 0.357422 0.927734 0.357422 0.921875 0.347656 0.919922 0.345703 0.927734 0.339844 0.921875 0.337891 0.925781 0.326172 0.925781
0 0.312500 0.927734 0.314453 0.927734 0.316406 0.925781 0.318359 0.925781 0.320312 0.923828 0.322266 0.923828 0.320312 0.921875 0.314453 0.921875 0.312500 0.923828
0 0.501953 0.945312 0.500000 0.947266 0.500000 0.949219 0.501953 0.951172
0 0.410156 0.968750 0.410156 0.970703 0.412109 0.970703
0 0.419922 0.976562 0.416016 0.976562 0.414062 0.978516 0.414062 0.980469 0.417969 0.984375 0.417969 0.998047 0.417969 0.996094 0.419922 0.994141 0.419922 0.992188 0.417969 0.990234 0.417969 0.986328 0.419922 0.984375
0 0.410156 0.992188 0.410156 0.996094 0.412109 0.998047 0.412109 0.992188
0 0.505859 0.994141 0.503906 0.992188 0.501953 0.994141
2 0.394531 0.582031 0.390625 0.574219 0.386719 0.570312 0.375000 0.570312 0.373047 0.568359 0.357422 0.568359 0.355469 0.570312 0.330078 0.570312 0.326172 0.572266 0.324219 0.576172 0.324219 0.595703 0.322266 0.599609 0.318359 0.601562 0.318359 0.605469 0.322266 0.607422 0.373047 0.607422 0.375000 0.605469 0.390625 0.603516 0.396484 0.599609
2 0.078125 0.599609 0.074219 0.599609 0.072266 0.597656 0.062500 0.597656 0.060547 0.599609 0.044922 0.599609 0.042969 0.601562 0.039062 0.601562 0.037109 0.603516 0.031250 0.605469 0.025391 0.611328 0.025391 0.625000 0.027344 0.626953 0.027344 0.630859 0.031250 0.634766 0.037109 0.634766 0.039062 0.632812 0.052734 0.632812 0.054688 0.630859 0.074219 0.630859 0.076172 0.628906 0.076172 0.617188 0.078125 0.615234 0.078125 0.607422 0.080078 0.605469
2 0.212891 0.611328 0.199219 0.611328 0.193359 0.617188 0.191406 0.617188 0.189453 0.619141 0.185547 0.619141 0.183594 0.621094 0.179688 0.621094 0.177734 0.623047 0.173828 0.623047 0.169922 0.626953 0.169922 0.638672 0.171875 0.640625 0.171875 0.644531 0.173828 0.646484 0.173828 0.650391 0.175781 0.652344 0.175781 0.656250 0.177734 0.658203 0.185547 0.658203 0.187500 0.656250 0.193359 0.656250 0.195312 0.654297 0.199219 0.654297 0.201172 0.652344 0.208984 0.652344 0.210938 0.650391 0.210938 0.648438 0.212891 0.646484 0.212891 0.642578 0.210938 0.640625 0.210938 0.623047 0.214844 0.617188 0.214844 0.613281
2 0.398438 0.619141 0.394531 0.613281 0.357422 0.613281 0.355469 0.615234 0.351562 0.615234 0.345703 0.621094 0.337891 0.625000 0.320312 0.625000 0.316406 0.626953 0.316406 0.640625 0.318359 0.644531 0.330078 0.650391 0.341797 0.650391 0.343750 0.648438 0.361328 0.648438 0.363281 0.646484 0.375000 0.646484 0.376953 0.644531 0.382812 0.644531 0.384766 0.642578 0.394531 0.642578 0.398438 0.638672
2 0.087891 0.648438 0.074219 0.634766 0.064453 0.634766 0.062500 0.636719 0.052734 0.636719 0.050781 0.638672 0.041016 0.640625 0.035156 0.646484 0.035156 0.675781 0.037109 0.677734 0.041016 0.677734 0.042969 0.679688 0.056641 0.679688 0.058594 0.677734 0.070312 0.677734 0.072266 0.675781 0.082031 0.675781 0.083984 0.673828 0.083984 0.666016 0.085938 0.664062 0.085938 0.654297 0.087891 0.652344
2 0.345703 0.656250 0.341797 0.660156 0.341797 0.687500 0.343750 0.687500 0.345703 0.689453 0.357422 0.689453 0.359375 0.687500 0.365234 0.687500 0.365234 0.673828 0.363281 0.671875 0.363281 0.660156 0.359375 0.656250
2 0.214844 0.681641 0.212891 0.681641 0.210938 0.679688 0.203125 0.679688 0.201172 0.681641 0.179688 0.681641 0.177734 0.683594 0.166016 0.683594 0.164062 0.685547 0.160156 0.685547 0.158203 0.691406 0.160156 0.693359 0.160156 0.699219 0.164062 0.705078 0.164062 0.708984 0.167969 0.712891 0.171875 0.712891 0.173828 0.710938 0.181641 0.710938 0.183594 0.708984 0.191406 0.708984 0.193359 0.707031 0.203125 0.707031 0.205078 0.705078 0.212891 0.705078 0.214844 0.703125
2 0.425781 0.681641 0.419922 0.681641 0.412109 0.685547 0.406250 0.685547 0.404297 0.687500 0.398438 0.687500 0.388672 0.691406 0.361328 0.693359 0.355469 0.701172 0.355469 0.708984 0.353516 0.710938 0.353516 0.730469 0.357422 0.734375 0.371094 0.734375 0.378906 0.730469 0.390625 0.730469 0.392578 0.728516 0.394531 0.730469 0.410156 0.730469 0.412109 0.728516 0.417969 0.728516 0.421875 0.724609 0.421875 0.720703 0.423828 0.718750 0.431641 0.716797 0.431641 0.697266 0.429688 0.695312 0.429688 0.687500
2 0.228516 0.705078 0.220703 0.705078 0.208984 0.716797 0.187500 0.720703 0.162109 0.718750 0.156250 0.722656 0.156250 0.728516 0.150391 0.734375 0.142578 0.736328 0.144531 0.757812 0.167969 0.757812 0.167969 0.765625 0.175781 0.777344 0.179688 0.792969 0.232422 0.789062 0.234375 0.753906 0.201172 0.751953 0.210938 0.748047 0.236328 0.746094 0.232422 0.708984
2 0.324219 0.720703 0.322266 0.718750 0.308594 0.718750 0.306641 0.720703 0.281250 0.720703 0.279297 0.722656 0.273438 0.722656 0.265625 0.728516 0.265625 0.736328 0.267578 0.738281 0.265625 0.740234 0.265625 0.751953 0.267578 0.753906 0.281250 0.753906 0.283203 0.751953 0.292969 0.751953 0.294922 0.750000 0.318359 0.750000 0.320312 0.748047 0.324219 0.748047 0.326172 0.746094 0.326172 0.732422 0.324219 0.730469
2 0.259766 0.732422 0.257812 0.732422 0.257812 0.734375
2 0.039062 0.777344 0.039062 0.789062 0.041016 0.791016 0.041016 0.792969 0.095703 0.792969 0.095703 0.791016 0.093750 0.789062 0.095703 0.787109 0.095703 0.783203 0.099609 0.779297 0.099609 0.777344 0.082031 0.759766 0.082031 0.757812 0.080078 0.755859 0.058594 0.755859 0.056641 0.757812 0.054688 0.757812 0.044922 0.769531 0.044922 0.771484
2 0.439453 0.757812 0.437500 0.755859 0.419922 0.753906 0.410156 0.757812 0.402344 0.757812 0.384766 0.767578 0.380859 0.767578 0.367188 0.773438 0.363281 0.777344 0.363281 0.781250 0.361328 0.783203 0.365234 0.802734 0.369141 0.806641 0.378906 0.806641 0.406250 0.792969 0.439453 0.787109 0.441406 0.785156 0.441406 0.779297 0.439453 0.777344
2 0.230469 0.796875 0.208984 0.796875 0.207031 0.798828 0.191406 0.802734 0.183594 0.808594 0.183594 0.812500 0.175781 0.820312 0.175781 0.845703 0.177734 0.847656 0.177734 0.853516 0.179688 0.855469 0.210938 0.853516 0.212891 0.851562 0.222656 0.849609 0.228516 0.845703 0.232422 0.837891 0.232422 0.826172 0.230469 0.824219
2 0.068359 0.830078 0.068359 0.851562 0.070312 0.853516 0.070312 0.869141 0.099609 0.869141 0.101562 0.867188 0.119141 0.867188 0.121094 0.865234 0.121094 0.851562 0.119141 0.849609 0.119141 0.843750 0.117188 0.841797 0.117188 0.837891 0.113281 0.835938 0.107422 0.830078 0.103516 0.828125 0.080078 0.828125 0.078125 0.830078
4 0.511719 0.966797 0.474609 0.853516 0.443359 0.826172 0.291016 0.867188 0.275391 0.882812 0.208984 0.878906 0.132812 0.900391 0.076172 0.902344 0.074219 0.982422 0.052734 0.998047 0.304688 0.998047 0.341797 0.976562 0.312500 0.933594 0.347656 0.917969 0.367188 0.939453 0.361328 0.929688 0.375000 0.931641 0.375000 0.960938 0.382812 0.966797 0.378906 0.951172 0.408203 0.970703 0.406250 0.998047 0.410156 0.990234 0.416016 0.998047 0.416016 0.974609 0.419922 0.998047 0.509766 0.998047
5 0.113281 0.570312 0.101562 0.582031 0.109375 0.701172 0.089844 0.703125 0.083984 0.712891 0.089844 0.722656 0.115234 0.724609 0.123047 0.777344 0.101562 0.779297 0.097656 0.794922 0.125000 0.800781 0.130859 0.824219 0.142578 0.832031 0.154297 0.820312 0.150391 0.798828 0.169922 0.792969 0.175781 0.783203 0.164062 0.771484 0.150391 0.775391 0.142578 0.757812 0.138672 0.726562 0.158203 0.720703 0.164062 0.710938 0.152344 0.699219 0.132812 0.701172 0.125000 0.582031
