0 0.000000 0.000000 0.000000 0.169922 0.013672 0.167969 0.023438 0.171875 0.041016 0.171875 0.076172 0.158203 0.078125 0.134766 0.066406 0.113281 0.062500 0.089844 0.062500 0.001953
0 0.738281 0.240234 0.722656 0.240234 0.714844 0.248047 0.689453 0.248047 0.675781 0.267578 0.677734 0.318359 0.673828 0.322266 0.664062 0.318359 0.652344 0.318359 0.642578 0.326172 0.646484 0.359375 0.650391 0.365234 0.667969 0.365234 0.673828 0.369141 0.681641 0.369141 0.710938 0.322266 0.716797 0.316406 0.728516 0.316406 0.734375 0.312500 0.734375 0.300781 0.744141 0.273438 0.744141 0.248047
0 0.068359 0.373047 0.064453 0.376953 0.064453 0.378906 0.058594 0.388672 0.058594 0.396484 0.056641 0.398438 0.056641 0.400391 0.058594 0.402344 0.058594 0.416016 0.060547 0.417969 0.060547 0.423828 0.062500 0.425781 0.085938 0.425781 0.087891 0.423828 0.091797 0.423828 0.093750 0.421875 0.093750 0.404297 0.095703 0.402344 0.095703 0.392578 0.093750 0.390625 0.093750 0.388672 0.089844 0.384766 0.087891 0.384766 0.078125 0.373047
0 0.611328 0.476562 0.603516 0.468750 0.587891 0.470703 0.582031 0.476562 0.552734 0.474609 0.539062 0.484375 0.539062 0.505859 0.544922 0.513672 0.535156 0.517578 0.451172 0.515625 0.431641 0.531250 0.431641 0.552734 0.445312 0.576172 0.457031 0.583984 0.480469 0.580078 0.501953 0.601562 0.529297 0.607422 0.550781 0.601562 0.556641 0.591797 0.556641 0.574219 0.570312 0.560547 0.578125 0.539062 0.578125 0.517578 0.603516 0.517578 0.611328 0.511719
0 0.294922 0.746094 0.294922 0.753906 0.304688 0.763672 0.306641 0.763672 0.318359 0.773438 0.324219 0.773438 0.326172 0.775391 0.355469 0.775391 0.365234 0.767578 0.365234 0.765625 0.371094 0.757812 0.371094 0.753906 0.365234 0.748047 0.361328 0.748047 0.359375 0.746094 0.351562 0.746094 0.349609 0.744141 0.341797 0.744141 0.339844 0.742188 0.328125 0.740234 0.326172 0.738281 0.320312 0.738281 0.318359 0.736328 0.306641 0.736328 0.304688 0.738281 0.300781 0.738281
0 0.412109 0.783203 0.412109 0.810547 0.423828 0.828125 0.433594 0.837891 0.449219 0.839844 0.451172 0.841797 0.460938 0.841797 0.462891 0.839844 0.468750 0.839844 0.476562 0.832031 0.476562 0.826172 0.472656 0.818359 0.474609 0.808594 0.480469 0.798828 0.476562 0.791016 0.466797 0.789062 0.464844 0.787109 0.458984 0.787109 0.453125 0.783203 0.449219 0.783203 0.437500 0.775391 0.431641 0.775391 0.421875 0.781250
0 0.722656 0.849609 0.726562 0.855469 0.732422 0.857422 0.734375 0.861328 0.738281 0.863281 0.742188 0.871094 0.742188 0.882812 0.750000 0.888672 0.755859 0.890625 0.759766 0.894531 0.763672 0.894531 0.765625 0.896484 0.775391 0.896484 0.791016 0.875000 0.791016 0.861328 0.787109 0.853516 0.779297 0.847656 0.771484 0.847656 0.769531 0.845703 0.730469 0.845703
0 0.554688 0.890625 0.554688 0.898438 0.560547 0.910156 0.574219 0.917969 0.613281 0.921875 0.632812 0.919922 0.644531 0.914062 0.646484 0.949219 0.652344 0.960938 0.662109 0.968750 0.677734 0.968750 0.701172 0.943359 0.699219 0.917969 0.691406 0.906250 0.669922 0.906250 0.666016 0.900391 0.646484 0.894531 0.625000 0.878906 0.607422 0.875000 0.599609 0.876953 0.591797 0.884766 0.560547 0.884766
1 0.000000 0.523438 0.000000 0.554688 0.017578 0.560547 0.078125 0.613281 0.107422 0.623047 0.203125 0.677734 0.242188 0.681641 0.251953 0.675781 0.251953 0.664062 0.230469 0.646484 0.171875 0.626953 0.097656 0.580078 0.080078 0.562500 0.044922 0.548828 0.027344 0.525391
1 0.599609 0.857422 0.609375 0.871094 0.646484 0.882812 0.734375 0.929688 0.800781 0.923828 0.875000 0.945312 0.998047 0.941406 0.996094 0.902344 0.958984 0.908203 0.779297 0.902344 0.652344 0.845703 0.611328 0.845703
2 0.132812 0.445312 0.128906 0.453125 0.128906 0.458984 0.126953 0.460938 0.126953 0.468750 0.128906 0.470703 0.136719 0.474609 0.140625 0.474609 0.142578 0.476562 0.146484 0.476562 0.154297 0.480469 0.162109 0.480469 0.164062 0.482422 0.183594 0.482422 0.187500 0.478516 0.189453 0.474609 0.189453 0.464844 0.187500 0.462891 0.183594 0.462891 0.181641 0.460938 0.175781 0.460938 0.167969 0.457031 0.166016 0.453125 0.160156 0.447266 0.154297 0.447266 0.152344 0.445312 0.144531 0.445312 0.142578 0.443359 0.134766 0.443359
2 0.000000 0.748047 0.000000 0.808594 0.015625 0.810547 0.000000 0.812500 0.000000 0.865234 0.009766 0.869141 0.039062 0.867188 0.039062 0.822266 0.037109 0.816406 0.021484 0.810547 0.027344 0.800781 0.044922 0.804688 0.050781 0.755859 0.035156 0.753906 0.029297 0.748047
2 0.199219 0.880859 0.189453 0.880859 0.179688 0.873047 0.167969 0.873047 0.150391 0.886719 0.158203 0.927734 0.164062 0.929688 0.154297 0.939453 0.146484 0.935547 0.105469 0.945312 0.101562 0.949219 0.101562 0.964844 0.107422 0.984375 0.154297 0.978516 0.158203 0.958984 0.160156 0.976562 0.166016 0.980469 0.183594 0.980469 0.189453 0.974609 0.201172 0.972656 0.208984 0.966797 0.205078 0.923828 0.210938 0.919922 0.210938 0.908203
2 0.142578 0.888672 0.138672 0.886719 0.113281 0.886719 0.111328 0.888672 0.105469 0.888672 0.095703 0.892578 0.083984 0.892578 0.082031 0.894531 0.078125 0.894531 0.078125 0.900391 0.082031 0.906250 0.083984 0.919922 0.091797 0.939453 0.095703 0.941406 0.107422 0.941406 0.109375 0.939453 0.130859 0.935547 0.142578 0.929688 0.150391 0.929688 0.152344 0.927734 0.152344 0.914062 0.146484 0.900391 0.146484 0.894531
2 0.013672 0.914062 0.009766 0.917969 0.009766 0.929688 0.017578 0.958984 0.060547 0.949219 0.074219 0.951172 0.039062 0.962891 0.039062 0.968750 0.046875 0.980469 0.048828 0.998047 0.070312 0.998047 0.099609 0.986328 0.097656 0.974609 0.095703 0.978516 0.089844 0.974609 0.085938 0.953125 0.072266 0.949219 0.083984 0.945312 0.085938 0.935547 0.082031 0.925781 0.072266 0.921875 0.068359 0.898438 0.046875 0.900391
2 0.000000 0.968750 0.000000 0.998047 0.041016 0.998047 0.041016 0.996094 0.039062 0.994141 0.039062 0.986328 0.037109 0.984375 0.037109 0.978516 0.035156 0.976562 0.035156 0.970703 0.033203 0.968750 0.033203 0.966797 0.031250 0.966797 0.029297 0.964844 0.019531 0.964844 0.017578 0.966797 0.005859 0.966797 0.003906 0.968750
3 0.062500 0.000000 0.078125 0.158203 0.000000 0.171875 0.000000 0.521484 0.255859 0.669922 0.000000 0.556641 0.000000 0.746094 0.052734 0.755859 0.000000 0.906250 0.203125 0.882812 0.210938 0.966797 0.107422 0.986328 0.093750 0.941406 0.087891 0.998047 0.998047 0.998047 0.998047 0.943359 0.697266 0.912109 0.662109 0.970703 0.650391 0.908203 0.552734 0.898438 0.640625 0.841797 0.998047 0.902344 0.998047 0.828125 0.746094 0.792969 0.855469 0.308594 0.998047 0.160156 0.998047 0.000000 0.564453 0.000000 0.187500 0.078125 0.195312 0.000000
3 0.994141 0.179688 0.992188 0.179688 0.990234 0.181641 0.986328 0.181641 0.992188 0.181641
3 0.851562 0.669922 0.857422 0.669922 0.855469 0.669922 0.853516 0.667969
3 0.626953 0.878906 0.628906 0.878906 0.630859 0.880859 0.632812 0.880859 0.636719 0.884766 0.638672 0.884766 0.646484 0.892578 0.648438 0.892578 0.650391 0.894531 0.656250 0.894531 0.658203 0.896484 0.662109 0.896484 0.664062 0.898438 0.666016 0.898438 0.669922 0.902344 0.669922 0.904297 0.683594 0.904297 0.679688 0.904297 0.677734 0.902344 0.675781 0.902344 0.673828 0.900391 0.671875 0.900391 0.669922 0.898438 0.667969 0.898438 0.666016 0.896484 0.664062 0.896484 0.662109 0.894531 0.656250 0.892578 0.646484 0.884766 0.642578 0.884766 0.640625 0.882812 0.636719 0.882812 0.632812 0.878906 0.630859 0.880859 0.628906 0.878906
3 0.076172 0.898438 0.074219 0.900391 0.074219 0.904297 0.072266 0.906250 0.074219 0.908203 0.074219 0.914062 0.076172 0.916016 0.074219 0.917969 0.076172 0.919922 0.078125 0.919922 0.080078 0.921875 0.082031 0.919922 0.082031 0.914062 0.080078 0.912109 0.080078 0.906250 0.078125 0.904297 0.078125 0.902344 0.076172 0.900391
3 0.000000 0.919922 0.000000 0.939453 0.001953 0.939453 0.003906 0.937500 0.009766 0.937500 0.009766 0.931641 0.005859 0.927734 0.005859 0.925781 0.007812 0.923828 0.003906 0.919922
3 0.156250 0.923828 0.156250 0.931641 0.152344 0.935547 0.154297 0.937500 0.154297 0.935547 0.160156 0.929688 0.162109 0.929688 0.158203 0.929688 0.156250 0.927734
3 0.166016 0.927734 0.177734 0.927734 0.179688 0.925781 0.193359 0.925781 0.175781 0.925781 0.173828 0.927734
3 0.146484 0.931641 0.142578 0.931641 0.142578 0.933594 0.140625 0.935547 0.144531 0.935547 0.146484 0.933594
3 0.136719 0.937500 0.134766 0.937500 0.132812 0.935547 0.130859 0.937500 0.125000 0.937500 0.123047 0.939453 0.117188 0.939453 0.128906 0.939453 0.130859 0.937500
3 0.003906 0.943359 0.003906 0.945312 0.001953 0.947266 0.001953 0.951172 0.000000 0.953125 0.000000 0.955078 0.001953 0.957031 0.001953 0.960938 0.003906 0.962891 0.009766 0.962891 0.011719 0.960938 0.013672 0.960938 0.015625 0.962891 0.013672 0.964844 0.017578 0.964844 0.019531 0.962891 0.023438 0.962891 0.021484 0.960938 0.017578 0.960938 0.013672 0.957031 0.013672 0.953125 0.011719 0.951172 0.011719 0.943359 0.011719 0.951172 0.009766 0.953125 0.007812 0.953125 0.005859 0.951172 0.005859 0.947266 0.003906 0.945312
3 0.107422 0.943359 0.111328 0.943359 0.113281 0.941406 0.109375 0.941406
3 0.068359 0.951172 0.066406 0.951172 0.064453 0.953125 0.046875 0.953125 0.044922 0.955078 0.041016 0.955078 0.039062 0.957031 0.029297 0.958984 0.031250 0.960938 0.029297 0.962891 0.031250 0.964844 0.033203 0.964844 0.037109 0.970703 0.037109 0.976562 0.039062 0.978516 0.039062 0.984375 0.041016 0.986328 0.041016 0.994141 0.042969 0.996094 0.042969 0.998047 0.046875 0.998047 0.046875 0.996094 0.044922 0.994141 0.044922 0.980469 0.037109 0.968750 0.037109 0.962891 0.041016 0.958984 0.044922 0.958984 0.046875 0.957031 0.052734 0.957031 0.054688 0.955078 0.058594 0.955078 0.060547 0.953125 0.064453 0.953125 0.066406 0.951172
4 0.187500 0.072266 0.195312 0.082031 0.242188 0.082031 0.384766 0.068359 0.548828 0.019531 0.562500 0.011719 0.562500 0.000000 0.197266 0.000000
4 0.998047 0.162109 0.960938 0.207031 0.912109 0.230469 0.857422 0.308594 0.863281 0.349609 0.765625 0.628906 0.748047 0.787109 0.755859 0.808594 0.998047 0.826172
