0 0.992188 0.337891 0.955078 0.349609 0.972656 0.406250 0.878906 0.402344 0.849609 0.441406 0.867188 0.453125 0.865234 0.517578 0.921875 0.628906 0.927734 0.681641 0.900391 0.708984 0.916016 0.742188 0.843750 0.726562 0.828125 0.695312 0.789062 0.720703 0.824219 0.779297 0.890625 0.763672 0.917969 0.822266 0.998047 0.812500 0.998047 0.480469 0.978516 0.507812 0.984375 0.626953 0.949219 0.669922 0.953125 0.597656 0.925781 0.566406 0.935547 0.521484 0.914062 0.509766 0.931641 0.474609 0.910156 0.453125 0.998047 0.427734
0 0.503906 0.568359 0.503906 0.570312 0.501953 0.572266 0.501953 0.595703 0.503906 0.597656 0.503906 0.599609 0.507812 0.603516 0.509766 0.603516 0.511719 0.605469 0.523438 0.605469 0.525391 0.603516 0.533203 0.603516 0.535156 0.601562 0.539062 0.601562 0.541016 0.599609 0.546875 0.599609 0.550781 0.595703 0.550781 0.580078 0.548828 0.578125 0.548828 0.576172 0.544922 0.572266 0.541016 0.572266 0.539062 0.570312 0.519531 0.570312 0.517578 0.568359
0 0.550781 0.652344 0.541016 0.656250 0.539062 0.660156 0.539062 0.677734 0.541016 0.681641 0.554688 0.691406 0.554688 0.699219 0.546875 0.710938 0.546875 0.720703 0.550781 0.728516 0.550781 0.736328 0.560547 0.748047 0.568359 0.750000 0.580078 0.746094 0.591797 0.734375 0.593750 0.728516 0.593750 0.669922 0.591797 0.667969 0.591797 0.660156 0.583984 0.654297
0 0.017578 0.691406 0.011719 0.703125 0.000000 0.705078 0.011719 0.710938 0.000000 0.714844 0.000000 0.853516 0.025391 0.867188 0.052734 0.873047 0.054688 0.857422 0.064453 0.849609 0.076172 0.849609 0.095703 0.861328 0.107422 0.882812 0.111328 0.875000 0.138672 0.875000 0.154297 0.695312 0.105469 0.685547 0.062500 0.695312
0 0.675781 0.730469 0.687500 0.775391 0.722656 0.777344 0.695312 0.791016 0.693359 0.810547 0.712891 0.810547 0.728516 0.835938 0.748047 0.824219 0.761719 0.832031 0.748047 0.855469 0.714844 0.869141 0.708984 0.839844 0.681641 0.824219 0.650391 0.828125 0.611328 0.933594 0.625000 0.988281 0.658203 0.970703 0.726562 0.994141 0.855469 0.984375 0.863281 0.998047 0.962891 0.986328 0.990234 0.998047 0.998047 0.921875 0.988281 0.898438 0.943359 0.873047 0.955078 0.833984 0.896484 0.839844 0.861328 0.812500 0.791016 0.833984 0.773438 0.802734 0.779297 0.773438 0.712891 0.751953 0.701172 0.724609
0 0.517578 0.759766 0.511719 0.761719 0.507812 0.767578 0.507812 0.800781 0.501953 0.810547 0.501953 0.818359 0.507812 0.833984 0.537109 0.837891 0.542969 0.824219 0.548828 0.818359 0.560547 0.814453 0.548828 0.818359 0.544922 0.812500 0.568359 0.810547 0.570312 0.808594 0.560547 0.806641 0.562500 0.800781 0.560547 0.796875 0.566406 0.794922 0.568359 0.796875 0.566406 0.800781 0.574219 0.802734 0.572266 0.796875 0.576172 0.792969 0.582031 0.794922 0.582031 0.791016 0.576172 0.792969 0.574219 0.787109 0.578125 0.783203 0.562500 0.779297 0.558594 0.771484 0.550781 0.765625
0 0.431641 0.779297 0.425781 0.787109 0.425781 0.796875 0.427734 0.798828 0.427734 0.814453 0.439453 0.826172 0.439453 0.828125 0.445312 0.832031 0.468750 0.832031 0.472656 0.824219 0.482422 0.814453 0.482422 0.806641 0.480469 0.804688 0.480469 0.798828 0.474609 0.792969 0.474609 0.791016 0.466797 0.785156 0.466797 0.783203 0.460938 0.783203 0.453125 0.779297
0 0.556641 0.828125 0.556641 0.837891 0.562500 0.849609 0.570312 0.849609 0.568359 0.845703 0.568359 0.839844 0.566406 0.839844 0.566406 0.843750 0.564453 0.845703 0.560547 0.843750 0.560547 0.828125 0.562500 0.826172 0.566406 0.826172 0.568359 0.828125 0.572266 0.824219 0.576172 0.824219 0.578125 0.826172 0.591797 0.826172 0.593750 0.828125 0.593750 0.832031 0.597656 0.835938 0.597656 0.837891 0.593750 0.839844 0.595703 0.841797 0.599609 0.839844 0.599609 0.833984 0.595703 0.826172 0.589844 0.820312 0.583984 0.820312 0.582031 0.818359 0.580078 0.820312 0.578125 0.818359 0.566406 0.818359 0.562500 0.820312
0 0.412109 0.855469 0.402344 0.849609 0.373047 0.849609 0.332031 0.863281 0.312500 0.890625 0.306641 0.927734 0.318359 0.945312 0.318359 0.955078 0.304688 0.978516 0.306641 0.998047 0.361328 0.998047 0.365234 0.986328 0.386719 0.972656 0.392578 0.925781 0.412109 0.912109 0.416016 0.904297 0.412109 0.888672
0 0.589844 0.847656 0.587891 0.849609 0.585938 0.849609 0.583984 0.847656 0.582031 0.849609 0.583984 0.851562 0.580078 0.855469 0.574219 0.855469 0.572266 0.853516 0.568359 0.853516 0.570312 0.853516 0.572266 0.855469 0.574219 0.855469 0.576172 0.857422 0.583984 0.857422 0.583984 0.855469 0.589844 0.849609
0 0.599609 0.847656 0.597656 0.849609 0.599609 0.849609
0 0.589844 0.857422 0.593750 0.857422 0.595703 0.855469 0.589844 0.855469
0 0.000000 0.880859 0.000000 0.998047 0.166016 0.998047 0.138672 0.978516 0.138672 0.970703 0.130859 0.970703 0.125000 0.960938 0.117188 0.958984 0.111328 0.949219 0.091797 0.933594 0.056641 0.921875 0.019531 0.890625
0 0.091797 0.900391 0.126953 0.917969 0.166016 0.955078 0.167969 0.964844 0.193359 0.978516 0.207031 0.998047 0.232422 0.998047 0.238281 0.986328 0.253906 0.974609 0.259766 0.953125 0.267578 0.945312 0.277344 0.945312 0.263672 0.943359 0.251953 0.976562 0.240234 0.984375 0.226562 0.984375 0.220703 0.978516 0.220703 0.957031 0.205078 0.945312 0.193359 0.949219 0.187500 0.943359 0.185547 0.919922 0.199219 0.902344 0.191406 0.890625 0.179688 0.892578 0.179688 0.902344 0.171875 0.908203 0.169922 0.917969 0.152344 0.923828 0.138672 0.921875 0.134766 0.894531 0.130859 0.892578
0 0.082031 0.896484 0.083984 0.898438 0.085938 0.898438 0.083984 0.898438
0 0.298828 0.951172 0.300781 0.951172 0.302734 0.953125 0.300781 0.951172
0 0.302734 0.972656 0.302734 0.974609 0.300781 0.976562 0.302734 0.974609
0 0.296875 0.996094 0.294922 0.994141 0.294922 0.996094 0.292969 0.998047 0.296875 0.998047
2 0.066406 0.242188 0.064453 0.240234 0.037109 0.240234 0.035156 0.242188 0.000000 0.244141 0.000000 0.285156 0.015625 0.285156 0.017578 0.283203 0.041016 0.283203 0.042969 0.281250 0.064453 0.281250 0.066406 0.279297 0.066406 0.267578 0.064453 0.265625
2 0.107422 0.349609 0.105469 0.353516 0.107422 0.355469 0.107422 0.382812 0.109375 0.384766 0.109375 0.388672 0.107422 0.390625 0.109375 0.394531 0.115234 0.394531 0.117188 0.396484 0.156250 0.396484 0.158203 0.394531 0.162109 0.394531 0.166016 0.382812 0.169922 0.380859 0.169922 0.369141 0.167969 0.367188 0.166016 0.353516 0.162109 0.347656 0.132812 0.347656 0.128906 0.345703 0.126953 0.347656 0.113281 0.347656 0.111328 0.349609
2 0.259766 0.400391 0.263672 0.412109 0.263672 0.423828 0.265625 0.429688 0.269531 0.431641 0.333984 0.433594 0.335938 0.431641 0.382812 0.431641 0.384766 0.429688 0.384766 0.402344 0.386719 0.400391 0.380859 0.396484 0.269531 0.396484
2 0.095703 0.435547 0.093750 0.439453 0.095703 0.445312 0.103516 0.451172 0.105469 0.451172 0.111328 0.458984 0.123047 0.458984 0.125000 0.460938 0.140625 0.462891 0.148438 0.457031 0.154297 0.455078 0.158203 0.451172 0.160156 0.447266 0.160156 0.441406 0.162109 0.439453 0.162109 0.429688 0.164062 0.427734 0.164062 0.423828 0.162109 0.421875 0.142578 0.421875 0.140625 0.419922 0.130859 0.419922 0.128906 0.421875 0.111328 0.421875 0.107422 0.423828 0.105469 0.427734
2 0.029297 0.500000 0.017578 0.562500 0.031250 0.562500 0.042969 0.574219 0.019531 0.578125 0.015625 0.595703 0.035156 0.601562 0.031250 0.630859 0.119141 0.638672 0.033203 0.636719 0.037109 0.677734 0.044922 0.677734 0.039062 0.687500 0.066406 0.691406 0.101562 0.679688 0.158203 0.689453 0.164062 0.667969 0.148438 0.640625 0.148438 0.617188 0.093750 0.605469 0.130859 0.593750 0.123047 0.578125 0.132812 0.566406 0.169922 0.572266 0.175781 0.542969 0.062500 0.523438 0.054688 0.544922 0.037109 0.552734 0.033203 0.564453 0.041016 0.500000
2 0.468750 0.835938 0.464844 0.841797 0.464844 0.847656 0.462891 0.849609 0.462891 0.855469 0.460938 0.857422 0.460938 0.863281 0.458984 0.865234 0.458984 0.875000 0.470703 0.880859 0.480469 0.882812 0.484375 0.886719 0.488281 0.886719 0.490234 0.888672 0.498047 0.888672 0.500000 0.886719 0.500000 0.875000 0.501953 0.873047 0.501953 0.869141 0.503906 0.865234 0.515625 0.853516 0.513672 0.849609 0.513672 0.845703 0.501953 0.837891 0.482422 0.837891 0.480469 0.835938
2 0.056641 0.857422 0.056641 0.863281 0.054688 0.865234 0.054688 0.875000 0.056641 0.876953 0.056641 0.878906 0.062500 0.884766 0.064453 0.884766 0.070312 0.888672 0.080078 0.890625 0.082031 0.892578 0.099609 0.892578 0.103516 0.888672 0.103516 0.886719 0.105469 0.884766 0.105469 0.876953 0.095703 0.867188 0.093750 0.861328 0.087891 0.855469 0.083984 0.855469 0.082031 0.853516 0.078125 0.853516 0.076172 0.851562 0.064453 0.851562 0.062500 0.853516 0.060547 0.853516
2 0.195312 0.878906 0.193359 0.888672 0.201172 0.894531 0.203125 0.902344 0.187500 0.923828 0.189453 0.943359 0.197266 0.947266 0.205078 0.941406 0.222656 0.957031 0.222656 0.978516 0.226562 0.982422 0.242188 0.984375 0.234375 0.998047 0.291016 0.998047 0.306641 0.957031 0.294922 0.949219 0.267578 0.947266 0.261719 0.953125 0.261719 0.935547 0.253906 0.921875 0.244141 0.912109 0.224609 0.912109 0.224609 0.892578 0.203125 0.878906
3 0.000000 0.000000 0.000000 0.240234 0.064453 0.238281 0.072266 0.255859 0.199219 0.257812 0.199219 0.216797 0.181641 0.130859 0.183594 0.097656 0.164062 0.001953
3 0.191406 0.000000 0.224609 0.394531 0.396484 0.396484 0.408203 0.464844 0.212891 0.453125 0.183594 0.859375 0.296875 0.904297 0.398438 0.835938 0.441406 0.882812 0.458984 0.843750 0.421875 0.818359 0.427734 0.775391 0.496094 0.806641 0.529297 0.755859 0.582031 0.783203 0.562500 0.806641 0.601562 0.839844 0.562500 0.828125 0.591797 0.849609 0.542969 0.892578 0.591797 0.912109 0.675781 0.652344 0.642578 0.000000
3 0.675781 0.000000 0.703125 0.634766 0.687500 0.716797 0.785156 0.777344 0.791016 0.832031 0.857422 0.810547 0.896484 0.837891 0.955078 0.832031 0.945312 0.873047 0.998047 0.919922 0.998047 0.814453 0.921875 0.828125 0.890625 0.765625 0.824219 0.781250 0.787109 0.728516 0.828125 0.693359 0.841797 0.726562 0.917969 0.746094 0.898438 0.708984 0.925781 0.681641 0.847656 0.441406 0.878906 0.400391 0.972656 0.404297 0.955078 0.343750 0.998047 0.337891 0.998047 0.000000
3 0.000000 0.289062 0.000000 0.458984 0.009766 0.470703 0.017578 0.464844 0.078125 0.478516 0.085938 0.486328 0.080078 0.519531 0.156250 0.525391 0.175781 0.535156 0.169922 0.527344 0.177734 0.517578 0.185547 0.455078 0.177734 0.449219 0.195312 0.431641 0.191406 0.394531 0.201172 0.361328 0.199219 0.343750 0.173828 0.357422 0.175781 0.332031 0.187500 0.330078 0.177734 0.324219 0.195312 0.308594 0.187500 0.283203 0.070312 0.279297
3 0.220703 0.390625 0.218750 0.392578 0.218750 0.394531 0.220703 0.394531
3 0.998047 0.429688 0.980469 0.439453 0.962891 0.435547 0.945312 0.453125 0.910156 0.455078 0.917969 0.455078 0.933594 0.474609 0.929688 0.492188 0.916016 0.509766 0.927734 0.509766 0.937500 0.521484 0.939453 0.535156 0.927734 0.566406 0.947266 0.576172 0.955078 0.597656 0.955078 0.628906 0.941406 0.644531 0.949219 0.667969 0.958984 0.652344 0.976562 0.640625 0.984375 0.613281 0.976562 0.597656 0.976562 0.507812 0.984375 0.484375 0.998047 0.478516
3 0.236328 0.439453 0.234375 0.441406 0.234375 0.445312 0.236328 0.445312
3 0.283203 0.439453 0.283203 0.441406 0.281250 0.443359 0.281250 0.445312 0.283203 0.447266
3 0.289062 0.439453 0.291016 0.441406 0.291016 0.439453
3 0.359375 0.439453 0.359375 0.443359 0.361328 0.443359 0.361328 0.439453
3 0.375000 0.439453 0.375000 0.443359 0.376953 0.443359 0.376953 0.439453
3 0.361328 0.455078 0.359375 0.457031 0.359375 0.458984 0.363281 0.462891 0.365234 0.462891 0.363281 0.460938 0.363281 0.458984 0.361328 0.457031
3 0.001953 0.472656 0.000000 0.472656 0.000000 0.482422 0.000000 0.478516 0.001953 0.476562
3 0.009766 0.476562 0.007812 0.478516 0.007812 0.482422 0.009766 0.480469
3 0.009766 0.492188 0.007812 0.494141 0.007812 0.501953 0.009766 0.503906 0.007812 0.505859 0.007812 0.509766 0.015625 0.509766 0.017578 0.507812 0.017578 0.505859 0.019531 0.503906 0.019531 0.500000 0.015625 0.500000 0.011719 0.496094 0.013672 0.494141 0.011719 0.492188
3 0.000000 0.515625 0.000000 0.519531 0.001953 0.517578 0.005859 0.517578 0.007812 0.519531 0.007812 0.529297 0.005859 0.531250 0.005859 0.533203 0.007812 0.535156 0.007812 0.539062 0.005859 0.541016 0.007812 0.542969 0.007812 0.546875 0.009766 0.546875 0.009766 0.544922 0.013672 0.541016 0.013672 0.539062 0.011719 0.537109 0.011719 0.535156 0.013672 0.533203 0.013672 0.531250 0.011719 0.529297 0.011719 0.527344 0.015625 0.523438 0.015625 0.521484 0.017578 0.519531 0.017578 0.515625
3 0.000000 0.562500 0.000000 0.564453 0.013672 0.564453 0.013672 0.562500
3 0.000000 0.572266 0.000000 0.574219 0.001953 0.572266 0.005859 0.572266 0.007812 0.574219 0.007812 0.578125 0.009766 0.578125 0.011719 0.580078 0.011719 0.578125 0.009766 0.576172 0.009766 0.574219 0.011719 0.572266 0.011719 0.570312 0.007812 0.570312 0.005859 0.572266
3 0.000000 0.585938 0.000000 0.587891 0.005859 0.587891 0.007812 0.589844 0.007812 0.591797 0.009766 0.591797 0.009766 0.589844 0.011719 0.587891 0.011719 0.585938 0.007812 0.585938 0.005859 0.587891 0.001953 0.587891
3 0.017578 0.603516 0.015625 0.605469 0.015625 0.615234 0.017578 0.617188 0.017578 0.613281 0.019531 0.611328 0.021484 0.611328 0.023438 0.613281 0.023438 0.617188 0.025391 0.615234 0.025391 0.613281 0.029297 0.609375 0.025391 0.605469 0.023438 0.605469 0.021484 0.607422 0.019531 0.607422 0.017578 0.605469
3 0.984375 0.675781 0.970703 0.681641 0.966797 0.689453 0.968750 0.695312 0.966797 0.697266 0.968750 0.699219 0.966797 0.701172 0.968750 0.703125 0.966797 0.710938 0.958984 0.720703 0.958984 0.724609 0.951172 0.730469 0.947266 0.736328 0.951172 0.736328 0.957031 0.742188 0.958984 0.748047 0.957031 0.750000 0.957031 0.757812 0.960938 0.761719 0.964844 0.777344 0.970703 0.775391 0.976562 0.767578 0.982422 0.765625 0.984375 0.767578 0.982422 0.765625 0.984375 0.763672 0.982422 0.761719 0.984375 0.755859 0.982422 0.753906 0.984375 0.751953 0.982422 0.750000 0.984375 0.748047 0.982422 0.742188 0.984375 0.740234 0.984375 0.734375 0.982422 0.732422 0.984375 0.730469 0.984375 0.724609 0.982422 0.722656 0.984375 0.720703 0.984375 0.710938 0.982422 0.708984 0.986328 0.701172 0.982422 0.693359 0.984375 0.691406 0.984375 0.685547 0.982422 0.683594 0.984375 0.681641
3 0.673828 0.767578 0.664062 0.810547 0.652344 0.824219 0.660156 0.820312 0.671875 0.828125 0.681641 0.822266 0.693359 0.830078 0.695312 0.837891 0.708984 0.837891 0.716797 0.849609 0.714844 0.867188 0.726562 0.867188 0.736328 0.853516 0.748047 0.853516 0.750000 0.839844 0.759766 0.832031 0.748047 0.826172 0.738281 0.835938 0.722656 0.835938 0.712891 0.820312 0.716797 0.802734 0.714844 0.810547 0.703125 0.818359 0.697266 0.816406 0.689453 0.804688 0.693359 0.791016 0.703125 0.781250 0.712891 0.777344 0.724609 0.779297 0.710938 0.773438 0.697266 0.783203 0.687500 0.779297 0.685547 0.773438 0.675781 0.773438
3 0.468750 0.796875 0.468750 0.802734 0.466797 0.804688 0.466797 0.806641 0.468750 0.808594 0.470703 0.808594 0.472656 0.806641 0.472656 0.804688 0.470703 0.802734 0.470703 0.798828
3 0.468750 0.812500 0.468750 0.814453 0.470703 0.814453 0.470703 0.812500
3 0.546875 0.814453 0.548828 0.816406 0.550781 0.814453 0.556641 0.814453 0.558594 0.812500 0.560547 0.812500 0.562500 0.814453 0.566406 0.814453 0.568359 0.812500 0.546875 0.812500
3 0.453125 0.830078 0.455078 0.830078 0.457031 0.828125 0.453125 0.828125
3 0.515625 0.828125 0.515625 0.830078 0.517578 0.830078 0.517578 0.828125
3 0.535156 0.828125 0.531250 0.828125 0.529297 0.830078 0.531250 0.832031 0.533203 0.832031 0.535156 0.830078
3 0.548828 0.828125 0.546875 0.830078 0.546875 0.832031 0.548828 0.833984 0.548828 0.832031 0.550781 0.830078
3 0.451172 0.898438 0.449219 0.898438 0.449219 0.902344 0.451172 0.900391
3 0.666016 0.908203 0.667969 0.910156 0.666016 0.912109 0.666016 0.919922 0.669922 0.916016 0.669922 0.912109 0.671875 0.910156 0.667969 0.910156
3 0.943359 0.962891 0.939453 0.951172 0.929688 0.945312 0.929688 0.935547 0.916016 0.929688 0.914062 0.919922 0.921875 0.906250 0.906250 0.906250 0.916016 0.908203 0.916016 0.914062 0.863281 0.933594 0.851562 0.925781 0.777344 0.927734 0.765625 0.921875 0.748047 0.931641 0.726562 0.931641 0.705078 0.921875 0.689453 0.927734 0.683594 0.953125 0.689453 0.960938 0.699219 0.958984 0.738281 0.970703 0.787109 0.968750 0.822266 0.960938 0.880859 0.962891 0.892578 0.968750
3 0.433594 0.914062 0.431641 0.916016 0.433594 0.916016 0.437500 0.919922 0.435547 0.921875 0.433594 0.921875 0.437500 0.925781 0.437500 0.927734 0.439453 0.927734 0.443359 0.923828 0.443359 0.921875 0.441406 0.919922 0.441406 0.917969 0.443359 0.916016 0.441406 0.914062
3 0.513672 0.914062 0.511719 0.929688 0.521484 0.935547 0.523438 0.951172 0.521484 0.953125 0.517578 0.951172 0.517578 0.941406 0.515625 0.941406 0.513672 0.953125 0.515625 0.958984 0.509766 0.962891 0.503906 0.962891 0.505859 0.964844 0.496094 0.976562 0.496094 0.982422 0.501953 0.978516 0.507812 0.982422 0.537109 0.984375 0.539062 0.982422 0.546875 0.998047 0.556641 0.998047 0.564453 0.988281 0.568359 0.970703 0.574219 0.964844 0.576172 0.955078 0.580078 0.951172 0.583984 0.939453 0.582031 0.933594 0.552734 0.921875 0.537109 0.919922 0.531250 0.921875 0.529297 0.914062 0.525391 0.916016
3 0.619141 0.945312 0.615234 0.945312 0.615234 0.953125 0.613281 0.955078 0.613281 0.957031 0.607422 0.962891 0.607422 0.972656 0.605469 0.974609 0.605469 0.976562 0.603516 0.978516 0.603516 0.982422 0.605469 0.984375 0.607422 0.984375 0.611328 0.980469 0.613281 0.982422 0.619141 0.982422 0.619141 0.980469 0.617188 0.978516 0.617188 0.976562 0.619141 0.974609 0.619141 0.968750 0.621094 0.966797 0.621094 0.960938 0.619141 0.958984 0.619141 0.955078 0.621094 0.953125 0.619141 0.951172 0.621094 0.949219 0.621094 0.947266
3 0.382812 0.992188 0.390625 0.996094 0.396484 0.994141 0.398438 0.998047 0.402344 0.996094 0.406250 0.998047 0.431641 0.998047 0.437500 0.994141 0.451172 0.994141 0.457031 0.988281 0.457031 0.980469 0.451172 0.974609 0.445312 0.974609 0.441406 0.968750 0.427734 0.968750 0.425781 0.966797 0.410156 0.968750 0.408203 0.966797 0.412109 0.960938 0.427734 0.962891 0.429688 0.957031 0.433594 0.957031 0.435547 0.962891 0.439453 0.960938 0.439453 0.957031 0.435547 0.953125 0.431641 0.957031 0.427734 0.953125 0.416016 0.953125 0.414062 0.955078 0.412109 0.953125 0.408203 0.955078 0.406250 0.953125 0.398438 0.955078 0.396484 0.953125 0.398438 0.957031 0.398438 0.966797 0.396484 0.968750 0.400391 0.982422 0.392578 0.986328 0.386719 0.984375 0.382812 0.988281
3 0.449219 0.953125 0.449219 0.955078 0.451172 0.955078 0.453125 0.957031 0.455078 0.955078 0.453125 0.955078 0.451172 0.953125
3 0.998047 0.958984 0.998047 0.962891 0.996094 0.964844 0.996094 0.966797 0.994141 0.968750 0.994141 0.974609 0.996094 0.976562 0.996094 0.978516 0.994141 0.980469 0.996094 0.982422 0.994141 0.984375 0.994141 0.986328 0.996094 0.988281 0.994141 0.990234 0.994141 0.994141 0.992188 0.996094 0.992188 0.998047 0.998047 0.998047
3 0.642578 0.980469 0.642578 0.984375 0.646484 0.984375 0.648438 0.982422 0.656250 0.982422 0.658203 0.984375 0.666016 0.984375 0.669922 0.990234 0.669922 0.986328 0.671875 0.984375 0.681641 0.984375 0.683594 0.986328 0.683594 0.990234 0.685547 0.992188 0.691406 0.992188 0.691406 0.988281 0.689453 0.990234 0.685547 0.986328 0.687500 0.984375 0.685547 0.984375 0.683594 0.982422 0.681641 0.984375 0.679688 0.982422 0.673828 0.982422 0.671875 0.980469 0.667969 0.980469 0.662109 0.974609 0.660156 0.974609 0.658203 0.972656 0.656250 0.972656 0.654297 0.974609 0.652344 0.972656 0.650391 0.972656 0.648438 0.974609 0.646484 0.974609
3 0.693359 0.984375 0.695312 0.984375 0.699219 0.988281 0.699219 0.990234 0.701172 0.992188 0.703125 0.992188 0.705078 0.994141 0.707031 0.994141 0.708984 0.992188 0.708984 0.988281 0.707031 0.988281 0.707031 0.990234 0.705078 0.992188 0.703125 0.992188 0.701172 0.990234 0.701172 0.986328 0.699219 0.986328 0.697266 0.984375
3 0.714844 0.990234 0.718750 0.994141 0.720703 0.994141 0.722656 0.996094 0.724609 0.994141 0.720703 0.994141 0.718750 0.992188 0.716797 0.992188
3 0.968750 0.998047 0.968750 0.996094 0.966797 0.994141 0.966797 0.992188 0.962891 0.988281 0.960938 0.990234 0.957031 0.990234 0.955078 0.992188 0.953125 0.990234 0.951172 0.990234 0.949219 0.992188 0.943359 0.992188 0.941406 0.994141 0.939453 0.994141 0.941406 0.996094 0.941406 0.998047
5 0.189453 0.000000 0.164062 0.003906 0.201172 0.257812 0.066406 0.261719 0.076172 0.279297 0.189453 0.279297 0.197266 0.500000 0.152344 0.755859 0.148438 0.921875 0.166016 0.912109 0.220703 0.451172 0.222656 0.207031
5 0.673828 0.000000 0.644531 0.003906 0.677734 0.652344 0.640625 0.814453 0.560547 0.998047 0.583984 0.998047 0.609375 0.951172 0.699219 0.654297
5 0.671875 0.775391 0.671875 0.779297 0.673828 0.777344
5 0.000000 0.855469 0.000000 0.878906 0.019531 0.888672 0.056641 0.919922 0.091797 0.931641 0.117188 0.957031 0.125000 0.958984 0.144531 0.982422 0.152344 0.984375 0.158203 0.994141 0.166016 0.994141 0.167969 0.998047 0.205078 0.998047 0.203125 0.990234 0.193359 0.980469 0.171875 0.970703 0.164062 0.955078 0.126953 0.919922 0.107422 0.908203 0.064453 0.892578 0.048828 0.875000 0.025391 0.869141
