0 0.886719 0.000000 0.890625 0.003906 0.890625 0.009766 0.892578 0.011719 0.892578 0.023438 0.894531 0.025391 0.894531 0.027344 0.896484 0.027344 0.894531 0.025391 0.896484 0.023438 0.894531 0.021484 0.896484 0.019531 0.894531 0.017578 0.896484 0.015625 0.894531 0.013672 0.896484 0.011719 0.894531 0.009766 0.896484 0.007812 0.896484 0.005859 0.894531 0.003906 0.894531 0.000000
0 0.861328 0.250000 0.820312 0.279297 0.710938 0.259766 0.708984 0.279297 0.681641 0.275391 0.660156 0.287109 0.650391 0.279297 0.644531 0.291016 0.619141 0.273438 0.615234 0.281250 0.601562 0.273438 0.582031 0.291016 0.570312 0.281250 0.566406 0.294922 0.554688 0.281250 0.505859 0.339844 0.525391 0.367188 0.509766 0.408203 0.535156 0.412109 0.541016 0.464844 0.587891 0.464844 0.593750 0.453125 0.611328 0.462891 0.820312 0.433594 0.839844 0.412109 0.861328 0.417969 0.873047 0.402344
0 0.609375 0.273438 0.609375 0.275391 0.611328 0.275391
0 0.875000 0.523438 0.845703 0.501953 0.740234 0.531250 0.710938 0.556641 0.589844 0.554688 0.474609 0.580078 0.468750 0.869141 0.500000 0.898438 0.472656 0.947266 0.474609 0.994141 0.937500 0.992188 0.927734 0.837891
0 0.992188 0.816406 0.992188 0.839844 0.994141 0.839844 0.996094 0.837891 0.996094 0.835938 0.994141 0.833984 0.994141 0.828125 0.996094 0.826172 0.996094 0.824219 0.998047 0.822266 0.998047 0.820312 0.996094 0.820312 0.994141 0.818359 0.994141 0.816406
0 0.996094 0.878906 0.996094 0.880859 0.998047 0.882812 0.996094 0.884766 0.998047 0.886719 0.998047 0.892578 0.998047 0.880859
2 0.107422 0.000000 0.107422 0.029297 0.105469 0.031250 0.107422 0.066406 0.119141 0.083984 0.126953 0.091797 0.132812 0.093750 0.154297 0.093750 0.160156 0.089844 0.160156 0.056641 0.158203 0.054688 0.158203 0.042969 0.156250 0.041016 0.156250 0.015625 0.158203 0.013672 0.156250 0.000000
2 0.162109 0.000000 0.162109 0.005859 0.164062 0.007812 0.164062 0.011719 0.167969 0.019531 0.175781 0.025391 0.179688 0.025391 0.181641 0.023438 0.189453 0.023438 0.191406 0.021484 0.197266 0.021484 0.199219 0.019531 0.207031 0.019531 0.208984 0.017578 0.216797 0.017578 0.218750 0.015625 0.230469 0.015625 0.234375 0.011719 0.234375 0.000000
2 0.000000 0.007812 0.000000 0.052734 0.001953 0.050781 0.007812 0.050781 0.009766 0.048828 0.013672 0.048828 0.015625 0.050781 0.019531 0.050781 0.021484 0.048828 0.021484 0.037109 0.019531 0.035156 0.019531 0.023438 0.017578 0.021484 0.017578 0.013672 0.013672 0.007812
2 0.269531 0.011719 0.267578 0.013672 0.267578 0.031250 0.269531 0.033203 0.269531 0.046875 0.271484 0.048828 0.296875 0.048828 0.298828 0.046875 0.300781 0.046875 0.300781 0.031250 0.298828 0.029297 0.298828 0.025391 0.296875 0.023438 0.296875 0.017578 0.294922 0.015625 0.294922 0.013672 0.291016 0.013672 0.289062 0.011719
2 0.951172 0.017578 0.912109 0.019531 0.906250 0.023438 0.904297 0.031250 0.908203 0.105469 0.916016 0.148438 0.919922 0.152344 0.968750 0.142578 0.958984 0.054688
2 0.332031 0.070312 0.328125 0.066406 0.294922 0.066406 0.265625 0.074219 0.203125 0.082031 0.197266 0.093750 0.197266 0.111328 0.199219 0.115234 0.207031 0.117188 0.214844 0.126953 0.226562 0.126953 0.244141 0.121094 0.281250 0.119141 0.292969 0.115234 0.292969 0.107422 0.296875 0.103516 0.330078 0.101562 0.333984 0.097656
2 0.333984 0.136719 0.298828 0.144531 0.267578 0.162109 0.267578 0.171875 0.273438 0.181641 0.289062 0.189453 0.291016 0.251953 0.296875 0.287109 0.294922 0.310547 0.298828 0.314453 0.357422 0.302734 0.353516 0.244141 0.343750 0.214844 0.341797 0.183594 0.333984 0.171875 0.337891 0.162109 0.337891 0.142578
2 0.035156 0.164062 0.031250 0.167969 0.031250 0.181641 0.033203 0.183594 0.033203 0.187500 0.035156 0.189453 0.035156 0.205078 0.037109 0.207031 0.037109 0.212891 0.041016 0.216797 0.050781 0.216797 0.056641 0.212891 0.060547 0.212891 0.060547 0.210938 0.064453 0.207031 0.064453 0.201172 0.066406 0.199219 0.066406 0.195312 0.064453 0.193359 0.062500 0.187500 0.054688 0.187500 0.050781 0.183594 0.050781 0.175781 0.048828 0.173828 0.048828 0.167969 0.046875 0.166016 0.044922 0.166016 0.042969 0.164062
2 0.390625 0.171875 0.388672 0.183594 0.394531 0.193359 0.394531 0.208984 0.390625 0.214844 0.390625 0.224609 0.400391 0.257812 0.414062 0.281250 0.416016 0.292969 0.414062 0.300781 0.416016 0.302734 0.464844 0.300781 0.466797 0.298828 0.464844 0.281250 0.451172 0.267578 0.435547 0.234375 0.416016 0.171875 0.412109 0.169922
2 0.925781 0.185547 0.921875 0.193359 0.931641 0.244141 0.951172 0.412109 0.998047 0.412109 0.998047 0.269531 0.990234 0.257812 0.990234 0.240234 0.982422 0.232422 0.976562 0.187500 0.970703 0.183594
2 0.373047 0.431641 0.367188 0.431641 0.365234 0.433594 0.343750 0.433594 0.341797 0.435547 0.339844 0.435547 0.339844 0.437500 0.337891 0.439453 0.337891 0.445312 0.339844 0.447266 0.339844 0.451172 0.341797 0.453125 0.341797 0.460938 0.343750 0.462891 0.343750 0.472656 0.345703 0.474609 0.345703 0.478516 0.347656 0.480469 0.355469 0.480469 0.357422 0.482422 0.365234 0.482422 0.367188 0.480469 0.376953 0.480469 0.378906 0.478516 0.378906 0.472656 0.376953 0.470703 0.376953 0.458984 0.375000 0.457031 0.375000 0.433594
2 0.146484 0.445312 0.146484 0.455078 0.148438 0.457031 0.148438 0.460938 0.152344 0.460938 0.160156 0.466797 0.160156 0.468750 0.169922 0.486328 0.169922 0.494141 0.171875 0.496094 0.171875 0.501953 0.177734 0.503906 0.181641 0.500000 0.181641 0.498047 0.179688 0.496094 0.179688 0.458984 0.177734 0.457031 0.177734 0.447266 0.175781 0.445312 0.175781 0.443359 0.154297 0.443359 0.152344 0.445312
2 0.357422 0.580078 0.339844 0.593750 0.339844 0.611328 0.351562 0.666016 0.359375 0.732422 0.365234 0.740234 0.376953 0.740234 0.445312 0.726562 0.451172 0.712891 0.443359 0.699219 0.443359 0.677734 0.449219 0.673828 0.453125 0.634766 0.457031 0.628906 0.457031 0.609375 0.447266 0.601562 0.447266 0.585938 0.439453 0.580078
5 0.998047 0.998047 0.947266 0.498047 0.998047 0.482422 0.998047 0.439453 0.937500 0.435547 0.884766 0.000000 0.855469 0.021484 0.886719 0.451172 0.000000 0.556641 0.000000 0.599609 0.896484 0.496094 0.960938 0.980469
