0 0.000000 0.000000 0.000000 0.134766 0.023438 0.128906 0.035156 0.138672 0.083984 0.144531 0.091797 0.132812 0.095703 0.140625 0.101562 0.132812 0.107422 0.105469 0.121094 0.083984 0.121094 0.048828 0.130859 0.031250 0.134766 0.000000
0 0.765625 0.566406 0.710938 0.576172 0.703125 0.675781 0.679688 0.705078 0.673828 0.736328 0.679688 0.783203 0.701172 0.820312 0.677734 0.880859 0.695312 0.960938 0.744141 0.994141 0.775391 0.998047 0.814453 0.978516 0.841797 0.943359 0.841797 0.820312 0.832031 0.804688 0.765625 0.773438 0.802734 0.679688 0.806641 0.636719 0.802734 0.578125
0 0.187500 0.722656 0.171875 0.722656 0.166016 0.728516 0.150391 0.736328 0.138672 0.759766 0.138672 0.765625 0.136719 0.767578 0.140625 0.779297 0.150391 0.789062 0.154297 0.789062 0.156250 0.791016 0.169922 0.791016 0.177734 0.783203 0.185547 0.779297 0.195312 0.779297 0.197266 0.777344 0.201172 0.777344 0.205078 0.773438 0.205078 0.763672 0.207031 0.761719 0.205078 0.742188 0.195312 0.732422 0.193359 0.726562
2 0.167969 0.000000 0.177734 0.011719 0.183594 0.013672 0.189453 0.011719 0.199219 0.015625 0.207031 0.021484 0.207031 0.025391 0.222656 0.035156 0.244141 0.041016 0.261719 0.052734 0.271484 0.050781 0.271484 0.044922 0.291016 0.017578 0.291016 0.011719 0.287109 0.007812 0.285156 0.000000
2 0.396484 0.007812 0.396484 0.033203 0.404297 0.037109 0.417969 0.037109 0.437500 0.042969 0.457031 0.042969 0.464844 0.039062 0.488281 0.041016 0.500000 0.037109 0.503906 0.031250 0.501953 0.000000 0.447266 0.000000 0.445312 0.001953 0.445312 0.009766 0.441406 0.013672 0.423828 0.013672 0.406250 0.003906 0.398438 0.003906
2 0.597656 0.000000 0.595703 0.042969 0.601562 0.056641 0.595703 0.068359 0.591797 0.132812 0.617188 0.128906 0.632812 0.117188 0.658203 0.115234 0.669922 0.099609 0.697266 0.101562 0.701172 0.097656 0.695312 0.000000 0.679688 0.000000 0.677734 0.003906 0.673828 0.000000
2 0.755859 0.000000 0.753906 0.003906 0.755859 0.019531 0.748047 0.029297 0.736328 0.033203 0.734375 0.037109 0.734375 0.076172 0.744141 0.082031 0.744141 0.089844 0.748047 0.093750 0.750000 0.091797 0.771484 0.093750 0.789062 0.089844 0.826172 0.087891 0.828125 0.085938 0.828125 0.046875 0.820312 0.000000
2 0.195312 0.029297 0.189453 0.029297 0.177734 0.041016 0.166016 0.076172 0.162109 0.095703 0.162109 0.109375 0.158203 0.119141 0.158203 0.146484 0.164062 0.148438 0.189453 0.150391 0.193359 0.146484 0.197266 0.117188 0.208984 0.083984 0.208984 0.074219 0.214844 0.052734 0.214844 0.039062 0.210938 0.035156
2 0.380859 0.072266 0.378906 0.072266 0.376953 0.074219 0.371094 0.074219 0.367188 0.078125 0.367188 0.080078 0.365234 0.082031 0.365234 0.099609 0.367188 0.101562 0.367188 0.105469 0.390625 0.105469 0.392578 0.103516 0.392578 0.089844 0.390625 0.087891 0.390625 0.080078 0.384766 0.074219 0.382812 0.074219
2 0.910156 0.083984 0.894531 0.095703 0.896484 0.123047 0.902344 0.130859 0.898438 0.138672 0.902344 0.148438 0.900391 0.158203 0.904297 0.203125 0.910156 0.207031 0.931641 0.207031 0.939453 0.210938 0.982422 0.208984 0.980469 0.167969 0.984375 0.160156 0.980469 0.125000 0.976562 0.121094 0.974609 0.089844 0.958984 0.083984
2 0.828125 0.107422 0.824219 0.103516 0.810547 0.103516 0.808594 0.105469 0.804688 0.105469 0.802734 0.107422 0.787109 0.107422 0.785156 0.109375 0.785156 0.126953 0.791016 0.130859 0.824219 0.130859 0.826172 0.128906 0.830078 0.128906 0.832031 0.126953 0.830078 0.125000 0.830078 0.115234 0.828125 0.113281
2 0.425781 0.115234 0.425781 0.117188 0.421875 0.123047 0.421875 0.130859 0.425781 0.134766 0.427734 0.134766 0.431641 0.138672 0.431641 0.140625 0.435547 0.144531 0.435547 0.146484 0.437500 0.146484 0.439453 0.148438 0.443359 0.148438 0.445312 0.150391 0.451172 0.150391 0.453125 0.148438 0.464844 0.148438 0.466797 0.146484 0.470703 0.146484 0.472656 0.144531 0.474609 0.144531 0.478516 0.140625 0.478516 0.132812 0.476562 0.130859 0.474609 0.117188 0.468750 0.111328 0.462891 0.111328 0.460938 0.109375 0.447266 0.109375 0.445312 0.111328 0.431641 0.111328
2 0.000000 0.136719 0.000000 0.234375 0.011719 0.238281 0.037109 0.240234 0.042969 0.238281 0.044922 0.234375 0.042969 0.230469 0.046875 0.226562 0.082031 0.230469 0.087891 0.220703 0.085938 0.201172 0.087891 0.189453 0.097656 0.181641 0.099609 0.156250 0.083984 0.148438 0.039062 0.144531 0.023438 0.134766
2 0.792969 0.150391 0.792969 0.152344 0.791016 0.154297 0.791016 0.158203 0.789062 0.160156 0.789062 0.191406 0.792969 0.195312 0.794922 0.193359 0.800781 0.193359 0.802734 0.195312 0.806641 0.195312 0.808594 0.193359 0.810547 0.193359 0.812500 0.195312 0.822266 0.195312 0.824219 0.193359 0.830078 0.193359 0.832031 0.191406 0.832031 0.177734 0.830078 0.175781 0.830078 0.169922 0.828125 0.167969 0.828125 0.160156 0.824219 0.156250 0.818359 0.156250 0.810547 0.148438 0.796875 0.148438 0.794922 0.150391
2 0.429688 0.158203 0.425781 0.162109 0.425781 0.173828 0.419922 0.177734 0.410156 0.179688 0.404297 0.193359 0.406250 0.201172 0.404297 0.203125 0.404297 0.216797 0.406250 0.218750 0.406250 0.232422 0.410156 0.240234 0.419922 0.246094 0.439453 0.246094 0.441406 0.244141 0.482422 0.240234 0.484375 0.238281 0.484375 0.205078 0.478516 0.201172 0.484375 0.197266 0.484375 0.171875 0.460938 0.167969 0.451172 0.158203 0.443359 0.156250
2 0.144531 0.171875 0.140625 0.207031 0.134766 0.226562 0.136719 0.242188 0.140625 0.246094 0.167969 0.251953 0.183594 0.251953 0.189453 0.242188 0.224609 0.242188 0.222656 0.234375 0.226562 0.230469 0.244141 0.234375 0.259766 0.232422 0.257812 0.195312 0.253906 0.189453 0.242188 0.187500 0.242188 0.181641 0.232422 0.173828 0.207031 0.171875 0.199219 0.167969 0.187500 0.169922 0.183594 0.166016 0.154297 0.164062
2 0.566406 0.164062 0.562500 0.166016 0.541016 0.166016 0.527344 0.171875 0.529297 0.226562 0.531250 0.228516 0.531250 0.234375 0.535156 0.236328 0.539062 0.236328 0.541016 0.234375 0.554688 0.234375 0.556641 0.232422 0.574219 0.232422 0.576172 0.230469 0.580078 0.230469 0.580078 0.222656 0.576172 0.214844 0.574219 0.199219 0.572266 0.197266 0.572266 0.177734 0.570312 0.175781 0.570312 0.166016
2 0.625000 0.169922 0.619141 0.173828 0.619141 0.183594 0.621094 0.185547 0.621094 0.193359 0.623047 0.195312 0.623047 0.216797 0.625000 0.218750 0.625000 0.226562 0.628906 0.232422 0.630859 0.242188 0.634766 0.246094 0.646484 0.246094 0.648438 0.244141 0.654297 0.244141 0.660156 0.240234 0.660156 0.232422 0.658203 0.230469 0.658203 0.212891 0.656250 0.210938 0.656250 0.203125 0.658203 0.201172 0.658203 0.175781 0.656250 0.171875 0.652344 0.169922
2 0.265625 0.197266 0.263672 0.201172 0.263672 0.216797 0.265625 0.218750 0.265625 0.230469 0.267578 0.232422 0.267578 0.242188 0.269531 0.246094 0.275391 0.246094 0.277344 0.248047 0.283203 0.248047 0.285156 0.250000 0.292969 0.250000 0.294922 0.251953 0.302734 0.251953 0.306641 0.253906 0.308594 0.251953 0.308594 0.214844 0.312500 0.210938 0.312500 0.203125 0.308594 0.201172 0.298828 0.201172 0.296875 0.199219 0.291016 0.199219 0.289062 0.197266 0.281250 0.197266 0.279297 0.195312
2 0.998047 0.271484 0.996094 0.273438 0.994141 0.271484 0.990234 0.273438 0.988281 0.271484 0.984375 0.273438 0.960938 0.273438 0.953125 0.275391 0.949219 0.279297 0.943359 0.277344 0.933594 0.277344 0.931641 0.279297 0.929688 0.314453 0.927734 0.316406 0.927734 0.357422 0.931641 0.363281 0.953125 0.357422 0.998047 0.359375
2 0.902344 0.277344 0.845703 0.275391 0.785156 0.285156 0.742188 0.285156 0.742188 0.341797 0.732422 0.345703 0.705078 0.343750 0.705078 0.361328 0.708984 0.367188 0.740234 0.365234 0.746094 0.361328 0.744141 0.343750 0.769531 0.343750 0.777344 0.351562 0.798828 0.349609 0.798828 0.373047 0.818359 0.375000 0.845703 0.355469 0.902344 0.351562
2 0.097656 0.300781 0.097656 0.304688 0.095703 0.306641 0.095703 0.322266 0.099609 0.328125 0.115234 0.328125 0.125000 0.333984 0.140625 0.333984 0.142578 0.332031 0.142578 0.330078 0.146484 0.324219 0.146484 0.320312 0.148438 0.318359 0.148438 0.310547 0.150391 0.308594 0.148438 0.302734 0.146484 0.302734 0.144531 0.300781 0.134766 0.300781 0.132812 0.298828 0.130859 0.300781 0.128906 0.300781 0.126953 0.298828 0.125000 0.300781 0.123047 0.300781 0.121094 0.298828 0.113281 0.298828 0.111328 0.296875 0.109375 0.298828 0.107422 0.298828 0.105469 0.296875 0.103516 0.298828 0.101562 0.296875
2 0.693359 0.326172 0.685547 0.320312 0.673828 0.318359 0.666016 0.312500 0.646484 0.308594 0.638672 0.302734 0.609375 0.304688 0.601562 0.308594 0.589844 0.322266 0.589844 0.345703 0.595703 0.353516 0.589844 0.365234 0.589844 0.380859 0.597656 0.386719 0.625000 0.390625 0.630859 0.365234 0.638672 0.369141 0.666016 0.367188 0.666016 0.351562 0.669922 0.345703 0.697266 0.339844
2 0.166016 0.306641 0.164062 0.314453 0.148438 0.328125 0.142578 0.365234 0.134766 0.382812 0.134766 0.390625 0.177734 0.396484 0.181641 0.404297 0.191406 0.406250 0.212891 0.406250 0.218750 0.402344 0.232422 0.402344 0.236328 0.390625 0.236328 0.367188 0.244141 0.318359 0.234375 0.314453 0.199219 0.312500 0.177734 0.306641
2 0.523438 0.312500 0.435547 0.328125 0.382812 0.328125 0.375000 0.333984 0.335938 0.326172 0.335938 0.412109 0.347656 0.449219 0.380859 0.451172 0.388672 0.435547 0.400391 0.457031 0.494141 0.457031 0.507812 0.396484 0.503906 0.392578 0.421875 0.386719 0.466797 0.382812 0.468750 0.359375 0.478516 0.349609 0.517578 0.357422
2 0.054688 0.324219 0.052734 0.326172 0.052734 0.333984 0.050781 0.335938 0.050781 0.345703 0.052734 0.347656 0.052734 0.353516 0.054688 0.355469 0.054688 0.359375 0.056641 0.361328 0.066406 0.361328 0.068359 0.363281 0.085938 0.363281 0.085938 0.361328 0.087891 0.359375 0.087891 0.326172 0.085938 0.326172 0.083984 0.324219 0.076172 0.324219 0.074219 0.322266 0.060547 0.322266 0.058594 0.324219
2 0.000000 0.337891 0.000000 0.361328 0.005859 0.361328 0.007812 0.363281 0.019531 0.363281 0.021484 0.365234 0.029297 0.365234 0.031250 0.367188 0.046875 0.367188 0.050781 0.363281 0.050781 0.357422 0.048828 0.355469 0.048828 0.349609 0.046875 0.347656 0.046875 0.345703 0.041016 0.339844 0.033203 0.339844 0.031250 0.337891 0.007812 0.337891 0.005859 0.335938 0.003906 0.337891
2 0.853516 0.375000 0.853516 0.384766 0.855469 0.386719 0.855469 0.390625 0.857422 0.392578 0.859375 0.390625 0.869141 0.390625 0.871094 0.392578 0.873047 0.392578 0.876953 0.398438 0.876953 0.404297 0.878906 0.406250 0.900391 0.406250 0.902344 0.404297 0.904297 0.404297 0.904297 0.386719 0.902344 0.384766 0.902344 0.373047 0.900391 0.371094 0.894531 0.371094 0.892578 0.369141 0.884766 0.369141 0.882812 0.371094 0.857422 0.371094
2 0.646484 0.375000 0.638672 0.384766 0.638672 0.392578 0.644531 0.398438 0.644531 0.402344 0.646484 0.404297 0.646484 0.435547 0.652344 0.439453 0.660156 0.439453 0.667969 0.443359 0.679688 0.443359 0.681641 0.439453 0.681641 0.427734 0.683594 0.425781 0.683594 0.419922 0.685547 0.417969 0.685547 0.414062 0.689453 0.406250 0.689453 0.400391 0.691406 0.398438 0.691406 0.390625 0.683594 0.382812 0.675781 0.380859 0.673828 0.378906 0.669922 0.378906 0.664062 0.375000 0.654297 0.375000 0.652344 0.373047 0.650391 0.375000
2 0.193359 0.412109 0.142578 0.435547 0.107422 0.439453 0.107422 0.464844 0.123047 0.490234 0.109375 0.478516 0.078125 0.486328 0.070312 0.500000 0.072266 0.603516 0.136719 0.615234 0.146484 0.607422 0.148438 0.583984 0.154297 0.601562 0.171875 0.607422 0.201172 0.599609 0.203125 0.583984 0.240234 0.568359 0.218750 0.507812 0.181641 0.521484 0.179688 0.546875 0.175781 0.521484 0.136719 0.523438 0.130859 0.537109 0.146484 0.580078 0.121094 0.566406 0.125000 0.496094 0.130859 0.505859 0.144531 0.505859 0.222656 0.474609
2 0.892578 0.412109 0.890625 0.416016 0.890625 0.423828 0.888672 0.425781 0.888672 0.476562 0.892578 0.480469 0.912109 0.480469 0.914062 0.482422 0.921875 0.482422 0.925781 0.478516 0.925781 0.474609 0.921875 0.466797 0.921875 0.460938 0.923828 0.458984 0.925781 0.443359 0.927734 0.441406 0.927734 0.425781 0.925781 0.421875 0.923828 0.421875 0.919922 0.417969 0.919922 0.416016 0.916016 0.414062 0.908203 0.414062 0.906250 0.412109
2 0.699219 0.437500 0.699219 0.470703 0.701172 0.472656 0.708984 0.472656 0.710938 0.474609 0.718750 0.474609 0.720703 0.476562 0.742188 0.476562 0.746094 0.474609 0.751953 0.466797 0.759766 0.464844 0.765625 0.460938 0.765625 0.451172 0.763672 0.449219 0.761719 0.437500 0.751953 0.427734 0.740234 0.427734 0.730469 0.419922 0.718750 0.419922 0.716797 0.421875 0.712891 0.421875
2 0.576172 0.421875 0.576172 0.423828 0.574219 0.425781 0.574219 0.431641 0.572266 0.433594 0.572266 0.435547 0.574219 0.437500 0.574219 0.451172 0.576172 0.453125 0.576172 0.455078 0.578125 0.455078 0.580078 0.457031 0.583984 0.457031 0.585938 0.458984 0.589844 0.458984 0.591797 0.460938 0.595703 0.460938 0.597656 0.462891 0.601562 0.462891 0.603516 0.464844 0.615234 0.464844 0.621094 0.455078 0.621094 0.451172 0.623047 0.449219 0.623047 0.445312 0.625000 0.443359 0.626953 0.433594 0.623047 0.429688 0.621094 0.429688 0.615234 0.425781 0.605469 0.425781 0.603516 0.423828 0.591797 0.423828 0.589844 0.421875
2 0.947266 0.431641 0.939453 0.457031 0.939453 0.470703 0.937500 0.472656 0.933594 0.505859 0.939453 0.509766 0.955078 0.511719 0.957031 0.513672 0.968750 0.513672 0.970703 0.515625 0.986328 0.513672 0.990234 0.505859 0.990234 0.455078 0.992188 0.453125 0.990234 0.443359 0.978516 0.439453 0.970703 0.439453 0.968750 0.437500 0.958984 0.437500
2 0.388672 0.464844 0.386719 0.472656 0.388672 0.490234 0.410156 0.498047 0.427734 0.498047 0.429688 0.500000 0.423828 0.503906 0.425781 0.529297 0.453125 0.539062 0.468750 0.539062 0.476562 0.535156 0.480469 0.519531 0.480469 0.509766 0.476562 0.505859 0.466797 0.505859 0.443359 0.498047 0.435547 0.500000 0.427734 0.498047 0.431641 0.496094 0.433594 0.484375 0.437500 0.478516 0.435547 0.464844 0.406250 0.460938 0.392578 0.460938
2 0.558594 0.494141 0.558594 0.496094 0.556641 0.498047 0.556641 0.501953 0.552734 0.507812 0.552734 0.515625 0.558594 0.521484 0.560547 0.521484 0.562500 0.523438 0.566406 0.523438 0.572266 0.527344 0.576172 0.527344 0.578125 0.529297 0.585938 0.529297 0.587891 0.531250 0.603516 0.531250 0.605469 0.529297 0.605469 0.527344 0.607422 0.525391 0.607422 0.521484 0.609375 0.519531 0.609375 0.505859 0.607422 0.503906 0.605469 0.503906 0.591797 0.496094 0.587891 0.496094 0.585938 0.494141 0.576172 0.494141 0.574219 0.492188 0.560547 0.492188
2 0.304688 0.507812 0.300781 0.513672 0.300781 0.525391 0.298828 0.527344 0.298828 0.539062 0.296875 0.541016 0.298828 0.548828 0.310547 0.554688 0.314453 0.558594 0.316406 0.566406 0.322266 0.572266 0.335938 0.578125 0.347656 0.587891 0.363281 0.589844 0.367188 0.578125 0.369141 0.558594 0.373047 0.552734 0.373047 0.539062 0.365234 0.535156 0.349609 0.533203 0.333984 0.527344 0.330078 0.523438 0.328125 0.509766 0.324219 0.507812 0.312500 0.507812 0.310547 0.505859
2 0.423828 0.542969 0.417969 0.546875 0.412109 0.556641 0.412109 0.562500 0.404297 0.578125 0.402344 0.589844 0.410156 0.595703 0.414062 0.595703 0.416016 0.597656 0.419922 0.597656 0.421875 0.599609 0.425781 0.599609 0.431641 0.603516 0.439453 0.605469 0.449219 0.593750 0.447266 0.566406 0.451172 0.560547 0.458984 0.558594 0.458984 0.550781 0.457031 0.548828 0.451172 0.548828 0.439453 0.542969
2 0.544922 0.546875 0.541016 0.550781 0.539062 0.554688 0.539062 0.560547 0.537109 0.562500 0.537109 0.572266 0.535156 0.574219 0.535156 0.578125 0.537109 0.580078 0.537109 0.585938 0.539062 0.587891 0.544922 0.587891 0.546875 0.589844 0.554688 0.589844 0.556641 0.591797 0.578125 0.591797 0.580078 0.589844 0.583984 0.589844 0.587891 0.582031 0.587891 0.570312 0.589844 0.568359 0.589844 0.562500 0.587891 0.558594 0.576172 0.552734 0.572266 0.552734 0.570312 0.550781 0.564453 0.550781 0.562500 0.548828 0.546875 0.548828
2 0.306641 0.611328 0.287109 0.572266 0.279297 0.568359 0.257812 0.576172 0.253906 0.582031 0.236328 0.591797 0.236328 0.599609 0.244141 0.613281 0.242188 0.617188 0.224609 0.619141 0.220703 0.625000 0.216797 0.607422 0.187500 0.605469 0.177734 0.613281 0.167969 0.615234 0.166016 0.638672 0.185547 0.650391 0.199219 0.664062 0.212891 0.664062 0.220703 0.654297 0.224609 0.658203 0.228516 0.654297 0.246094 0.650391 0.257812 0.640625 0.263672 0.640625 0.279297 0.628906 0.289062 0.626953
2 0.318359 0.611328 0.314453 0.615234 0.312500 0.619141 0.312500 0.625000 0.308594 0.630859 0.308594 0.642578 0.304688 0.650391 0.304688 0.658203 0.302734 0.662109 0.308594 0.666016 0.314453 0.666016 0.316406 0.667969 0.322266 0.667969 0.324219 0.669922 0.330078 0.669922 0.332031 0.671875 0.339844 0.671875 0.341797 0.673828 0.351562 0.673828 0.355469 0.671875 0.357422 0.667969 0.357422 0.652344 0.359375 0.650391 0.359375 0.632812 0.361328 0.630859 0.361328 0.625000 0.357422 0.619141 0.351562 0.619141 0.349609 0.617188 0.337891 0.615234 0.335938 0.613281 0.330078 0.613281 0.328125 0.611328
2 0.398438 0.611328 0.394531 0.615234 0.394531 0.623047 0.388672 0.634766 0.388672 0.644531 0.396484 0.648438 0.402344 0.648438 0.404297 0.650391 0.408203 0.650391 0.417969 0.656250 0.423828 0.656250 0.431641 0.660156 0.437500 0.660156 0.441406 0.656250 0.441406 0.648438 0.443359 0.646484 0.443359 0.634766 0.447266 0.626953 0.445312 0.621094 0.439453 0.617188 0.429688 0.617188 0.427734 0.615234 0.419922 0.615234 0.417969 0.613281 0.410156 0.613281 0.408203 0.611328
2 0.591797 0.625000 0.591797 0.630859 0.595703 0.638672 0.607422 0.648438 0.626953 0.650391 0.628906 0.652344 0.646484 0.652344 0.652344 0.656250 0.677734 0.662109 0.699219 0.662109 0.701172 0.658203 0.701172 0.644531 0.703125 0.642578 0.703125 0.623047 0.701172 0.619141 0.681641 0.617188 0.662109 0.611328 0.650391 0.613281 0.648438 0.611328 0.632812 0.611328 0.630859 0.609375 0.607422 0.609375
2 0.921875 0.625000 0.917969 0.632812 0.916016 0.654297 0.910156 0.662109 0.902344 0.681641 0.902344 0.693359 0.914062 0.699219 0.921875 0.699219 0.953125 0.708984 0.962891 0.705078 0.974609 0.705078 0.978516 0.671875 0.986328 0.664062 0.998047 0.662109 0.998047 0.638672 0.970703 0.630859 0.957031 0.630859 0.937500 0.625000
2 0.519531 0.648438 0.517578 0.669922 0.498047 0.716797 0.498047 0.732422 0.509766 0.736328 0.498047 0.744141 0.501953 0.771484 0.494141 0.787109 0.496094 0.800781 0.505859 0.806641 0.578125 0.804688 0.580078 0.796875 0.601562 0.794922 0.609375 0.783203 0.605469 0.773438 0.550781 0.769531 0.539062 0.773438 0.525391 0.771484 0.525391 0.765625 0.517578 0.763672 0.509766 0.769531 0.498047 0.759766 0.505859 0.746094 0.517578 0.757812 0.519531 0.751953 0.529297 0.757812 0.533203 0.750000 0.560547 0.750000 0.568359 0.740234 0.568359 0.716797 0.576172 0.691406 0.574219 0.662109 0.546875 0.648438
2 0.023438 0.654297 0.019531 0.671875 0.021484 0.699219 0.072266 0.699219 0.091797 0.707031 0.078125 0.728516 0.076172 0.746094 0.082031 0.753906 0.123047 0.755859 0.138672 0.750000 0.144531 0.738281 0.144531 0.718750 0.150391 0.703125 0.142578 0.689453 0.130859 0.689453 0.125000 0.683594 0.126953 0.666016 0.091797 0.654297 0.083984 0.648438 0.037109 0.650391
2 0.234375 0.707031 0.234375 0.708984 0.232422 0.710938 0.232422 0.732422 0.234375 0.734375 0.234375 0.736328 0.244141 0.736328 0.246094 0.738281 0.273438 0.738281 0.275391 0.736328 0.275391 0.734375 0.277344 0.732422 0.277344 0.728516 0.279297 0.726562 0.279297 0.722656 0.281250 0.720703 0.281250 0.708984 0.279297 0.707031 0.277344 0.701172 0.271484 0.701172 0.269531 0.699219 0.251953 0.699219 0.244141 0.705078
2 0.320312 0.705078 0.318359 0.707031 0.310547 0.708984 0.306641 0.712891 0.304688 0.716797 0.304688 0.722656 0.306641 0.724609 0.308594 0.732422 0.312500 0.736328 0.312500 0.742188 0.316406 0.748047 0.316406 0.751953 0.322266 0.763672 0.326172 0.767578 0.326172 0.769531 0.333984 0.769531 0.353516 0.759766 0.357422 0.755859 0.357422 0.748047 0.353516 0.742188 0.353516 0.736328 0.351562 0.734375 0.351562 0.724609 0.347656 0.716797 0.347656 0.710938 0.343750 0.707031 0.339844 0.707031 0.337891 0.705078
2 0.375000 0.708984 0.375000 0.712891 0.371094 0.718750 0.371094 0.734375 0.373047 0.736328 0.375000 0.734375 0.380859 0.734375 0.382812 0.736328 0.388672 0.736328 0.390625 0.738281 0.394531 0.738281 0.396484 0.740234 0.398438 0.740234 0.400391 0.742188 0.404297 0.742188 0.406250 0.744141 0.417969 0.744141 0.419922 0.742188 0.421875 0.742188 0.421875 0.740234 0.423828 0.738281 0.423828 0.734375 0.425781 0.732422 0.425781 0.722656 0.421875 0.716797 0.417969 0.716797 0.416016 0.714844 0.410156 0.714844 0.408203 0.712891 0.400391 0.712891 0.398438 0.710938 0.392578 0.710938 0.390625 0.708984 0.386719 0.708984 0.384766 0.707031 0.376953 0.707031
2 0.789062 0.716797 0.771484 0.763672 0.775391 0.775391 0.902344 0.820312 0.941406 0.828125 0.980469 0.845703 0.998047 0.845703 0.998047 0.775391 0.912109 0.753906 0.849609 0.732422 0.820312 0.716797
2 0.230469 0.761719 0.230469 0.763672 0.228516 0.765625 0.228516 0.783203 0.232422 0.787109 0.234375 0.785156 0.236328 0.785156 0.238281 0.787109 0.240234 0.785156 0.259766 0.785156 0.261719 0.783203 0.261719 0.779297 0.263672 0.777344 0.263672 0.765625 0.257812 0.759766 0.236328 0.759766 0.234375 0.761719
2 0.333984 0.800781 0.333984 0.802734 0.339844 0.802734 0.341797 0.804688 0.359375 0.804688 0.361328 0.806641 0.378906 0.806641 0.380859 0.808594 0.398438 0.808594 0.398438 0.789062 0.400391 0.785156 0.396484 0.779297 0.390625 0.779297 0.388672 0.777344 0.376953 0.777344 0.375000 0.775391 0.349609 0.775391 0.347656 0.777344 0.347656 0.781250 0.345703 0.783203 0.345703 0.787109 0.343750 0.791016 0.339844 0.794922 0.337891 0.794922
2 0.191406 0.816406 0.183594 0.826172 0.187500 0.837891 0.177734 0.837891 0.167969 0.847656 0.171875 0.861328 0.169922 0.871094 0.179688 0.878906 0.240234 0.894531 0.240234 0.898438 0.210938 0.894531 0.205078 0.919922 0.218750 0.921875 0.224609 0.927734 0.242188 0.933594 0.248047 0.929688 0.251953 0.914062 0.250000 0.898438 0.255859 0.894531 0.259766 0.865234 0.269531 0.855469 0.271484 0.837891 0.253906 0.826172 0.224609 0.814453
2 0.853516 0.822266 0.851562 0.826172 0.851562 0.839844 0.849609 0.841797 0.849609 0.873047 0.857422 0.876953 0.869141 0.876953 0.871094 0.878906 0.882812 0.878906 0.884766 0.880859 0.904297 0.882812 0.908203 0.873047 0.908203 0.839844 0.906250 0.835938 0.882812 0.826172 0.865234 0.824219 0.863281 0.822266
2 0.300781 0.828125 0.300781 0.847656 0.302734 0.847656 0.304688 0.849609 0.314453 0.849609 0.316406 0.851562 0.341797 0.851562 0.341797 0.830078 0.339844 0.828125 0.322266 0.828125 0.320312 0.826172 0.302734 0.826172
2 0.558594 0.830078 0.554688 0.832031 0.554688 0.853516 0.531250 0.867188 0.527344 0.906250 0.529297 0.917969 0.546875 0.929688 0.550781 0.949219 0.554688 0.953125 0.578125 0.958984 0.591797 0.958984 0.593750 0.953125 0.599609 0.960938 0.619141 0.960938 0.625000 0.957031 0.628906 0.900391 0.603516 0.896484 0.611328 0.841797 0.607422 0.835938
2 0.650391 0.837891 0.646484 0.841797 0.646484 0.845703 0.644531 0.847656 0.644531 0.865234 0.650391 0.865234 0.652344 0.867188 0.675781 0.867188 0.679688 0.863281 0.679688 0.861328 0.681641 0.859375 0.681641 0.841797 0.671875 0.841797 0.669922 0.839844 0.656250 0.839844 0.654297 0.837891
2 0.947266 0.843750 0.945312 0.845703 0.945312 0.853516 0.943359 0.855469 0.941406 0.886719 0.939453 0.888672 0.939453 0.898438 0.937500 0.902344 0.945312 0.906250 0.953125 0.914062 0.958984 0.914062 0.960938 0.916016 0.968750 0.916016 0.970703 0.914062 0.974609 0.914062 0.974609 0.908203 0.978516 0.902344 0.978516 0.890625 0.980469 0.888672 0.980469 0.882812 0.982422 0.880859 0.982422 0.875000 0.984375 0.873047 0.982422 0.867188 0.984375 0.865234 0.984375 0.859375 0.986328 0.855469 0.980469 0.851562 0.976562 0.851562 0.964844 0.845703 0.955078 0.845703 0.953125 0.843750
2 0.328125 0.859375 0.324219 0.865234 0.324219 0.886719 0.322266 0.888672 0.322266 0.896484 0.320312 0.898438 0.320312 0.900391 0.322266 0.900391 0.324219 0.902344 0.330078 0.902344 0.332031 0.904297 0.343750 0.904297 0.345703 0.902344 0.345703 0.882812 0.347656 0.880859 0.347656 0.863281 0.341797 0.859375
2 0.332031 0.914062 0.330078 0.943359 0.328125 0.945312 0.330078 0.955078 0.337891 0.955078 0.339844 0.957031 0.384766 0.957031 0.386719 0.958984 0.406250 0.958984 0.410156 0.955078 0.410156 0.937500 0.412109 0.935547 0.412109 0.931641 0.406250 0.925781 0.384766 0.921875 0.369141 0.916016 0.347656 0.914062 0.345703 0.912109 0.333984 0.912109
2 0.855469 0.917969 0.853516 0.919922 0.853516 0.933594 0.851562 0.935547 0.851562 0.949219 0.847656 0.958984 0.847656 0.968750 0.849609 0.970703 0.855469 0.970703 0.857422 0.972656 0.863281 0.972656 0.865234 0.974609 0.871094 0.974609 0.880859 0.978516 0.888672 0.978516 0.890625 0.980469 0.908203 0.978516 0.912109 0.974609 0.912109 0.970703 0.910156 0.968750 0.908203 0.958984 0.904297 0.955078 0.896484 0.939453 0.896484 0.933594 0.888672 0.919922 0.869141 0.917969 0.867188 0.916016
2 0.214844 0.947266 0.210938 0.951172 0.210938 0.976562 0.224609 0.976562 0.226562 0.978516 0.240234 0.978516 0.244141 0.972656 0.244141 0.968750 0.242188 0.966797 0.242188 0.958984 0.244141 0.957031 0.244141 0.949219 0.242188 0.947266 0.242188 0.945312 0.220703 0.945312 0.218750 0.947266
2 0.320312 0.990234 0.320312 0.998047 0.394531 0.998047 0.396484 0.996094 0.396484 0.978516 0.394531 0.976562 0.375000 0.974609 0.357422 0.966797 0.335938 0.964844 0.332031 0.968750 0.330078 0.974609 0.324219 0.980469 0.322266 0.988281
5 0.884766 0.000000 0.845703 0.001953 0.861328 0.236328 0.392578 0.291016 0.000000 0.251953 0.007812 0.289062 0.330078 0.326172 0.552734 0.306641 0.441406 0.785156 0.439453 0.994141 0.472656 0.955078 0.480469 0.775391 0.591797 0.298828 0.998047 0.269531 0.996094 0.226562 0.900391 0.226562
5 0.000000 0.580078 0.001953 0.625000 0.042969 0.632812 0.109375 0.656250 0.158203 0.681641 0.195312 0.726562 0.207031 0.730469 0.222656 0.722656 0.226562 0.707031 0.220703 0.691406 0.185547 0.652344 0.144531 0.628906 0.056641 0.597656 0.033203 0.593750 0.021484 0.582031
5 0.000000 0.904297 0.000000 0.949219 0.015625 0.957031 0.029297 0.968750 0.054688 0.980469 0.076172 0.998047 0.103516 0.998047 0.107422 0.994141 0.111328 0.982422 0.109375 0.974609 0.103516 0.966797 0.093750 0.962891 0.085938 0.955078 0.060547 0.941406 0.037109 0.923828 0.027344 0.921875 0.011719 0.908203
