2 0.646484 0.000000 0.646484 0.005859 0.652344 0.011719 0.658203 0.035156 0.675781 0.074219 0.691406 0.070312 0.703125 0.062500 0.738281 0.052734 0.751953 0.044922 0.781250 0.039062 0.765625 0.000000
2 0.656250 0.390625 0.654297 0.394531 0.654297 0.404297 0.652344 0.406250 0.654297 0.435547 0.660156 0.439453 0.664062 0.439453 0.679688 0.447266 0.705078 0.447266 0.707031 0.445312 0.707031 0.437500 0.705078 0.435547 0.705078 0.427734 0.707031 0.425781 0.705078 0.423828 0.705078 0.410156 0.695312 0.396484 0.693359 0.388672 0.689453 0.386719 0.669922 0.386719 0.667969 0.388672 0.660156 0.388672
2 0.455078 0.392578 0.449219 0.396484 0.449219 0.410156 0.451172 0.412109 0.451172 0.421875 0.453125 0.423828 0.453125 0.445312 0.455078 0.447266 0.455078 0.453125 0.470703 0.453125 0.472656 0.451172 0.478516 0.451172 0.480469 0.449219 0.480469 0.441406 0.478516 0.439453 0.478516 0.419922 0.476562 0.417969 0.476562 0.406250 0.474609 0.404297 0.474609 0.394531 0.472656 0.392578
2 0.501953 0.431641 0.500000 0.433594 0.500000 0.437500 0.501953 0.439453 0.501953 0.449219 0.500000 0.451172 0.494141 0.451172 0.492188 0.453125 0.492188 0.455078 0.494141 0.457031 0.494141 0.470703 0.496094 0.472656 0.496094 0.476562 0.498047 0.476562 0.500000 0.478516 0.523438 0.478516 0.525391 0.476562 0.529297 0.476562 0.531250 0.474609 0.537109 0.474609 0.539062 0.472656 0.539062 0.460938 0.537109 0.458984 0.537109 0.449219 0.535156 0.447266 0.535156 0.443359 0.531250 0.439453 0.531250 0.437500 0.525391 0.433594 0.519531 0.433594 0.517578 0.431641
2 0.916016 0.720703 0.914062 0.718750 0.904297 0.718750 0.902344 0.720703 0.894531 0.720703 0.892578 0.722656 0.886719 0.722656 0.884766 0.724609 0.875000 0.724609 0.873047 0.726562 0.865234 0.726562 0.863281 0.730469 0.865234 0.734375 0.865234 0.763672 0.867188 0.765625 0.898438 0.765625 0.900391 0.763672 0.908203 0.763672 0.910156 0.761719 0.914062 0.761719 0.916016 0.759766
2 0.998047 0.761719 0.990234 0.761719 0.986328 0.757812 0.986328 0.755859 0.982422 0.755859 0.980469 0.753906 0.978516 0.755859 0.966797 0.755859 0.964844 0.757812 0.960938 0.757812 0.957031 0.761719 0.957031 0.775391 0.958984 0.777344 0.958984 0.794922 0.962891 0.800781 0.978516 0.800781 0.980469 0.798828 0.998047 0.798828
2 0.826172 0.785156 0.826172 0.787109 0.824219 0.789062 0.824219 0.802734 0.826172 0.804688 0.826172 0.808594 0.843750 0.808594 0.845703 0.806641 0.853516 0.806641 0.855469 0.804688 0.855469 0.796875 0.853516 0.794922 0.853516 0.785156
2 0.945312 0.818359 0.937500 0.814453 0.917969 0.814453 0.916016 0.816406 0.908203 0.816406 0.906250 0.818359 0.900391 0.818359 0.896484 0.820312 0.896484 0.841797 0.898438 0.843750 0.898438 0.849609 0.902344 0.857422 0.908203 0.863281 0.910156 0.863281 0.912109 0.859375 0.919922 0.859375 0.921875 0.857422 0.925781 0.859375 0.935547 0.859375 0.947266 0.853516 0.949219 0.849609 0.949219 0.833984 0.947266 0.832031 0.947266 0.820312
2 0.861328 0.828125 0.859375 0.826172 0.851562 0.826172 0.849609 0.828125 0.830078 0.828125 0.828125 0.830078 0.826172 0.830078 0.824219 0.832031 0.824219 0.837891 0.822266 0.839844 0.822266 0.847656 0.820312 0.849609 0.820312 0.857422 0.822266 0.859375 0.822266 0.861328 0.824219 0.863281 0.859375 0.863281 0.861328 0.861328 0.865234 0.861328 0.869141 0.857422 0.869141 0.847656 0.865234 0.841797 0.865234 0.837891 0.863281 0.835938 0.863281 0.832031 0.861328 0.830078
2 0.980469 0.863281 0.974609 0.857422 0.953125 0.861328 0.943359 0.869141 0.943359 0.882812 0.941406 0.884766 0.939453 0.882812 0.939453 0.865234 0.937500 0.863281 0.921875 0.863281 0.912109 0.867188 0.910156 0.875000 0.912109 0.876953 0.912109 0.888672 0.916016 0.896484 0.916016 0.908203 0.919922 0.914062 0.943359 0.912109 0.947266 0.906250 0.955078 0.912109 0.957031 0.910156 0.970703 0.910156 0.972656 0.908203 0.986328 0.908203 0.990234 0.906250 0.988281 0.884766 0.982422 0.875000
4 0.000000 0.591797 0.001953 0.996094 0.298828 0.998047 0.285156 0.972656 0.236328 0.976562 0.230469 0.957031 0.207031 0.960938 0.207031 0.937500 0.238281 0.929688 0.246094 0.873047 0.304688 0.849609 0.314453 0.826172 0.310547 0.791016 0.279297 0.783203 0.257812 0.751953 0.255859 0.697266 0.271484 0.671875 0.248047 0.626953 0.216797 0.609375 0.117188 0.601562 0.089844 0.587891
4 0.232422 0.943359 0.230469 0.941406 0.230469 0.943359 0.226562 0.947266 0.224609 0.945312 0.224609 0.943359 0.224609 0.945312 0.220703 0.949219 0.218750 0.949219 0.216797 0.947266 0.216797 0.945312 0.212891 0.949219 0.214844 0.951172 0.216797 0.951172 0.218750 0.949219 0.220703 0.949219 0.222656 0.951172 0.232422 0.951172
4 0.242188 0.947266 0.242188 0.949219 0.244141 0.949219
4 0.246094 0.962891 0.246094 0.966797 0.250000 0.966797 0.251953 0.964844 0.253906 0.966797 0.261719 0.966797 0.263672 0.968750 0.271484 0.968750 0.273438 0.966797 0.277344 0.966797 0.277344 0.964844 0.275391 0.964844 0.273438 0.962891 0.265625 0.962891 0.263672 0.960938 0.261719 0.960938 0.259766 0.962891 0.253906 0.962891 0.251953 0.960938 0.250000 0.960938 0.248047 0.962891
