0 0.000000 0.000000 0.000000 0.683594 0.025391 0.570312 0.052734 0.574219 0.017578 0.791016 0.433594 0.792969 0.664062 0.708984 0.687500 0.734375 0.677734 0.701172 0.761719 0.648438 0.808594 0.888672 0.867188 0.814453 0.896484 0.857422 0.902344 0.796875 0.921875 0.861328 0.976562 0.818359 0.998047 0.849609 0.998047 0.000000
0 0.828125 0.656250 0.820312 0.656250 0.816406 0.652344 0.814453 0.654297 0.812500 0.654297 0.812500 0.669922 0.814453 0.671875 0.816406 0.669922 0.818359 0.669922 0.818359 0.660156 0.820312 0.658203 0.822266 0.658203 0.824219 0.660156 0.824219 0.662109 0.826172 0.662109 0.828125 0.664062 0.828125 0.666016 0.826172 0.667969 0.828125 0.666016 0.830078 0.666016 0.826172 0.662109 0.826172 0.660156 0.828125 0.658203
0 0.843750 0.664062 0.843750 0.667969 0.849609 0.667969 0.845703 0.664062
0 0.767578 0.667969 0.765625 0.669922 0.765625 0.681641 0.767578 0.683594 0.765625 0.685547 0.765625 0.736328 0.767578 0.738281 0.767578 0.740234 0.765625 0.742188 0.765625 0.750000 0.767578 0.750000 0.767578 0.748047 0.769531 0.746094 0.769531 0.742188 0.767578 0.740234 0.767578 0.734375 0.769531 0.732422 0.769531 0.728516 0.767578 0.726562
0 0.705078 0.689453 0.705078 0.691406 0.703125 0.693359 0.703125 0.697266 0.701172 0.699219 0.701172 0.701172 0.703125 0.703125 0.703125 0.705078 0.707031 0.705078 0.708984 0.703125 0.708984 0.695312 0.707031 0.695312 0.705078 0.693359
0 0.804688 0.689453 0.806641 0.689453 0.808594 0.691406 0.810547 0.691406 0.812500 0.689453
0 0.830078 0.691406 0.828125 0.689453 0.826172 0.691406 0.824219 0.691406 0.824219 0.693359 0.826172 0.693359 0.828125 0.691406
0 0.697266 0.703125 0.695312 0.703125 0.695312 0.705078
0 0.716797 0.716797 0.714844 0.718750 0.714844 0.720703 0.716797 0.720703
0 0.658203 0.726562 0.658203 0.730469 0.654297 0.734375 0.656250 0.736328 0.658203 0.736328 0.660156 0.734375 0.660156 0.732422 0.658203 0.730469
0 0.724609 0.767578 0.724609 0.769531 0.728516 0.769531 0.730469 0.771484 0.732422 0.771484 0.734375 0.769531 0.738281 0.769531 0.738281 0.767578 0.734375 0.767578 0.732422 0.765625 0.730469 0.765625 0.728516 0.767578
0 0.748047 0.771484 0.746094 0.771484 0.744141 0.773438 0.744141 0.779297 0.742188 0.781250 0.742188 0.783203 0.744141 0.785156 0.744141 0.787109 0.748047 0.787109 0.748047 0.785156 0.750000 0.783203 0.750000 0.781250 0.748047 0.779297
0 0.767578 0.773438 0.767578 0.775391 0.769531 0.775391
0 0.765625 0.781250 0.765625 0.783203 0.767578 0.783203 0.767578 0.781250
0 0.019531 0.824219 0.000000 0.843750 0.000000 0.998047 0.113281 0.998047 0.117188 0.988281 0.107422 0.976562 0.105469 0.958984 0.093750 0.960938 0.087891 0.972656 0.082031 0.960938 0.083984 0.970703 0.078125 0.972656 0.060547 0.953125 0.041016 0.955078 0.060547 0.925781 0.066406 0.910156 0.064453 0.896484 0.080078 0.876953 0.078125 0.828125 0.064453 0.820312
0 0.703125 0.828125 0.699219 0.835938 0.691406 0.828125 0.689453 0.835938 0.671875 0.835938 0.669922 0.867188 0.648438 0.884766 0.656250 0.892578 0.656250 0.929688 0.664062 0.937500 0.671875 0.970703 0.685547 0.978516 0.675781 0.998047 0.691406 0.998047 0.705078 0.982422 0.716797 0.982422 0.720703 0.968750 0.738281 0.962891 0.732422 0.949219 0.740234 0.945312 0.732422 0.943359 0.732422 0.933594 0.746094 0.939453 0.734375 0.925781 0.746094 0.927734 0.751953 0.908203 0.734375 0.906250 0.732422 0.900391 0.767578 0.892578 0.736328 0.890625 0.734375 0.875000 0.712891 0.875000 0.708984 0.867188 0.697266 0.875000 0.691406 0.851562 0.685547 0.861328 0.677734 0.857422 0.677734 0.847656 0.685547 0.849609 0.695312 0.837891 0.703125 0.843750 0.712891 0.837891 0.724609 0.841797 0.724609 0.832031 0.734375 0.830078
0 0.390625 0.828125 0.388672 0.830078 0.388672 0.843750 0.390625 0.845703 0.386719 0.861328 0.394531 0.865234 0.394531 0.871094 0.398438 0.876953 0.396484 0.882812 0.400391 0.886719 0.400391 0.890625 0.406250 0.892578 0.408203 0.890625 0.404297 0.886719 0.408203 0.878906 0.410156 0.882812 0.416016 0.876953 0.421875 0.884766 0.419922 0.886719 0.421875 0.892578 0.425781 0.890625 0.439453 0.892578 0.435547 0.888672 0.435547 0.878906 0.443359 0.873047 0.443359 0.863281 0.441406 0.861328 0.445312 0.855469 0.439453 0.847656 0.433594 0.832031 0.431641 0.835938 0.425781 0.828125 0.417969 0.828125 0.416016 0.830078 0.404297 0.828125 0.400391 0.837891 0.396484 0.833984 0.398438 0.830078
0 0.671875 0.828125 0.671875 0.830078 0.679688 0.830078 0.677734 0.828125
0 0.949219 0.832031 0.949219 0.833984 0.951172 0.833984
0 0.970703 0.835938 0.970703 0.837891 0.972656 0.839844 0.970703 0.837891
0 0.158203 0.847656 0.156250 0.849609 0.152344 0.849609 0.148438 0.853516 0.148438 0.857422 0.146484 0.859375 0.146484 0.863281 0.148438 0.865234 0.148438 0.869141 0.150391 0.871094 0.150391 0.875000 0.154297 0.878906 0.158203 0.878906 0.160156 0.880859 0.162109 0.878906 0.166016 0.878906 0.169922 0.875000 0.169922 0.871094 0.171875 0.869141 0.171875 0.863281 0.169922 0.861328 0.169922 0.857422 0.167969 0.855469 0.167969 0.853516 0.164062 0.849609 0.160156 0.849609
0 0.232422 0.855469 0.230469 0.853516 0.230469 0.851562 0.228516 0.853516 0.222656 0.853516 0.224609 0.855469 0.228516 0.855469 0.230469 0.857422
0 0.794922 0.855469 0.794922 0.857422 0.796875 0.859375 0.796875 0.861328 0.794922 0.863281 0.796875 0.861328 0.796875 0.859375 0.794922 0.857422
0 0.833984 0.867188 0.832031 0.867188 0.830078 0.869141 0.832031 0.871094 0.833984 0.869141
0 0.250000 0.876953 0.255859 0.876953 0.257812 0.878906 0.269531 0.878906 0.271484 0.876953 0.277344 0.876953 0.273438 0.876953 0.271484 0.875000 0.255859 0.875000 0.253906 0.876953 0.251953 0.875000
0 0.845703 0.876953 0.847656 0.875000 0.849609 0.875000 0.845703 0.875000
0 0.857422 0.876953 0.863281 0.876953 0.861328 0.875000 0.859375 0.875000
0 0.875000 0.875000 0.875000 0.876953 0.876953 0.876953 0.876953 0.875000
0 0.890625 0.875000 0.890625 0.876953 0.894531 0.876953 0.892578 0.875000
0 0.849609 0.882812 0.845703 0.882812 0.843750 0.884766 0.845703 0.884766 0.847656 0.886719 0.849609 0.884766
0 0.078125 0.890625 0.078125 0.892578 0.080078 0.894531 0.082031 0.894531 0.083984 0.892578 0.087891 0.892578 0.089844 0.894531 0.095703 0.894531 0.097656 0.892578 0.103516 0.892578 0.105469 0.894531 0.107422 0.892578 0.119141 0.892578 0.121094 0.894531 0.130859 0.894531 0.132812 0.892578 0.136719 0.896484 0.138672 0.894531 0.138672 0.892578 0.128906 0.892578 0.126953 0.890625 0.125000 0.890625 0.123047 0.892578 0.111328 0.892578 0.109375 0.890625 0.089844 0.890625 0.087891 0.892578 0.085938 0.890625
0 0.164062 0.890625 0.156250 0.890625 0.154297 0.892578 0.150391 0.892578 0.148438 0.894531 0.146484 0.894531 0.142578 0.898438 0.142578 0.902344 0.140625 0.904297 0.140625 0.906250 0.142578 0.908203 0.142578 0.912109 0.146484 0.916016 0.146484 0.921875 0.148438 0.923828 0.148438 0.927734 0.152344 0.931641 0.156250 0.931641 0.158203 0.933594 0.160156 0.933594 0.162109 0.931641 0.166016 0.931641 0.169922 0.927734 0.169922 0.923828 0.171875 0.921875 0.171875 0.916016 0.173828 0.914062 0.173828 0.910156 0.175781 0.908203 0.175781 0.902344 0.173828 0.900391 0.173828 0.896484 0.169922 0.892578 0.166016 0.892578
0 0.226562 0.890625 0.226562 0.892578 0.228516 0.892578 0.230469 0.894531 0.230469 0.896484 0.232422 0.894531 0.232422 0.892578 0.230469 0.890625
0 0.859375 0.890625 0.861328 0.892578 0.863281 0.890625
0 0.908203 0.896484 0.908203 0.906250 0.914062 0.906250 0.914062 0.900391 0.921875 0.906250 0.921875 0.935547 0.917969 0.939453 0.906250 0.937500 0.904297 0.941406 0.898438 0.937500 0.908203 0.949219 0.904297 0.953125 0.890625 0.953125 0.888672 0.957031 0.882812 0.953125 0.892578 0.964844 0.888672 0.968750 0.875000 0.968750 0.880859 0.972656 0.875000 0.976562 0.875000 0.994141 0.880859 0.996094 0.886719 0.992188 0.894531 0.998047 0.943359 0.998047 0.945312 0.994141 0.937500 0.992188 0.935547 0.984375 0.925781 0.980469 0.933594 0.978516 0.939453 0.970703 0.939453 0.937500 0.935547 0.933594 0.935547 0.923828 0.941406 0.917969 0.927734 0.912109 0.923828 0.898438 0.917969 0.902344
0 0.216797 0.900391 0.214844 0.900391 0.212891 0.898438 0.210938 0.898438 0.208984 0.900391 0.203125 0.900391 0.203125 0.908203 0.205078 0.908203 0.207031 0.910156 0.207031 0.908203 0.208984 0.906250 0.214844 0.906250 0.216797 0.904297
0 0.277344 0.900391 0.275391 0.902344 0.269531 0.902344 0.269531 0.904297 0.277344 0.904297
0 0.349609 0.900391 0.347656 0.898438 0.343750 0.898438 0.337891 0.902344 0.337891 0.904297 0.341797 0.906250 0.339844 0.912109 0.343750 0.914062 0.343750 0.916016 0.337891 0.919922 0.341797 0.919922 0.343750 0.921875 0.343750 0.923828 0.339844 0.925781 0.339844 0.927734 0.343750 0.929688 0.341797 0.933594 0.332031 0.935547 0.328125 0.937500 0.326172 0.941406 0.324219 0.941406 0.322266 0.937500 0.318359 0.939453 0.312500 0.937500 0.310547 0.941406 0.308594 0.941406 0.306641 0.937500 0.304688 0.939453 0.310547 0.943359 0.330078 0.943359 0.332031 0.945312 0.333984 0.943359 0.349609 0.943359 0.349609 0.937500 0.351562 0.935547 0.347656 0.931641 0.349609 0.927734 0.345703 0.923828 0.347656 0.919922 0.351562 0.919922 0.349609 0.916016 0.349609 0.912109 0.351562 0.910156
0 0.078125 0.906250 0.078125 0.916016 0.080078 0.917969 0.080078 0.921875 0.076172 0.931641 0.078125 0.935547 0.076172 0.943359 0.080078 0.945312 0.080078 0.949219 0.082031 0.951172 0.083984 0.951172 0.083984 0.945312 0.085938 0.943359 0.089844 0.945312 0.089844 0.951172 0.091797 0.949219 0.091797 0.939453 0.093750 0.937500 0.103516 0.937500 0.105469 0.939453 0.105469 0.943359 0.107422 0.941406 0.105469 0.939453 0.111328 0.935547 0.136719 0.935547 0.138672 0.933594 0.136719 0.929688 0.125000 0.929688 0.119141 0.923828 0.093750 0.923828 0.091797 0.921875 0.089844 0.923828 0.087891 0.921875 0.083984 0.925781 0.082031 0.923828 0.083984 0.919922 0.083984 0.906250 0.080078 0.902344
0 0.187500 0.902344 0.187500 0.912109 0.189453 0.912109 0.189453 0.902344
0 0.228516 0.902344 0.230469 0.904297 0.230469 0.902344
0 0.421875 0.906250 0.421875 0.910156 0.423828 0.910156 0.423828 0.906250
0 0.277344 0.917969 0.294922 0.917969 0.294922 0.916016 0.279297 0.916016
0 0.363281 0.931641 0.361328 0.931641 0.359375 0.933594 0.359375 0.935547 0.361328 0.937500 0.361328 0.943359 0.361328 0.937500 0.363281 0.935547 0.365234 0.935547 0.365234 0.933594
0 0.210938 0.937500 0.210938 0.941406 0.214844 0.945312 0.234375 0.945312 0.236328 0.943359 0.238281 0.945312 0.240234 0.943359 0.248047 0.943359 0.248047 0.941406 0.250000 0.939453 0.248047 0.941406 0.246094 0.941406 0.244141 0.939453 0.244141 0.937500 0.242188 0.937500 0.240234 0.939453 0.238281 0.939453 0.236328 0.937500
0 0.296875 0.937500 0.296875 0.943359 0.294922 0.945312 0.296875 0.947266 0.298828 0.947266 0.298828 0.939453
0 0.218750 0.982422 0.224609 0.986328 0.220703 0.992188 0.230469 0.990234 0.240234 0.994141 0.246094 0.990234 0.251953 0.998047 0.369141 0.998047 0.371094 0.982422 0.365234 0.976562 0.375000 0.972656 0.373047 0.966797 0.367188 0.966797 0.363281 0.960938 0.375000 0.958984 0.373047 0.955078 0.361328 0.958984 0.351562 0.953125 0.291016 0.955078 0.281250 0.953125 0.277344 0.943359 0.277344 0.949219 0.265625 0.951172 0.263672 0.957031 0.281250 0.958984 0.285156 0.962891 0.292969 0.957031 0.296875 0.960938 0.292969 0.968750 0.275391 0.974609 0.253906 0.968750 0.222656 0.968750
0 0.222656 0.955078 0.224609 0.955078 0.226562 0.957031 0.228516 0.957031 0.230469 0.958984 0.232422 0.957031 0.234375 0.957031 0.236328 0.955078 0.238281 0.957031 0.240234 0.957031 0.242188 0.955078 0.244141 0.955078 0.246094 0.957031 0.248047 0.957031 0.248047 0.955078 0.246094 0.953125 0.244141 0.955078 0.242188 0.955078 0.240234 0.953125 0.238281 0.953125 0.236328 0.955078 0.234375 0.953125 0.226562 0.953125 0.224609 0.955078
0 0.876953 0.962891 0.878906 0.962891 0.880859 0.960938 0.876953 0.960938
0 0.783203 0.968750 0.781250 0.970703 0.783203 0.970703 0.785156 0.972656 0.781250 0.976562 0.781250 0.978516 0.783203 0.980469 0.783203 0.982422 0.781250 0.984375 0.781250 0.994141 0.785156 0.998047 0.787109 0.996094 0.787109 0.994141 0.789062 0.992188 0.789062 0.990234 0.791016 0.988281 0.791016 0.986328 0.785156 0.980469 0.787109 0.978516 0.787109 0.976562 0.785156 0.974609 0.785156 0.968750
0 0.998047 0.972656 0.998047 0.978516 0.994141 0.982422 0.992188 0.982422 0.988281 0.978516 0.984375 0.982422 0.986328 0.984375 0.984375 0.986328 0.980469 0.986328 0.980469 0.990234 0.982422 0.992188 0.982422 0.996094 0.980469 0.998047 0.998047 0.998047
0 0.964844 0.986328 0.964844 0.990234 0.970703 0.990234 0.972656 0.992188 0.972656 0.994141 0.968750 0.998047 0.974609 0.998047 0.974609 0.988281 0.972656 0.988281 0.970703 0.990234 0.968750 0.990234
0 0.949219 0.988281 0.949219 0.998047 0.951172 0.998047 0.951172 0.988281
0 0.958984 0.992188 0.957031 0.992188 0.957031 0.998047 0.958984 0.996094
2 0.259766 0.570312 0.210938 0.572266 0.201172 0.578125 0.195312 0.599609 0.195312 0.619141 0.199219 0.634766 0.207031 0.648438 0.207031 0.658203 0.214844 0.666016 0.242188 0.666016 0.240234 0.648438 0.244141 0.640625 0.248047 0.636719 0.261719 0.630859 0.261719 0.621094 0.259766 0.619141 0.259766 0.582031 0.261719 0.574219
2 0.105469 0.744141 0.103516 0.742188 0.097656 0.742188 0.095703 0.744141 0.087891 0.744141 0.085938 0.746094 0.078125 0.746094 0.076172 0.744141 0.070312 0.744141 0.068359 0.746094 0.068359 0.751953 0.066406 0.753906 0.066406 0.767578 0.068359 0.769531 0.068359 0.771484 0.070312 0.773438 0.072266 0.773438 0.082031 0.779297 0.095703 0.779297 0.097656 0.777344 0.097656 0.767578 0.099609 0.765625 0.099609 0.763672 0.105469 0.757812
2 0.308594 0.843750 0.308594 0.857422 0.306641 0.859375 0.306641 0.873047 0.308594 0.875000 0.322266 0.875000 0.324219 0.876953 0.347656 0.876953 0.349609 0.878906 0.355469 0.878906 0.355469 0.865234 0.357422 0.863281 0.357422 0.849609 0.355469 0.847656 0.355469 0.845703 0.353516 0.845703 0.351562 0.843750 0.337891 0.843750 0.335938 0.841797 0.310547 0.841797
2 0.195312 0.849609 0.193359 0.888672 0.203125 0.894531 0.195312 0.927734 0.195312 0.943359 0.207031 0.947266 0.230469 0.947266 0.214844 0.947266 0.208984 0.941406 0.210938 0.935547 0.244141 0.935547 0.250000 0.943359 0.240234 0.945312 0.253906 0.943359 0.255859 0.937500 0.246094 0.923828 0.246094 0.902344 0.242188 0.898438 0.222656 0.896484 0.214844 0.890625 0.216797 0.849609 0.207031 0.845703
2 0.267578 0.888672 0.265625 0.890625 0.265625 0.945312 0.267578 0.947266 0.275391 0.947266 0.275391 0.943359 0.277344 0.941406 0.277344 0.935547 0.275391 0.933594 0.275391 0.931641 0.277344 0.929688 0.277344 0.919922 0.275391 0.917969 0.277344 0.916016 0.277344 0.912109 0.281250 0.906250 0.281250 0.892578 0.277344 0.888672
2 0.328125 0.894531 0.326172 0.937500 0.328125 0.935547 0.333984 0.937500 0.330078 0.935547 0.332031 0.933594 0.341797 0.931641 0.337891 0.927734 0.341797 0.921875 0.335938 0.919922 0.341797 0.916016 0.337891 0.912109 0.339844 0.906250 0.335938 0.902344 0.343750 0.896484 0.347656 0.896484 0.353516 0.906250 0.351562 0.912109 0.353516 0.919922 0.347656 0.921875 0.351562 0.927734 0.349609 0.931641 0.353516 0.935547 0.351562 0.943359 0.332031 0.947266 0.328125 0.945312 0.353516 0.949219 0.355469 0.898438 0.351562 0.894531
2 0.085938 0.900391 0.085938 0.919922 0.091797 0.919922 0.093750 0.921875 0.119141 0.921875 0.121094 0.923828 0.134766 0.923828 0.134766 0.917969 0.136719 0.916016 0.136719 0.902344 0.134766 0.900391 0.126953 0.900391 0.125000 0.898438 0.089844 0.898438 0.087891 0.900391
4 0.656250 0.757812 0.542969 0.794922 0.525391 0.808594 0.447266 0.822266 0.443359 0.832031 0.464844 0.869141 0.435547 0.916016 0.404297 0.927734 0.396484 0.916016 0.402344 0.898438 0.384766 0.886719 0.378906 0.892578 0.380859 0.998047 0.673828 0.998047 0.632812 0.898438 0.652344 0.857422 0.646484 0.822266 0.660156 0.808594
5 0.033203 0.564453 0.000000 0.685547 0.000000 0.832031 0.029297 0.818359 0.181641 0.810547 0.167969 0.992188 0.189453 0.998047 0.193359 0.849609 0.207031 0.816406 0.376953 0.824219 0.390625 0.804688 0.019531 0.800781 0.015625 0.716797 0.050781 0.576172
5 0.025391 0.720703 0.023438 0.720703 0.023438 0.732422 0.023438 0.728516 0.025391 0.726562
