0 0.414062 0.003906 0.417969 0.046875 0.410156 0.052734 0.417969 0.083984 0.429688 0.087891 0.441406 0.132812 0.486328 0.160156 0.496094 0.181641 0.517578 0.177734 0.531250 0.185547 0.525391 0.189453 0.535156 0.197266 0.583984 0.187500 0.607422 0.205078 0.673828 0.171875 0.701172 0.169922 0.703125 0.148438 0.718750 0.134766 0.714844 0.109375 0.652344 0.000000
0 0.460938 0.318359 0.455078 0.324219 0.482422 0.326172 0.484375 0.333984 0.470703 0.335938 0.449219 0.357422 0.462891 0.410156 0.441406 0.416016 0.435547 0.427734 0.445312 0.433594 0.443359 0.472656 0.453125 0.480469 0.441406 0.507812 0.449219 0.513672 0.453125 0.501953 0.464844 0.503906 0.470703 0.492188 0.490234 0.490234 0.503906 0.509766 0.490234 0.519531 0.498047 0.537109 0.560547 0.542969 0.589844 0.537109 0.611328 0.476562 0.605469 0.464844 0.609375 0.443359 0.582031 0.423828 0.542969 0.419922 0.537109 0.398438 0.544922 0.386719 0.531250 0.373047 0.515625 0.322266 0.501953 0.312500
0 0.695312 0.410156 0.679688 0.484375 0.679688 0.527344 0.689453 0.535156 0.738281 0.539062 0.777344 0.550781 0.806641 0.550781 0.830078 0.544922 0.841797 0.515625 0.861328 0.496094 0.857422 0.480469 0.812500 0.427734 0.773438 0.408203 0.763672 0.392578 0.744141 0.394531 0.738281 0.406250 0.728516 0.402344 0.724609 0.408203
0 0.000000 0.558594 0.000000 0.648438 0.042969 0.656250 0.033203 0.683594 0.062500 0.695312 0.078125 0.693359 0.089844 0.658203 0.150391 0.669922 0.158203 0.685547 0.173828 0.691406 0.177734 0.705078 0.183594 0.687500 0.193359 0.685547 0.203125 0.693359 0.208984 0.685547 0.228516 0.689453 0.240234 0.683594 0.257812 0.605469 0.205078 0.597656 0.177734 0.582031 0.083984 0.576172 0.005859 0.554688
0 0.195312 0.703125 0.195312 0.705078 0.201172 0.705078 0.199219 0.703125
0 0.988281 0.705078 0.929688 0.724609 0.914062 0.738281 0.902344 0.742188 0.890625 0.751953 0.890625 0.757812 0.884766 0.759766 0.910156 0.787109 0.916016 0.800781 0.916016 0.814453 0.925781 0.830078 0.931641 0.853516 0.945312 0.863281 0.945312 0.869141 0.953125 0.859375 0.957031 0.867188 0.964844 0.871094 0.998047 0.855469 0.998047 0.710938
0 0.517578 0.734375 0.517578 0.757812 0.566406 0.783203 0.564453 0.798828 0.544922 0.808594 0.552734 0.822266 0.531250 0.830078 0.519531 0.867188 0.531250 0.888672 0.527344 0.904297 0.542969 0.914062 0.605469 0.904297 0.625000 0.875000 0.619141 0.841797 0.632812 0.841797 0.642578 0.857422 0.671875 0.835938 0.697266 0.843750 0.693359 0.857422 0.716797 0.863281 0.740234 0.849609 0.757812 0.824219 0.753906 0.806641 0.742188 0.806641 0.740234 0.789062 0.755859 0.771484 0.738281 0.738281 0.675781 0.722656 0.658203 0.728516 0.654297 0.720703 0.644531 0.722656 0.644531 0.730469 0.621094 0.712891 0.558594 0.707031 0.544922 0.730469
0 0.544922 0.816406 0.542969 0.818359 0.544922 0.818359
0 0.691406 0.863281 0.691406 0.865234 0.693359 0.865234 0.693359 0.863281
2 0.072266 0.000000 0.050781 0.000000 0.046875 0.003906 0.046875 0.007812 0.042969 0.015625 0.037109 0.011719 0.031250 0.011719 0.029297 0.013672 0.021484 0.013672 0.017578 0.015625 0.017578 0.031250 0.019531 0.033203 0.019531 0.041016 0.021484 0.042969 0.021484 0.046875 0.029297 0.052734 0.039062 0.052734 0.041016 0.050781 0.044922 0.050781 0.046875 0.046875 0.052734 0.050781 0.054688 0.048828 0.062500 0.048828 0.064453 0.046875 0.076172 0.044922 0.082031 0.037109 0.082031 0.023438 0.080078 0.021484 0.080078 0.015625 0.076172 0.009766 0.076172 0.005859
2 0.341797 0.000000 0.318359 0.000000 0.304688 0.007812 0.292969 0.009766 0.289062 0.013672 0.291016 0.068359 0.294922 0.074219 0.320312 0.072266 0.332031 0.064453 0.341797 0.062500 0.345703 0.056641 0.357422 0.052734 0.357422 0.044922 0.353516 0.037109 0.351562 0.023438
2 0.437500 0.125000 0.431641 0.101562 0.425781 0.093750 0.417969 0.093750 0.410156 0.087891 0.380859 0.085938 0.367188 0.080078 0.361328 0.070312 0.355469 0.068359 0.304688 0.083984 0.304688 0.089844 0.296875 0.095703 0.267578 0.105469 0.269531 0.123047 0.277344 0.140625 0.294922 0.130859 0.328125 0.123047 0.357422 0.123047 0.365234 0.130859 0.375000 0.152344 0.404297 0.146484 0.419922 0.136719 0.435547 0.132812
2 0.117188 0.093750 0.115234 0.091797 0.101562 0.091797 0.095703 0.095703 0.091797 0.095703 0.089844 0.097656 0.083984 0.097656 0.082031 0.099609 0.080078 0.099609 0.080078 0.101562 0.078125 0.103516 0.078125 0.111328 0.080078 0.113281 0.080078 0.117188 0.082031 0.119141 0.089844 0.119141 0.091797 0.117188 0.101562 0.117188 0.103516 0.115234 0.111328 0.115234 0.113281 0.113281 0.117188 0.113281 0.117188 0.109375 0.119141 0.107422 0.119141 0.097656 0.117188 0.095703
2 0.195312 0.134766 0.193359 0.132812 0.183594 0.132812 0.177734 0.136719 0.158203 0.136719 0.156250 0.138672 0.144531 0.138672 0.140625 0.140625 0.140625 0.152344 0.134766 0.164062 0.134766 0.171875 0.138672 0.175781 0.160156 0.175781 0.162109 0.177734 0.169922 0.177734 0.171875 0.179688 0.177734 0.179688 0.179688 0.177734 0.191406 0.177734 0.195312 0.175781 0.195312 0.158203 0.197266 0.156250 0.197266 0.142578 0.195312 0.140625
2 0.447266 0.140625 0.439453 0.140625 0.437500 0.138672 0.417969 0.148438 0.417969 0.150391 0.392578 0.173828 0.394531 0.191406 0.400391 0.203125 0.416016 0.203125 0.419922 0.207031 0.421875 0.214844 0.429688 0.214844 0.439453 0.208984 0.449219 0.207031 0.464844 0.193359 0.474609 0.191406 0.480469 0.187500 0.480469 0.166016 0.478516 0.162109 0.460938 0.154297 0.453125 0.144531
2 0.386719 0.179688 0.375000 0.171875 0.363281 0.171875 0.361328 0.173828 0.345703 0.175781 0.335938 0.179688 0.306641 0.199219 0.289062 0.205078 0.287109 0.218750 0.291016 0.232422 0.294922 0.236328 0.306641 0.236328 0.322266 0.228516 0.339844 0.224609 0.357422 0.214844 0.382812 0.208984 0.390625 0.205078 0.390625 0.199219 0.386719 0.191406
2 0.599609 0.230469 0.593750 0.226562 0.593750 0.212891 0.585938 0.199219 0.585938 0.195312 0.582031 0.191406 0.570312 0.191406 0.552734 0.199219 0.541016 0.201172 0.527344 0.210938 0.519531 0.210938 0.500000 0.218750 0.500000 0.226562 0.507812 0.240234 0.507812 0.244141 0.511719 0.248047 0.521484 0.248047 0.529297 0.244141 0.554688 0.244141 0.568359 0.236328 0.570312 0.238281 0.568359 0.242188 0.570312 0.246094 0.578125 0.246094 0.599609 0.240234
2 0.240234 0.212891 0.230469 0.208984 0.197266 0.214844 0.195312 0.234375 0.210938 0.238281 0.191406 0.246094 0.123047 0.250000 0.087891 0.246094 0.017578 0.255859 0.000000 0.251953 0.000000 0.302734 0.070312 0.296875 0.136719 0.298828 0.248047 0.287109 0.242188 0.234375 0.224609 0.232422 0.240234 0.226562
2 0.439453 0.236328 0.439453 0.250000 0.443359 0.255859 0.458984 0.253906 0.464844 0.250000 0.468750 0.250000 0.472656 0.246094 0.474609 0.248047 0.474609 0.255859 0.476562 0.257812 0.476562 0.261719 0.480469 0.267578 0.503906 0.263672 0.507812 0.259766 0.507812 0.255859 0.500000 0.240234 0.496094 0.236328 0.492188 0.236328 0.486328 0.240234 0.476562 0.242188 0.474609 0.246094 0.472656 0.244141 0.472656 0.236328 0.466797 0.230469 0.453125 0.230469 0.451172 0.232422 0.445312 0.232422
2 0.431641 0.242188 0.419922 0.242188 0.414062 0.246094 0.410156 0.246094 0.408203 0.248047 0.402344 0.250000 0.402344 0.265625 0.404297 0.267578 0.404297 0.277344 0.408203 0.281250 0.419922 0.281250 0.421875 0.279297 0.431641 0.279297 0.433594 0.277344 0.435547 0.277344 0.435547 0.250000 0.433594 0.248047 0.433594 0.244141
2 0.361328 0.267578 0.343750 0.267578 0.341797 0.269531 0.335938 0.269531 0.333984 0.271484 0.324219 0.273438 0.320312 0.277344 0.318359 0.277344 0.316406 0.281250 0.308594 0.285156 0.308594 0.291016 0.310547 0.292969 0.310547 0.318359 0.312500 0.320312 0.316406 0.318359 0.324219 0.318359 0.326172 0.316406 0.332031 0.316406 0.333984 0.314453 0.339844 0.314453 0.355469 0.306641 0.353516 0.285156 0.363281 0.279297 0.363281 0.269531
2 0.650391 0.300781 0.640625 0.292969 0.615234 0.292969 0.580078 0.308594 0.562500 0.312500 0.558594 0.316406 0.560547 0.324219 0.554688 0.330078 0.544922 0.328125 0.527344 0.316406 0.521484 0.316406 0.517578 0.326172 0.521484 0.341797 0.531250 0.357422 0.533203 0.373047 0.546875 0.384766 0.562500 0.384766 0.576172 0.378906 0.578125 0.367188 0.582031 0.363281 0.587891 0.369141 0.591797 0.361328 0.591797 0.367188 0.599609 0.369141 0.605469 0.361328 0.628906 0.353516 0.660156 0.330078 0.660156 0.322266
2 0.710938 0.339844 0.710938 0.351562 0.744141 0.384766 0.757812 0.386719 0.763672 0.380859 0.775391 0.404297 0.787109 0.406250 0.808594 0.400391 0.828125 0.431641 0.845703 0.427734 0.845703 0.414062 0.833984 0.398438 0.824219 0.392578 0.820312 0.396484 0.808594 0.394531 0.830078 0.376953 0.855469 0.363281 0.855469 0.353516 0.847656 0.339844 0.818359 0.339844 0.808594 0.345703 0.802734 0.355469 0.794922 0.355469 0.789062 0.361328 0.755859 0.324219 0.740234 0.326172 0.726562 0.335938
2 0.998047 0.324219 0.980469 0.326172 0.964844 0.333984 0.968750 0.361328 0.976562 0.371094 0.984375 0.375000 0.984375 0.380859 0.976562 0.382812 0.964844 0.396484 0.949219 0.396484 0.939453 0.400391 0.953125 0.431641 0.968750 0.453125 0.968750 0.457031 0.984375 0.472656 0.998047 0.464844
2 0.363281 0.359375 0.349609 0.359375 0.347656 0.361328 0.339844 0.361328 0.337891 0.363281 0.332031 0.363281 0.330078 0.365234 0.326172 0.365234 0.322266 0.369141 0.322266 0.371094 0.324219 0.373047 0.324219 0.380859 0.326172 0.382812 0.326172 0.392578 0.330078 0.398438 0.337891 0.398438 0.339844 0.396484 0.343750 0.396484 0.345703 0.394531 0.355469 0.394531 0.357422 0.392578 0.365234 0.392578 0.367188 0.390625 0.371094 0.390625 0.375000 0.386719 0.373047 0.384766 0.373047 0.380859 0.371094 0.378906 0.371094 0.376953 0.369141 0.376953 0.365234 0.371094 0.365234 0.361328
2 0.451172 0.378906 0.449219 0.378906 0.447266 0.376953 0.441406 0.376953 0.435547 0.380859 0.431641 0.380859 0.429688 0.382812 0.425781 0.382812 0.423828 0.384766 0.419922 0.384766 0.417969 0.386719 0.416016 0.386719 0.412109 0.390625 0.416016 0.396484 0.416016 0.400391 0.417969 0.402344 0.417969 0.412109 0.419922 0.414062 0.431641 0.414062 0.433594 0.412109 0.445312 0.412109 0.447266 0.410156 0.460938 0.410156 0.460938 0.402344 0.457031 0.398438 0.457031 0.396484 0.455078 0.394531 0.455078 0.388672 0.453125 0.386719 0.453125 0.382812 0.451172 0.380859
2 0.359375 0.400391 0.359375 0.412109 0.361328 0.414062 0.361328 0.419922 0.363281 0.421875 0.363281 0.427734 0.367188 0.431641 0.375000 0.431641 0.376953 0.429688 0.382812 0.429688 0.384766 0.427734 0.388672 0.427734 0.394531 0.423828 0.404297 0.421875 0.414062 0.414062 0.414062 0.406250 0.412109 0.408203 0.408203 0.408203 0.406250 0.406250 0.404297 0.406250 0.400391 0.402344 0.400391 0.396484 0.396484 0.392578 0.378906 0.392578 0.376953 0.394531 0.371094 0.394531 0.369141 0.396484 0.363281 0.396484
2 0.316406 0.451172 0.318359 0.453125 0.318359 0.464844 0.322266 0.472656 0.322266 0.490234 0.328125 0.496094 0.341797 0.498047 0.353516 0.503906 0.365234 0.503906 0.371094 0.500000 0.371094 0.492188 0.373047 0.490234 0.373047 0.466797 0.380859 0.458984 0.380859 0.445312 0.378906 0.443359 0.347656 0.443359 0.345703 0.445312 0.332031 0.445312 0.330078 0.447266 0.322266 0.447266
2 0.144531 0.550781 0.144531 0.554688 0.142578 0.556641 0.142578 0.562500 0.138672 0.570312 0.140625 0.576172 0.156250 0.576172 0.158203 0.578125 0.177734 0.578125 0.179688 0.580078 0.185547 0.580078 0.187500 0.582031 0.195312 0.582031 0.197266 0.580078 0.197266 0.574219 0.199219 0.572266 0.199219 0.558594 0.195312 0.552734 0.191406 0.550781 0.179688 0.550781 0.177734 0.548828 0.167969 0.548828 0.166016 0.546875 0.160156 0.546875 0.158203 0.544922 0.150391 0.544922
2 0.332031 0.546875 0.332031 0.562500 0.330078 0.564453 0.330078 0.574219 0.335938 0.578125 0.345703 0.578125 0.347656 0.580078 0.378906 0.582031 0.380859 0.583984 0.390625 0.583984 0.392578 0.585938 0.400391 0.585938 0.402344 0.583984 0.402344 0.570312 0.404297 0.568359 0.404297 0.558594 0.398438 0.554688 0.392578 0.554688 0.390625 0.552734 0.375000 0.550781 0.373047 0.548828 0.353516 0.546875 0.351562 0.544922 0.333984 0.544922
2 0.427734 0.560547 0.423828 0.564453 0.421875 0.574219 0.410156 0.593750 0.410156 0.597656 0.408203 0.599609 0.408203 0.609375 0.416016 0.611328 0.417969 0.613281 0.423828 0.613281 0.425781 0.615234 0.441406 0.615234 0.443359 0.613281 0.457031 0.613281 0.460938 0.611328 0.462891 0.601562 0.472656 0.585938 0.472656 0.576172 0.464844 0.574219 0.455078 0.568359 0.445312 0.566406 0.437500 0.560547
2 0.908203 0.574219 0.876953 0.578125 0.871094 0.582031 0.849609 0.582031 0.843750 0.583984 0.839844 0.589844 0.847656 0.605469 0.847656 0.623047 0.853516 0.636719 0.853516 0.646484 0.847656 0.660156 0.857422 0.675781 0.871094 0.685547 0.871094 0.689453 0.886719 0.687500 0.919922 0.669922 0.941406 0.662109 0.947266 0.656250 0.947266 0.644531 0.941406 0.628906 0.933594 0.619141 0.929688 0.605469 0.917969 0.589844 0.914062 0.578125
2 0.324219 0.621094 0.324219 0.626953 0.312500 0.644531 0.312500 0.650391 0.310547 0.652344 0.310547 0.669922 0.314453 0.673828 0.318359 0.673828 0.343750 0.683594 0.349609 0.683594 0.363281 0.689453 0.373047 0.689453 0.376953 0.683594 0.376953 0.677734 0.375000 0.675781 0.375000 0.671875 0.371094 0.667969 0.371094 0.660156 0.380859 0.644531 0.380859 0.640625 0.357422 0.634766 0.337891 0.625000
2 0.539062 0.628906 0.533203 0.638672 0.535156 0.679688 0.539062 0.683594 0.560547 0.689453 0.564453 0.693359 0.568359 0.693359 0.572266 0.697266 0.576172 0.697266 0.589844 0.705078 0.601562 0.708984 0.609375 0.708984 0.626953 0.671875 0.625000 0.660156 0.607422 0.652344 0.597656 0.652344 0.583984 0.642578 0.574219 0.640625 0.564453 0.634766
2 0.089844 0.666016 0.089844 0.673828 0.087891 0.675781 0.087891 0.689453 0.091797 0.691406 0.097656 0.691406 0.099609 0.693359 0.103516 0.693359 0.113281 0.699219 0.123047 0.699219 0.125000 0.701172 0.138672 0.701172 0.140625 0.699219 0.140625 0.695312 0.144531 0.687500 0.150391 0.679688 0.150391 0.673828 0.142578 0.669922 0.134766 0.669922 0.132812 0.667969 0.115234 0.666016 0.107422 0.662109 0.093750 0.662109
2 0.453125 0.669922 0.427734 0.660156 0.416016 0.660156 0.382812 0.679688 0.376953 0.693359 0.378906 0.703125 0.367188 0.705078 0.361328 0.710938 0.351562 0.742188 0.365234 0.767578 0.394531 0.771484 0.400391 0.775391 0.416016 0.775391 0.431641 0.748047 0.433594 0.732422 0.431641 0.728516 0.410156 0.718750 0.416016 0.716797 0.427734 0.722656 0.437500 0.722656 0.441406 0.710938 0.453125 0.697266
2 0.281250 0.671875 0.277344 0.677734 0.277344 0.685547 0.273438 0.695312 0.271484 0.716797 0.289062 0.730469 0.304688 0.738281 0.326172 0.740234 0.328125 0.742188 0.335938 0.740234 0.339844 0.732422 0.339844 0.724609 0.345703 0.716797 0.351562 0.699219 0.347656 0.695312 0.339844 0.695312 0.332031 0.691406 0.328125 0.687500 0.310547 0.679688 0.306641 0.675781 0.294922 0.673828 0.292969 0.671875
2 0.832031 0.673828 0.818359 0.673828 0.792969 0.689453 0.787109 0.687500 0.779297 0.689453 0.761719 0.707031 0.746094 0.732422 0.746094 0.740234 0.771484 0.767578 0.792969 0.767578 0.802734 0.763672 0.810547 0.755859 0.820312 0.753906 0.853516 0.720703 0.853516 0.716797 0.839844 0.703125 0.841797 0.701172 0.837891 0.679688
2 0.066406 0.699219 0.060547 0.710938 0.060547 0.714844 0.052734 0.722656 0.046875 0.724609 0.044922 0.726562 0.044922 0.730469 0.039062 0.736328 0.039062 0.757812 0.042969 0.761719 0.052734 0.765625 0.064453 0.775391 0.068359 0.775391 0.076172 0.779297 0.091797 0.779297 0.095703 0.771484 0.097656 0.746094 0.101562 0.740234 0.101562 0.728516 0.097656 0.724609 0.097656 0.708984 0.089844 0.701172 0.070312 0.701172
2 0.123047 0.712891 0.119141 0.716797 0.119141 0.732422 0.121094 0.734375 0.119141 0.769531 0.121094 0.773438 0.125000 0.771484 0.152344 0.785156 0.169922 0.789062 0.183594 0.798828 0.195312 0.798828 0.201172 0.787109 0.214844 0.740234 0.210938 0.730469 0.203125 0.724609 0.201172 0.726562 0.181641 0.724609 0.173828 0.714844 0.136719 0.710938 0.128906 0.718750
2 0.253906 0.740234 0.253906 0.750000 0.251953 0.751953 0.251953 0.761719 0.255859 0.767578 0.265625 0.771484 0.283203 0.785156 0.294922 0.791016 0.304688 0.792969 0.310547 0.796875 0.324219 0.798828 0.326172 0.794922 0.333984 0.789062 0.337891 0.781250 0.335938 0.779297 0.332031 0.779297 0.328125 0.775391 0.300781 0.763672 0.296875 0.759766 0.275391 0.748047 0.257812 0.734375
2 0.050781 0.794922 0.044922 0.804688 0.044922 0.822266 0.048828 0.826172 0.050781 0.826172 0.060547 0.832031 0.064453 0.832031 0.066406 0.833984 0.070312 0.833984 0.076172 0.837891 0.080078 0.837891 0.082031 0.839844 0.083984 0.839844 0.087891 0.833984 0.087891 0.826172 0.089844 0.824219 0.089844 0.818359 0.095703 0.810547 0.095703 0.802734 0.085938 0.796875 0.078125 0.796875 0.076172 0.794922 0.064453 0.794922 0.062500 0.792969 0.058594 0.792969 0.056641 0.794922
2 0.365234 0.792969 0.361328 0.794922 0.359375 0.798828 0.359375 0.808594 0.343750 0.832031 0.341797 0.851562 0.343750 0.853516 0.343750 0.857422 0.373047 0.863281 0.388672 0.857422 0.396484 0.847656 0.404297 0.841797 0.406250 0.835938 0.402344 0.833984 0.404297 0.832031 0.408203 0.832031 0.412109 0.828125 0.416016 0.818359 0.410156 0.816406 0.400391 0.808594 0.392578 0.806641 0.384766 0.800781 0.380859 0.800781 0.376953 0.796875 0.373047 0.796875
2 0.224609 0.816406 0.224609 0.826172 0.238281 0.830078 0.251953 0.841797 0.265625 0.847656 0.283203 0.845703 0.302734 0.857422 0.308594 0.865234 0.310547 0.865234 0.322266 0.851562 0.322266 0.847656 0.310547 0.839844 0.294922 0.832031 0.291016 0.832031 0.269531 0.818359 0.257812 0.814453 0.248047 0.808594 0.232422 0.806641
2 0.777344 0.830078 0.767578 0.837891 0.757812 0.853516 0.751953 0.857422 0.753906 0.861328 0.748047 0.863281 0.736328 0.876953 0.730469 0.880859 0.730469 0.892578 0.746094 0.906250 0.769531 0.896484 0.775391 0.890625 0.773438 0.884766 0.775391 0.882812 0.787109 0.890625 0.792969 0.890625 0.806641 0.875000 0.802734 0.853516
2 0.341797 0.865234 0.332031 0.888672 0.339844 0.902344 0.345703 0.908203 0.349609 0.908203 0.367188 0.929688 0.380859 0.937500 0.396484 0.939453 0.404297 0.949219 0.416016 0.955078 0.447266 0.953125 0.455078 0.935547 0.455078 0.925781 0.439453 0.906250 0.429688 0.902344 0.423828 0.908203 0.417969 0.902344 0.410156 0.900391 0.394531 0.882812 0.382812 0.878906 0.373047 0.869141 0.353516 0.863281
2 0.000000 0.867188 0.000000 0.927734 0.003906 0.939453 0.015625 0.941406 0.013672 0.939453 0.015625 0.937500 0.029297 0.939453 0.033203 0.935547 0.050781 0.951172 0.076172 0.962891 0.083984 0.962891 0.097656 0.951172 0.111328 0.923828 0.107422 0.917969 0.099609 0.917969 0.091797 0.908203 0.031250 0.871094
2 0.681641 0.927734 0.681641 0.935547 0.685547 0.939453 0.687500 0.939453 0.693359 0.945312 0.695312 0.951172 0.699219 0.955078 0.705078 0.955078 0.707031 0.953125 0.712891 0.953125 0.718750 0.949219 0.724609 0.949219 0.726562 0.947266 0.732422 0.947266 0.732422 0.939453 0.730469 0.939453 0.728516 0.937500 0.722656 0.937500 0.707031 0.921875 0.705078 0.921875 0.703125 0.919922 0.693359 0.919922 0.689453 0.923828 0.687500 0.923828
2 0.789062 0.921875 0.787109 0.925781 0.787109 0.953125 0.794922 0.970703 0.794922 0.976562 0.781250 0.986328 0.783203 0.998047 0.853516 0.998047 0.849609 0.980469 0.841797 0.968750 0.841797 0.957031 0.837891 0.953125 0.828125 0.953125 0.800781 0.921875
2 0.695312 0.958984 0.679688 0.947266 0.666016 0.947266 0.662109 0.951172 0.658203 0.958984 0.650391 0.966797 0.648438 0.966797 0.640625 0.974609 0.636719 0.974609 0.626953 0.982422 0.625000 0.982422 0.621094 0.988281 0.621094 0.992188 0.625000 0.996094 0.625000 0.998047 0.667969 0.998047 0.671875 0.994141 0.677734 0.992188 0.683594 0.986328 0.685547 0.986328 0.699219 0.972656 0.699219 0.968750 0.697266 0.966797
4 0.771484 0.187500 0.763672 0.181641 0.755859 0.179688 0.722656 0.195312 0.705078 0.208984 0.658203 0.232422 0.642578 0.246094 0.644531 0.263672 0.662109 0.273438 0.673828 0.269531 0.720703 0.242188 0.775391 0.218750 0.779297 0.214844 0.779297 0.205078
4 0.439453 0.845703 0.433594 0.859375 0.417969 0.878906 0.417969 0.890625 0.421875 0.894531 0.435547 0.898438 0.449219 0.906250 0.453125 0.914062 0.476562 0.937500 0.482422 0.939453 0.492188 0.937500 0.494141 0.931641 0.505859 0.919922 0.511719 0.904297 0.523438 0.898438 0.525391 0.894531 0.523438 0.878906 0.470703 0.845703 0.460938 0.843750
5 0.195312 0.000000 0.253906 0.189453 0.000000 0.240234 0.257812 0.210938 0.289062 0.451172 0.267578 0.611328 0.158203 0.927734 0.000000 0.849609 0.152344 0.947266 0.132812 0.998047 0.171875 0.951172 0.267578 0.998047 0.179688 0.933594 0.250000 0.734375 0.437500 0.812500 0.257812 0.708984 0.287109 0.605469 0.503906 0.677734 0.287109 0.583984 0.294922 0.349609 0.529297 0.289062 0.294922 0.328125 0.263672 0.134766
5 0.656250 0.001953 0.716797 0.109375 0.720703 0.140625 0.773438 0.187500 0.822266 0.289062 0.888672 0.361328 0.962891 0.488281 0.998047 0.519531 0.998047 0.500000 0.933594 0.412109 0.906250 0.349609 0.869141 0.318359 0.998047 0.257812 0.998047 0.242188 0.859375 0.302734 0.724609 0.111328 0.675781 0.009766
5 0.867188 0.683594 0.851562 0.691406 0.859375 0.716797 0.763672 0.808594 0.751953 0.839844 0.634766 0.951172 0.587891 0.951172 0.558594 0.998047 0.574219 0.998047 0.599609 0.968750 0.634766 0.974609 0.867188 0.736328 0.957031 0.968750 0.976562 0.998047 0.998047 0.998047 0.908203 0.787109 0.882812 0.759766 0.892578 0.748047
