0 0.000000 0.000000 0.000000 0.072266 0.257812 0.060547 0.316406 0.072266 0.371094 0.128906 0.402344 0.101562 0.455078 0.099609 0.509766 0.166016 0.589844 0.164062 0.609375 0.115234 0.675781 0.130859 0.705078 0.029297 0.853516 0.052734 0.849609 0.099609 0.957031 0.070312 0.968750 0.109375 0.998047 0.115234 0.998047 0.000000
0 0.283203 0.097656 0.283203 0.099609 0.287109 0.103516 0.289062 0.101562 0.292969 0.101562 0.292969 0.095703 0.285156 0.095703
0 0.400391 0.138672 0.402344 0.140625 0.404297 0.140625 0.404297 0.138672
0 0.421875 0.167969 0.417969 0.167969 0.416016 0.166016 0.416016 0.154297 0.414062 0.152344 0.414062 0.148438 0.416016 0.146484 0.414062 0.144531 0.412109 0.146484 0.414062 0.150391 0.410156 0.154297 0.406250 0.154297 0.402344 0.148438 0.404297 0.144531 0.402344 0.144531 0.402344 0.146484 0.396484 0.152344 0.388672 0.154297 0.386719 0.156250 0.376953 0.156250 0.373047 0.160156 0.369141 0.152344 0.369141 0.164062 0.361328 0.167969 0.380859 0.167969 0.382812 0.169922 0.386719 0.167969 0.390625 0.169922 0.416016 0.169922 0.417969 0.167969
0 0.792969 0.439453 0.792969 0.476562 0.802734 0.484375 0.800781 0.509766 0.808594 0.509766 0.820312 0.496094 0.845703 0.503906 0.853516 0.515625 0.859375 0.509766 0.904297 0.509766 0.908203 0.537109 0.912109 0.537109 0.912109 0.525391 0.927734 0.523438 0.941406 0.496094 0.951172 0.500000 0.953125 0.513672 0.960938 0.521484 0.988281 0.515625 0.998047 0.501953 0.998047 0.490234 0.980469 0.482422 0.998047 0.480469 0.998047 0.441406 0.988281 0.421875 0.916016 0.419922 0.896484 0.427734 0.888672 0.419922 0.869141 0.417969 0.849609 0.425781 0.804688 0.427734
0 0.683594 0.437500 0.681641 0.441406 0.685547 0.453125 0.683594 0.472656 0.689453 0.468750 0.697266 0.476562 0.695312 0.494141 0.699219 0.509766 0.705078 0.513672 0.718750 0.513672 0.720703 0.515625 0.748047 0.513672 0.750000 0.511719 0.750000 0.441406 0.738281 0.437500 0.722656 0.437500 0.707031 0.431641 0.691406 0.433594
0 0.109375 0.746094 0.111328 0.763672 0.150391 0.769531 0.154297 0.792969 0.210938 0.804688 0.199219 0.824219 0.210938 0.814453 0.214844 0.824219 0.218750 0.812500 0.232422 0.818359 0.253906 0.783203 0.271484 0.802734 0.292969 0.804688 0.332031 0.777344 0.488281 0.759766 0.476562 0.591797 0.332031 0.580078 0.250000 0.589844 0.207031 0.580078 0.171875 0.609375 0.173828 0.685547 0.189453 0.732422 0.175781 0.742188 0.167969 0.736328 0.166016 0.748047 0.162109 0.736328 0.158203 0.748047 0.154297 0.734375 0.121094 0.732422
0 0.144531 0.673828 0.142578 0.671875 0.136719 0.677734 0.140625 0.677734 0.142578 0.675781 0.144531 0.675781
0 0.125000 0.681641 0.126953 0.683594 0.128906 0.681641 0.130859 0.681641 0.128906 0.679688 0.126953 0.679688
0 0.121094 0.722656 0.121094 0.724609 0.123047 0.724609 0.123047 0.722656
0 0.144531 0.791016 0.142578 0.792969 0.142578 0.794922 0.144531 0.796875 0.144531 0.800781 0.146484 0.800781 0.146484 0.798828 0.148438 0.796875 0.146484 0.794922 0.146484 0.791016
0 0.191406 0.812500 0.189453 0.812500 0.187500 0.814453 0.191406 0.814453
1 0.000000 0.267578 0.537109 0.281250 0.589844 0.185547 0.570312 0.175781 0.470703 0.171875 0.173828 0.179688 0.000000 0.169922
1 0.619141 0.300781 0.621094 0.310547 0.718750 0.339844 0.738281 0.337891 0.761719 0.349609 0.792969 0.351562 0.814453 0.363281 0.931641 0.373047 0.949219 0.361328 0.970703 0.369141 0.998047 0.361328 0.998047 0.263672 0.896484 0.253906 0.703125 0.208984 0.658203 0.226562
1 0.392578 0.355469 0.398438 0.429688 0.402344 0.439453 0.427734 0.437500 0.441406 0.431641 0.460938 0.427734 0.466797 0.423828 0.464844 0.357422 0.460938 0.353516 0.400391 0.353516
1 0.369141 0.392578 0.345703 0.378906 0.000000 0.380859 0.000000 0.527344 0.130859 0.480469 0.365234 0.437500 0.373047 0.431641
2 0.697266 0.035156 0.679688 0.130859 0.681641 0.140625 0.816406 0.158203 0.830078 0.164062 0.839844 0.162109 0.847656 0.097656 0.855469 0.072266 0.853516 0.054688 0.710938 0.031250
2 0.677734 0.439453 0.669922 0.431641 0.658203 0.427734 0.652344 0.421875 0.628906 0.423828 0.617188 0.433594 0.615234 0.431641 0.611328 0.433594 0.576172 0.433594 0.572266 0.437500 0.582031 0.480469 0.585938 0.476562 0.601562 0.482422 0.599609 0.494141 0.603516 0.501953 0.638672 0.498047 0.638672 0.484375 0.642578 0.480469 0.675781 0.476562 0.681641 0.460938 0.681641 0.451172
2 0.755859 0.443359 0.755859 0.445312 0.753906 0.447266 0.753906 0.468750 0.755859 0.470703 0.755859 0.474609 0.757812 0.476562 0.757812 0.478516 0.759766 0.480469 0.767578 0.480469 0.769531 0.478516 0.789062 0.478516 0.791016 0.476562 0.791016 0.462891 0.789062 0.460938 0.789062 0.443359 0.787109 0.441406 0.759766 0.441406 0.757812 0.443359
2 0.843750 0.460938 0.841797 0.458984 0.835938 0.458984 0.833984 0.460938 0.806641 0.460938 0.806641 0.462891 0.804688 0.464844 0.804688 0.480469 0.806641 0.482422 0.808594 0.488281 0.810547 0.488281 0.816406 0.492188 0.841797 0.492188 0.843750 0.490234
2 0.529297 0.462891 0.527344 0.466797 0.527344 0.484375 0.525391 0.486328 0.525391 0.505859 0.527344 0.507812 0.566406 0.507812 0.570312 0.503906 0.570312 0.500000 0.568359 0.498047 0.568359 0.472656 0.570312 0.470703 0.570312 0.462891 0.568359 0.460938 0.535156 0.460938 0.533203 0.462891
2 0.472656 0.484375 0.457031 0.464844 0.425781 0.480469 0.382812 0.484375 0.378906 0.498047 0.369141 0.490234 0.304688 0.501953 0.314453 0.529297 0.306641 0.544922 0.302734 0.537109 0.267578 0.537109 0.265625 0.517578 0.234375 0.515625 0.230469 0.572266 0.263672 0.574219 0.269531 0.562500 0.273438 0.576172 0.287109 0.582031 0.310547 0.570312 0.376953 0.576172 0.378906 0.535156 0.339844 0.537109 0.316406 0.527344 0.376953 0.529297 0.380859 0.517578 0.386719 0.531250 0.419922 0.525391 0.462891 0.535156 0.384766 0.535156 0.386719 0.574219 0.474609 0.580078 0.472656 0.535156 0.460938 0.533203 0.470703 0.529297
2 0.857422 0.513672 0.857422 0.531250 0.859375 0.533203 0.859375 0.546875 0.863281 0.554688 0.878906 0.554688 0.882812 0.552734 0.884766 0.554688 0.890625 0.554688 0.898438 0.558594 0.908203 0.558594 0.910156 0.556641 0.912109 0.548828 0.908203 0.544922 0.908203 0.541016 0.906250 0.539062 0.906250 0.529297 0.904297 0.527344 0.904297 0.511719 0.894531 0.511719 0.892578 0.509766 0.878906 0.509766 0.876953 0.511719 0.859375 0.511719
2 0.701172 0.519531 0.697266 0.527344 0.699219 0.529297 0.697266 0.613281 0.701172 0.617188 0.767578 0.615234 0.769531 0.611328 0.767578 0.548828 0.771484 0.539062 0.785156 0.546875 0.789062 0.535156 0.787109 0.527344 0.773438 0.523438 0.765625 0.517578 0.728516 0.523438 0.722656 0.519531 0.708984 0.517578
2 0.183594 0.523438 0.173828 0.521484 0.160156 0.529297 0.156250 0.529297 0.140625 0.537109 0.140625 0.542969 0.142578 0.544922 0.142578 0.548828 0.144531 0.550781 0.144531 0.558594 0.146484 0.560547 0.146484 0.572266 0.148438 0.574219 0.148438 0.582031 0.152344 0.587891 0.173828 0.589844 0.175781 0.587891 0.185547 0.585938 0.187500 0.582031 0.187500 0.554688 0.185547 0.552734 0.185547 0.533203 0.183594 0.531250
2 0.562500 0.578125 0.566406 0.601562 0.580078 0.623047 0.583984 0.625000 0.585938 0.623047 0.589844 0.625000 0.597656 0.625000 0.599609 0.623047 0.607422 0.625000 0.609375 0.623047 0.623047 0.623047 0.625000 0.621094 0.625000 0.605469 0.623047 0.603516 0.623047 0.595703 0.621094 0.593750 0.619141 0.574219 0.615234 0.568359 0.615234 0.562500 0.611328 0.554688 0.595703 0.554688 0.591797 0.556641 0.587891 0.564453 0.582031 0.570312 0.568359 0.574219
2 0.806641 0.574219 0.806641 0.591797 0.804688 0.593750 0.804688 0.605469 0.806641 0.607422 0.837891 0.607422 0.839844 0.605469 0.857422 0.605469 0.859375 0.601562 0.859375 0.587891 0.857422 0.585938 0.857422 0.582031 0.855469 0.578125 0.847656 0.568359 0.839844 0.568359 0.837891 0.566406 0.824219 0.566406 0.822266 0.568359 0.810547 0.568359
2 0.048828 0.605469 0.046875 0.646484 0.048828 0.669922 0.052734 0.675781 0.056641 0.673828 0.080078 0.675781 0.083984 0.640625 0.085938 0.671875 0.107422 0.673828 0.126953 0.671875 0.134766 0.667969 0.136719 0.630859 0.130859 0.609375 0.117188 0.601562 0.105469 0.601562 0.093750 0.609375 0.087891 0.609375 0.083984 0.615234 0.082031 0.607422 0.074219 0.601562 0.056641 0.601562
2 0.943359 0.634766 0.935547 0.628906 0.843750 0.632812 0.816406 0.640625 0.679688 0.646484 0.666016 0.652344 0.646484 0.714844 0.650391 0.750000 0.675781 0.808594 0.707031 0.814453 0.886719 0.802734 0.947266 0.791016 0.955078 0.757812
2 0.017578 0.681641 0.013672 0.683594 0.011719 0.687500 0.011719 0.703125 0.009766 0.705078 0.009766 0.710938 0.007812 0.712891 0.005859 0.724609 0.000000 0.734375 0.000000 0.740234 0.003906 0.742188 0.011719 0.742188 0.013672 0.744141 0.041016 0.742188 0.044922 0.734375 0.046875 0.683594
2 0.101562 0.744141 0.093750 0.738281 0.060547 0.732422 0.058594 0.734375 0.048828 0.734375 0.044922 0.751953 0.039062 0.748047 0.000000 0.748047 0.000000 0.775391 0.007812 0.777344 0.021484 0.787109 0.035156 0.787109 0.037109 0.785156 0.042969 0.794922 0.066406 0.800781 0.076172 0.800781 0.082031 0.792969 0.097656 0.787109 0.097656 0.767578 0.099609 0.765625
2 0.566406 0.744141 0.566406 0.748047 0.562500 0.755859 0.562500 0.761719 0.564453 0.763672 0.564453 0.767578 0.566406 0.769531 0.566406 0.775391 0.570312 0.783203 0.576172 0.785156 0.578125 0.783203 0.591797 0.783203 0.593750 0.781250 0.599609 0.781250 0.605469 0.775391 0.609375 0.775391 0.615234 0.771484 0.617188 0.767578 0.617188 0.757812 0.615234 0.755859 0.615234 0.751953 0.613281 0.748047 0.609375 0.744141 0.603516 0.744141 0.601562 0.742188 0.597656 0.742188 0.591797 0.738281 0.585938 0.738281 0.583984 0.736328 0.578125 0.736328 0.576172 0.738281 0.572266 0.738281
2 0.492188 0.765625 0.457031 0.767578 0.447266 0.773438 0.435547 0.769531 0.416016 0.775391 0.378906 0.775391 0.355469 0.783203 0.351562 0.792969 0.343750 0.781250 0.324219 0.785156 0.304688 0.808594 0.283203 0.808594 0.279297 0.822266 0.285156 0.832031 0.351562 0.826172 0.359375 0.820312 0.351562 0.800781 0.353516 0.792969 0.365234 0.810547 0.392578 0.816406 0.417969 0.812500 0.423828 0.816406 0.453125 0.814453 0.455078 0.796875 0.460938 0.812500 0.490234 0.812500
2 0.972656 0.806641 0.955078 0.812500 0.917969 0.812500 0.912109 0.818359 0.925781 0.916016 0.933594 0.939453 0.937500 0.998047 0.986328 0.998047 0.990234 0.994141 0.986328 0.986328 0.998047 0.982422 0.980469 0.816406
2 0.894531 0.873047 0.890625 0.835938 0.882812 0.818359 0.873047 0.812500 0.732422 0.818359 0.650391 0.837891 0.652344 0.855469 0.794922 0.853516 0.851562 0.841797 0.857422 0.845703 0.855469 0.857422 0.851562 0.847656 0.812500 0.855469 0.818359 0.875000 0.816406 0.898438 0.824219 0.914062 0.857422 0.914062 0.859375 0.876953 0.888672 0.880859
2 0.431641 0.835938 0.431641 0.839844 0.429688 0.841797 0.431641 0.843750 0.431641 0.851562 0.433594 0.853516 0.433594 0.859375 0.435547 0.861328 0.435547 0.867188 0.437500 0.869141 0.441406 0.869141 0.443359 0.871094 0.457031 0.871094 0.458984 0.869141 0.484375 0.869141 0.486328 0.867188 0.496094 0.867188 0.496094 0.861328 0.490234 0.863281 0.486328 0.859375 0.484375 0.851562 0.478516 0.841797 0.476562 0.833984 0.470703 0.830078 0.449219 0.830078 0.447266 0.832031 0.439453 0.832031
2 0.367188 0.835938 0.365234 0.835938 0.363281 0.833984 0.351562 0.833984 0.349609 0.832031 0.347656 0.833984 0.333984 0.833984 0.330078 0.839844 0.330078 0.849609 0.333984 0.853516 0.333984 0.859375 0.335938 0.861328 0.335938 0.867188 0.353516 0.867188 0.355469 0.865234 0.361328 0.865234 0.363281 0.863281 0.367188 0.863281 0.369141 0.861328 0.371094 0.861328 0.373047 0.859375 0.373047 0.857422 0.376953 0.853516 0.375000 0.851562 0.375000 0.849609 0.371094 0.845703 0.371094 0.843750 0.369141 0.841797
2 0.000000 0.843750 0.000000 0.982422 0.037109 0.980469 0.054688 0.972656 0.074219 0.972656 0.083984 0.958984 0.083984 0.937500 0.091797 0.916016 0.089844 0.908203 0.078125 0.894531 0.080078 0.876953 0.076172 0.863281 0.066406 0.857422
2 0.644531 0.871094 0.630859 0.873047 0.625000 0.869141 0.623047 0.863281 0.615234 0.861328 0.580078 0.869141 0.576172 0.878906 0.558594 0.882812 0.556641 0.896484 0.560547 0.906250 0.560547 0.929688 0.568359 0.962891 0.623047 0.960938 0.650391 0.957031 0.648438 0.892578
2 0.312500 0.873047 0.300781 0.873047 0.271484 0.880859 0.246094 0.882812 0.208984 0.890625 0.207031 0.900391 0.208984 0.902344 0.210938 0.935547 0.214844 0.939453 0.236328 0.939453 0.244141 0.933594 0.242188 0.919922 0.246094 0.916016 0.289062 0.906250 0.314453 0.906250 0.318359 0.902344 0.318359 0.888672
2 0.132812 0.955078 0.140625 0.958984 0.150391 0.958984 0.156250 0.941406 0.162109 0.939453 0.189453 0.939453 0.193359 0.937500 0.203125 0.927734 0.203125 0.904297 0.201172 0.900391 0.185547 0.894531 0.171875 0.894531 0.169922 0.892578 0.140625 0.892578 0.136719 0.904297 0.136719 0.919922 0.134766 0.921875 0.134766 0.935547 0.132812 0.937500
2 0.435547 0.908203 0.433594 0.912109 0.433594 0.933594 0.435547 0.935547 0.435547 0.947266 0.439453 0.951172 0.443359 0.951172 0.445312 0.949219 0.488281 0.949219 0.488281 0.933594 0.486328 0.931641 0.486328 0.906250 0.460938 0.906250 0.458984 0.908203
2 0.335938 0.945312 0.238281 0.945312 0.236328 0.953125 0.242188 0.976562 0.263672 0.980469 0.250000 0.982422 0.250000 0.998047 0.318359 0.998047 0.318359 0.986328 0.326172 0.980469 0.332031 0.980469 0.316406 0.976562 0.277344 0.976562 0.337891 0.966797 0.339844 0.958984
2 0.175781 0.953125 0.173828 0.955078 0.173828 0.966797 0.171875 0.968750 0.171875 0.974609 0.173828 0.976562 0.173828 0.978516 0.193359 0.978516 0.195312 0.980469 0.197266 0.980469 0.201172 0.976562 0.201172 0.958984 0.199219 0.957031 0.199219 0.955078 0.197266 0.953125
2 0.402344 0.968750 0.402344 0.998047 0.519531 0.998047 0.519531 0.976562 0.515625 0.960938 0.445312 0.958984 0.437500 0.955078 0.416016 0.953125 0.412109 0.955078
5 0.996094 0.208984 0.632812 0.164062 0.472656 0.435547 0.175781 0.496094 0.000000 0.585938 0.478516 0.457031 0.558594 0.998047 0.501953 0.449219 0.994141 0.416016 0.947266 0.386719 0.583984 0.394531 0.601562 0.281250 0.667969 0.197266 0.994141 0.242188
6 0.000000 0.074219 0.000000 0.164062 0.169922 0.175781 0.359375 0.167969 0.369141 0.150391 0.373047 0.158203 0.398438 0.152344 0.402344 0.142578 0.406250 0.152344 0.417969 0.146484 0.423828 0.167969 0.501953 0.164062 0.455078 0.101562 0.402344 0.103516 0.371094 0.130859 0.316406 0.074219 0.257812 0.062500 0.126953 0.064453 0.046875 0.080078
6 0.998047 0.117188 0.974609 0.117188 0.966797 0.109375 0.964844 0.080078 0.957031 0.072266 0.921875 0.080078 0.912109 0.097656 0.855469 0.093750 0.849609 0.101562 0.843750 0.162109 0.851562 0.167969 0.869141 0.171875 0.896484 0.171875 0.929688 0.179688 0.994141 0.183594 0.998047 0.181641
