0 0.000000 0.000000 0.001953 0.080078 0.087891 0.095703 0.109375 0.113281 0.199219 0.095703 0.222656 0.134766 0.271484 0.150391 0.298828 0.179688 0.316406 0.179688 0.351562 0.142578 0.380859 0.150391 0.433594 0.130859 0.449219 0.095703 0.587891 0.156250 0.689453 0.099609 0.685547 0.080078 0.666016 0.074219 0.685547 0.000000 0.509766 0.000000 0.501953 0.035156 0.470703 0.025391 0.470703 0.000000
0 0.156250 0.224609 0.160156 0.226562 0.160156 0.248047 0.166016 0.250000 0.160156 0.255859 0.160156 0.283203 0.167969 0.292969 0.160156 0.320312 0.179688 0.339844 0.195312 0.335938 0.207031 0.339844 0.210938 0.333984 0.222656 0.337891 0.228516 0.332031 0.238281 0.335938 0.244141 0.330078 0.253906 0.341797 0.261719 0.337891 0.269531 0.341797 0.273438 0.333984 0.279297 0.333984 0.283203 0.341797 0.289062 0.320312 0.296875 0.318359 0.296875 0.326172 0.300781 0.324219 0.302734 0.296875 0.294922 0.292969 0.300781 0.291016 0.300781 0.281250 0.292969 0.275391 0.298828 0.271484 0.302734 0.248047 0.275391 0.228516 0.265625 0.210938 0.242188 0.201172 0.230469 0.205078 0.222656 0.201172 0.212891 0.207031 0.207031 0.201172 0.203125 0.207031 0.199219 0.197266 0.199219 0.205078 0.187500 0.220703
0 0.154297 0.238281 0.152344 0.240234 0.152344 0.248047 0.154297 0.248047
0 0.152344 0.259766 0.152344 0.273438 0.154297 0.273438 0.154297 0.261719
0 0.144531 0.261719 0.144531 0.271484 0.146484 0.273438 0.146484 0.261719
0 0.142578 0.314453 0.144531 0.316406 0.144531 0.318359 0.146484 0.318359 0.148438 0.316406 0.150391 0.316406 0.152344 0.318359 0.152344 0.320312 0.154297 0.320312 0.154297 0.312500 0.144531 0.312500
0 0.078125 0.570312 0.000000 0.611328 0.000000 0.750000 0.035156 0.814453 0.031250 0.853516 0.113281 0.871094 0.140625 0.853516 0.142578 0.671875 0.183594 0.699219 0.246094 0.687500 0.234375 0.656250 0.230469 0.601562 0.177734 0.589844 0.146484 0.607422 0.128906 0.587891
0 0.531250 0.585938 0.523438 0.587891 0.517578 0.599609 0.527344 0.650391 0.523438 0.681641 0.539062 0.716797 0.541016 0.757812 0.556641 0.810547 0.562500 0.812500 0.576172 0.808594 0.574219 0.777344 0.560547 0.732422 0.556641 0.693359 0.537109 0.607422 0.537109 0.593750
0 0.296875 0.605469 0.283203 0.644531 0.289062 0.667969 0.306641 0.691406 0.300781 0.707031 0.318359 0.771484 0.333984 0.791016 0.345703 0.783203 0.349609 0.787109 0.341797 0.777344 0.341797 0.759766 0.355469 0.748047 0.429688 0.748047 0.445312 0.753906 0.458984 0.748047 0.474609 0.716797 0.464844 0.697266 0.441406 0.689453 0.390625 0.695312 0.375000 0.685547 0.408203 0.667969 0.449219 0.666016 0.458984 0.652344 0.455078 0.632812 0.427734 0.630859 0.392578 0.642578 0.380859 0.613281 0.359375 0.597656 0.320312 0.595703
0 0.265625 0.765625 0.251953 0.798828 0.253906 0.800781 0.253906 0.841797 0.257812 0.849609 0.273438 0.861328 0.277344 0.873047 0.291016 0.890625 0.310547 0.892578 0.318359 0.886719 0.318359 0.871094 0.312500 0.857422 0.312500 0.841797 0.316406 0.839844 0.318359 0.832031 0.310547 0.822266 0.314453 0.792969 0.304688 0.787109 0.289062 0.767578
0 0.154297 0.789062 0.152344 0.796875 0.154297 0.814453 0.160156 0.820312 0.166016 0.857422 0.169922 0.861328 0.193359 0.863281 0.199219 0.861328 0.207031 0.847656 0.212891 0.843750 0.242188 0.841797 0.244141 0.839844 0.246094 0.812500 0.230469 0.792969 0.226562 0.791016 0.199219 0.792969 0.189453 0.787109 0.179688 0.787109 0.177734 0.785156
1 0.925781 0.298828 0.888672 0.328125 0.880859 0.365234 0.890625 0.380859 0.912109 0.373047 0.929688 0.378906 0.939453 0.402344 0.921875 0.425781 0.908203 0.427734 0.878906 0.410156 0.871094 0.433594 0.873047 0.490234 0.857422 0.509766 0.855469 0.574219 0.861328 0.607422 0.875000 0.615234 0.880859 0.701172 0.900391 0.691406 0.912109 0.640625 0.951172 0.615234 0.994141 0.611328 0.998047 0.550781 0.990234 0.544922 0.998047 0.541016 0.990234 0.529297 0.998047 0.517578 0.998047 0.324219 0.955078 0.322266
2 0.882812 0.000000 0.869141 0.013672 0.876953 0.021484 0.884766 0.015625 0.896484 0.019531 0.888672 0.042969 0.878906 0.054688 0.873047 0.046875 0.853516 0.046875 0.837891 0.056641 0.833984 0.074219 0.863281 0.095703 0.900391 0.111328 0.902344 0.117188 0.894531 0.128906 0.902344 0.144531 0.931641 0.160156 0.951172 0.160156 0.962891 0.142578 0.998047 0.150391 0.998047 0.035156 0.974609 0.031250 0.951172 0.015625 0.912109 0.003906 0.892578 0.017578 0.882812 0.009766
2 0.867188 0.035156 0.867188 0.037109 0.869141 0.037109 0.869141 0.035156
2 0.832031 0.138672 0.826172 0.144531 0.826172 0.150391 0.828125 0.152344 0.828125 0.156250 0.826172 0.158203 0.824219 0.164062 0.820312 0.167969 0.818359 0.173828 0.822266 0.179688 0.824219 0.179688 0.833984 0.185547 0.837891 0.185547 0.839844 0.187500 0.849609 0.187500 0.853516 0.181641 0.853516 0.177734 0.855469 0.175781 0.855469 0.173828 0.859375 0.169922 0.859375 0.167969 0.863281 0.162109 0.863281 0.156250 0.861328 0.154297 0.859375 0.154297 0.845703 0.140625 0.843750 0.140625 0.841797 0.138672
2 0.519531 0.539062 0.535156 0.554688 0.529297 0.572266 0.515625 0.576172 0.517578 0.617188 0.517578 0.591797 0.531250 0.583984 0.578125 0.808594 0.558594 0.812500 0.564453 0.847656 0.632812 0.845703 0.640625 0.869141 0.722656 0.861328 0.724609 0.845703 0.697266 0.779297 0.669922 0.748047 0.666016 0.703125 0.652344 0.671875 0.634766 0.658203 0.646484 0.625000 0.630859 0.578125 0.605469 0.556641 0.582031 0.556641 0.595703 0.533203 0.605469 0.542969 0.605469 0.531250 0.591797 0.529297 0.605469 0.523438
2 0.466797 0.552734 0.458984 0.550781 0.416016 0.560547 0.343750 0.568359 0.326172 0.572266 0.318359 0.578125 0.314453 0.578125 0.314453 0.582031 0.332031 0.589844 0.353516 0.585938 0.394531 0.583984 0.425781 0.574219 0.460938 0.572266 0.464844 0.570312 0.466797 0.564453
2 0.517578 0.562500 0.517578 0.568359 0.519531 0.568359 0.519531 0.566406 0.521484 0.564453 0.519531 0.562500
2 0.519531 0.621094 0.519531 0.630859 0.521484 0.632812 0.521484 0.638672 0.523438 0.640625 0.523438 0.652344 0.525391 0.654297 0.525391 0.662109 0.523438 0.664062 0.523438 0.667969 0.523438 0.664062 0.525391 0.662109 0.525391 0.650391 0.523438 0.648438 0.523438 0.640625 0.521484 0.638672 0.521484 0.632812 0.519531 0.630859
2 0.529297 0.699219 0.529297 0.701172 0.531250 0.703125 0.531250 0.707031 0.535156 0.710938 0.535156 0.714844 0.537109 0.716797 0.537109 0.718750 0.537109 0.716797 0.535156 0.714844 0.535156 0.710938 0.533203 0.708984 0.533203 0.707031 0.531250 0.705078 0.531250 0.703125 0.529297 0.701172
2 0.000000 0.857422 0.000000 0.994141 0.013672 0.998047 0.080078 0.998047 0.089844 0.939453 0.109375 0.892578 0.109375 0.880859 0.072266 0.875000 0.041016 0.863281
2 0.541016 0.896484 0.531250 0.890625 0.501953 0.890625 0.482422 0.896484 0.433594 0.898438 0.400391 0.904297 0.386719 0.916016 0.361328 0.917969 0.375000 0.925781 0.376953 0.945312 0.373047 0.949219 0.376953 0.962891 0.371094 0.968750 0.376953 0.986328 0.375000 0.998047 0.558594 0.998047
4 0.998047 0.642578 0.972656 0.642578 0.947266 0.658203 0.916016 0.689453 0.904297 0.730469 0.857422 0.763672 0.748047 0.789062 0.742188 0.802734 0.751953 0.861328 0.744141 0.875000 0.779297 0.923828 0.806641 0.998047 0.998047 0.998047
6 0.462891 0.123047 0.431641 0.187500 0.427734 0.248047 0.410156 0.273438 0.398438 0.326172 0.408203 0.347656 0.460938 0.363281 0.515625 0.402344 0.544922 0.402344 0.556641 0.378906 0.589844 0.353516 0.595703 0.320312 0.623047 0.320312 0.636719 0.304688 0.650391 0.205078 0.638672 0.199219 0.644531 0.187500 0.628906 0.173828 0.572266 0.171875 0.513672 0.128906 0.482422 0.130859
6 0.605469 0.330078 0.603516 0.330078 0.601562 0.332031 0.605469 0.332031
6 0.582031 0.466797 0.552734 0.417969 0.498047 0.400391 0.437500 0.406250 0.388672 0.392578 0.328125 0.433594 0.277344 0.402344 0.226562 0.398438 0.166016 0.429688 0.136719 0.462891 0.138672 0.486328 0.107422 0.507812 0.107422 0.550781 0.208984 0.580078 0.267578 0.572266 0.328125 0.544922 0.298828 0.521484 0.302734 0.513672 0.326172 0.515625 0.332031 0.503906 0.345703 0.513672 0.349609 0.501953 0.357422 0.513672 0.380859 0.505859 0.386719 0.521484 0.396484 0.511719 0.404297 0.529297 0.439453 0.527344 0.441406 0.513672 0.472656 0.527344 0.472656 0.513672 0.480469 0.523438 0.488281 0.513672 0.513672 0.519531 0.572266 0.498047
6 0.115234 0.466797 0.113281 0.466797 0.113281 0.468750
6 0.128906 0.464844 0.126953 0.466797 0.128906 0.468750 0.130859 0.468750 0.130859 0.464844
6 0.390625 0.527344 0.390625 0.529297 0.392578 0.529297 0.392578 0.527344
6 0.335938 0.541016 0.335938 0.542969 0.337891 0.542969 0.337891 0.541016
