0 0.000000 0.000000 0.000000 0.226562 0.214844 0.251953 0.218750 0.292969 0.250000 0.310547 0.302734 0.304688 0.324219 0.269531 0.369141 0.253906 0.425781 0.271484 0.494141 0.253906 0.531250 0.265625 0.507812 0.302734 0.529297 0.349609 0.582031 0.367188 0.626953 0.349609 0.632812 0.296875 0.603516 0.273438 0.652344 0.246094 0.638672 0.205078 0.662109 0.113281 0.648438 0.080078 0.605469 0.080078 0.615234 0.058594 0.599609 0.039062 0.548828 0.033203 0.548828 0.011719 0.525391 0.031250 0.419922 0.000000
0 0.527344 0.005859 0.544922 0.005859 0.546875 0.007812 0.552734 0.007812 0.554688 0.005859 0.558594 0.005859 0.562500 0.009766 0.562500 0.013672 0.576172 0.013672 0.578125 0.015625 0.587891 0.013672 0.587891 0.011719 0.585938 0.011719 0.583984 0.009766 0.583984 0.007812 0.585938 0.005859 0.597656 0.005859 0.585938 0.005859 0.583984 0.003906 0.535156 0.003906 0.533203 0.005859 0.531250 0.005859 0.529297 0.003906
0 0.705078 0.058594 0.675781 0.080078 0.673828 0.154297 0.681641 0.162109 0.695312 0.164062 0.681641 0.203125 0.683594 0.226562 0.714844 0.259766 0.759766 0.261719 0.771484 0.255859 0.779297 0.240234 0.796875 0.230469 0.810547 0.207031 0.792969 0.171875 0.781250 0.162109 0.751953 0.150391 0.710938 0.152344 0.763672 0.146484 0.769531 0.126953 0.765625 0.101562 0.753906 0.082031 0.718750 0.058594
0 0.943359 0.166016 0.917969 0.166016 0.917969 0.171875 0.914062 0.179688 0.916016 0.185547 0.904297 0.220703 0.906250 0.222656 0.902344 0.232422 0.904297 0.234375 0.900391 0.244141 0.900391 0.251953 0.902344 0.253906 0.900391 0.257812 0.904297 0.261719 0.919922 0.267578 0.929688 0.265625 0.941406 0.255859 0.945312 0.255859 0.960938 0.246094 0.964844 0.240234 0.966797 0.220703 0.958984 0.214844 0.955078 0.207031 0.953125 0.181641 0.949219 0.171875
0 0.257812 0.402344 0.248047 0.406250 0.244141 0.412109 0.246094 0.435547 0.242188 0.439453 0.220703 0.441406 0.205078 0.449219 0.203125 0.492188 0.228516 0.501953 0.250000 0.519531 0.269531 0.521484 0.292969 0.503906 0.292969 0.460938 0.296875 0.445312 0.302734 0.435547 0.302734 0.427734 0.292969 0.410156
0 0.494141 0.419922 0.476562 0.449219 0.480469 0.466797 0.492188 0.486328 0.500000 0.494141 0.523438 0.501953 0.537109 0.523438 0.548828 0.531250 0.568359 0.535156 0.587891 0.535156 0.597656 0.531250 0.601562 0.521484 0.599609 0.476562 0.564453 0.441406 0.531250 0.437500 0.515625 0.421875 0.503906 0.416016
0 0.685547 0.728516 0.685547 0.744141 0.679688 0.750000 0.679688 0.755859 0.697266 0.775391 0.710938 0.779297 0.712891 0.777344 0.714844 0.779297 0.738281 0.779297 0.740234 0.781250 0.742188 0.779297 0.744141 0.781250 0.773438 0.781250 0.777344 0.779297 0.785156 0.750000 0.777344 0.732422 0.773438 0.728516 0.765625 0.728516 0.753906 0.732422 0.734375 0.730469 0.732422 0.728516 0.710938 0.728516 0.708984 0.726562 0.687500 0.726562
0 0.914062 0.853516 0.912109 0.855469 0.912109 0.859375 0.914062 0.861328 0.908203 0.867188 0.904297 0.869141 0.896484 0.869141 0.892578 0.873047 0.892578 0.876953 0.888672 0.882812 0.888672 0.888672 0.886719 0.890625 0.886719 0.900391 0.890625 0.904297 0.898438 0.908203 0.904297 0.908203 0.906250 0.910156 0.939453 0.910156 0.943359 0.906250 0.943359 0.898438 0.945312 0.896484 0.945312 0.884766 0.943359 0.880859 0.935547 0.873047 0.935547 0.871094 0.927734 0.865234 0.927734 0.859375 0.921875 0.853516
2 0.998047 0.208984 0.984375 0.216797 0.978516 0.222656 0.972656 0.232422 0.970703 0.246094 0.964844 0.253906 0.951172 0.255859 0.937500 0.265625 0.935547 0.277344 0.939453 0.291016 0.945312 0.292969 0.984375 0.294922 0.998047 0.298828
2 0.000000 0.236328 0.000000 0.277344 0.169922 0.304688 0.193359 0.304688 0.208984 0.292969 0.208984 0.265625 0.195312 0.257812 0.167969 0.251953 0.125000 0.251953 0.101562 0.244141 0.050781 0.244141 0.029297 0.232422
2 0.814453 0.267578 0.794922 0.267578 0.787109 0.263672 0.779297 0.263672 0.769531 0.271484 0.740234 0.271484 0.732422 0.275391 0.732422 0.285156 0.730469 0.287109 0.732422 0.302734 0.734375 0.306641 0.746094 0.310547 0.757812 0.310547 0.759766 0.312500 0.791016 0.312500 0.792969 0.314453 0.798828 0.314453 0.802734 0.312500 0.804688 0.308594 0.804688 0.291016 0.808594 0.289062 0.806641 0.285156 0.806641 0.273438
2 0.808594 0.298828 0.808594 0.304688 0.810547 0.304688 0.810547 0.298828
2 0.804688 0.337891 0.798828 0.328125 0.779297 0.316406 0.769531 0.318359 0.767578 0.333984 0.763672 0.337891 0.730469 0.337891 0.644531 0.326172 0.638672 0.328125 0.632812 0.343750 0.628906 0.380859 0.634766 0.386719 0.714844 0.398438 0.800781 0.404297 0.804688 0.396484 0.800781 0.384766
2 0.472656 0.332031 0.472656 0.345703 0.470703 0.347656 0.472656 0.365234 0.529297 0.371094 0.537109 0.375000 0.554688 0.376953 0.556641 0.378906 0.572266 0.378906 0.574219 0.380859 0.578125 0.376953 0.578125 0.373047 0.574219 0.367188 0.554688 0.363281 0.542969 0.355469 0.527344 0.353516 0.521484 0.347656 0.515625 0.333984 0.509766 0.328125 0.476562 0.326172
2 0.923828 0.386719 0.923828 0.400391 0.921875 0.402344 0.921875 0.412109 0.919922 0.414062 0.919922 0.421875 0.921875 0.423828 0.933594 0.427734 0.998047 0.433594 0.998047 0.388672 0.978516 0.388672 0.951172 0.373047 0.941406 0.373047 0.937500 0.375000 0.931641 0.382812
2 0.000000 0.412109 0.000000 0.458984 0.150391 0.480469 0.181641 0.488281 0.187500 0.486328 0.187500 0.470703 0.195312 0.447266 0.193359 0.439453 0.173828 0.439453
2 0.068359 0.494141 0.066406 0.527344 0.070312 0.529297 0.107422 0.529297 0.179688 0.537109 0.181641 0.531250 0.183594 0.539062 0.191406 0.542969 0.220703 0.546875 0.255859 0.544922 0.255859 0.529297 0.248047 0.521484 0.236328 0.517578 0.222656 0.503906 0.195312 0.498047 0.187500 0.509766 0.183594 0.496094 0.072266 0.488281
2 0.925781 0.523438 0.919922 0.531250 0.916016 0.583984 0.910156 0.613281 0.921875 0.619141 0.998047 0.630859 0.998047 0.525391 0.960938 0.525391 0.949219 0.521484
2 0.042969 0.539062 0.033203 0.539062 0.029297 0.542969 0.027344 0.550781 0.027344 0.570312 0.017578 0.599609 0.017578 0.617188 0.011719 0.632812 0.005859 0.662109 0.005859 0.677734 0.009766 0.679688 0.021484 0.679688 0.023438 0.677734 0.027344 0.640625 0.031250 0.632812 0.031250 0.621094 0.033203 0.619141 0.035156 0.589844 0.044922 0.552734 0.044922 0.541016
2 0.087891 0.681641 0.140625 0.695312 0.171875 0.695312 0.183594 0.634766 0.148438 0.630859 0.132812 0.636719 0.148438 0.625000 0.234375 0.634766 0.246094 0.644531 0.279297 0.642578 0.289062 0.574219 0.265625 0.566406 0.238281 0.570312 0.126953 0.556641 0.125000 0.566406 0.134766 0.587891 0.125000 0.597656 0.117188 0.626953 0.132812 0.632812 0.107422 0.634766 0.103516 0.660156 0.087891 0.673828
2 0.646484 0.582031 0.648438 0.583984 0.652344 0.583984 0.654297 0.585938 0.666016 0.585938 0.667969 0.587891 0.685547 0.587891 0.687500 0.589844 0.693359 0.589844 0.695312 0.587891 0.697266 0.587891 0.701172 0.583984 0.701172 0.582031 0.705078 0.576172 0.705078 0.572266 0.703125 0.570312 0.697266 0.570312 0.695312 0.568359 0.681641 0.568359 0.679688 0.566406 0.671875 0.566406 0.669922 0.564453 0.662109 0.564453 0.660156 0.562500 0.652344 0.562500 0.650391 0.564453 0.650391 0.566406 0.648438 0.568359 0.648438 0.572266 0.646484 0.574219
2 0.701172 0.589844 0.699219 0.591797 0.699219 0.609375 0.701172 0.611328 0.701172 0.617188 0.703125 0.619141 0.710938 0.619141 0.712891 0.621094 0.730469 0.621094 0.732422 0.619141 0.732422 0.589844 0.716797 0.589844 0.714844 0.587891 0.705078 0.587891 0.703125 0.589844
2 0.429688 0.603516 0.439453 0.630859 0.437500 0.644531 0.425781 0.648438 0.423828 0.671875 0.435547 0.679688 0.447266 0.681641 0.453125 0.669922 0.490234 0.675781 0.498047 0.685547 0.505859 0.685547 0.509766 0.679688 0.517578 0.683594 0.541016 0.681641 0.605469 0.691406 0.617188 0.703125 0.642578 0.705078 0.646484 0.701172 0.654297 0.638672 0.646484 0.632812 0.603516 0.621094 0.550781 0.619141 0.521484 0.611328
2 0.234375 0.650391 0.228516 0.656250 0.228516 0.664062 0.226562 0.666016 0.226562 0.673828 0.222656 0.685547 0.222656 0.703125 0.224609 0.707031 0.238281 0.707031 0.250000 0.710938 0.261719 0.710938 0.263672 0.712891 0.273438 0.712891 0.275391 0.714844 0.289062 0.716797 0.292969 0.712891 0.292969 0.707031 0.298828 0.697266 0.302734 0.679688 0.306641 0.671875 0.306641 0.664062 0.302734 0.660156 0.296875 0.660156 0.294922 0.658203 0.271484 0.658203 0.269531 0.656250 0.257812 0.656250 0.255859 0.654297 0.246094 0.654297
2 0.912109 0.675781 0.908203 0.693359 0.908203 0.718750 0.910156 0.720703 0.908203 0.748047 0.912109 0.751953 0.951172 0.755859 0.953125 0.757812 0.970703 0.757812 0.972656 0.759766 0.992188 0.759766 0.998047 0.753906 0.996094 0.751953 0.998047 0.750000 0.998047 0.687500 0.962891 0.685547 0.935547 0.677734
2 0.066406 0.761719 0.068359 0.777344 0.062500 0.781250 0.054688 0.810547 0.058594 0.828125 0.150391 0.841797 0.160156 0.828125 0.175781 0.847656 0.207031 0.847656 0.236328 0.857422 0.253906 0.851562 0.255859 0.808594 0.261719 0.812500 0.263672 0.791016 0.222656 0.777344 0.267578 0.779297 0.269531 0.759766 0.181641 0.748047 0.177734 0.751953 0.101562 0.734375 0.095703 0.742188 0.097656 0.759766
2 0.044922 0.755859 0.029297 0.757812 0.027344 0.794922 0.015625 0.841797 0.005859 0.929688 0.011719 0.933594 0.023438 0.933594 0.029297 0.871094 0.039062 0.832031 0.048828 0.763672
2 0.300781 0.792969 0.279297 0.794922 0.275391 0.802734 0.281250 0.800781 0.285156 0.804688 0.273438 0.812500 0.269531 0.826172 0.271484 0.886719 0.265625 0.914062 0.263672 0.943359 0.273438 0.949219 0.287109 0.949219 0.291016 0.917969 0.302734 0.871094 0.308594 0.824219 0.308594 0.798828
2 0.501953 0.804688 0.501953 0.806641 0.498047 0.812500 0.498047 0.826172 0.500000 0.826172 0.505859 0.830078 0.517578 0.830078 0.519531 0.832031 0.531250 0.832031 0.535156 0.828125 0.535156 0.808594 0.533203 0.806641 0.527344 0.806641 0.525391 0.804688 0.519531 0.804688 0.517578 0.802734 0.503906 0.802734
2 0.574219 0.830078 0.574219 0.835938 0.576172 0.837891 0.578125 0.837891 0.580078 0.839844 0.582031 0.839844 0.583984 0.841797 0.591797 0.841797 0.593750 0.843750 0.605469 0.843750 0.607422 0.845703 0.609375 0.845703 0.611328 0.843750 0.613281 0.843750 0.613281 0.830078 0.609375 0.830078 0.607422 0.828125 0.595703 0.828125 0.593750 0.826172 0.578125 0.826172
2 0.072266 0.902344 0.080078 0.908203 0.105469 0.910156 0.134766 0.917969 0.205078 0.923828 0.214844 0.912109 0.214844 0.906250 0.222656 0.902344 0.226562 0.884766 0.224609 0.875000 0.199219 0.863281 0.173828 0.861328 0.160156 0.865234 0.128906 0.857422 0.121094 0.849609 0.083984 0.847656 0.076172 0.871094
5 0.941406 0.000000 0.902344 0.000000 0.839844 0.453125 0.000000 0.328125 0.003906 0.365234 0.837891 0.490234 0.802734 0.791016 0.000000 0.689453 0.000000 0.730469 0.783203 0.824219 0.771484 0.996094 0.812500 0.998047 0.830078 0.832031 0.998047 0.841797 0.841797 0.794922
