1 0.964844 0.322266 0.958984 0.371094 0.953125 0.634766 0.960938 0.669922 0.998047 0.677734 0.998047 0.320312
1 0.888672 0.328125 0.599609 0.351562 0.306641 0.457031 0.226562 0.558594 0.115234 0.847656 0.111328 0.998047 0.505859 0.998047 0.511719 0.884766 0.480469 0.826172 0.525391 0.781250 0.550781 0.679688 0.603516 0.656250 0.896484 0.644531 0.875000 0.482422
1 0.843750 0.537109 0.849609 0.537109 0.849609 0.535156 0.845703 0.535156
2 0.664062 0.039062 0.662109 0.042969 0.662109 0.062500 0.664062 0.064453 0.664062 0.082031 0.666016 0.085938 0.675781 0.089844 0.679688 0.093750 0.679688 0.097656 0.683594 0.103516 0.708984 0.103516 0.710938 0.101562 0.722656 0.101562 0.726562 0.097656 0.726562 0.068359 0.724609 0.066406 0.724609 0.058594 0.722656 0.056641 0.722656 0.048828 0.720703 0.046875 0.718750 0.033203 0.716797 0.031250 0.699219 0.031250 0.697266 0.033203 0.673828 0.035156
2 0.593750 0.048828 0.593750 0.070312 0.595703 0.072266 0.595703 0.076172 0.593750 0.078125 0.593750 0.087891 0.597656 0.093750 0.609375 0.093750 0.611328 0.091797 0.630859 0.091797 0.632812 0.089844 0.642578 0.089844 0.644531 0.085938 0.642578 0.083984 0.642578 0.046875 0.640625 0.044922 0.607422 0.044922 0.605469 0.046875 0.595703 0.046875
2 0.527344 0.048828 0.519531 0.046875 0.517578 0.048828 0.507812 0.048828 0.505859 0.050781 0.470703 0.056641 0.468750 0.064453 0.470703 0.066406 0.470703 0.091797 0.472656 0.093750 0.472656 0.125000 0.470703 0.126953 0.472656 0.134766 0.496094 0.134766 0.494141 0.125000 0.500000 0.119141 0.517578 0.119141 0.533203 0.115234 0.531250 0.080078 0.527344 0.068359
2 0.869141 0.066406 0.869141 0.105469 0.871094 0.107422 0.871094 0.115234 0.875000 0.117188 0.880859 0.117188 0.888672 0.121094 0.898438 0.121094 0.900391 0.123047 0.916016 0.123047 0.919922 0.119141 0.919922 0.080078 0.917969 0.076172 0.890625 0.076172 0.873047 0.066406
2 0.384766 0.074219 0.380859 0.076172 0.369141 0.076172 0.353516 0.082031 0.335938 0.083984 0.326172 0.089844 0.328125 0.097656 0.332031 0.099609 0.341797 0.111328 0.341797 0.132812 0.345703 0.138672 0.345703 0.146484 0.349609 0.154297 0.369141 0.154297 0.373047 0.152344 0.373047 0.144531 0.371094 0.142578 0.373047 0.130859 0.378906 0.125000 0.386719 0.125000 0.398438 0.117188 0.396484 0.107422 0.390625 0.095703 0.388672 0.076172
2 0.185547 0.099609 0.154297 0.101562 0.125000 0.111328 0.126953 0.126953 0.130859 0.136719 0.130859 0.148438 0.134766 0.156250 0.136719 0.169922 0.140625 0.175781 0.158203 0.177734 0.164062 0.173828 0.185547 0.169922 0.195312 0.162109 0.197266 0.158203 0.191406 0.138672 0.187500 0.134766 0.187500 0.123047 0.183594 0.117188 0.187500 0.107422 0.187500 0.101562
2 0.845703 0.121094 0.841797 0.119141 0.837891 0.119141 0.835938 0.121094 0.798828 0.121094 0.794922 0.125000 0.794922 0.132812 0.796875 0.134766 0.796875 0.167969 0.802734 0.171875 0.806641 0.171875 0.808594 0.169922 0.818359 0.169922 0.820312 0.167969 0.845703 0.167969 0.847656 0.164062 0.847656 0.130859 0.845703 0.128906
2 0.091797 0.125000 0.087891 0.125000 0.085938 0.126953 0.078125 0.126953 0.076172 0.128906 0.068359 0.128906 0.064453 0.130859 0.062500 0.134766 0.062500 0.144531 0.064453 0.146484 0.064453 0.175781 0.066406 0.177734 0.068359 0.189453 0.074219 0.203125 0.093750 0.203125 0.097656 0.201172 0.097656 0.191406 0.093750 0.183594 0.093750 0.154297 0.095703 0.152344 0.095703 0.134766 0.093750 0.132812 0.093750 0.126953
2 0.689453 0.138672 0.689453 0.164062 0.691406 0.166016 0.691406 0.177734 0.693359 0.179688 0.703125 0.179688 0.705078 0.177734 0.716797 0.177734 0.718750 0.175781 0.730469 0.175781 0.732422 0.173828 0.736328 0.173828 0.736328 0.162109 0.734375 0.160156 0.734375 0.148438 0.732422 0.146484 0.732422 0.144531 0.722656 0.144531 0.720703 0.142578 0.718750 0.142578 0.714844 0.136719 0.705078 0.136719 0.703125 0.134766 0.697266 0.134766 0.695312 0.136719 0.691406 0.136719
2 0.041016 0.148438 0.033203 0.148438 0.031250 0.150391 0.015625 0.150391 0.013672 0.152344 0.011719 0.152344 0.011719 0.156250 0.009766 0.158203 0.011719 0.160156 0.011719 0.167969 0.013672 0.169922 0.013672 0.179688 0.015625 0.181641 0.015625 0.191406 0.017578 0.193359 0.017578 0.199219 0.019531 0.201172 0.019531 0.203125 0.021484 0.203125 0.023438 0.205078 0.025391 0.205078 0.027344 0.203125 0.042969 0.203125 0.044922 0.201172 0.048828 0.201172 0.048828 0.187500 0.046875 0.185547 0.046875 0.173828 0.044922 0.171875 0.044922 0.164062 0.042969 0.162109 0.042969 0.152344 0.041016 0.150391
2 0.898438 0.181641 0.880859 0.173828 0.851562 0.173828 0.847656 0.183594 0.843750 0.173828 0.814453 0.175781 0.808594 0.179688 0.804688 0.199219 0.802734 0.189453 0.753906 0.189453 0.748047 0.199219 0.751953 0.230469 0.755859 0.234375 0.806641 0.228516 0.812500 0.222656 0.896484 0.222656
2 0.589844 0.179688 0.589844 0.199219 0.591797 0.201172 0.597656 0.201172 0.599609 0.199219 0.615234 0.199219 0.617188 0.197266 0.626953 0.197266 0.628906 0.195312 0.642578 0.195312 0.646484 0.191406 0.646484 0.179688 0.644531 0.177734 0.644531 0.175781 0.601562 0.175781 0.599609 0.177734 0.591797 0.177734
2 0.253906 0.187500 0.244141 0.187500 0.242188 0.189453 0.240234 0.189453 0.236328 0.193359 0.232422 0.193359 0.226562 0.197266 0.222656 0.197266 0.222656 0.205078 0.224609 0.205078 0.230469 0.210938 0.230469 0.212891 0.234375 0.218750 0.240234 0.218750 0.242188 0.216797 0.251953 0.216797 0.253906 0.214844 0.259766 0.214844 0.259766 0.207031 0.257812 0.205078 0.257812 0.197266 0.255859 0.195312 0.255859 0.189453
2 0.306641 0.210938 0.304688 0.220703 0.308594 0.226562 0.310547 0.250000 0.314453 0.261719 0.316406 0.296875 0.320312 0.300781 0.349609 0.298828 0.353516 0.302734 0.367188 0.306641 0.373047 0.298828 0.367188 0.285156 0.367188 0.269531 0.363281 0.263672 0.347656 0.263672 0.343750 0.259766 0.347656 0.253906 0.337891 0.246094 0.337891 0.234375 0.335938 0.232422 0.337891 0.226562 0.335938 0.222656 0.339844 0.220703 0.333984 0.216797 0.335938 0.212891 0.330078 0.208984
2 0.449219 0.218750 0.447266 0.220703 0.445312 0.220703 0.445312 0.224609 0.443359 0.226562 0.443359 0.257812 0.445312 0.259766 0.445312 0.263672 0.447266 0.265625 0.453125 0.265625 0.455078 0.267578 0.458984 0.267578 0.460938 0.269531 0.466797 0.269531 0.468750 0.271484 0.472656 0.271484 0.474609 0.269531 0.474609 0.242188 0.472656 0.240234 0.472656 0.224609 0.468750 0.218750 0.462891 0.218750 0.460938 0.216797 0.458984 0.216797 0.457031 0.218750
2 0.251953 0.253906 0.250000 0.255859 0.250000 0.261719 0.251953 0.263672 0.253906 0.277344 0.246094 0.281250 0.246094 0.294922 0.251953 0.308594 0.251953 0.314453 0.253906 0.316406 0.285156 0.314453 0.296875 0.322266 0.308594 0.324219 0.310547 0.322266 0.310547 0.306641 0.306641 0.300781 0.302734 0.283203 0.298828 0.279297 0.292969 0.277344 0.275391 0.275391 0.271484 0.271484 0.271484 0.263672 0.267578 0.251953
2 0.191406 0.287109 0.181641 0.281250 0.148438 0.275391 0.142578 0.283203 0.119141 0.296875 0.085938 0.341797 0.093750 0.355469 0.093750 0.363281 0.080078 0.376953 0.080078 0.382812 0.091797 0.390625 0.099609 0.400391 0.105469 0.400391 0.113281 0.394531 0.121094 0.375000 0.130859 0.365234 0.146484 0.355469 0.154297 0.357422 0.162109 0.353516 0.179688 0.332031 0.179688 0.314453 0.193359 0.300781
2 0.000000 0.421875 0.000000 0.496094 0.056641 0.507812 0.080078 0.521484 0.125000 0.537109 0.140625 0.535156 0.154297 0.494141 0.164062 0.484375 0.164062 0.468750 0.056641 0.431641
2 0.044922 0.552734 0.044922 0.566406 0.041016 0.574219 0.041016 0.580078 0.042969 0.582031 0.054688 0.583984 0.056641 0.585938 0.062500 0.585938 0.064453 0.587891 0.070312 0.587891 0.076172 0.591797 0.080078 0.591797 0.087891 0.595703 0.095703 0.595703 0.097656 0.593750 0.107422 0.574219 0.107422 0.568359 0.101562 0.564453 0.095703 0.564453 0.093750 0.562500 0.087891 0.562500 0.085938 0.560547 0.080078 0.560547 0.078125 0.558594 0.074219 0.558594 0.072266 0.556641 0.068359 0.556641 0.062500 0.552734 0.056641 0.552734 0.054688 0.550781 0.046875 0.550781
2 0.000000 0.640625 0.000000 0.683594 0.011719 0.689453 0.025391 0.689453 0.033203 0.693359 0.046875 0.695312 0.050781 0.691406 0.050781 0.681641 0.054688 0.673828 0.054688 0.662109 0.048828 0.658203 0.042969 0.658203 0.031250 0.652344 0.017578 0.642578 0.011719 0.642578 0.009766 0.640625
5 0.998047 0.242188 0.583984 0.263672 0.279297 0.380859 0.121094 0.582031 0.048828 0.810547 0.029297 0.996094 0.062500 0.992188 0.085938 0.816406 0.156250 0.597656 0.289062 0.421875 0.550781 0.310547 0.986328 0.277344
