0 0.798828 0.164062 0.800781 0.173828 0.822266 0.177734 0.835938 0.183594 0.873047 0.185547 0.914062 0.201172 0.929688 0.195312 0.929688 0.181641 0.925781 0.167969 0.882812 0.154297 0.863281 0.138672 0.859375 0.128906 0.849609 0.125000 0.843750 0.126953 0.841797 0.132812 0.830078 0.144531 0.814453 0.142578 0.808594 0.144531
2 0.828125 0.005859 0.828125 0.037109 0.830078 0.039062 0.832031 0.052734 0.835938 0.056641 0.875000 0.056641 0.884766 0.052734 0.908203 0.052734 0.910156 0.050781 0.910156 0.044922 0.906250 0.035156 0.906250 0.007812 0.908203 0.005859 0.906250 0.000000 0.833984 0.000000
2 0.617188 0.035156 0.607422 0.009766 0.355469 0.035156 0.326172 0.044922 0.328125 0.097656 0.361328 0.101562 0.431641 0.093750 0.476562 0.095703 0.500000 0.085938 0.619141 0.074219
2 0.632812 0.111328 0.585938 0.103516 0.417969 0.123047 0.337891 0.123047 0.332031 0.146484 0.353516 0.251953 0.416016 0.250000 0.617188 0.220703 0.626953 0.214844 0.625000 0.144531
2 0.472656 0.396484 0.474609 0.408203 0.472656 0.410156 0.472656 0.416016 0.466797 0.423828 0.468750 0.425781 0.486328 0.427734 0.498047 0.431641 0.523438 0.431641 0.542969 0.437500 0.560547 0.439453 0.566406 0.443359 0.570312 0.441406 0.572266 0.414062 0.564453 0.410156 0.552734 0.410156 0.527344 0.402344 0.505859 0.400391 0.494141 0.396484
2 0.818359 0.435547 0.812500 0.457031 0.814453 0.478516 0.800781 0.517578 0.798828 0.537109 0.812500 0.548828 0.853516 0.556641 0.859375 0.552734 0.859375 0.546875 0.865234 0.537109 0.865234 0.509766 0.869141 0.503906 0.873047 0.503906 0.878906 0.498047 0.880859 0.486328 0.865234 0.476562 0.863281 0.451172 0.865234 0.443359 0.863281 0.441406
2 0.630859 0.441406 0.630859 0.458984 0.632812 0.460938 0.644531 0.460938 0.646484 0.462891 0.683594 0.462891 0.685547 0.464844 0.730469 0.464844 0.732422 0.466797 0.738281 0.466797 0.742188 0.464844 0.744141 0.455078 0.738281 0.447266 0.726562 0.445312 0.724609 0.443359 0.671875 0.441406 0.669922 0.439453 0.656250 0.439453 0.654297 0.441406 0.632812 0.439453
2 0.480469 0.587891 0.429688 0.595703 0.421875 0.630859 0.263672 0.611328 0.244141 0.763672 0.343750 0.910156 0.445312 0.916016 0.406250 0.886719 0.402344 0.863281 0.427734 0.832031 0.410156 0.812500 0.416016 0.796875 0.439453 0.835938 0.464844 0.841797 0.466797 0.822266 0.435547 0.806641 0.474609 0.798828 0.484375 0.785156 0.476562 0.757812 0.490234 0.751953 0.468750 0.746094 0.490234 0.738281 0.472656 0.734375 0.482422 0.656250 0.466797 0.652344 0.492188 0.605469
2 0.966797 0.595703 0.966797 0.599609 0.964844 0.601562 0.964844 0.617188 0.962891 0.619141 0.962891 0.638672 0.964844 0.640625 0.994141 0.640625 0.996094 0.638672 0.998047 0.638672 0.998047 0.595703 0.992188 0.595703 0.990234 0.593750 0.970703 0.593750 0.968750 0.595703
2 0.597656 0.658203 0.587891 0.716797 0.587891 0.753906 0.580078 0.791016 0.595703 0.798828 0.607422 0.800781 0.615234 0.777344 0.617188 0.732422 0.621094 0.726562 0.652344 0.726562 0.654297 0.707031 0.630859 0.703125 0.623047 0.697266 0.628906 0.671875 0.623047 0.660156
2 0.488281 0.675781 0.488281 0.677734 0.494141 0.677734 0.494141 0.675781
2 0.841797 0.683594 0.814453 0.884766 0.818359 0.955078 0.890625 0.962891 0.890625 0.923828 0.904297 0.919922 0.908203 0.951172 0.972656 0.964844 0.994141 0.761719 0.943359 0.759766 0.949219 0.802734 0.970703 0.830078 0.949219 0.845703 0.933594 0.832031 0.931641 0.789062 0.939453 0.750000 0.980469 0.751953 0.982422 0.705078
2 0.503906 0.689453 0.501953 0.687500 0.498047 0.691406 0.490234 0.691406 0.490234 0.693359 0.498047 0.693359 0.500000 0.695312 0.503906 0.695312
2 0.494141 0.699219 0.492188 0.701172 0.494141 0.701172
2 0.490234 0.705078 0.490234 0.707031 0.492188 0.708984 0.498047 0.708984 0.498047 0.707031 0.494141 0.707031 0.492188 0.705078
2 0.490234 0.718750 0.486328 0.718750 0.484375 0.720703 0.482422 0.720703 0.480469 0.722656 0.480469 0.726562 0.484375 0.726562 0.486328 0.724609 0.488281 0.724609 0.490234 0.722656
2 0.716797 0.724609 0.714844 0.726562 0.714844 0.732422 0.712891 0.734375 0.712891 0.746094 0.710938 0.748047 0.710938 0.757812 0.716797 0.761719 0.732422 0.761719 0.734375 0.763672 0.736328 0.761719 0.738281 0.761719 0.738281 0.757812 0.740234 0.755859 0.740234 0.744141 0.742188 0.742188 0.742188 0.730469 0.740234 0.728516 0.740234 0.726562 0.732422 0.726562 0.730469 0.724609
2 0.712891 0.777344 0.710938 0.779297 0.710938 0.785156 0.708984 0.787109 0.708984 0.796875 0.710938 0.798828 0.732422 0.798828 0.734375 0.796875 0.734375 0.791016 0.736328 0.789062 0.734375 0.787109 0.734375 0.783203 0.730469 0.779297 0.726562 0.779297 0.724609 0.777344 0.718750 0.777344 0.716797 0.779297 0.714844 0.779297
2 0.070312 0.802734 0.062500 0.833984 0.054688 0.917969 0.058594 0.951172 0.185547 0.960938 0.183594 0.939453 0.189453 0.919922 0.208984 0.917969 0.253906 0.925781 0.250000 0.898438 0.255859 0.857422 0.232422 0.824219 0.080078 0.796875
2 0.574219 0.839844 0.574219 0.849609 0.576172 0.851562 0.587891 0.851562 0.589844 0.853516 0.603516 0.853516 0.605469 0.855469 0.617188 0.855469 0.619141 0.857422 0.634766 0.857422 0.638672 0.849609 0.638672 0.828125 0.634766 0.826172 0.628906 0.826172 0.626953 0.824219 0.619141 0.824219 0.617188 0.822266 0.599609 0.820312 0.597656 0.818359 0.587891 0.818359 0.583984 0.822266 0.582031 0.828125 0.578125 0.832031
2 0.705078 0.843750 0.705078 0.847656 0.703125 0.849609 0.703125 0.855469 0.699219 0.861328 0.699219 0.871094 0.705078 0.875000 0.724609 0.875000 0.724609 0.867188 0.726562 0.865234 0.726562 0.849609 0.728516 0.847656 0.728516 0.843750 0.726562 0.841797 0.708984 0.841797 0.707031 0.843750
2 0.910156 0.839844 0.910156 0.847656 0.910156 0.843750 0.912109 0.841797
2 0.472656 0.843750 0.472656 0.845703 0.478516 0.845703 0.478516 0.843750
2 0.457031 0.847656 0.455078 0.849609 0.457031 0.851562 0.458984 0.851562 0.458984 0.847656
2 0.474609 0.859375 0.468750 0.859375 0.466797 0.861328 0.466797 0.865234 0.464844 0.867188 0.470703 0.873047 0.470703 0.875000 0.468750 0.876953 0.468750 0.880859 0.466797 0.882812 0.464844 0.882812 0.464844 0.884766 0.472656 0.884766 0.472656 0.878906 0.474609 0.876953 0.474609 0.875000 0.472656 0.873047 0.472656 0.871094 0.474609 0.869141 0.476562 0.869141 0.476562 0.867188 0.474609 0.865234
2 0.572266 0.871094 0.568359 0.875000 0.568359 0.890625 0.566406 0.892578 0.566406 0.906250 0.564453 0.908203 0.564453 0.927734 0.566406 0.929688 0.578125 0.929688 0.580078 0.931641 0.593750 0.931641 0.595703 0.929688 0.595703 0.906250 0.597656 0.904297 0.597656 0.882812 0.599609 0.880859 0.599609 0.876953 0.593750 0.873047 0.580078 0.873047 0.578125 0.871094
2 0.925781 0.882812 0.921875 0.886719 0.921875 0.888672 0.923828 0.888672 0.925781 0.890625 0.927734 0.890625 0.927734 0.882812
2 0.902344 0.900391 0.902344 0.904297 0.904297 0.904297 0.904297 0.900391
2 0.257812 0.914062 0.257812 0.916016 0.255859 0.917969 0.257812 0.919922 0.259766 0.919922 0.261719 0.917969 0.261719 0.916016 0.259766 0.914062
3 0.000000 0.000000 0.000000 0.486328 0.060547 0.486328 0.097656 0.503906 0.208984 0.519531 0.357422 0.498047 0.343750 0.345703 0.316406 0.308594 0.330078 0.251953 0.298828 0.003906
5 0.695312 0.000000 0.660156 0.000000 0.634766 0.095703 0.628906 0.263672 0.587891 0.390625 0.507812 0.998047 0.546875 0.998047 0.601562 0.621094 0.998047 0.699219 0.984375 0.652344 0.603516 0.580078
