0 0.000000 0.001953 0.003906 0.484375 0.326172 0.447266 0.378906 0.183594 0.468750 0.228516 0.380859 0.384766 0.433594 0.429688 0.455078 0.355469 0.611328 0.349609 0.681641 0.185547 0.802734 0.125000 0.720703 0.304688 0.701172 0.496094 0.736328 0.505859 0.636719 0.478516 0.560547 0.607422 0.599609 0.703125 0.566406 0.802734 0.740234 0.796875 0.792969 0.556641 0.738281 0.509766 0.820312 0.486328 0.804688 0.289062 0.916016 0.236328 0.839844 0.330078 0.998047 0.384766 0.998047 0.000000 0.962891 0.064453 0.958984 0.000000
0 0.771484 0.148438 0.769531 0.148438 0.769531 0.154297 0.767578 0.156250 0.767578 0.158203 0.769531 0.160156 0.771484 0.158203
0 0.859375 0.271484 0.859375 0.279297 0.861328 0.279297 0.863281 0.281250 0.865234 0.279297 0.867188 0.279297 0.865234 0.277344 0.863281 0.277344 0.859375 0.273438
0 0.832031 0.312500 0.833984 0.314453 0.833984 0.312500
0 0.822266 0.328125 0.822266 0.333984 0.818359 0.337891 0.820312 0.339844 0.820312 0.343750 0.822266 0.345703 0.822266 0.347656 0.830078 0.347656 0.832031 0.349609 0.832031 0.351562 0.833984 0.349609 0.833984 0.343750 0.828125 0.343750 0.824219 0.339844 0.826172 0.337891 0.826172 0.328125
0 0.832031 0.328125 0.832031 0.330078 0.835938 0.330078 0.833984 0.328125
0 0.843750 0.343750 0.841797 0.345703 0.847656 0.351562 0.847656 0.349609 0.851562 0.345703 0.849609 0.343750
0 0.863281 0.343750 0.863281 0.345703 0.865234 0.345703
0 0.085938 0.519531 0.085938 0.521484 0.093750 0.521484 0.091797 0.521484 0.089844 0.519531
0 0.103516 0.533203 0.097656 0.533203 0.095703 0.531250 0.093750 0.533203 0.093750 0.535156 0.095703 0.537109 0.095703 0.541016 0.095703 0.539062 0.097656 0.537109 0.101562 0.537109 0.103516 0.535156
0 0.003906 0.562500 0.000000 0.837891 0.050781 0.816406 0.183594 0.814453 0.203125 0.851562 0.236328 0.873047 0.269531 0.878906 0.300781 0.863281 0.312500 0.847656 0.314453 0.781250 0.250000 0.744141 0.279297 0.722656 0.318359 0.660156 0.322266 0.609375 0.300781 0.570312 0.226562 0.578125 0.195312 0.597656 0.091797 0.566406 0.095703 0.544922 0.076172 0.548828 0.082031 0.568359 0.054688 0.562500 0.019531 0.572266
0 0.998047 0.826172 0.869141 0.808594 0.826172 0.777344 0.796875 0.792969 0.769531 0.791016 0.748047 0.810547 0.675781 0.824219 0.660156 0.849609 0.621094 0.847656 0.585938 0.882812 0.566406 0.921875 0.542969 0.931641 0.531250 0.953125 0.498047 0.960938 0.496094 0.998047 0.998047 0.998047
0 0.628906 0.839844 0.628906 0.841797 0.638672 0.841797 0.638672 0.839844
0 0.644531 0.839844 0.644531 0.841797 0.654297 0.841797 0.654297 0.839844
2 0.941406 0.183594 0.939453 0.185547 0.939453 0.187500 0.937500 0.189453 0.937500 0.195312 0.939453 0.197266 0.939453 0.199219 0.945312 0.199219 0.949219 0.195312 0.949219 0.185547 0.947266 0.183594
2 0.855469 0.236328 0.857422 0.263672 0.863281 0.275391 0.873047 0.275391 0.880859 0.269531 0.890625 0.269531 0.892578 0.267578 0.906250 0.265625 0.908203 0.263672 0.912109 0.263672 0.916016 0.259766 0.927734 0.257812 0.929688 0.255859 0.929688 0.250000 0.919922 0.240234 0.908203 0.240234 0.896484 0.248047 0.884766 0.248047 0.876953 0.251953 0.867188 0.251953 0.863281 0.248047 0.861328 0.238281 0.859375 0.236328
2 0.029297 0.941406 0.025391 0.945312 0.025391 0.955078 0.023438 0.957031 0.023438 0.964844 0.021484 0.966797 0.021484 0.970703 0.019531 0.972656 0.019531 0.976562 0.017578 0.978516 0.025391 0.984375 0.050781 0.984375 0.052734 0.986328 0.062500 0.986328 0.062500 0.978516 0.064453 0.976562 0.064453 0.964844 0.066406 0.962891 0.066406 0.957031 0.068359 0.955078 0.068359 0.947266 0.066406 0.945312 0.062500 0.945312 0.060547 0.943359 0.046875 0.943359 0.044922 0.941406
4 0.984375 0.488281 0.957031 0.484375 0.931641 0.501953 0.833984 0.503906 0.792969 0.525391 0.804688 0.558594 0.828125 0.574219 0.769531 0.597656 0.755859 0.619141 0.757812 0.675781 0.789062 0.716797 0.789062 0.738281 0.775391 0.757812 0.779297 0.779297 0.792969 0.783203 0.824219 0.769531 0.845703 0.777344 0.869141 0.800781 0.933594 0.818359 0.998047 0.820312 0.998047 0.501953
