0 0.255859 0.416016 0.251953 0.421875 0.251953 0.441406 0.257812 0.457031 0.253906 0.460938 0.253906 0.519531 0.257812 0.537109 0.271484 0.546875 0.292969 0.552734 0.339844 0.554688 0.333984 0.548828 0.341797 0.544922 0.341797 0.533203 0.349609 0.513672 0.345703 0.460938 0.349609 0.419922 0.345703 0.416016 0.337891 0.416016 0.330078 0.408203 0.312500 0.410156 0.300781 0.406250 0.275391 0.408203
2 0.058594 0.000000 0.058594 0.029297 0.060547 0.031250 0.087891 0.031250 0.089844 0.029297 0.101562 0.029297 0.103516 0.027344 0.103516 0.011719 0.105469 0.009766 0.105469 0.007812 0.103516 0.005859 0.103516 0.000000
2 0.998047 0.054688 0.974609 0.058594 0.974609 0.121094 0.962891 0.123047 0.964844 0.070312 0.904297 0.060547 0.892578 0.070312 0.892578 0.087891 0.882812 0.068359 0.824219 0.070312 0.818359 0.085938 0.818359 0.126953 0.837891 0.128906 0.859375 0.113281 0.886719 0.113281 0.886719 0.130859 0.873047 0.148438 0.876953 0.171875 0.945312 0.181641 0.960938 0.130859 0.966797 0.140625 0.998047 0.150391
2 0.537109 0.072266 0.498047 0.076172 0.480469 0.074219 0.457031 0.082031 0.455078 0.136719 0.460938 0.142578 0.464844 0.156250 0.486328 0.158203 0.482422 0.214844 0.478516 0.222656 0.478516 0.230469 0.484375 0.234375 0.521484 0.236328 0.525391 0.230469 0.537109 0.177734 0.539062 0.136719 0.550781 0.087891
2 0.564453 0.070312 0.558594 0.074219 0.554688 0.083984 0.554688 0.099609 0.550781 0.119141 0.546875 0.125000 0.544922 0.140625 0.541016 0.150391 0.541016 0.169922 0.546875 0.175781 0.554688 0.177734 0.591797 0.179688 0.611328 0.093750 0.609375 0.087891 0.603516 0.082031 0.595703 0.082031 0.591797 0.078125 0.583984 0.078125 0.572266 0.070312
2 0.380859 0.091797 0.380859 0.125000 0.382812 0.126953 0.382812 0.138672 0.384766 0.140625 0.384766 0.144531 0.388672 0.144531 0.390625 0.142578 0.412109 0.142578 0.414062 0.140625 0.443359 0.140625 0.443359 0.123047 0.441406 0.121094 0.443359 0.117188 0.443359 0.109375 0.445312 0.107422 0.445312 0.085938 0.443359 0.083984 0.437500 0.083984 0.435547 0.085938 0.421875 0.085938 0.419922 0.083984 0.386719 0.085938
2 0.291016 0.087891 0.287109 0.093750 0.287109 0.097656 0.289062 0.099609 0.289062 0.115234 0.291016 0.117188 0.291016 0.128906 0.292969 0.130859 0.292969 0.138672 0.294922 0.142578 0.298828 0.146484 0.300781 0.146484 0.308594 0.142578 0.326172 0.140625 0.328125 0.138672 0.328125 0.130859 0.326172 0.128906 0.326172 0.111328 0.324219 0.109375 0.324219 0.103516 0.322266 0.101562 0.322266 0.095703 0.320312 0.093750 0.320312 0.089844 0.318359 0.087891
2 0.363281 0.085938 0.349609 0.085938 0.347656 0.087891 0.343750 0.087891 0.333984 0.099609 0.333984 0.103516 0.335938 0.105469 0.335938 0.117188 0.337891 0.119141 0.337891 0.123047 0.333984 0.128906 0.333984 0.146484 0.335938 0.148438 0.335938 0.162109 0.337891 0.164062 0.353516 0.166016 0.355469 0.164062 0.363281 0.164062 0.369141 0.160156 0.369141 0.148438 0.367188 0.146484 0.367188 0.134766 0.365234 0.132812 0.365234 0.119141 0.363281 0.117188 0.363281 0.101562 0.367188 0.093750 0.367188 0.087891
2 0.212891 0.101562 0.210938 0.103516 0.210938 0.130859 0.212891 0.132812 0.212891 0.144531 0.214844 0.146484 0.222656 0.146484 0.224609 0.144531 0.248047 0.144531 0.248047 0.107422 0.246094 0.105469 0.246094 0.101562 0.240234 0.097656 0.226562 0.097656 0.224609 0.099609 0.216797 0.099609 0.214844 0.101562
2 0.152344 0.101562 0.123047 0.101562 0.101562 0.107422 0.039062 0.109375 0.042969 0.171875 0.064453 0.175781 0.113281 0.177734 0.117188 0.185547 0.125000 0.191406 0.164062 0.189453 0.164062 0.177734 0.158203 0.158203 0.158203 0.115234
2 0.667969 0.164062 0.666016 0.166016 0.666016 0.167969 0.667969 0.167969
2 0.632812 0.177734 0.625000 0.185547 0.619141 0.195312 0.619141 0.201172 0.630859 0.212891 0.630859 0.232422 0.632812 0.234375 0.632812 0.238281 0.636719 0.242188 0.669922 0.244141 0.673828 0.238281 0.671875 0.236328 0.673828 0.222656 0.671875 0.220703 0.671875 0.189453 0.669922 0.187500 0.669922 0.183594 0.667969 0.181641 0.660156 0.181641 0.658203 0.179688 0.652344 0.179688 0.650391 0.177734
2 0.044922 0.179688 0.041016 0.302734 0.044922 0.306641 0.097656 0.308594 0.115234 0.312500 0.130859 0.310547 0.134766 0.253906 0.152344 0.220703 0.150391 0.208984 0.125000 0.197266
2 0.376953 0.226562 0.375000 0.230469 0.375000 0.236328 0.373047 0.238281 0.373047 0.263672 0.375000 0.265625 0.398438 0.265625 0.400391 0.267578 0.421875 0.267578 0.421875 0.244141 0.427734 0.232422 0.427734 0.228516 0.423828 0.224609 0.419922 0.224609 0.412109 0.220703 0.402344 0.220703 0.400391 0.218750 0.394531 0.218750 0.388672 0.222656 0.382812 0.222656
2 0.275391 0.226562 0.273438 0.248047 0.277344 0.248047 0.291016 0.263672 0.302734 0.267578 0.306641 0.271484 0.314453 0.271484 0.316406 0.273438 0.349609 0.273438 0.351562 0.275391 0.359375 0.275391 0.365234 0.271484 0.365234 0.265625 0.367188 0.263672 0.367188 0.244141 0.365234 0.242188 0.353516 0.240234 0.345703 0.236328 0.339844 0.230469 0.332031 0.230469 0.330078 0.228516 0.306641 0.228516 0.296875 0.224609 0.279297 0.224609
2 0.468750 0.222656 0.466797 0.222656 0.466797 0.226562 0.468750 0.224609
2 0.150391 0.246094 0.146484 0.250000 0.146484 0.259766 0.144531 0.261719 0.146484 0.263672 0.146484 0.279297 0.148438 0.281250 0.146484 0.285156 0.146484 0.306641 0.148438 0.310547 0.160156 0.316406 0.195312 0.318359 0.199219 0.314453 0.199219 0.304688 0.197266 0.302734 0.197266 0.251953 0.189453 0.248047 0.177734 0.248047 0.175781 0.246094
2 0.498047 0.257812 0.494141 0.261719 0.494141 0.296875 0.498047 0.300781 0.513672 0.300781 0.515625 0.302734 0.525391 0.302734 0.527344 0.300781 0.529297 0.300781 0.537109 0.287109 0.537109 0.267578 0.535156 0.265625 0.533203 0.265625 0.527344 0.259766 0.511719 0.259766 0.509766 0.257812
2 0.320312 0.279297 0.316406 0.287109 0.316406 0.292969 0.314453 0.294922 0.316406 0.332031 0.318359 0.335938 0.326172 0.339844 0.335938 0.341797 0.337891 0.343750 0.351562 0.343750 0.353516 0.341797 0.357422 0.341797 0.359375 0.337891 0.359375 0.318359 0.361328 0.316406 0.361328 0.296875 0.363281 0.294922 0.363281 0.287109 0.361328 0.283203 0.357422 0.281250 0.351562 0.281250 0.349609 0.279297 0.343750 0.279297 0.341797 0.277344 0.324219 0.277344
2 0.375000 0.281250 0.373047 0.283203 0.375000 0.308594 0.373047 0.310547 0.373047 0.328125 0.371094 0.330078 0.371094 0.351562 0.373047 0.353516 0.382812 0.353516 0.384766 0.349609 0.392578 0.343750 0.414062 0.345703 0.416016 0.347656 0.429688 0.343750 0.437500 0.333984 0.439453 0.289062 0.423828 0.283203
2 0.816406 0.287109 0.816406 0.289062 0.814453 0.291016 0.814453 0.294922 0.816406 0.296875 0.816406 0.300781 0.818359 0.302734 0.818359 0.316406 0.820312 0.318359 0.835938 0.318359 0.837891 0.320312 0.851562 0.320312 0.853516 0.318359 0.865234 0.318359 0.867188 0.316406 0.867188 0.306641 0.869141 0.304688 0.869141 0.291016 0.867188 0.289062 0.865234 0.289062 0.863281 0.287109 0.859375 0.287109 0.855469 0.283203 0.843750 0.283203 0.841797 0.281250 0.839844 0.281250 0.837891 0.283203 0.828125 0.283203 0.826172 0.285156 0.820312 0.285156 0.818359 0.287109
2 0.972656 0.294922 0.970703 0.296875 0.970703 0.333984 0.968750 0.335938 0.968750 0.337891 0.970703 0.339844 0.982422 0.339844 0.984375 0.341797 0.998047 0.341797 0.998047 0.294922
2 0.130859 0.316406 0.123047 0.316406 0.121094 0.318359 0.113281 0.318359 0.111328 0.320312 0.107422 0.320312 0.103516 0.326172 0.105469 0.328125 0.105469 0.359375 0.109375 0.365234 0.136719 0.365234 0.138672 0.363281 0.138672 0.332031 0.136719 0.330078 0.136719 0.320312
2 0.910156 0.320312 0.910156 0.328125 0.908203 0.330078 0.908203 0.349609 0.910156 0.349609 0.912109 0.351562 0.917969 0.351562 0.919922 0.353516 0.923828 0.353516 0.929688 0.357422 0.937500 0.357422 0.939453 0.359375 0.945312 0.359375 0.947266 0.357422 0.951172 0.357422 0.957031 0.351562 0.957031 0.343750 0.958984 0.341797 0.958984 0.324219 0.955078 0.324219 0.953125 0.322266 0.949219 0.322266 0.947266 0.320312 0.939453 0.320312 0.937500 0.318359 0.927734 0.318359 0.925781 0.316406 0.914062 0.316406
2 0.449219 0.324219 0.447266 0.341797 0.443359 0.351562 0.445312 0.361328 0.449219 0.363281 0.484375 0.365234 0.486328 0.367188 0.517578 0.367188 0.521484 0.363281 0.519531 0.361328 0.519531 0.337891 0.521484 0.335938 0.521484 0.326172 0.519531 0.324219 0.490234 0.324219 0.488281 0.322266 0.460938 0.322266 0.458984 0.320312 0.455078 0.320312
2 0.746094 0.328125 0.744141 0.330078 0.746094 0.414062 0.748047 0.416016 0.767578 0.416016 0.769531 0.417969 0.810547 0.417969 0.812500 0.416016 0.810547 0.347656 0.802734 0.341797 0.800781 0.332031 0.751953 0.330078
2 0.871094 0.382812 0.869141 0.408203 0.878906 0.419922 0.914062 0.421875 0.921875 0.417969 0.925781 0.406250 0.927734 0.419922 0.941406 0.425781 0.949219 0.425781 0.957031 0.417969 0.968750 0.417969 0.998047 0.427734 0.998047 0.373047 0.974609 0.365234 0.943359 0.365234 0.937500 0.369141 0.929688 0.398438 0.929688 0.378906 0.925781 0.375000 0.912109 0.373047 0.910156 0.369141 0.914062 0.365234 0.908203 0.361328 0.898438 0.373047 0.876953 0.375000
2 0.070312 0.419922 0.068359 0.423828 0.068359 0.443359 0.070312 0.445312 0.070312 0.451172 0.072266 0.453125 0.076172 0.453125 0.078125 0.455078 0.095703 0.455078 0.097656 0.457031 0.111328 0.457031 0.113281 0.458984 0.119141 0.458984 0.121094 0.457031 0.121094 0.447266 0.123047 0.445312 0.123047 0.425781 0.117188 0.416016 0.113281 0.414062 0.099609 0.414062 0.097656 0.416016 0.076172 0.416016
2 0.410156 0.421875 0.396484 0.416016 0.386719 0.421875 0.382812 0.419922 0.371094 0.421875 0.355469 0.443359 0.355469 0.468750 0.349609 0.478516 0.349609 0.490234 0.351562 0.492188 0.351562 0.498047 0.359375 0.505859 0.384766 0.507812 0.392578 0.503906 0.410156 0.501953 0.414062 0.496094 0.412109 0.474609 0.414062 0.472656 0.414062 0.460938 0.416016 0.457031 0.414062 0.455078 0.414062 0.427734
2 0.597656 0.437500 0.580078 0.468750 0.582031 0.482422 0.593750 0.490234 0.578125 0.494141 0.572266 0.501953 0.572266 0.519531 0.582031 0.527344 0.603516 0.529297 0.623047 0.556641 0.636719 0.560547 0.671875 0.560547 0.673828 0.498047 0.667969 0.494141 0.634766 0.492188 0.671875 0.490234 0.673828 0.458984
2 0.423828 0.490234 0.419922 0.494141 0.419922 0.515625 0.421875 0.519531 0.435547 0.523438 0.423828 0.527344 0.421875 0.550781 0.437500 0.568359 0.445312 0.572266 0.464844 0.574219 0.468750 0.558594 0.470703 0.531250 0.447266 0.527344 0.449219 0.525391 0.468750 0.525391 0.470703 0.527344 0.478516 0.525391 0.480469 0.494141 0.478516 0.492188 0.453125 0.492188 0.439453 0.488281
2 0.919922 0.525391 0.900391 0.509766 0.892578 0.509766 0.886719 0.513672 0.876953 0.515625 0.871094 0.519531 0.853516 0.539062 0.837891 0.542969 0.832031 0.550781 0.832031 0.558594 0.833984 0.560547 0.851562 0.562500 0.853516 0.564453 0.859375 0.564453 0.861328 0.566406 0.875000 0.568359 0.880859 0.572266 0.892578 0.574219 0.896484 0.568359 0.898438 0.554688 0.904297 0.542969 0.916016 0.535156 0.919922 0.529297
2 0.539062 0.541016 0.539062 0.546875 0.535156 0.552734 0.533203 0.562500 0.529297 0.566406 0.527344 0.578125 0.533203 0.582031 0.541016 0.583984 0.546875 0.589844 0.554688 0.593750 0.560547 0.593750 0.562500 0.595703 0.570312 0.595703 0.572266 0.593750 0.591797 0.595703 0.595703 0.591797 0.597656 0.580078 0.599609 0.578125 0.599609 0.570312 0.603516 0.564453 0.603516 0.554688 0.599609 0.548828 0.599609 0.537109 0.587891 0.533203 0.582031 0.533203 0.580078 0.531250 0.574219 0.531250 0.572266 0.529297 0.562500 0.529297 0.556641 0.535156 0.546875 0.535156
2 0.304688 0.558594 0.300781 0.564453 0.298828 0.597656 0.304688 0.603516 0.332031 0.607422 0.312500 0.611328 0.312500 0.619141 0.324219 0.625000 0.333984 0.634766 0.333984 0.648438 0.339844 0.652344 0.386719 0.650391 0.388672 0.638672 0.378906 0.621094 0.357422 0.613281 0.333984 0.609375 0.355469 0.607422 0.355469 0.580078 0.359375 0.562500 0.335938 0.558594
2 0.841797 0.574219 0.837891 0.572266 0.828125 0.572266 0.826172 0.570312 0.818359 0.572266 0.814453 0.576172 0.814453 0.580078 0.808594 0.585938 0.804688 0.593750 0.804688 0.636719 0.806641 0.638672 0.837891 0.638672 0.839844 0.636719 0.841797 0.619141 0.845703 0.613281 0.845703 0.607422 0.847656 0.605469 0.847656 0.589844 0.845703 0.587891 0.845703 0.578125
2 0.882812 0.589844 0.878906 0.638672 0.871094 0.656250 0.873047 0.669922 0.921875 0.675781 0.925781 0.669922 0.929688 0.681641 0.990234 0.691406 0.998047 0.689453 0.998047 0.605469 0.970703 0.599609 0.935547 0.599609 0.933594 0.615234 0.931641 0.597656
2 0.535156 0.605469 0.529297 0.621094 0.523438 0.658203 0.517578 0.667969 0.517578 0.673828 0.515625 0.675781 0.517578 0.681641 0.552734 0.687500 0.560547 0.691406 0.570312 0.691406 0.572266 0.671875 0.576172 0.662109 0.578125 0.640625 0.580078 0.638672 0.583984 0.617188 0.572266 0.611328 0.550781 0.609375 0.542969 0.605469
2 0.070312 0.623047 0.070312 0.664062 0.074219 0.669922 0.115234 0.669922 0.117188 0.667969 0.140625 0.667969 0.140625 0.664062 0.142578 0.662109 0.142578 0.652344 0.140625 0.650391 0.140625 0.636719 0.138672 0.634766 0.136719 0.625000 0.126953 0.621094 0.121094 0.621094 0.119141 0.619141 0.078125 0.619141
2 0.732422 0.636719 0.734375 0.638672 0.732422 0.640625 0.732422 0.644531 0.734375 0.646484 0.732422 0.648438 0.734375 0.652344 0.732422 0.654297 0.734375 0.656250 0.732422 0.658203 0.734375 0.660156 0.732422 0.662109 0.734375 0.669922 0.802734 0.669922 0.802734 0.640625 0.800781 0.638672 0.761719 0.638672 0.759766 0.636719
2 0.671875 0.664062 0.619141 0.667969 0.623047 0.734375 0.636719 0.736328 0.625000 0.738281 0.619141 0.744141 0.619141 0.765625 0.625000 0.771484 0.650391 0.773438 0.613281 0.777344 0.605469 0.785156 0.640625 0.832031 0.677734 0.826172 0.675781 0.794922 0.679688 0.775391 0.673828 0.769531 0.675781 0.732422 0.669922 0.730469 0.687500 0.728516 0.691406 0.720703 0.687500 0.673828
2 0.056641 0.781250 0.056641 0.808594 0.101562 0.826172 0.111328 0.833984 0.160156 0.845703 0.189453 0.847656 0.193359 0.841797 0.197266 0.849609 0.251953 0.857422 0.273438 0.853516 0.275391 0.808594 0.253906 0.798828 0.208984 0.796875 0.203125 0.804688 0.201172 0.779297 0.185547 0.765625 0.191406 0.740234 0.171875 0.722656 0.125000 0.726562 0.126953 0.748047 0.115234 0.767578 0.072266 0.771484
2 0.857422 0.785156 0.851562 0.785156 0.849609 0.787109 0.845703 0.787109 0.857422 0.787109
2 0.462891 0.802734 0.472656 0.808594 0.466797 0.814453 0.470703 0.816406 0.468750 0.818359 0.453125 0.818359 0.451172 0.822266 0.451172 0.894531 0.468750 0.898438 0.505859 0.896484 0.539062 0.904297 0.558594 0.902344 0.562500 0.896484 0.562500 0.832031 0.556641 0.828125 0.517578 0.828125 0.509766 0.818359 0.513672 0.804688 0.505859 0.800781 0.484375 0.798828 0.476562 0.802734
2 0.955078 0.869141 0.937500 0.863281 0.916016 0.800781 0.832031 0.826172 0.826172 0.824219 0.826172 0.812500 0.798828 0.810547 0.792969 0.814453 0.798828 0.818359 0.787109 0.822266 0.798828 0.822266 0.800781 0.826172 0.794922 0.830078 0.755859 0.828125 0.759766 0.832031 0.750000 0.837891 0.746094 0.890625 0.753906 0.912109 0.855469 0.912109 0.937500 0.886719
2 0.455078 0.812500 0.455078 0.814453 0.457031 0.814453
2 0.759766 0.814453 0.759766 0.820312 0.761719 0.820312 0.763672 0.822266 0.771484 0.822266 0.769531 0.820312 0.767578 0.822266 0.765625 0.822266 0.763672 0.820312 0.763672 0.816406 0.765625 0.814453 0.763672 0.812500 0.761719 0.812500
2 0.753906 0.822266 0.751953 0.822266 0.751953 0.824219
2 0.966797 0.845703 0.966797 0.847656 0.968750 0.849609 0.968750 0.845703
2 0.027344 0.894531 0.033203 0.912109 0.041016 0.910156 0.031250 0.960938 0.027344 0.957031 0.009766 0.964844 0.044922 0.980469 0.048828 0.998047 0.222656 0.998047 0.224609 0.990234 0.230469 0.992188 0.226562 0.996094 0.230469 0.998047 0.224609 0.978516 0.228516 0.976562 0.230469 0.982422 0.232422 0.947266 0.212891 0.941406 0.205078 0.929688 0.156250 0.916016 0.080078 0.908203 0.042969 0.890625
2 0.343750 0.966797 0.343750 0.992188 0.341797 0.994141 0.341797 0.998047 0.423828 0.998047 0.423828 0.980469 0.427734 0.972656 0.427734 0.962891 0.425781 0.960938 0.408203 0.958984 0.406250 0.957031 0.367188 0.955078 0.363281 0.953125 0.355469 0.958984 0.347656 0.960938
2 0.265625 0.964844 0.265625 0.966797 0.263672 0.968750 0.263672 0.978516 0.265625 0.980469 0.265625 0.982422 0.263672 0.984375 0.261719 0.984375 0.261719 0.986328 0.265625 0.990234 0.263672 0.992188 0.265625 0.990234 0.267578 0.990234 0.269531 0.992188 0.271484 0.990234 0.271484 0.984375 0.269531 0.984375 0.267578 0.982422 0.267578 0.976562 0.269531 0.974609 0.273438 0.974609 0.273438 0.970703 0.267578 0.964844
2 0.296875 0.984375 0.296875 0.990234 0.298828 0.990234 0.298828 0.986328
2 0.271484 0.996094 0.269531 0.996094 0.267578 0.998047 0.271484 0.998047
5 0.996094 0.017578 0.699219 0.000000 0.001953 0.056641 0.000000 0.863281 0.681641 0.996094 0.998047 0.945312 0.988281 0.908203 0.744141 0.955078 0.730469 0.060547 0.980469 0.048828
