0 0.281250 0.095703 0.281250 0.126953 0.269531 0.136719 0.277344 0.140625 0.271484 0.146484 0.279297 0.158203 0.269531 0.162109 0.271484 0.166016 0.267578 0.167969 0.275391 0.173828 0.269531 0.183594 0.273438 0.189453 0.265625 0.193359 0.273438 0.207031 0.277344 0.234375 0.328125 0.242188 0.369141 0.242188 0.369141 0.224609 0.375000 0.218750 0.392578 0.218750 0.402344 0.212891 0.404297 0.177734 0.357422 0.105469 0.330078 0.083984 0.320312 0.097656 0.310547 0.093750
0 0.199219 0.240234 0.195312 0.250000 0.199219 0.287109 0.189453 0.300781 0.201172 0.324219 0.210938 0.326172 0.226562 0.337891 0.244141 0.328125 0.253906 0.328125 0.265625 0.335938 0.265625 0.341797 0.312500 0.337891 0.326172 0.328125 0.339844 0.332031 0.347656 0.326172 0.353516 0.296875 0.337891 0.281250 0.335938 0.269531 0.339844 0.255859 0.333984 0.248047 0.312500 0.242188 0.251953 0.240234 0.234375 0.234375 0.210938 0.234375
0 0.029297 0.275391 0.031250 0.300781 0.039062 0.316406 0.048828 0.324219 0.064453 0.330078 0.085938 0.343750 0.128906 0.343750 0.125000 0.339844 0.132812 0.335938 0.140625 0.335938 0.156250 0.314453 0.156250 0.300781 0.148438 0.292969 0.117188 0.273438 0.060547 0.267578 0.048828 0.271484 0.033203 0.271484
0 0.212891 0.355469 0.216797 0.378906 0.236328 0.375000 0.246094 0.380859 0.308594 0.373047 0.326172 0.361328 0.328125 0.371094 0.322266 0.369141 0.316406 0.380859 0.314453 0.376953 0.312500 0.388672 0.294922 0.406250 0.318359 0.451172 0.318359 0.494141 0.343750 0.484375 0.375000 0.486328 0.388672 0.474609 0.394531 0.423828 0.380859 0.371094 0.363281 0.351562 0.324219 0.361328 0.300781 0.351562 0.226562 0.345703
0 0.324219 0.677734 0.320312 0.685547 0.322266 0.701172 0.333984 0.712891 0.347656 0.750000 0.355469 0.755859 0.359375 0.753906 0.367188 0.763672 0.369141 0.777344 0.376953 0.779297 0.376953 0.800781 0.373047 0.800781 0.373047 0.794922 0.369141 0.806641 0.373047 0.818359 0.367188 0.822266 0.398438 0.822266 0.419922 0.814453 0.423828 0.800781 0.447266 0.802734 0.457031 0.796875 0.455078 0.785156 0.466797 0.777344 0.449219 0.750000 0.433594 0.710938 0.433594 0.701172 0.423828 0.707031 0.417969 0.705078 0.404297 0.681641 0.390625 0.681641 0.376953 0.673828 0.373047 0.666016 0.359375 0.679688
0 0.351562 0.761719 0.351562 0.763672 0.353516 0.763672 0.353516 0.761719
0 0.349609 0.773438 0.347656 0.775391 0.347656 0.781250 0.349609 0.779297 0.351562 0.779297 0.351562 0.777344 0.349609 0.775391
0 0.371094 0.785156 0.371094 0.787109 0.373047 0.787109 0.373047 0.785156
0 0.359375 0.822266 0.359375 0.820312 0.357422 0.818359 0.355469 0.818359 0.353516 0.820312 0.335938 0.820312 0.337891 0.820312 0.339844 0.822266 0.341797 0.822266 0.343750 0.820312 0.345703 0.820312 0.347656 0.822266
1 0.361328 0.000000 0.482422 0.183594 0.484375 0.365234 0.431641 0.609375 0.460938 0.759766 0.535156 0.794922 0.677734 0.664062 0.621094 0.513672 0.673828 0.494141 0.707031 0.648438 0.802734 0.783203 0.763672 0.998047 0.933594 0.992188 0.904297 0.964844 0.904297 0.859375 0.992188 0.810547 0.945312 0.435547 0.904297 0.271484 0.851562 0.220703 0.849609 0.164062 0.761719 0.005859
1 0.000000 0.605469 0.000000 0.724609 0.093750 0.742188 0.138672 0.740234 0.160156 0.720703 0.171875 0.697266 0.171875 0.671875 0.158203 0.646484 0.123047 0.628906 0.089844 0.628906 0.052734 0.615234
1 0.000000 0.810547 0.000000 0.998047 0.572266 0.998047 0.404297 0.900391 0.285156 0.851562 0.191406 0.830078 0.072266 0.826172
1 0.917969 0.878906 0.916016 0.878906 0.914062 0.880859 0.914062 0.886719 0.916016 0.886719 0.914062 0.884766 0.914062 0.882812 0.916016 0.880859 0.917969 0.880859
1 0.919922 0.955078 0.916016 0.955078 0.914062 0.957031 0.914062 0.960938 0.916016 0.960938 0.917969 0.958984 0.919922 0.958984
1 0.935547 0.972656 0.933594 0.970703 0.931641 0.972656 0.929688 0.972656 0.929688 0.974609 0.933594 0.974609
2 0.917969 0.023438 0.919922 0.041016 0.925781 0.056641 0.919922 0.060547 0.908203 0.060547 0.902344 0.064453 0.902344 0.078125 0.908203 0.097656 0.914062 0.101562 0.923828 0.101562 0.957031 0.095703 0.958984 0.087891 0.955078 0.083984 0.951172 0.072266 0.951172 0.056641 0.945312 0.052734 0.947266 0.050781 0.972656 0.052734 0.980469 0.042969 0.982422 0.027344 0.978516 0.023438 0.945312 0.023438 0.943359 0.025391
2 0.914062 0.128906 0.904297 0.148438 0.904297 0.158203 0.919922 0.181641 0.968750 0.179688 0.933594 0.189453 0.955078 0.242188 0.962891 0.246094 0.998047 0.240234 0.998047 0.187500 0.990234 0.179688 0.968750 0.177734 0.988281 0.173828 0.978516 0.173828 0.974609 0.167969 0.976562 0.162109 0.998047 0.158203 0.998047 0.134766 0.994141 0.128906 0.988281 0.128906 0.986328 0.123047 0.980469 0.126953 0.970703 0.121094 0.966797 0.125000 0.960938 0.121094 0.953125 0.121094 0.951172 0.125000 0.943359 0.121094
2 0.224609 0.457031 0.222656 0.488281 0.220703 0.490234 0.222656 0.496094 0.238281 0.500000 0.257812 0.500000 0.287109 0.507812 0.310547 0.507812 0.314453 0.472656 0.316406 0.470703 0.316406 0.457031 0.314453 0.455078 0.298828 0.455078 0.287109 0.451172 0.265625 0.451172 0.263672 0.449219 0.244141 0.447266 0.238281 0.451172 0.228516 0.453125
5 0.330078 0.000000 0.431641 0.123047 0.458984 0.232422 0.460938 0.357422 0.423828 0.480469 0.406250 0.601562 0.410156 0.689453 0.423828 0.705078 0.435547 0.693359 0.427734 0.613281 0.443359 0.500000 0.482422 0.365234 0.480469 0.224609 0.443359 0.099609 0.355469 0.000000
5 0.779297 0.000000 0.800781 0.054688 0.833984 0.093750 0.914062 0.240234 0.957031 0.386719 0.986328 0.527344 0.984375 0.566406 0.996094 0.578125 0.992188 0.443359 0.933594 0.226562 0.888672 0.160156 0.855469 0.082031 0.824219 0.048828 0.806641 0.000000
5 0.000000 0.570312 0.000000 0.595703 0.031250 0.601562 0.066406 0.621094 0.162109 0.626953 0.267578 0.646484 0.341797 0.677734 0.365234 0.675781 0.371094 0.666016 0.365234 0.656250 0.345703 0.656250 0.275391 0.625000 0.230469 0.621094 0.164062 0.603516 0.097656 0.605469
