0 0.000000 0.000000 0.000000 0.025391 0.253906 0.003906 0.482422 0.027344 0.613281 0.123047 0.712891 0.232422 0.748047 0.236328 0.796875 0.292969 0.826172 0.294922 0.753906 0.000000
0 0.773438 0.000000 0.876953 0.371094 0.896484 0.394531 0.896484 0.414062 0.935547 0.433594 0.937500 0.496094 0.958984 0.525391 0.994141 0.531250 0.998047 0.556641 0.998047 0.000000
0 0.998047 0.632812 0.935547 0.564453 0.812500 0.632812 0.652344 0.625000 0.914062 0.542969 0.490234 0.058594 0.000000 0.056641 0.089844 0.083984 0.076172 0.156250 0.000000 0.113281 0.000000 0.171875 0.076172 0.199219 0.013672 0.468750 0.244141 0.513672 0.179688 0.406250 0.208984 0.384766 0.146484 0.367188 0.275391 0.382812 0.320312 0.500000 0.267578 0.519531 0.361328 0.556641 0.265625 0.654297 0.296875 0.558594 0.000000 0.496094 0.000000 0.583984 0.093750 0.537109 0.076172 0.660156 0.000000 0.667969 0.000000 0.998047 0.535156 0.998047 0.998047 0.777344
0 0.033203 0.283203 0.029297 0.285156 0.000000 0.283203 0.000000 0.447266 0.003906 0.433594 0.009766 0.427734 0.017578 0.396484 0.017578 0.371094
2 0.085938 0.080078 0.017578 0.082031 0.005859 0.085938 0.000000 0.091797 0.000000 0.097656 0.001953 0.099609 0.003906 0.130859 0.009766 0.154297 0.015625 0.156250 0.031250 0.156250 0.033203 0.154297 0.066406 0.156250 0.082031 0.152344 0.085938 0.148438 0.085938 0.130859 0.087891 0.128906 0.087891 0.111328 0.085938 0.109375 0.087891 0.083984
2 0.000000 0.173828 0.000000 0.281250 0.003906 0.283203 0.033203 0.281250 0.035156 0.285156 0.037109 0.234375 0.041016 0.230469 0.058594 0.230469 0.062500 0.234375 0.062500 0.240234 0.070312 0.232422 0.074219 0.207031 0.072266 0.189453 0.064453 0.185547 0.060547 0.179688 0.048828 0.175781 0.021484 0.177734
2 0.031250 0.302734 0.031250 0.308594 0.029297 0.310547 0.029297 0.322266 0.027344 0.324219 0.027344 0.332031 0.025391 0.333984 0.025391 0.345703 0.023438 0.347656 0.023438 0.355469 0.023438 0.349609 0.025391 0.347656 0.025391 0.333984 0.027344 0.332031 0.027344 0.326172 0.029297 0.324219 0.029297 0.312500 0.031250 0.310547
2 0.046875 0.345703 0.046875 0.349609 0.044922 0.351562 0.044922 0.359375 0.042969 0.361328 0.042969 0.367188 0.042969 0.361328 0.044922 0.359375 0.044922 0.353516 0.046875 0.351562
2 0.148438 0.367188 0.150391 0.376953 0.183594 0.380859 0.208984 0.390625 0.181641 0.390625 0.181641 0.406250 0.216797 0.414062 0.224609 0.421875 0.222656 0.445312 0.230469 0.455078 0.234375 0.472656 0.226562 0.486328 0.228516 0.501953 0.263672 0.515625 0.279297 0.500000 0.314453 0.500000 0.318359 0.496094 0.304688 0.433594 0.294922 0.425781 0.294922 0.414062 0.277344 0.388672 0.250000 0.380859 0.210938 0.378906 0.203125 0.367188 0.175781 0.361328
2 0.384766 0.437500 0.386719 0.439453 0.386719 0.441406 0.388672 0.441406 0.398438 0.447266 0.402344 0.447266 0.404297 0.449219 0.412109 0.449219 0.414062 0.451172 0.417969 0.451172 0.419922 0.453125 0.425781 0.453125 0.431641 0.457031 0.435547 0.457031 0.437500 0.455078 0.439453 0.455078 0.447266 0.443359 0.447266 0.437500 0.441406 0.433594 0.437500 0.433594 0.435547 0.431641 0.416016 0.431641 0.414062 0.429688 0.408203 0.427734 0.402344 0.421875 0.400391 0.421875 0.398438 0.419922 0.396484 0.419922 0.390625 0.425781 0.390625 0.427734
2 0.009766 0.429688 0.005859 0.433594 0.005859 0.437500 0.003906 0.439453 0.003906 0.441406 0.001953 0.443359 0.001953 0.447266 0.000000 0.449219 0.000000 0.462891 0.001953 0.464844 0.000000 0.462891 0.000000 0.457031 0.001953 0.455078 0.001953 0.445312 0.003906 0.443359 0.003906 0.441406 0.005859 0.439453 0.005859 0.437500 0.007812 0.435547 0.007812 0.431641
2 0.087891 0.531250 0.074219 0.531250 0.060547 0.541016 0.064453 0.560547 0.058594 0.568359 0.019531 0.568359 0.000000 0.585938 0.001953 0.667969 0.035156 0.667969 0.074219 0.660156 0.076172 0.626953 0.070312 0.617188 0.070312 0.609375 0.078125 0.585938 0.083984 0.582031 0.089844 0.566406 0.091797 0.537109
2 0.310547 0.562500 0.292969 0.560547 0.291016 0.558594 0.279297 0.562500 0.279297 0.589844 0.277344 0.591797 0.277344 0.599609 0.263672 0.617188 0.259766 0.626953 0.259766 0.636719 0.265625 0.652344 0.277344 0.652344 0.285156 0.648438 0.310547 0.648438 0.318359 0.642578 0.320312 0.619141 0.314453 0.611328 0.314453 0.574219
2 0.091797 0.595703 0.091797 0.607422 0.089844 0.609375 0.089844 0.638672 0.091797 0.640625 0.091797 0.644531 0.103516 0.644531 0.107422 0.646484 0.109375 0.644531 0.123047 0.644531 0.125000 0.642578 0.130859 0.642578 0.132812 0.640625 0.140625 0.640625 0.142578 0.636719 0.142578 0.601562 0.138672 0.597656 0.130859 0.597656 0.128906 0.595703
2 0.177734 0.658203 0.123047 0.660156 0.117188 0.666016 0.117188 0.691406 0.109375 0.695312 0.109375 0.708984 0.134766 0.712891 0.144531 0.722656 0.136719 0.730469 0.126953 0.732422 0.119141 0.744141 0.130859 0.806641 0.121094 0.828125 0.109375 0.837891 0.113281 0.839844 0.119141 0.835938 0.123047 0.841797 0.130859 0.841797 0.150391 0.830078 0.199219 0.818359 0.199219 0.812500 0.187500 0.810547 0.173828 0.798828 0.185547 0.791016 0.183594 0.744141 0.189453 0.683594
4 0.998047 0.785156 0.908203 0.814453 0.710938 0.912109 0.691406 0.931641 0.568359 0.984375 0.564453 0.994141 0.998047 0.998047
5 0.000000 0.027344 0.000000 0.054688 0.349609 0.033203 0.490234 0.056641 0.925781 0.541016 0.820312 0.605469 0.701172 0.591797 0.654297 0.625000 0.812500 0.630859 0.943359 0.558594 0.998047 0.617188 0.992188 0.570312 0.521484 0.048828 0.326172 0.005859
5 0.058594 0.232422 0.039062 0.234375 0.039062 0.273438 0.021484 0.367188 0.019531 0.402344 0.003906 0.445312 0.003906 0.466797 0.017578 0.464844 0.029297 0.443359 0.037109 0.416016 0.041016 0.361328 0.048828 0.335938 0.060547 0.255859
5 0.000000 0.470703 0.000000 0.494141 0.044922 0.496094 0.222656 0.531250 0.330078 0.566406 0.347656 0.568359 0.359375 0.556641 0.353516 0.546875 0.316406 0.541016 0.251953 0.515625 0.158203 0.500000 0.125000 0.488281
5 0.494141 0.660156 0.482422 0.654297 0.376953 0.699219 0.355469 0.656250 0.339844 0.652344 0.333984 0.667969 0.351562 0.705078 0.285156 0.742188 0.240234 0.783203 0.181641 0.804688 0.199219 0.810547 0.199219 0.820312 0.130859 0.843750 0.107422 0.837891 0.119141 0.828125 0.085938 0.837891 0.082031 0.853516 0.095703 0.859375 0.251953 0.802734 0.314453 0.750000 0.359375 0.724609 0.443359 0.701172 0.490234 0.675781
