0 0.197266 0.019531 0.000000 0.001953 0.005859 0.453125 0.023438 0.443359 0.023438 0.347656 0.048828 0.351562 0.066406 0.339844 0.066406 0.322266 0.050781 0.314453 0.054688 0.294922 0.099609 0.287109 0.107422 0.271484 0.097656 0.257812 0.117188 0.234375 0.109375 0.195312 0.121094 0.179688 0.109375 0.167969 0.085938 0.171875 0.072266 0.125000 0.078125 0.087891 0.105469 0.105469 0.125000 0.099609 0.160156 0.062500 0.164062 0.039062 0.203125 0.039062
0 0.304688 0.039062 0.298828 0.080078 0.298828 0.097656 0.306641 0.119141 0.300781 0.134766 0.300781 0.164062 0.302734 0.169922 0.310547 0.175781 0.341797 0.179688 0.347656 0.177734 0.353516 0.169922 0.351562 0.138672 0.343750 0.126953 0.357422 0.113281 0.357422 0.078125 0.345703 0.056641 0.345703 0.060547 0.337891 0.064453 0.333984 0.060547 0.332031 0.048828 0.318359 0.039062
0 0.517578 0.166016 0.496094 0.261719 0.453125 0.314453 0.455078 0.355469 0.492188 0.367188 0.455078 0.414062 0.462891 0.435547 0.511719 0.441406 0.537109 0.410156 0.568359 0.441406 0.603516 0.408203 0.685547 0.447266 0.785156 0.464844 0.867188 0.435547 0.865234 0.410156 0.806641 0.423828 0.744141 0.382812 0.683594 0.302734 0.740234 0.296875 0.843750 0.341797 0.847656 0.300781 0.806641 0.306641 0.755859 0.279297 0.761719 0.257812 0.820312 0.240234 0.816406 0.208984 0.761719 0.218750 0.748047 0.191406 0.689453 0.187500 0.695312 0.164062 0.677734 0.158203 0.658203 0.205078 0.681641 0.271484 0.669922 0.283203 0.626953 0.255859 0.638672 0.228516 0.599609 0.203125 0.628906 0.195312 0.628906 0.173828 0.582031 0.179688 0.548828 0.154297
0 0.892578 0.218750 0.886719 0.228516 0.888672 0.265625 0.884766 0.273438 0.892578 0.287109 0.892578 0.296875 0.882812 0.310547 0.884766 0.357422 0.898438 0.365234 0.908203 0.363281 0.923828 0.337891 0.939453 0.345703 0.962891 0.345703 0.988281 0.357422 0.996094 0.355469 0.998047 0.337891 0.964844 0.318359 0.968750 0.310547 0.966797 0.298828 0.957031 0.292969 0.945312 0.292969 0.951172 0.283203 0.947266 0.267578 0.957031 0.257812 0.964844 0.240234 0.962891 0.228516 0.953125 0.222656 0.914062 0.216797
0 0.359375 0.371094 0.322266 0.367188 0.279297 0.402344 0.212891 0.394531 0.205078 0.433594 0.164062 0.457031 0.146484 0.435547 0.113281 0.435547 0.103516 0.457031 0.132812 0.470703 0.128906 0.486328 0.076172 0.501953 0.048828 0.544922 0.000000 0.535156 0.000000 0.554688 0.031250 0.568359 0.066406 0.560547 0.093750 0.589844 0.199219 0.578125 0.234375 0.556641 0.238281 0.589844 0.279297 0.605469 0.283203 0.587891 0.253906 0.533203 0.177734 0.552734 0.234375 0.511719 0.255859 0.523438 0.300781 0.519531 0.312500 0.539062 0.345703 0.542969 0.359375 0.523438
0 0.560547 0.498047 0.560547 0.500000 0.558594 0.501953 0.558594 0.505859 0.556641 0.507812 0.558594 0.517578 0.562500 0.521484 0.566406 0.521484 0.572266 0.525391 0.576172 0.525391 0.578125 0.527344 0.578125 0.531250 0.583984 0.537109 0.593750 0.539062 0.595703 0.537109 0.601562 0.537109 0.603516 0.535156 0.607422 0.535156 0.611328 0.531250 0.611328 0.527344 0.613281 0.525391 0.613281 0.523438 0.611328 0.521484 0.611328 0.517578 0.605469 0.511719 0.601562 0.511719 0.599609 0.509766 0.597656 0.509766 0.593750 0.505859 0.591797 0.500000 0.585938 0.494141 0.582031 0.494141 0.580078 0.492188 0.570312 0.492188 0.568359 0.494141 0.564453 0.494141
0 0.900391 0.546875 0.890625 0.550781 0.849609 0.597656 0.843750 0.611328 0.843750 0.630859 0.847656 0.640625 0.861328 0.650391 0.876953 0.648438 0.894531 0.652344 0.904297 0.646484 0.910156 0.646484 0.919922 0.656250 0.929688 0.658203 0.935547 0.656250 0.941406 0.646484 0.939453 0.634766 0.925781 0.625000 0.929688 0.613281 0.927734 0.611328 0.929688 0.593750 0.917969 0.572266 0.916016 0.552734 0.912109 0.548828
0 0.640625 0.576172 0.636719 0.589844 0.636719 0.597656 0.638672 0.599609 0.632812 0.617188 0.634766 0.625000 0.632812 0.626953 0.632812 0.636719 0.638672 0.646484 0.644531 0.648438 0.693359 0.648438 0.714844 0.642578 0.720703 0.636719 0.722656 0.630859 0.720703 0.625000 0.710938 0.615234 0.691406 0.609375 0.667969 0.583984 0.660156 0.580078 0.660156 0.576172 0.656250 0.572266 0.650391 0.570312
0 0.173828 0.597656 0.169922 0.601562 0.167969 0.609375 0.169922 0.611328 0.169922 0.615234 0.175781 0.621094 0.183594 0.623047 0.189453 0.626953 0.189453 0.648438 0.191406 0.650391 0.193359 0.660156 0.197266 0.664062 0.201172 0.664062 0.203125 0.666016 0.205078 0.664062 0.208984 0.664062 0.218750 0.656250 0.218750 0.652344 0.220703 0.650391 0.220703 0.644531 0.218750 0.642578 0.220703 0.640625 0.218750 0.636719 0.220703 0.634766 0.218750 0.630859 0.220703 0.628906 0.220703 0.625000 0.218750 0.623047 0.220703 0.621094 0.218750 0.617188 0.220703 0.615234 0.220703 0.609375 0.218750 0.607422 0.218750 0.603516 0.212891 0.597656 0.208984 0.597656 0.207031 0.595703 0.179688 0.595703 0.177734 0.597656
0 0.052734 0.603516 0.037109 0.601562 0.015625 0.613281 0.009766 0.628906 0.011719 0.634766 0.023438 0.642578 0.023438 0.664062 0.000000 0.687500 0.000000 0.716797 0.003906 0.720703 0.015625 0.722656 0.046875 0.708984 0.078125 0.708984 0.111328 0.699219 0.119141 0.689453 0.119141 0.662109 0.111328 0.654297 0.097656 0.650391 0.093750 0.652344 0.072266 0.638672 0.072266 0.617188
0 0.822266 0.642578 0.792969 0.644531 0.775391 0.630859 0.761719 0.636719 0.761719 0.648438 0.773438 0.656250 0.755859 0.656250 0.746094 0.662109 0.748047 0.707031 0.740234 0.726562 0.744141 0.746094 0.736328 0.765625 0.726562 0.771484 0.722656 0.792969 0.699219 0.802734 0.695312 0.824219 0.701172 0.833984 0.712891 0.833984 0.722656 0.822266 0.750000 0.808594 0.792969 0.826172 0.800781 0.824219 0.820312 0.796875 0.839844 0.791016 0.849609 0.781250 0.859375 0.742188 0.843750 0.722656 0.841797 0.708984 0.828125 0.699219 0.833984 0.660156
0 0.919922 0.683594 0.917969 0.685547 0.914062 0.685547 0.910156 0.687500 0.904297 0.693359 0.904297 0.697266 0.902344 0.699219 0.902344 0.708984 0.904297 0.710938 0.902344 0.712891 0.902344 0.726562 0.904297 0.728516 0.904297 0.732422 0.906250 0.736328 0.912109 0.742188 0.916016 0.742188 0.917969 0.744141 0.929688 0.744141 0.931641 0.742188 0.935547 0.742188 0.939453 0.738281 0.939453 0.734375 0.941406 0.732422 0.941406 0.726562 0.943359 0.724609 0.939453 0.716797 0.939453 0.703125 0.941406 0.699219 0.939453 0.697266 0.939453 0.693359 0.933594 0.687500 0.929688 0.685547 0.925781 0.685547 0.923828 0.683594
0 0.656250 0.767578 0.644531 0.765625 0.634766 0.771484 0.632812 0.787109 0.636719 0.794922 0.636719 0.800781 0.630859 0.802734 0.615234 0.820312 0.615234 0.824219 0.607422 0.833984 0.605469 0.839844 0.607422 0.851562 0.611328 0.855469 0.617188 0.857422 0.623047 0.855469 0.636719 0.832031 0.646484 0.837891 0.652344 0.835938 0.656250 0.832031 0.660156 0.822266 0.658203 0.808594 0.669922 0.804688 0.673828 0.800781 0.675781 0.794922 0.669922 0.785156 0.671875 0.783203 0.669922 0.777344
0 0.535156 0.964844 0.541016 0.978516 0.562500 0.990234 0.609375 0.986328 0.615234 0.976562 0.609375 0.966797 0.617188 0.958984 0.634766 0.958984 0.671875 0.978516 0.687500 0.976562 0.693359 0.966797 0.687500 0.953125 0.662109 0.945312 0.652344 0.937500 0.640625 0.933594 0.617188 0.933594 0.613281 0.912109 0.601562 0.902344 0.582031 0.904297 0.570312 0.917969 0.570312 0.927734 0.548828 0.939453
1 0.931641 0.859375 0.910156 0.851562 0.892578 0.855469 0.888672 0.859375 0.880859 0.875000 0.867188 0.894531 0.865234 0.904297 0.855469 0.916016 0.853516 0.927734 0.855469 0.933594 0.867188 0.943359 0.900391 0.943359 0.904297 0.941406 0.908203 0.931641 0.923828 0.912109 0.929688 0.892578 0.937500 0.884766 0.939453 0.871094 0.937500 0.865234
2 0.662109 0.058594 0.658203 0.062500 0.658203 0.068359 0.656250 0.070312 0.656250 0.109375 0.664062 0.113281 0.691406 0.113281 0.693359 0.111328 0.697266 0.111328 0.701172 0.107422 0.701172 0.103516 0.703125 0.101562 0.703125 0.066406 0.705078 0.064453 0.703125 0.060547 0.697266 0.056641 0.667969 0.056641 0.666016 0.058594
2 0.714844 0.058594 0.710938 0.070312 0.708984 0.115234 0.712891 0.119141 0.740234 0.123047 0.744141 0.113281 0.751953 0.126953 0.769531 0.130859 0.785156 0.130859 0.785156 0.121094 0.791016 0.101562 0.791016 0.074219 0.787109 0.070312 0.775391 0.070312 0.771484 0.060547 0.748047 0.060547 0.730469 0.056641
2 0.808594 0.140625 0.806641 0.142578 0.806641 0.156250 0.804688 0.158203 0.804688 0.175781 0.806641 0.179688 0.812500 0.185547 0.826172 0.189453 0.828125 0.191406 0.835938 0.191406 0.837891 0.193359 0.847656 0.193359 0.849609 0.191406 0.853516 0.191406 0.857422 0.185547 0.857422 0.148438 0.851562 0.140625 0.845703 0.140625 0.843750 0.138672 0.839844 0.142578 0.837891 0.138672 0.835938 0.138672 0.835938 0.142578 0.837891 0.144531 0.835938 0.150391 0.837891 0.152344 0.835938 0.154297 0.832031 0.154297 0.818359 0.140625
2 0.917969 0.142578 0.916016 0.146484 0.916016 0.167969 0.914062 0.169922 0.914062 0.197266 0.917969 0.201172 0.939453 0.203125 0.941406 0.205078 0.992188 0.205078 0.998047 0.207031 0.998047 0.146484 0.994141 0.144531 0.978516 0.144531 0.976562 0.142578
2 0.759766 0.173828 0.753906 0.179688 0.753906 0.197266 0.755859 0.199219 0.755859 0.203125 0.757812 0.205078 0.757812 0.208984 0.761719 0.212891 0.763672 0.212891 0.769531 0.216797 0.777344 0.216797 0.779297 0.214844 0.783203 0.214844 0.787109 0.208984 0.787109 0.197266 0.789062 0.195312 0.789062 0.183594 0.785156 0.179688 0.781250 0.179688 0.779297 0.177734 0.775391 0.177734 0.771484 0.173828
2 0.773438 0.257812 0.773438 0.263672 0.779297 0.271484 0.781250 0.281250 0.789062 0.285156 0.794922 0.285156 0.796875 0.287109 0.802734 0.287109 0.804688 0.289062 0.826172 0.289062 0.828125 0.287109 0.845703 0.287109 0.849609 0.281250 0.849609 0.275391 0.851562 0.273438 0.851562 0.257812 0.849609 0.255859 0.849609 0.251953 0.845703 0.251953 0.843750 0.250000 0.794922 0.248047 0.789062 0.253906 0.785156 0.253906 0.783203 0.255859 0.775391 0.255859
2 0.523438 0.490234 0.507812 0.519531 0.496094 0.533203 0.492188 0.544922 0.494141 0.554688 0.525391 0.566406 0.554688 0.572266 0.572266 0.572266 0.574219 0.568359 0.574219 0.597656 0.589844 0.599609 0.603516 0.607422 0.617188 0.607422 0.625000 0.572266 0.595703 0.564453 0.578125 0.566406 0.576172 0.531250 0.566406 0.527344 0.544922 0.500000 0.531250 0.490234
2 0.808594 0.544922 0.802734 0.554688 0.802734 0.560547 0.800781 0.562500 0.800781 0.572266 0.802734 0.572266 0.806641 0.576172 0.808594 0.576172 0.812500 0.580078 0.814453 0.580078 0.826172 0.589844 0.830078 0.589844 0.832031 0.591797 0.837891 0.589844 0.845703 0.582031 0.845703 0.578125 0.847656 0.576172 0.847656 0.562500 0.843750 0.558594 0.841797 0.558594 0.839844 0.556641 0.833984 0.556641 0.832031 0.554688 0.826172 0.552734 0.822266 0.548828 0.820312 0.548828 0.818359 0.546875
2 0.068359 0.595703 0.068359 0.611328 0.074219 0.617188 0.076172 0.623047 0.074219 0.626953 0.074219 0.638672 0.093750 0.642578 0.099609 0.648438 0.113281 0.652344 0.117188 0.658203 0.123047 0.662109 0.134766 0.662109 0.138672 0.658203 0.140625 0.644531 0.148438 0.638672 0.150391 0.634766 0.150391 0.609375 0.144531 0.601562 0.119141 0.601562 0.115234 0.597656 0.105469 0.593750 0.072266 0.593750
2 0.517578 0.601562 0.513672 0.605469 0.513672 0.617188 0.511719 0.619141 0.511719 0.632812 0.515625 0.636719 0.515625 0.638672 0.521484 0.642578 0.533203 0.642578 0.535156 0.644531 0.546875 0.644531 0.550781 0.638672 0.550781 0.625000 0.552734 0.623047 0.552734 0.613281 0.554688 0.611328 0.552734 0.609375 0.548828 0.609375 0.542969 0.605469 0.537109 0.605469 0.527344 0.597656 0.521484 0.601562
2 0.654297 0.695312 0.628906 0.695312 0.605469 0.712891 0.591797 0.705078 0.578125 0.707031 0.572266 0.710938 0.568359 0.722656 0.564453 0.712891 0.546875 0.705078 0.533203 0.705078 0.521484 0.710938 0.515625 0.718750 0.509766 0.761719 0.533203 0.765625 0.550781 0.773438 0.560547 0.771484 0.570312 0.720703 0.572266 0.738281 0.576172 0.742188 0.601562 0.742188 0.603516 0.730469 0.607422 0.744141 0.638672 0.748047 0.640625 0.726562 0.650391 0.718750
2 0.468750 0.726562 0.462891 0.734375 0.460938 0.753906 0.464844 0.757812 0.484375 0.761719 0.470703 0.765625 0.464844 0.761719 0.462891 0.763672 0.464844 0.773438 0.460938 0.796875 0.470703 0.802734 0.488281 0.804688 0.492188 0.837891 0.517578 0.843750 0.537109 0.841797 0.541016 0.828125 0.541016 0.806641 0.527344 0.794922 0.507812 0.791016 0.496094 0.792969 0.496094 0.765625 0.482422 0.763672 0.496094 0.761719 0.500000 0.732422 0.478516 0.724609
2 0.691406 0.722656 0.689453 0.724609 0.683594 0.724609 0.679688 0.728516 0.677734 0.751953 0.675781 0.753906 0.677734 0.757812 0.677734 0.767578 0.673828 0.777344 0.673828 0.787109 0.675781 0.791016 0.683594 0.796875 0.699219 0.798828 0.703125 0.794922 0.710938 0.794922 0.720703 0.791016 0.722656 0.787109 0.720703 0.771484 0.732422 0.763672 0.736328 0.736328 0.728516 0.730469 0.712891 0.728516 0.707031 0.724609
2 0.435547 0.728516 0.429688 0.726562 0.427734 0.728516 0.416016 0.728516 0.414062 0.730469 0.410156 0.730469 0.408203 0.732422 0.408203 0.748047 0.406250 0.750000 0.406250 0.757812 0.408203 0.759766 0.408203 0.763672 0.410156 0.765625 0.423828 0.765625 0.425781 0.767578 0.437500 0.767578 0.437500 0.761719 0.439453 0.759766 0.439453 0.740234 0.441406 0.738281 0.441406 0.734375
2 0.365234 0.730469 0.363281 0.732422 0.361328 0.732422 0.361328 0.736328 0.359375 0.738281 0.359375 0.751953 0.357422 0.753906 0.357422 0.767578 0.359375 0.769531 0.365234 0.769531 0.367188 0.771484 0.378906 0.771484 0.382812 0.767578 0.382812 0.757812 0.384766 0.755859 0.384766 0.736328 0.378906 0.732422 0.373047 0.732422 0.371094 0.730469
2 0.335938 0.748047 0.324219 0.742188 0.306641 0.744141 0.302734 0.753906 0.304688 0.771484 0.296875 0.789062 0.294922 0.781250 0.283203 0.779297 0.279297 0.761719 0.281250 0.751953 0.273438 0.750000 0.269531 0.753906 0.261719 0.787109 0.255859 0.792969 0.250000 0.810547 0.250000 0.845703 0.283203 0.847656 0.287109 0.837891 0.289062 0.847656 0.298828 0.851562 0.326172 0.853516 0.330078 0.849609 0.332031 0.835938 0.341797 0.833984 0.341797 0.828125 0.332031 0.822266 0.333984 0.818359 0.339844 0.818359 0.341797 0.785156 0.328125 0.773438 0.335938 0.767578
2 0.099609 0.761719 0.099609 0.771484 0.095703 0.781250 0.095703 0.826172 0.097656 0.830078 0.101562 0.830078 0.109375 0.824219 0.136719 0.826172 0.138672 0.816406 0.140625 0.814453 0.140625 0.802734 0.142578 0.800781 0.140625 0.796875 0.140625 0.779297 0.142578 0.777344 0.142578 0.769531 0.144531 0.767578 0.142578 0.761719 0.138672 0.759766 0.130859 0.759766 0.128906 0.761719 0.125000 0.761719 0.123047 0.759766 0.119141 0.761719 0.115234 0.759766 0.105469 0.761719 0.103516 0.759766
2 0.199219 0.767578 0.154297 0.769531 0.152344 0.773438 0.152344 0.791016 0.144531 0.806641 0.144531 0.828125 0.150391 0.832031 0.142578 0.837891 0.136719 0.849609 0.134766 0.896484 0.138672 0.900391 0.158203 0.904297 0.189453 0.902344 0.197266 0.851562 0.185547 0.837891 0.171875 0.837891 0.169922 0.833984 0.183594 0.833984 0.201172 0.824219
2 0.843750 0.798828 0.835938 0.798828 0.833984 0.800781 0.826172 0.800781 0.824219 0.802734 0.820312 0.802734 0.818359 0.804688 0.816406 0.804688 0.812500 0.808594 0.812500 0.812500 0.806641 0.820312 0.806641 0.824219 0.810547 0.830078 0.810547 0.835938 0.812500 0.837891 0.812500 0.839844 0.822266 0.843750 0.826172 0.847656 0.828125 0.847656 0.833984 0.851562 0.837891 0.851562 0.841797 0.847656 0.849609 0.830078 0.857422 0.822266 0.857422 0.820312 0.859375 0.818359 0.859375 0.814453 0.857422 0.812500 0.857422 0.810547
2 0.728516 0.820312 0.724609 0.824219 0.722656 0.824219 0.722656 0.826172 0.716797 0.832031 0.716797 0.833984 0.714844 0.835938 0.714844 0.841797 0.712891 0.843750 0.712891 0.847656 0.710938 0.849609 0.710938 0.857422 0.716797 0.863281 0.718750 0.863281 0.724609 0.867188 0.732422 0.867188 0.734375 0.869141 0.751953 0.869141 0.755859 0.865234 0.755859 0.849609 0.757812 0.847656 0.757812 0.841797 0.755859 0.839844 0.755859 0.837891 0.750000 0.832031 0.746094 0.832031 0.744141 0.830078 0.742188 0.830078 0.738281 0.826172 0.736328 0.826172
2 0.085938 0.839844 0.083984 0.841797 0.083984 0.847656 0.082031 0.849609 0.082031 0.861328 0.080078 0.863281 0.080078 0.878906 0.078125 0.880859 0.078125 0.886719 0.083984 0.890625 0.091797 0.890625 0.093750 0.888672 0.105469 0.888672 0.107422 0.890625 0.119141 0.890625 0.121094 0.892578 0.125000 0.888672 0.125000 0.871094 0.126953 0.869141 0.126953 0.863281 0.130859 0.857422 0.132812 0.841797 0.130859 0.839844 0.119141 0.839844 0.117188 0.837891 0.091797 0.837891 0.089844 0.839844
2 0.236328 0.880859 0.228516 0.912109 0.228516 0.935547 0.232422 0.939453 0.294922 0.941406 0.320312 0.947266 0.359375 0.947266 0.363281 0.943359 0.367188 0.898438 0.365234 0.890625 0.351562 0.880859 0.335938 0.876953 0.300781 0.876953 0.283203 0.873047 0.248047 0.873047
2 0.478516 0.892578 0.474609 0.896484 0.474609 0.931641 0.468750 0.943359 0.468750 0.951172 0.478516 0.957031 0.482422 0.957031 0.488281 0.960938 0.498047 0.962891 0.505859 0.958984 0.507812 0.951172 0.513672 0.939453 0.515625 0.916016 0.517578 0.914062 0.517578 0.898438 0.513672 0.894531 0.507812 0.894531 0.505859 0.892578
2 0.082031 0.896484 0.082031 0.902344 0.080078 0.904297 0.080078 0.921875 0.082031 0.923828 0.087891 0.923828 0.097656 0.931641 0.105469 0.935547 0.111328 0.935547 0.113281 0.937500 0.119141 0.937500 0.121094 0.939453 0.132812 0.939453 0.134766 0.935547 0.144531 0.927734 0.142578 0.923828 0.142578 0.916016 0.138672 0.912109 0.138672 0.908203 0.132812 0.902344 0.128906 0.900391 0.121094 0.900391 0.119141 0.898438 0.111328 0.898438 0.109375 0.896484 0.089844 0.896484 0.087891 0.894531 0.085938 0.896484
2 0.042969 0.906250 0.035156 0.910156 0.031250 0.933594 0.025391 0.941406 0.025391 0.955078 0.017578 0.970703 0.017578 0.982422 0.021484 0.984375 0.029297 0.984375 0.031250 0.986328 0.041016 0.986328 0.042969 0.988281 0.054688 0.988281 0.056641 0.986328 0.060547 0.986328 0.066406 0.978516 0.068359 0.955078 0.070312 0.953125 0.070312 0.943359 0.072266 0.941406 0.072266 0.921875 0.062500 0.912109 0.050781 0.906250
2 0.226562 0.949219 0.224609 0.970703 0.220703 0.978516 0.220703 0.998047 0.357422 0.998047 0.361328 0.960938 0.355469 0.957031 0.308594 0.949219 0.296875 0.951172 0.246094 0.943359 0.230469 0.943359
4 0.511719 0.054688 0.484375 0.062500 0.445312 0.091797 0.416016 0.093750 0.402344 0.083984 0.378906 0.083984 0.359375 0.125000 0.361328 0.169922 0.333984 0.189453 0.314453 0.232422 0.308594 0.263672 0.312500 0.279297 0.398438 0.335938 0.441406 0.341797 0.445312 0.312500 0.468750 0.296875 0.474609 0.279297 0.490234 0.263672 0.488281 0.224609 0.503906 0.191406 0.515625 0.136719
5 0.154297 0.001953 0.867188 0.066406 0.845703 0.410156 0.865234 0.406250 0.894531 0.070312 0.998047 0.068359 0.994141 0.046875
5 0.056641 0.304688 0.068359 0.316406 0.146484 0.314453 0.310547 0.337891 0.332031 0.335938 0.371094 0.347656 0.398438 0.373047 0.412109 0.361328 0.384766 0.328125 0.337891 0.314453 0.152344 0.292969 0.068359 0.292969
5 0.429688 0.380859 0.425781 0.384766 0.425781 0.388672 0.423828 0.390625 0.423828 0.392578 0.425781 0.394531 0.425781 0.398438 0.439453 0.412109 0.441406 0.412109 0.443359 0.414062 0.447266 0.414062 0.449219 0.416016 0.451172 0.414062 0.453125 0.414062 0.457031 0.410156 0.457031 0.408203 0.460938 0.404297 0.458984 0.402344 0.458984 0.398438 0.441406 0.380859 0.437500 0.380859 0.435547 0.378906 0.433594 0.380859
5 0.496094 0.449219 0.496094 0.453125 0.494141 0.455078 0.496094 0.457031 0.496094 0.460938 0.500000 0.464844 0.511719 0.466797 0.521484 0.472656 0.529297 0.480469 0.531250 0.480469 0.546875 0.498047 0.550781 0.498047 0.552734 0.500000 0.554688 0.498047 0.558594 0.498047 0.562500 0.494141 0.562500 0.490234 0.564453 0.488281 0.562500 0.486328 0.560547 0.478516 0.552734 0.470703 0.552734 0.468750 0.539062 0.457031 0.527344 0.451172 0.523438 0.447266 0.515625 0.445312 0.513672 0.443359 0.511719 0.445312 0.507812 0.443359
5 0.841797 0.449219 0.818359 0.455078 0.748047 0.611328 0.656250 0.539062 0.607422 0.537109 0.732422 0.630859 0.707031 0.648438 0.330078 0.697266 0.234375 0.685547 0.000000 0.722656 0.000000 0.746094 0.224609 0.714844 0.183594 0.994141 0.207031 0.998047 0.250000 0.707031 0.335938 0.718750 0.718750 0.667969 0.767578 0.630859
