0 0.134766 0.041016 0.126953 0.048828 0.123047 0.070312 0.125000 0.105469 0.121094 0.158203 0.115234 0.179688 0.117188 0.191406 0.130859 0.199219 0.183594 0.197266 0.191406 0.189453 0.210938 0.183594 0.214844 0.177734 0.224609 0.132812 0.220703 0.111328 0.212891 0.101562 0.203125 0.099609 0.218750 0.093750 0.220703 0.076172 0.214844 0.070312 0.199219 0.070312 0.195312 0.066406 0.197266 0.050781 0.193359 0.046875 0.179688 0.050781 0.154297 0.041016
0 0.812500 0.164062 0.810547 0.183594 0.792969 0.205078 0.792969 0.220703 0.796875 0.236328 0.814453 0.253906 0.839844 0.265625 0.876953 0.265625 0.890625 0.250000 0.902344 0.250000 0.912109 0.244141 0.910156 0.218750 0.929688 0.191406 0.929688 0.173828 0.921875 0.167969 0.919922 0.162109 0.853516 0.167969 0.830078 0.160156 0.818359 0.160156
0 0.423828 0.197266 0.414062 0.214844 0.414062 0.238281 0.404297 0.265625 0.406250 0.281250 0.417969 0.304688 0.419922 0.322266 0.525391 0.322266 0.521484 0.314453 0.521484 0.222656 0.515625 0.199219 0.511719 0.195312 0.488281 0.197266 0.470703 0.187500
0 0.822266 0.376953 0.816406 0.431641 0.806641 0.462891 0.820312 0.509766 0.830078 0.529297 0.841797 0.533203 0.851562 0.523438 0.880859 0.513672 0.888672 0.500000 0.906250 0.484375 0.919922 0.480469 0.933594 0.451172 0.935547 0.435547 0.931641 0.425781 0.914062 0.416016 0.908203 0.406250 0.896484 0.404297 0.863281 0.412109 0.853516 0.402344 0.847656 0.380859 0.839844 0.376953
0 0.402344 0.451172 0.378906 0.451172 0.359375 0.447266 0.341797 0.455078 0.335938 0.464844 0.330078 0.484375 0.330078 0.500000 0.343750 0.523438 0.343750 0.572266 0.351562 0.580078 0.367188 0.582031 0.386719 0.576172 0.398438 0.560547 0.398438 0.554688 0.406250 0.542969 0.408203 0.533203 0.404297 0.474609 0.406250 0.453125
0 0.001953 0.507812 0.000000 0.880859 0.011719 0.841797 0.035156 0.843750 0.042969 0.865234 0.033203 0.894531 0.009766 0.900391 0.000000 0.888672 0.000000 0.902344 0.068359 0.916016 0.076172 0.857422 0.082031 0.917969 0.089844 0.904297 0.093750 0.917969 0.214844 0.904297 0.201172 0.830078 0.117188 0.804688 0.105469 0.751953 0.126953 0.724609 0.183594 0.714844 0.152344 0.531250
0 0.728516 0.556641 0.699219 0.541016 0.681641 0.544922 0.625000 0.546875 0.613281 0.589844 0.613281 0.607422 0.632812 0.625000 0.634766 0.630859 0.654297 0.632812 0.689453 0.644531 0.701172 0.636719 0.701172 0.609375 0.714844 0.601562 0.718750 0.585938 0.730469 0.576172
0 0.925781 0.601562 0.853516 0.595703 0.845703 0.599609 0.826172 0.628906 0.824219 0.656250 0.814453 0.685547 0.822266 0.740234 0.828125 0.750000 0.835938 0.753906 0.857422 0.753906 0.892578 0.720703 0.927734 0.714844 0.931641 0.697266 0.925781 0.669922 0.931641 0.656250 0.939453 0.650391 0.941406 0.634766
0 0.554688 0.812500 0.550781 0.818359 0.550781 0.843750 0.552734 0.845703 0.552734 0.859375 0.554688 0.861328 0.554688 0.865234 0.556641 0.867188 0.558594 0.865234 0.562500 0.867188 0.564453 0.865234 0.583984 0.865234 0.585938 0.867188 0.589844 0.865234 0.591797 0.867188 0.595703 0.861328 0.595703 0.857422 0.593750 0.855469 0.593750 0.843750 0.591797 0.841797 0.591797 0.835938 0.587891 0.828125 0.587891 0.818359 0.580078 0.818359 0.564453 0.810547
2 0.419922 0.000000 0.421875 0.046875 0.501953 0.046875 0.509766 0.041016 0.509766 0.072266 0.515625 0.082031 0.515625 0.185547 0.601562 0.185547 0.601562 0.101562 0.585938 0.091797 0.591797 0.082031 0.589844 0.001953 0.511719 0.000000 0.505859 0.037109 0.503906 0.000000
2 0.716797 0.000000 0.716797 0.029297 0.714844 0.031250 0.714844 0.039062 0.718750 0.041016 0.759766 0.041016 0.761719 0.039062 0.765625 0.039062 0.767578 0.035156 0.767578 0.000000
2 0.628906 0.039062 0.623047 0.054688 0.625000 0.076172 0.617188 0.082031 0.617188 0.089844 0.626953 0.103516 0.638672 0.103516 0.644531 0.109375 0.638672 0.115234 0.626953 0.115234 0.625000 0.125000 0.628906 0.167969 0.632812 0.177734 0.667969 0.179688 0.705078 0.175781 0.708984 0.167969 0.705078 0.136719 0.707031 0.117188 0.701172 0.111328 0.707031 0.097656 0.705078 0.080078 0.699219 0.078125 0.703125 0.074219 0.703125 0.044922 0.699219 0.041016 0.675781 0.042969
2 0.771484 0.113281 0.769531 0.111328 0.763672 0.111328 0.761719 0.113281 0.730469 0.113281 0.728516 0.115234 0.728516 0.142578 0.730469 0.142578 0.732422 0.144531 0.769531 0.144531 0.771484 0.142578 0.773438 0.142578 0.773438 0.119141 0.771484 0.117188
2 0.505859 0.164062 0.503906 0.164062 0.501953 0.166016 0.500000 0.166016 0.500000 0.167969 0.501953 0.169922 0.503906 0.167969 0.505859 0.167969
2 0.722656 0.253906 0.720703 0.255859 0.720703 0.294922 0.722656 0.296875 0.720703 0.308594 0.724609 0.314453 0.771484 0.314453 0.775391 0.308594 0.773438 0.306641 0.773438 0.300781 0.765625 0.294922 0.761719 0.294922 0.759766 0.296875 0.755859 0.292969 0.755859 0.253906
2 0.558594 0.359375 0.556641 0.359375 0.554688 0.361328 0.546875 0.361328 0.544922 0.363281 0.542969 0.363281 0.541016 0.361328 0.539062 0.363281 0.537109 0.361328 0.525391 0.369141 0.525391 0.412109 0.527344 0.412109 0.529297 0.414062 0.541016 0.414062 0.542969 0.412109 0.552734 0.412109 0.558594 0.406250 0.558594 0.380859 0.560547 0.378906 0.560547 0.361328
2 0.591797 0.386719 0.595703 0.390625 0.599609 0.390625 0.601562 0.388672 0.603516 0.388672 0.605469 0.386719 0.605469 0.384766 0.611328 0.380859 0.621094 0.380859 0.625000 0.376953 0.625000 0.375000 0.626953 0.373047 0.626953 0.369141 0.625000 0.367188 0.625000 0.365234 0.623047 0.363281 0.611328 0.363281 0.609375 0.361328 0.595703 0.361328 0.591797 0.365234
2 0.812500 0.400391 0.789062 0.382812 0.775391 0.386719 0.763672 0.375000 0.734375 0.369141 0.726562 0.361328 0.714844 0.365234 0.714844 0.378906 0.703125 0.373047 0.683594 0.373047 0.681641 0.378906 0.677734 0.371094 0.658203 0.363281 0.642578 0.363281 0.636719 0.380859 0.636719 0.429688 0.632812 0.429688 0.628906 0.416016 0.607422 0.416016 0.603516 0.425781 0.607422 0.437500 0.632812 0.437500 0.636719 0.429688 0.677734 0.431641 0.681641 0.417969 0.683594 0.425781 0.691406 0.425781 0.691406 0.419922 0.701172 0.414062 0.714844 0.414062 0.718750 0.427734 0.765625 0.425781 0.777344 0.417969 0.779297 0.421875 0.806641 0.421875 0.812500 0.416016
2 0.902344 0.365234 0.900391 0.369141 0.900391 0.382812 0.902344 0.384766 0.902344 0.396484 0.953125 0.396484 0.957031 0.390625 0.957031 0.376953 0.955078 0.375000 0.957031 0.373047 0.957031 0.367188 0.955078 0.363281 0.935547 0.363281 0.933594 0.361328 0.910156 0.361328
2 0.416016 0.363281 0.404297 0.369141 0.400391 0.382812 0.378906 0.380859 0.369141 0.392578 0.369141 0.433594 0.380859 0.437500 0.396484 0.435547 0.396484 0.404297 0.402344 0.386719 0.408203 0.439453 0.414062 0.451172 0.425781 0.455078 0.414062 0.457031 0.408203 0.474609 0.412109 0.490234 0.439453 0.492188 0.441406 0.464844 0.447266 0.457031 0.435547 0.453125 0.447266 0.449219 0.453125 0.431641 0.447266 0.378906 0.437500 0.365234
2 0.457031 0.365234 0.458984 0.367188 0.458984 0.378906 0.462891 0.382812 0.486328 0.382812 0.488281 0.384766 0.490234 0.382812 0.492188 0.382812 0.496094 0.376953 0.496094 0.371094 0.494141 0.369141 0.494141 0.365234 0.478516 0.365234 0.476562 0.363281 0.474609 0.363281 0.472656 0.365234 0.470703 0.363281 0.466797 0.363281 0.464844 0.365234 0.462891 0.363281 0.460938 0.365234 0.458984 0.363281
2 0.306641 0.367188 0.304688 0.369141 0.298828 0.367188 0.289062 0.371094 0.287109 0.369141 0.277344 0.373047 0.271484 0.371094 0.269531 0.373047 0.263672 0.371094 0.257812 0.373047 0.255859 0.371094 0.242188 0.375000 0.242188 0.388672 0.244141 0.390625 0.242188 0.439453 0.248047 0.447266 0.302734 0.447266 0.306641 0.443359 0.306641 0.431641 0.308594 0.429688 0.308594 0.421875 0.306641 0.419922 0.308594 0.414062 0.308594 0.378906 0.310547 0.376953
2 0.085938 0.378906 0.082031 0.384766 0.082031 0.398438 0.083984 0.400391 0.083984 0.414062 0.091797 0.414062 0.093750 0.416016 0.113281 0.416016 0.113281 0.414062 0.115234 0.412109 0.115234 0.408203 0.113281 0.406250 0.113281 0.388672 0.115234 0.386719 0.115234 0.382812 0.111328 0.382812 0.109375 0.380859 0.097656 0.380859 0.095703 0.378906
2 0.228516 0.382812 0.222656 0.382812 0.220703 0.380859 0.189453 0.388672 0.187500 0.394531 0.181641 0.390625 0.175781 0.394531 0.162109 0.396484 0.158203 0.400391 0.162109 0.417969 0.167969 0.427734 0.167969 0.433594 0.173828 0.447266 0.185547 0.445312 0.189453 0.437500 0.191406 0.443359 0.218750 0.443359 0.232422 0.439453 0.234375 0.400391 0.232422 0.398438 0.232422 0.386719
2 0.476562 0.392578 0.472656 0.394531 0.472656 0.406250 0.470703 0.408203 0.470703 0.419922 0.468750 0.421875 0.468750 0.429688 0.472656 0.431641 0.470703 0.433594 0.464844 0.433594 0.462891 0.437500 0.462891 0.443359 0.464844 0.445312 0.464844 0.449219 0.470703 0.453125 0.492188 0.453125 0.494141 0.451172 0.494141 0.435547 0.490234 0.433594 0.492188 0.431641 0.492188 0.416016 0.494141 0.414062 0.494141 0.398438 0.492188 0.394531 0.484375 0.394531 0.482422 0.392578
2 0.554688 0.437500 0.554688 0.441406 0.552734 0.443359 0.552734 0.466797 0.556641 0.470703 0.578125 0.470703 0.580078 0.468750 0.582031 0.470703 0.595703 0.470703 0.599609 0.468750 0.599609 0.464844 0.601562 0.462891 0.601562 0.435547 0.599609 0.431641 0.595703 0.429688 0.589844 0.423828 0.574219 0.423828 0.570312 0.425781 0.560547 0.437500
2 0.068359 0.435547 0.064453 0.458984 0.066406 0.462891 0.074219 0.466797 0.074219 0.478516 0.070312 0.490234 0.072266 0.511719 0.078125 0.515625 0.140625 0.517578 0.142578 0.515625 0.142578 0.490234 0.138672 0.482422 0.138672 0.468750 0.136719 0.466797 0.109375 0.466797 0.103516 0.462891 0.103516 0.453125 0.109375 0.443359 0.107422 0.437500 0.085938 0.435547 0.083984 0.433594
2 0.259766 0.451172 0.250000 0.458984 0.248047 0.464844 0.248047 0.509766 0.250000 0.511719 0.250000 0.519531 0.253906 0.523438 0.259766 0.525391 0.273438 0.525391 0.275391 0.527344 0.277344 0.525391 0.281250 0.527344 0.283203 0.525391 0.292969 0.525391 0.294922 0.523438 0.294922 0.511719 0.298828 0.507812 0.306641 0.505859 0.308594 0.501953 0.308594 0.486328 0.310547 0.484375 0.310547 0.466797 0.308594 0.460938 0.304688 0.457031 0.289062 0.451172
2 0.236328 0.474609 0.232422 0.474609 0.230469 0.472656 0.222656 0.472656 0.220703 0.474609 0.216797 0.474609 0.214844 0.476562 0.212891 0.476562 0.207031 0.482422 0.207031 0.484375 0.203125 0.490234 0.203125 0.505859 0.208984 0.509766 0.212891 0.509766 0.214844 0.507812 0.236328 0.507812 0.238281 0.505859 0.238281 0.486328 0.236328 0.484375
2 0.929688 0.480469 0.925781 0.488281 0.925781 0.527344 0.929688 0.537109 0.935547 0.537109 0.937500 0.539062 0.974609 0.537109 0.984375 0.541016 0.998047 0.539062 0.998047 0.480469 0.968750 0.480469 0.966797 0.478516 0.945312 0.478516 0.943359 0.476562
2 0.425781 0.496094 0.425781 0.498047 0.423828 0.500000 0.423828 0.509766 0.421875 0.511719 0.421875 0.515625 0.419922 0.517578 0.419922 0.521484 0.417969 0.523438 0.417969 0.529297 0.421875 0.533203 0.425781 0.533203 0.427734 0.535156 0.441406 0.535156 0.443359 0.537109 0.449219 0.537109 0.451172 0.539062 0.457031 0.539062 0.460938 0.535156 0.460938 0.511719 0.462891 0.509766 0.464844 0.500000 0.462891 0.498047 0.443359 0.498047 0.441406 0.496094
2 0.470703 0.498047 0.468750 0.500000 0.468750 0.505859 0.466797 0.507812 0.466797 0.515625 0.464844 0.517578 0.464844 0.535156 0.468750 0.539062 0.472656 0.539062 0.480469 0.544922 0.484375 0.542969 0.498047 0.542969 0.500000 0.544922 0.511719 0.544922 0.511719 0.541016 0.513672 0.539062 0.513672 0.529297 0.515625 0.527344 0.515625 0.498047 0.511719 0.496094 0.478516 0.496094 0.476562 0.498047
2 0.804688 0.548828 0.800781 0.544922 0.796875 0.544922 0.789062 0.541016 0.773438 0.541016 0.771484 0.542969 0.759766 0.542969 0.757812 0.544922 0.742188 0.544922 0.738281 0.546875 0.734375 0.550781 0.734375 0.552734 0.736328 0.554688 0.736328 0.560547 0.738281 0.562500 0.738281 0.570312 0.740234 0.572266 0.740234 0.576172 0.748047 0.576172 0.750000 0.578125 0.765625 0.578125 0.767578 0.580078 0.777344 0.580078 0.779297 0.582031 0.794922 0.582031 0.802734 0.578125 0.806641 0.572266 0.806641 0.554688 0.804688 0.552734
2 0.476562 0.556641 0.476562 0.562500 0.472656 0.570312 0.472656 0.580078 0.470703 0.582031 0.470703 0.587891 0.472656 0.591797 0.488281 0.593750 0.490234 0.595703 0.496094 0.595703 0.498047 0.597656 0.537109 0.599609 0.537109 0.574219 0.533203 0.570312 0.531250 0.570312 0.523438 0.564453 0.519531 0.564453 0.517578 0.562500 0.513672 0.562500 0.505859 0.558594 0.496094 0.558594 0.494141 0.556641 0.488281 0.556641 0.486328 0.554688 0.480469 0.554688
2 0.562500 0.574219 0.558594 0.578125 0.558594 0.583984 0.556641 0.585938 0.556641 0.597656 0.554688 0.599609 0.554688 0.603516 0.556641 0.605469 0.556641 0.607422 0.562500 0.611328 0.582031 0.611328 0.585938 0.607422 0.585938 0.593750 0.589844 0.587891 0.587891 0.585938 0.587891 0.583984 0.585938 0.582031 0.583984 0.582031 0.582031 0.580078 0.578125 0.580078 0.572266 0.576172 0.568359 0.576172 0.566406 0.574219
2 0.722656 0.587891 0.720703 0.589844 0.720703 0.623047 0.722656 0.625000 0.742188 0.625000 0.744141 0.623047 0.750000 0.623047 0.751953 0.621094 0.751953 0.615234 0.750000 0.613281 0.750000 0.589844 0.744141 0.585938 0.726562 0.585938 0.724609 0.587891
2 0.773438 0.591797 0.771484 0.593750 0.771484 0.615234 0.773438 0.617188 0.773438 0.623047 0.779297 0.623047 0.781250 0.625000 0.792969 0.625000 0.794922 0.626953 0.796875 0.625000 0.800781 0.625000 0.800781 0.623047 0.802734 0.621094 0.802734 0.617188 0.800781 0.615234 0.800781 0.597656 0.802734 0.595703 0.796875 0.591797
2 0.560547 0.615234 0.558594 0.617188 0.558594 0.621094 0.556641 0.623047 0.556641 0.650391 0.558594 0.652344 0.591797 0.652344 0.593750 0.650391 0.593750 0.646484 0.595703 0.644531 0.595703 0.625000 0.593750 0.623047 0.593750 0.621094 0.587891 0.617188 0.574219 0.617188 0.572266 0.615234
2 0.267578 0.675781 0.267578 0.679688 0.287109 0.683594 0.291016 0.687500 0.292969 0.697266 0.298828 0.703125 0.320312 0.708984 0.333984 0.716797 0.351562 0.722656 0.357422 0.722656 0.363281 0.718750 0.373047 0.697266 0.373047 0.685547 0.347656 0.673828 0.332031 0.671875 0.308594 0.662109 0.283203 0.660156
2 0.779297 0.664062 0.767578 0.666016 0.763672 0.667969 0.759766 0.673828 0.759766 0.705078 0.757812 0.707031 0.757812 0.714844 0.755859 0.716797 0.755859 0.732422 0.759766 0.736328 0.765625 0.732422 0.771484 0.732422 0.773438 0.730469 0.802734 0.728516 0.804688 0.726562 0.812500 0.726562 0.814453 0.724609 0.814453 0.720703 0.812500 0.718750 0.812500 0.697266 0.810547 0.693359 0.798828 0.691406 0.792969 0.687500 0.791016 0.689453 0.785156 0.685547 0.785156 0.667969
2 0.126953 0.728516 0.125000 0.746094 0.107422 0.755859 0.111328 0.779297 0.121094 0.783203 0.162109 0.781250 0.164062 0.783203 0.162109 0.785156 0.130859 0.787109 0.130859 0.800781 0.134766 0.810547 0.148438 0.816406 0.179688 0.812500 0.181641 0.810547 0.179688 0.787109 0.169922 0.781250 0.171875 0.779297 0.171875 0.750000 0.166016 0.738281 0.167969 0.734375 0.162109 0.728516
2 0.341797 0.726562 0.337891 0.732422 0.339844 0.769531 0.335938 0.775391 0.335938 0.779297 0.339844 0.781250 0.337891 0.783203 0.330078 0.783203 0.332031 0.789062 0.332031 0.806641 0.339844 0.806641 0.341797 0.804688 0.375000 0.804688 0.376953 0.802734 0.376953 0.785156 0.382812 0.783203 0.386719 0.779297 0.386719 0.751953 0.382812 0.746094 0.382812 0.742188 0.380859 0.738281 0.369141 0.734375 0.361328 0.734375 0.357422 0.730469
2 0.263672 0.732422 0.261719 0.732422 0.259766 0.730469 0.251953 0.730469 0.250000 0.732422 0.242188 0.732422 0.240234 0.734375 0.234375 0.734375 0.232422 0.732422 0.224609 0.732422 0.222656 0.734375 0.222656 0.750000 0.226562 0.753906 0.226562 0.755859 0.232422 0.759766 0.240234 0.759766 0.242188 0.761719 0.248047 0.761719 0.250000 0.759766 0.261719 0.759766 0.263672 0.757812 0.269531 0.755859 0.269531 0.748047 0.267578 0.746094 0.267578 0.742188 0.265625 0.740234 0.265625 0.736328 0.263672 0.734375
2 0.476562 0.751953 0.435547 0.748047 0.431641 0.750000 0.427734 0.767578 0.421875 0.763672 0.396484 0.765625 0.388672 0.820312 0.390625 0.859375 0.423828 0.859375 0.423828 0.822266 0.427734 0.804688 0.453125 0.810547 0.455078 0.814453 0.451172 0.822266 0.455078 0.824219 0.476562 0.822266 0.480469 0.792969 0.480469 0.767578
2 0.935547 0.775391 0.933594 0.773438 0.929688 0.773438 0.927734 0.771484 0.916016 0.771484 0.914062 0.773438 0.896484 0.773438 0.894531 0.775391 0.882812 0.775391 0.880859 0.777344 0.878906 0.777344 0.876953 0.779297 0.876953 0.787109 0.878906 0.789062 0.878906 0.804688 0.880859 0.806641 0.890625 0.806641 0.892578 0.804688 0.898438 0.804688 0.900391 0.802734 0.908203 0.802734 0.910156 0.800781 0.919922 0.800781 0.921875 0.798828 0.931641 0.798828 0.935547 0.794922
2 0.224609 0.792969 0.224609 0.796875 0.228516 0.804688 0.228516 0.810547 0.230469 0.812500 0.232422 0.832031 0.236328 0.837891 0.263672 0.837891 0.265625 0.835938 0.277344 0.835938 0.279297 0.833984 0.279297 0.830078 0.275391 0.824219 0.275391 0.816406 0.273438 0.814453 0.273438 0.796875 0.275391 0.792969 0.273438 0.791016 0.273438 0.785156 0.271484 0.783203 0.251953 0.783203 0.250000 0.785156 0.242188 0.785156 0.240234 0.787109 0.228516 0.789062
2 0.761719 0.796875 0.761719 0.810547 0.763672 0.812500 0.763672 0.822266 0.765625 0.826172 0.771484 0.826172 0.773438 0.824219 0.783203 0.824219 0.785156 0.822266 0.812500 0.822266 0.824219 0.816406 0.824219 0.804688 0.822266 0.800781 0.810547 0.791016 0.802734 0.791016 0.800781 0.792969 0.796875 0.792969 0.794922 0.791016 0.785156 0.791016 0.779297 0.787109 0.775391 0.787109 0.773438 0.789062 0.765625 0.789062
2 0.636719 0.794922 0.632812 0.794922 0.630859 0.792969 0.628906 0.792969 0.626953 0.794922 0.623047 0.794922 0.617188 0.800781 0.615234 0.800781 0.609375 0.804688 0.609375 0.806641 0.607422 0.808594 0.607422 0.833984 0.611328 0.837891 0.628906 0.837891 0.630859 0.835938 0.636719 0.835938 0.640625 0.832031 0.642578 0.832031 0.644531 0.830078 0.644531 0.824219 0.646484 0.822266 0.646484 0.810547 0.644531 0.808594 0.644531 0.802734
2 0.683594 0.796875 0.681641 0.798828 0.681641 0.810547 0.679688 0.812500 0.679688 0.830078 0.681641 0.832031 0.681641 0.833984 0.683594 0.835938 0.708984 0.835938 0.707031 0.835938 0.703125 0.832031 0.705078 0.830078 0.708984 0.830078 0.710938 0.828125 0.714844 0.828125 0.718750 0.822266 0.718750 0.820312 0.716797 0.818359 0.716797 0.812500 0.714844 0.810547 0.714844 0.804688 0.712891 0.802734 0.712891 0.798828 0.710938 0.798828 0.708984 0.796875
2 0.998047 0.833984 0.996094 0.833984 0.994141 0.835938 0.988281 0.835938 0.986328 0.837891 0.982422 0.837891 0.980469 0.839844 0.974609 0.839844 0.970703 0.843750 0.970703 0.849609 0.968750 0.851562 0.968750 0.867188 0.970703 0.869141 0.970703 0.884766 0.976562 0.888672 0.982422 0.888672 0.984375 0.890625 0.988281 0.890625 0.990234 0.892578 0.998047 0.892578
2 0.339844 0.835938 0.333984 0.839844 0.333984 0.853516 0.335938 0.855469 0.335938 0.876953 0.337891 0.878906 0.339844 0.884766 0.343750 0.888672 0.363281 0.888672 0.369141 0.884766 0.369141 0.843750 0.371094 0.841797 0.371094 0.839844 0.369141 0.837891 0.357422 0.837891 0.355469 0.835938
2 0.279297 0.841797 0.269531 0.841797 0.267578 0.843750 0.259766 0.843750 0.257812 0.845703 0.250000 0.845703 0.248047 0.847656 0.248047 0.855469 0.246094 0.857422 0.246094 0.873047 0.248047 0.875000 0.248047 0.884766 0.251953 0.888672 0.257812 0.888672 0.259766 0.890625 0.279297 0.890625 0.279297 0.886719 0.281250 0.884766 0.281250 0.875000 0.279297 0.873047 0.279297 0.863281 0.281250 0.861328 0.281250 0.855469 0.279297 0.853516 0.279297 0.851562 0.281250 0.849609 0.281250 0.845703 0.279297 0.843750
2 0.785156 0.859375 0.781250 0.865234 0.781250 0.875000 0.779297 0.876953 0.779297 0.882812 0.781250 0.884766 0.781250 0.892578 0.783203 0.894531 0.783203 0.900391 0.787109 0.908203 0.787109 0.914062 0.792969 0.921875 0.810547 0.921875 0.810547 0.910156 0.804688 0.902344 0.804688 0.869141 0.806641 0.867188 0.806641 0.861328 0.798828 0.857422 0.791016 0.861328
2 0.751953 0.863281 0.748047 0.863281 0.746094 0.861328 0.742188 0.861328 0.740234 0.863281 0.728516 0.863281 0.724609 0.867188 0.724609 0.888672 0.726562 0.890625 0.726562 0.900391 0.728516 0.902344 0.728516 0.908203 0.730469 0.908203 0.732422 0.910156 0.734375 0.908203 0.744141 0.908203 0.746094 0.906250 0.757812 0.906250 0.757812 0.876953 0.755859 0.875000 0.755859 0.869141
2 0.617188 0.894531 0.613281 0.890625 0.554688 0.892578 0.533203 0.898438 0.531250 0.933594 0.527344 0.929688 0.500000 0.929688 0.500000 0.998047 0.523438 0.998047 0.535156 0.994141 0.539062 0.990234 0.539062 0.968750 0.562500 0.972656 0.599609 0.972656 0.617188 0.964844 0.626953 0.964844 0.626953 0.943359
2 0.074219 0.951172 0.070312 0.958984 0.072266 0.998047 0.107422 0.998047 0.109375 0.994141 0.111328 0.998047 0.146484 0.998047 0.144531 0.992188 0.136719 0.986328 0.136719 0.978516 0.132812 0.974609 0.121094 0.974609 0.111328 0.978516 0.109375 0.976562 0.107422 0.945312 0.085938 0.945312 0.083984 0.947266 0.078125 0.947266
2 0.257812 0.970703 0.257812 0.998047 0.306641 0.998047 0.306641 0.984375 0.296875 0.970703 0.285156 0.970703 0.283203 0.972656 0.277344 0.972656 0.275391 0.970703 0.269531 0.970703 0.267578 0.968750 0.259766 0.968750
3 0.634766 0.183594 0.636719 0.275391 0.642578 0.316406 0.716797 0.316406 0.716797 0.257812 0.722656 0.224609 0.722656 0.197266 0.716797 0.183594
4 0.416016 0.048828 0.412109 0.052734 0.416016 0.169922 0.423828 0.181641 0.437500 0.187500 0.455078 0.181641 0.476562 0.181641 0.486328 0.166016 0.511719 0.154297 0.511719 0.109375 0.505859 0.078125 0.505859 0.052734 0.500000 0.048828
4 0.806641 0.476562 0.798828 0.464844 0.792969 0.443359 0.783203 0.439453 0.759766 0.441406 0.746094 0.447266 0.708984 0.445312 0.705078 0.451172 0.712891 0.455078 0.714844 0.460938 0.710938 0.464844 0.691406 0.453125 0.675781 0.449219 0.662109 0.457031 0.660156 0.472656 0.640625 0.494141 0.640625 0.507812 0.769531 0.507812 0.775391 0.505859 0.783203 0.492188 0.804688 0.488281
4 0.982422 0.640625 0.951172 0.652344 0.945312 0.662109 0.947266 0.669922 0.945312 0.671875 0.953125 0.701172 0.947266 0.742188 0.949219 0.751953 0.945312 0.761719 0.947266 0.767578 0.957031 0.773438 0.962891 0.771484 0.970703 0.759766 0.988281 0.746094 0.994141 0.730469 0.992188 0.714844 0.984375 0.708984 0.988281 0.691406 0.988281 0.673828 0.994141 0.652344 0.992188 0.646484
5 0.798828 0.000000 0.800781 0.046875 0.806641 0.066406 0.806641 0.091797 0.812500 0.117188 0.810547 0.152344 0.812500 0.156250 0.826172 0.154297 0.828125 0.150391 0.826172 0.111328 0.820312 0.089844 0.820312 0.000000
5 0.998047 0.312500 0.832031 0.320312 0.812500 0.259766 0.808594 0.320312 0.005859 0.332031 0.000000 0.369141 0.138672 0.376953 0.224609 0.890625 0.152344 0.375000 0.990234 0.349609
5 0.998047 0.802734 0.871094 0.808594 0.681641 0.843750 0.640625 0.867188 0.003906 0.929688 0.000000 0.951172 0.175781 0.945312 0.462891 0.894531 0.644531 0.890625 0.683594 0.865234 0.990234 0.826172
