1 0.998047 0.076172 0.906250 0.085938 0.910156 0.125000 0.826172 0.105469 0.716797 0.138672 0.833984 0.146484 0.662109 0.152344 0.613281 0.169922 0.634766 0.199219 0.527344 0.193359 0.488281 0.224609 0.125000 0.261719 0.000000 0.246094 0.000000 0.367188 0.404297 0.314453 0.392578 0.283203 0.513672 0.287109 0.453125 0.273438 0.759766 0.236328 0.673828 0.224609 0.996094 0.197266
1 0.488281 0.214844 0.488281 0.216797 0.490234 0.216797 0.490234 0.214844
1 0.833984 0.220703 0.841797 0.220703 0.843750 0.218750 0.849609 0.218750 0.835938 0.218750
1 0.406250 0.300781 0.404297 0.298828 0.404297 0.296875 0.402344 0.296875 0.400391 0.298828 0.396484 0.298828 0.396484 0.300781 0.400391 0.300781 0.402344 0.302734 0.404297 0.302734
1 0.410156 0.300781 0.416016 0.300781 0.417969 0.302734 0.419922 0.302734 0.421875 0.300781 0.431641 0.300781 0.433594 0.302734 0.435547 0.300781 0.437500 0.300781 0.439453 0.298828 0.451172 0.298828 0.451172 0.296875 0.425781 0.296875 0.423828 0.298828 0.421875 0.298828 0.419922 0.296875 0.412109 0.296875 0.410156 0.298828
2 0.216797 0.078125 0.218750 0.115234 0.222656 0.119141 0.246094 0.119141 0.251953 0.111328 0.253906 0.113281 0.269531 0.113281 0.271484 0.115234 0.294922 0.115234 0.298828 0.109375 0.298828 0.103516 0.292969 0.093750 0.292969 0.080078 0.289062 0.076172 0.253906 0.076172 0.251953 0.080078 0.248047 0.076172 0.244141 0.076172 0.242188 0.074219 0.220703 0.074219
2 0.914062 0.281250 0.775391 0.296875 0.763672 0.302734 0.761719 0.322266 0.603516 0.328125 0.599609 0.376953 0.607422 0.386719 0.593750 0.398438 0.595703 0.482422 0.685547 0.484375 0.904297 0.470703 0.902344 0.419922 0.921875 0.416016 0.919922 0.375000 0.908203 0.369141
2 0.402344 0.406250 0.390625 0.404297 0.378906 0.392578 0.376953 0.380859 0.380859 0.376953 0.361328 0.375000 0.320312 0.386719 0.246094 0.396484 0.222656 0.406250 0.214844 0.419922 0.228516 0.443359 0.259766 0.445312 0.322266 0.429688 0.367188 0.433594 0.371094 0.431641 0.375000 0.417969 0.398438 0.412109
2 0.207031 0.443359 0.205078 0.441406 0.181641 0.441406 0.179688 0.443359 0.162109 0.443359 0.160156 0.445312 0.140625 0.445312 0.140625 0.449219 0.138672 0.451172 0.138672 0.474609 0.140625 0.476562 0.158203 0.476562 0.160156 0.474609 0.177734 0.474609 0.179688 0.472656 0.199219 0.472656 0.201172 0.470703 0.207031 0.470703 0.210938 0.466797 0.210938 0.458984 0.208984 0.457031 0.208984 0.449219 0.207031 0.447266
2 0.564453 0.462891 0.556641 0.445312 0.445312 0.447266 0.414062 0.455078 0.371094 0.453125 0.369141 0.482422 0.375000 0.496094 0.419922 0.492188 0.451172 0.484375 0.537109 0.482422 0.558594 0.478516 0.564453 0.472656
2 0.246094 0.509766 0.246094 0.523438 0.259766 0.544922 0.281250 0.542969 0.289062 0.539062 0.320312 0.539062 0.337891 0.550781 0.345703 0.550781 0.357422 0.537109 0.357422 0.527344 0.351562 0.519531 0.345703 0.503906 0.345703 0.478516 0.341797 0.476562 0.302734 0.476562 0.265625 0.492188
2 0.669922 0.511719 0.666016 0.521484 0.667969 0.527344 0.671875 0.521484 0.675781 0.533203 0.669922 0.550781 0.671875 0.556641 0.666016 0.587891 0.667969 0.638672 0.677734 0.644531 0.679688 0.642578 0.714844 0.644531 0.720703 0.591797 0.718750 0.515625 0.699219 0.511719 0.671875 0.513672
2 0.406250 0.519531 0.406250 0.533203 0.404297 0.535156 0.406250 0.546875 0.421875 0.566406 0.515625 0.564453 0.519531 0.560547 0.517578 0.523438 0.513672 0.517578 0.503906 0.517578 0.501953 0.515625 0.419922 0.517578 0.410156 0.515625
2 0.361328 0.605469 0.361328 0.597656 0.349609 0.580078 0.351562 0.564453 0.345703 0.556641 0.316406 0.556641 0.285156 0.562500 0.259766 0.562500 0.240234 0.568359 0.240234 0.582031 0.238281 0.583984 0.240234 0.585938 0.240234 0.597656 0.246094 0.605469 0.253906 0.609375 0.287109 0.611328 0.289062 0.609375 0.333984 0.609375 0.335938 0.607422 0.357422 0.607422
2 0.208984 0.578125 0.138672 0.583984 0.134766 0.587891 0.132812 0.609375 0.140625 0.669922 0.142578 0.722656 0.146484 0.728516 0.201172 0.724609 0.224609 0.718750 0.218750 0.675781 0.214844 0.583984
2 0.421875 0.621094 0.410156 0.609375 0.398438 0.609375 0.392578 0.613281 0.371094 0.613281 0.332031 0.623047 0.324219 0.628906 0.326172 0.646484 0.332031 0.658203 0.332031 0.679688 0.333984 0.681641 0.355469 0.681641 0.392578 0.669922 0.421875 0.664062 0.427734 0.650391
2 0.927734 0.671875 0.914062 0.664062 0.869141 0.667969 0.833984 0.660156 0.763672 0.666016 0.675781 0.662109 0.669922 0.703125 0.675781 0.712891 0.802734 0.716797 0.896484 0.728516 0.923828 0.718750 0.919922 0.689453
2 0.935547 0.722656 0.933594 0.720703 0.931641 0.722656
2 0.546875 0.742188 0.544922 0.740234 0.511719 0.740234 0.509766 0.742188 0.474609 0.742188 0.472656 0.744141 0.455078 0.746094 0.445312 0.755859 0.445312 0.781250 0.443359 0.783203 0.445312 0.789062 0.457031 0.789062 0.458984 0.791016 0.492188 0.789062 0.501953 0.783203 0.515625 0.779297 0.537109 0.779297 0.542969 0.777344 0.546875 0.773438 0.546875 0.763672 0.544922 0.761719
2 0.261719 0.761719 0.259766 0.769531 0.263672 0.785156 0.287109 0.806641 0.292969 0.816406 0.296875 0.812500 0.304688 0.810547 0.357422 0.810547 0.367188 0.806641 0.369141 0.802734 0.369141 0.763672 0.367188 0.757812 0.361328 0.755859 0.332031 0.755859 0.330078 0.753906 0.273438 0.753906
2 0.605469 0.773438 0.593750 0.779297 0.589844 0.882812 0.593750 0.925781 0.601562 0.937500 0.640625 0.939453 0.646484 0.935547 0.652344 0.919922 0.652344 0.876953 0.648438 0.867188 0.648438 0.851562 0.656250 0.837891 0.656250 0.820312 0.648438 0.806641 0.648438 0.783203 0.632812 0.771484
