0 0.349609 0.132812 0.351562 0.146484 0.347656 0.167969 0.341797 0.181641 0.343750 0.195312 0.361328 0.203125 0.367188 0.208984 0.371094 0.207031 0.375000 0.210938 0.388672 0.212891 0.386719 0.216797 0.373047 0.218750 0.375000 0.222656 0.410156 0.224609 0.414062 0.212891 0.425781 0.203125 0.427734 0.187500 0.423828 0.183594 0.425781 0.177734 0.423828 0.138672 0.412109 0.134766 0.355469 0.132812 0.353516 0.130859
2 0.503906 0.000000 0.503906 0.015625 0.505859 0.017578 0.505859 0.021484 0.507812 0.023438 0.515625 0.023438 0.517578 0.025391 0.523438 0.025391 0.525391 0.027344 0.539062 0.027344 0.541016 0.029297 0.546875 0.029297 0.548828 0.027344 0.552734 0.027344 0.552734 0.025391 0.554688 0.023438 0.554688 0.017578 0.552734 0.015625 0.552734 0.003906 0.550781 0.001953 0.550781 0.000000
2 0.187500 0.052734 0.183594 0.091797 0.187500 0.097656 0.187500 0.117188 0.197266 0.126953 0.195312 0.150391 0.197266 0.160156 0.210938 0.164062 0.224609 0.164062 0.228516 0.156250 0.226562 0.148438 0.218750 0.138672 0.218750 0.132812 0.220703 0.130859 0.259766 0.136719 0.263672 0.126953 0.265625 0.099609 0.230469 0.095703 0.228516 0.093750 0.232422 0.072266 0.214844 0.068359 0.199219 0.052734
2 0.138672 0.056641 0.136719 0.058594 0.130859 0.058594 0.128906 0.060547 0.126953 0.060547 0.123047 0.064453 0.123047 0.066406 0.121094 0.068359 0.121094 0.074219 0.119141 0.076172 0.121094 0.078125 0.121094 0.083984 0.123047 0.085938 0.123047 0.087891 0.126953 0.091797 0.128906 0.091797 0.130859 0.093750 0.136719 0.093750 0.138672 0.095703 0.140625 0.093750 0.146484 0.093750 0.148438 0.091797 0.150391 0.091797 0.154297 0.087891 0.154297 0.085938 0.156250 0.083984 0.156250 0.078125 0.158203 0.076172 0.156250 0.074219 0.156250 0.068359 0.154297 0.066406 0.154297 0.064453 0.150391 0.060547 0.148438 0.060547 0.146484 0.058594 0.140625 0.058594
2 0.347656 0.089844 0.347656 0.099609 0.345703 0.101562 0.345703 0.107422 0.347656 0.109375 0.347656 0.126953 0.351562 0.128906 0.361328 0.128906 0.363281 0.130859 0.402344 0.130859 0.404297 0.132812 0.421875 0.132812 0.423828 0.130859 0.423828 0.101562 0.427734 0.095703 0.427734 0.089844 0.421875 0.085938 0.412109 0.085938 0.410156 0.083984 0.361328 0.082031 0.351562 0.085938
2 0.990234 0.099609 0.990234 0.093750 0.988281 0.091797 0.986328 0.093750 0.982422 0.093750 0.980469 0.095703 0.982422 0.095703 0.986328 0.099609
2 0.990234 0.109375 0.986328 0.109375 0.982422 0.115234 0.953125 0.115234 0.951172 0.111328 0.949219 0.111328 0.945312 0.119141 0.945312 0.162109 0.947266 0.164062 0.947266 0.169922 0.951172 0.175781 0.974609 0.173828 0.976562 0.171875 0.998047 0.171875 0.998047 0.123047 0.994141 0.119141
2 0.880859 0.121094 0.878906 0.123047 0.878906 0.167969 0.876953 0.169922 0.876953 0.193359 0.880859 0.195312 0.892578 0.195312 0.892578 0.150391 0.894531 0.148438 0.894531 0.125000 0.892578 0.121094
2 0.828125 0.125000 0.826172 0.126953 0.824219 0.126953 0.824219 0.128906 0.822266 0.130859 0.822266 0.156250 0.820312 0.158203 0.820312 0.175781 0.828125 0.183594 0.832031 0.183594 0.833984 0.185547 0.847656 0.185547 0.849609 0.183594 0.849609 0.160156 0.851562 0.158203 0.851562 0.156250 0.849609 0.154297 0.849609 0.126953 0.837891 0.126953 0.835938 0.125000
2 0.302734 0.148438 0.298828 0.154297 0.296875 0.189453 0.289062 0.214844 0.285156 0.240234 0.291016 0.244141 0.312500 0.248047 0.314453 0.261719 0.339844 0.265625 0.343750 0.259766 0.343750 0.244141 0.347656 0.228516 0.355469 0.218750 0.359375 0.220703 0.361328 0.212891 0.357422 0.207031 0.345703 0.201172 0.335938 0.201172 0.328125 0.205078 0.326172 0.203125 0.335938 0.169922 0.335938 0.154297 0.318359 0.148438
2 0.960938 0.195312 0.958984 0.197266 0.953125 0.199219 0.953125 0.201172 0.951172 0.203125 0.951172 0.236328 0.953125 0.238281 0.953125 0.240234 0.955078 0.240234 0.957031 0.242188 0.970703 0.242188 0.972656 0.244141 0.978516 0.244141 0.980469 0.242188 0.978516 0.240234 0.978516 0.236328 0.980469 0.234375 0.980469 0.226562 0.982422 0.224609 0.982422 0.220703 0.984375 0.218750 0.984375 0.210938 0.986328 0.208984 0.986328 0.205078 0.984375 0.203125 0.984375 0.201172 0.980469 0.201172 0.978516 0.199219 0.972656 0.199219 0.970703 0.197266
2 0.021484 0.228516 0.009766 0.263672 0.009766 0.273438 0.013672 0.277344 0.052734 0.289062 0.064453 0.287109 0.099609 0.296875 0.121094 0.310547 0.156250 0.314453 0.169922 0.308594 0.173828 0.296875 0.173828 0.261719 0.169922 0.255859 0.144531 0.250000 0.134766 0.240234 0.089844 0.228516 0.078125 0.230469 0.076172 0.216797 0.046875 0.208984 0.037109 0.210938
2 0.451172 0.212891 0.447266 0.208984 0.427734 0.208984 0.421875 0.210938 0.417969 0.214844 0.416016 0.230469 0.414062 0.232422 0.402344 0.228516 0.376953 0.228516 0.373047 0.232422 0.371094 0.251953 0.367188 0.259766 0.367188 0.271484 0.375000 0.275391 0.392578 0.275391 0.394531 0.273438 0.402344 0.273438 0.408203 0.269531 0.417969 0.271484 0.423828 0.267578 0.431641 0.267578 0.433594 0.269531 0.441406 0.265625 0.441406 0.257812 0.439453 0.255859 0.441406 0.238281 0.449219 0.232422 0.449219 0.222656 0.451172 0.220703 0.449219 0.214844
2 0.875000 0.255859 0.875000 0.261719 0.873047 0.263672 0.873047 0.281250 0.882812 0.281250 0.884766 0.283203 0.910156 0.283203 0.912109 0.285156 0.921875 0.285156 0.923828 0.283203 0.923828 0.257812 0.921875 0.255859 0.902344 0.255859 0.900391 0.253906 0.876953 0.253906
2 0.525391 0.265625 0.519531 0.285156 0.505859 0.300781 0.505859 0.316406 0.519531 0.324219 0.523438 0.324219 0.541016 0.332031 0.554688 0.332031 0.560547 0.322266 0.576172 0.320312 0.580078 0.314453 0.580078 0.306641 0.582031 0.304688 0.582031 0.300781 0.576172 0.292969 0.576172 0.283203 0.570312 0.279297 0.556641 0.277344 0.541016 0.267578
2 0.341797 0.279297 0.330078 0.275391 0.316406 0.275391 0.312500 0.279297 0.304688 0.300781 0.296875 0.308594 0.289062 0.322266 0.289062 0.345703 0.287109 0.347656 0.287109 0.361328 0.289062 0.365234 0.294922 0.367188 0.322266 0.367188 0.324219 0.365234 0.326172 0.337891 0.335938 0.310547 0.337891 0.294922 0.341797 0.287109
2 0.236328 0.283203 0.232422 0.289062 0.232422 0.296875 0.226562 0.310547 0.226562 0.324219 0.234375 0.330078 0.244141 0.330078 0.246094 0.332031 0.273438 0.332031 0.277344 0.330078 0.275391 0.326172 0.277344 0.320312 0.273438 0.316406 0.273438 0.298828 0.275391 0.296875 0.275391 0.291016 0.277344 0.289062 0.281250 0.289062 0.283203 0.292969 0.289062 0.296875 0.291016 0.294922 0.291016 0.289062 0.285156 0.285156 0.279297 0.285156 0.265625 0.279297 0.242188 0.279297
2 0.613281 0.281250 0.613281 0.322266 0.609375 0.339844 0.613281 0.386719 0.607422 0.408203 0.609375 0.425781 0.656250 0.429688 0.681641 0.427734 0.687500 0.423828 0.691406 0.398438 0.689453 0.388672 0.683594 0.382812 0.675781 0.382812 0.675781 0.375000 0.671875 0.371094 0.673828 0.314453 0.677734 0.292969 0.671875 0.287109 0.658203 0.287109 0.638672 0.281250
2 0.767578 0.289062 0.765625 0.291016 0.765625 0.343750 0.781250 0.343750 0.791016 0.339844 0.804688 0.343750 0.816406 0.351562 0.816406 0.367188 0.826172 0.382812 0.833984 0.384766 0.855469 0.382812 0.861328 0.298828 0.857422 0.294922 0.820312 0.294922
2 0.353516 0.314453 0.349609 0.320312 0.349609 0.328125 0.341797 0.343750 0.341797 0.347656 0.339844 0.349609 0.339844 0.357422 0.337891 0.359375 0.341797 0.365234 0.345703 0.363281 0.347656 0.365234 0.353516 0.365234 0.355469 0.367188 0.363281 0.367188 0.365234 0.369141 0.369141 0.369141 0.373047 0.371094 0.376953 0.367188 0.376953 0.361328 0.378906 0.359375 0.378906 0.347656 0.382812 0.343750 0.384766 0.343750 0.388672 0.335938 0.388672 0.324219 0.386719 0.322266 0.378906 0.322266 0.376953 0.320312 0.371094 0.320312 0.369141 0.318359 0.365234 0.318359 0.363281 0.316406
2 0.962891 0.394531 0.962891 0.396484 0.960938 0.398438 0.960938 0.404297 0.958984 0.406250 0.958984 0.416016 0.957031 0.417969 0.957031 0.421875 0.958984 0.423828 0.960938 0.423828 0.962891 0.425781 0.966797 0.425781 0.968750 0.427734 0.968750 0.433594 0.970703 0.435547 0.970703 0.437500 0.976562 0.437500 0.978516 0.439453 0.990234 0.439453 0.992188 0.441406 0.998047 0.441406 0.998047 0.396484 0.986328 0.396484 0.984375 0.394531
2 0.306641 0.431641 0.306641 0.433594 0.302734 0.437500 0.302734 0.476562 0.304688 0.480469 0.310547 0.484375 0.314453 0.484375 0.316406 0.486328 0.320312 0.486328 0.333984 0.492188 0.349609 0.494141 0.353516 0.490234 0.353516 0.482422 0.355469 0.480469 0.355469 0.474609 0.353516 0.472656 0.353516 0.447266 0.355469 0.445312 0.355469 0.441406 0.345703 0.435547 0.337891 0.435547 0.335938 0.433594 0.328125 0.433594 0.326172 0.431641 0.312500 0.431641 0.310547 0.429688
2 0.562500 0.494141 0.558594 0.501953 0.560547 0.566406 0.562500 0.568359 0.576172 0.568359 0.578125 0.570312 0.607422 0.570312 0.617188 0.564453 0.628906 0.562500 0.630859 0.560547 0.630859 0.505859 0.628906 0.501953 0.611328 0.498047 0.605469 0.494141 0.599609 0.494141 0.591797 0.498047 0.585938 0.496094 0.583984 0.498047 0.576172 0.494141
2 0.085938 0.501953 0.085938 0.523438 0.089844 0.525391 0.097656 0.525391 0.099609 0.527344 0.107422 0.527344 0.109375 0.529297 0.115234 0.529297 0.117188 0.527344 0.123047 0.529297 0.132812 0.529297 0.134766 0.527344 0.136719 0.529297 0.142578 0.529297 0.144531 0.527344 0.166016 0.527344 0.167969 0.529297 0.175781 0.529297 0.179688 0.519531 0.183594 0.517578 0.183594 0.511719 0.185547 0.509766 0.173828 0.500000 0.167969 0.498047 0.087891 0.500000
2 0.199219 0.498047 0.199219 0.507812 0.197266 0.509766 0.197266 0.531250 0.199219 0.533203 0.199219 0.544922 0.203125 0.546875 0.222656 0.546875 0.224609 0.548828 0.232422 0.548828 0.234375 0.550781 0.253906 0.550781 0.255859 0.548828 0.259766 0.539062 0.259766 0.525391 0.267578 0.509766 0.267578 0.501953 0.261719 0.498047 0.238281 0.498047 0.236328 0.496094 0.203125 0.496094
2 0.304688 0.498047 0.300781 0.501953 0.300781 0.541016 0.302734 0.542969 0.302734 0.550781 0.306641 0.554688 0.347656 0.554688 0.349609 0.552734 0.353516 0.552734 0.353516 0.533203 0.351562 0.531250 0.351562 0.500000 0.347656 0.498047 0.332031 0.498047 0.330078 0.496094 0.312500 0.496094 0.310547 0.498047
2 0.919922 0.548828 0.917969 0.550781 0.917969 0.564453 0.916016 0.566406 0.916016 0.580078 0.914062 0.582031 0.914062 0.595703 0.917969 0.599609 0.919922 0.599609 0.929688 0.605469 0.935547 0.605469 0.935547 0.603516 0.939453 0.597656 0.941406 0.587891 0.945312 0.582031 0.947266 0.572266 0.949219 0.570312 0.949219 0.562500 0.951172 0.560547 0.951172 0.556641 0.947266 0.550781 0.929688 0.550781 0.927734 0.548828
2 0.375000 0.560547 0.345703 0.562500 0.339844 0.566406 0.339844 0.582031 0.341797 0.583984 0.341797 0.591797 0.339844 0.593750 0.339844 0.615234 0.333984 0.623047 0.333984 0.630859 0.343750 0.638672 0.359375 0.638672 0.361328 0.636719 0.369141 0.636719 0.371094 0.632812 0.371094 0.619141 0.373047 0.617188 0.373047 0.607422 0.375000 0.605469 0.375000 0.595703 0.376953 0.593750 0.376953 0.578125 0.378906 0.576172 0.378906 0.564453
2 0.439453 0.560547 0.439453 0.623047 0.443359 0.626953 0.544922 0.625000 0.564453 0.628906 0.566406 0.617188 0.558594 0.599609 0.556641 0.580078 0.550781 0.572266 0.511719 0.564453 0.488281 0.566406 0.482422 0.562500 0.458984 0.558594
2 0.083984 0.562500 0.083984 0.595703 0.082031 0.597656 0.082031 0.615234 0.080078 0.617188 0.082031 0.623047 0.083984 0.625000 0.121094 0.625000 0.123047 0.623047 0.123047 0.613281 0.121094 0.611328 0.121094 0.566406 0.117188 0.564453 0.097656 0.564453 0.095703 0.562500
2 0.273438 0.580078 0.285156 0.580078 0.277344 0.580078 0.275391 0.578125
2 0.289062 0.583984 0.285156 0.587891 0.283203 0.585938 0.281250 0.587891 0.275391 0.587891 0.271484 0.591797 0.271484 0.597656 0.269531 0.599609 0.269531 0.626953 0.275391 0.632812 0.277344 0.632812 0.279297 0.634766 0.289062 0.634766
2 0.750000 0.583984 0.750000 0.609375 0.753906 0.617188 0.753906 0.632812 0.759766 0.642578 0.802734 0.646484 0.845703 0.656250 0.867188 0.656250 0.886719 0.662109 0.904297 0.660156 0.898438 0.656250 0.898438 0.634766 0.904297 0.605469 0.900391 0.601562 0.867188 0.601562 0.802734 0.587891
2 0.427734 0.705078 0.425781 0.708984 0.425781 0.736328 0.427734 0.738281 0.425781 0.740234 0.425781 0.748047 0.429688 0.755859 0.445312 0.755859 0.447266 0.757812 0.453125 0.755859 0.460938 0.755859 0.462891 0.757812 0.468750 0.755859 0.478516 0.755859 0.480469 0.757812 0.498047 0.755859 0.500000 0.751953 0.498047 0.748047 0.498047 0.716797 0.500000 0.714844 0.500000 0.705078 0.498047 0.703125 0.451172 0.701172 0.449219 0.703125 0.433594 0.703125
2 0.564453 0.703125 0.558594 0.734375 0.562500 0.746094 0.585938 0.746094 0.593750 0.734375 0.607422 0.734375 0.619141 0.748047 0.619141 0.861328 0.603516 0.882812 0.611328 0.935547 0.605469 0.964844 0.689453 0.972656 0.695312 0.958984 0.695312 0.880859 0.691406 0.873047 0.673828 0.869141 0.669922 0.708984 0.664062 0.701172
2 0.126953 0.724609 0.123047 0.812500 0.113281 0.835938 0.125000 0.845703 0.123047 0.902344 0.132812 0.941406 0.380859 0.949219 0.382812 0.871094 0.388672 0.863281 0.380859 0.845703 0.386719 0.792969 0.380859 0.720703 0.134766 0.718750
2 0.535156 0.873047 0.533203 0.875000 0.533203 0.888672 0.535156 0.890625 0.535156 0.931641 0.566406 0.931641 0.570312 0.927734 0.570312 0.923828 0.574219 0.916016 0.574219 0.896484 0.570312 0.894531 0.566406 0.894531 0.558594 0.888672 0.556641 0.884766 0.556641 0.880859 0.554688 0.878906 0.554688 0.875000 0.552734 0.873047
2 0.822266 0.896484 0.820312 0.898438 0.822266 0.980469 0.824219 0.982422 0.876953 0.982422 0.878906 0.980469 0.878906 0.902344 0.875000 0.896484
2 0.472656 0.939453 0.472656 0.974609 0.474609 0.976562 0.482422 0.976562 0.484375 0.978516 0.500000 0.978516 0.501953 0.976562 0.503906 0.976562 0.503906 0.958984 0.501953 0.957031 0.501953 0.939453 0.500000 0.937500 0.476562 0.937500 0.474609 0.939453
