0 0.326172 0.000000 0.330078 0.033203 0.332031 0.013672 0.345703 0.019531 0.335938 0.070312 0.341797 0.087891 0.419922 0.144531 0.433594 0.148438 0.435547 0.156250 0.447266 0.158203 0.464844 0.089844 0.468750 0.031250 0.478516 0.000000 0.345703 0.000000 0.343750 0.015625 0.335938 0.013672 0.337891 0.009766 0.332031 0.005859 0.335938 0.000000
0 0.566406 0.017578 0.564453 0.015625 0.562500 0.017578
0 0.330078 0.039062 0.330078 0.041016 0.332031 0.042969 0.332031 0.046875 0.330078 0.048828 0.330078 0.056641 0.332031 0.056641 0.332031 0.042969 0.333984 0.041016 0.332031 0.041016
0 0.146484 0.142578 0.144531 0.146484 0.144531 0.156250 0.146484 0.158203 0.146484 0.179688 0.164062 0.195312 0.189453 0.195312 0.191406 0.193359 0.199219 0.193359 0.208984 0.185547 0.210938 0.175781 0.212891 0.173828 0.212891 0.166016 0.210938 0.164062 0.210938 0.160156 0.212891 0.158203 0.210938 0.156250 0.212891 0.154297 0.210938 0.152344 0.212891 0.148438 0.205078 0.140625 0.193359 0.136719 0.185547 0.128906 0.183594 0.130859 0.179688 0.128906 0.177734 0.130859 0.175781 0.128906 0.164062 0.128906
0 0.482422 0.162109 0.480469 0.169922 0.486328 0.181641 0.486328 0.195312 0.498047 0.207031 0.511719 0.214844 0.517578 0.212891 0.541016 0.236328 0.552734 0.242188 0.556641 0.240234 0.574219 0.257812 0.582031 0.259766 0.593750 0.251953 0.595703 0.246094 0.585938 0.230469 0.587891 0.220703 0.583984 0.208984 0.568359 0.187500 0.570312 0.181641 0.582031 0.179688 0.587891 0.173828 0.587891 0.162109 0.580078 0.154297 0.501953 0.152344 0.488281 0.156250
1 0.082031 0.162109 0.072266 0.169922 0.070312 0.175781 0.054688 0.197266 0.056641 0.207031 0.068359 0.218750 0.085938 0.230469 0.095703 0.240234 0.109375 0.246094 0.121094 0.257812 0.128906 0.261719 0.138672 0.261719 0.152344 0.246094 0.166016 0.220703 0.152344 0.207031 0.132812 0.195312 0.103516 0.167969 0.091797 0.162109
1 0.966797 0.191406 0.947266 0.179688 0.908203 0.179688 0.880859 0.191406 0.738281 0.208984 0.708984 0.244141 0.673828 0.251953 0.681641 0.273438 0.673828 0.310547 0.691406 0.330078 0.724609 0.347656 0.753906 0.326172 0.767578 0.302734 0.835938 0.304688 0.917969 0.337891 0.957031 0.337891 0.972656 0.314453 0.976562 0.281250
2 0.503906 0.003906 0.505859 0.005859 0.507812 0.005859 0.509766 0.003906 0.511719 0.003906 0.513672 0.001953 0.513672 0.000000 0.505859 0.000000 0.505859 0.001953
2 0.519531 0.003906 0.521484 0.003906 0.523438 0.005859 0.529297 0.005859 0.531250 0.007812 0.542969 0.007812 0.544922 0.005859 0.546875 0.005859 0.544922 0.005859 0.542969 0.003906 0.535156 0.003906 0.533203 0.001953 0.529297 0.001953 0.527344 0.000000 0.523438 0.000000
2 0.503906 0.015625 0.500000 0.019531 0.501953 0.041016 0.498047 0.046875 0.496094 0.062500 0.492188 0.068359 0.484375 0.072266 0.480469 0.101562 0.482422 0.119141 0.486328 0.123047 0.500000 0.126953 0.548828 0.126953 0.556641 0.121094 0.562500 0.107422 0.562500 0.091797 0.566406 0.085938 0.564453 0.064453 0.570312 0.052734 0.572266 0.025391 0.566406 0.019531 0.550781 0.017578 0.517578 0.019531
2 0.419922 0.033203 0.414062 0.037109 0.414062 0.042969 0.412109 0.044922 0.412109 0.074219 0.414062 0.076172 0.414062 0.080078 0.421875 0.089844 0.421875 0.097656 0.425781 0.097656 0.439453 0.103516 0.451172 0.103516 0.453125 0.089844 0.457031 0.083984 0.458984 0.070312 0.460938 0.068359 0.462891 0.056641 0.464844 0.054688 0.464844 0.042969 0.445312 0.035156 0.429688 0.035156 0.427734 0.033203
2 0.824219 0.347656 0.818359 0.349609 0.812500 0.363281 0.804688 0.373047 0.798828 0.386719 0.794922 0.390625 0.792969 0.390625 0.791016 0.394531 0.792969 0.404297 0.796875 0.408203 0.796875 0.410156 0.810547 0.421875 0.816406 0.421875 0.820312 0.419922 0.824219 0.410156 0.833984 0.398438 0.837891 0.388672 0.849609 0.376953 0.847656 0.369141 0.841797 0.367188
2 0.853516 0.390625 0.851562 0.392578 0.849609 0.392578 0.849609 0.394531 0.839844 0.404297 0.839844 0.406250 0.835938 0.412109 0.835938 0.419922 0.837891 0.421875 0.837891 0.427734 0.839844 0.429688 0.839844 0.431641 0.843750 0.435547 0.845703 0.435547 0.847656 0.437500 0.851562 0.437500 0.857422 0.441406 0.863281 0.441406 0.867188 0.437500 0.869141 0.437500 0.869141 0.435547 0.875000 0.425781 0.875000 0.419922 0.873047 0.417969 0.873047 0.406250 0.871094 0.404297 0.871094 0.402344 0.859375 0.390625
2 0.998047 0.474609 0.994141 0.474609 0.992188 0.476562 0.988281 0.476562 0.986328 0.478516 0.982422 0.478516 0.974609 0.482422 0.966797 0.482422 0.964844 0.484375 0.958984 0.484375 0.957031 0.486328 0.947266 0.488281 0.947266 0.503906 0.949219 0.505859 0.949219 0.509766 0.947266 0.511719 0.949219 0.513672 0.949219 0.517578 0.953125 0.521484 0.962891 0.523438 0.968750 0.529297 0.972656 0.529297 0.974609 0.531250 0.976562 0.529297 0.980469 0.529297 0.984375 0.525391 0.984375 0.521484 0.988281 0.515625 0.992188 0.513672 0.998047 0.513672
2 0.839844 0.712891 0.833984 0.712891 0.822266 0.722656 0.818359 0.730469 0.802734 0.744141 0.800781 0.750000 0.787109 0.763672 0.779297 0.775391 0.779297 0.781250 0.792969 0.792969 0.800781 0.796875 0.820312 0.779297 0.832031 0.779297 0.847656 0.769531 0.869141 0.746094 0.869141 0.740234 0.849609 0.718750
3 0.601562 0.003906 0.593750 0.134766 0.611328 0.183594 0.603516 0.214844 0.589844 0.226562 0.625000 0.240234 0.703125 0.242188 0.728516 0.207031 0.865234 0.187500 0.898438 0.173828 0.966797 0.177734 0.998047 0.158203 0.998047 0.000000
3 0.523438 0.142578 0.525391 0.144531 0.527344 0.144531 0.529297 0.142578
3 0.515625 0.214844 0.517578 0.216797 0.519531 0.216797 0.517578 0.214844
4 0.072266 0.003906 0.003906 0.111328 0.000000 0.998047 0.998047 0.998047 0.998047 0.875000 0.835938 0.906250 0.748047 0.820312 0.845703 0.705078 0.882812 0.753906 0.849609 0.849609 0.994141 0.847656 0.998047 0.595703 0.337891 0.119141 0.285156 0.144531 0.269531 0.080078 0.162109 0.015625 0.109375 0.072266
4 0.197266 0.025391 0.197266 0.029297 0.199219 0.031250 0.199219 0.025391
4 0.136719 0.160156 0.130859 0.166016 0.130859 0.167969 0.128906 0.169922 0.128906 0.173828 0.130859 0.175781 0.130859 0.177734 0.132812 0.179688 0.132812 0.185547 0.138672 0.185547 0.138672 0.183594 0.136719 0.181641 0.136719 0.175781 0.138672 0.173828 0.138672 0.164062 0.136719 0.162109
4 0.833984 0.330078 0.832031 0.328125 0.828125 0.328125 0.826172 0.330078 0.820312 0.330078 0.822266 0.330078 0.824219 0.332031 0.832031 0.332031
4 0.845703 0.333984 0.843750 0.335938 0.843750 0.337891 0.841797 0.339844 0.843750 0.341797 0.845703 0.341797 0.847656 0.339844 0.849609 0.339844 0.845703 0.335938
4 0.818359 0.335938 0.814453 0.335938 0.812500 0.337891 0.812500 0.341797 0.816406 0.341797 0.818359 0.339844
4 0.857422 0.353516 0.855469 0.351562 0.853516 0.353516 0.849609 0.353516 0.847656 0.355469 0.847656 0.357422 0.853516 0.357422 0.855469 0.355469 0.857422 0.355469
4 0.896484 0.353516 0.890625 0.353516 0.884766 0.357422 0.876953 0.357422 0.873047 0.361328 0.871094 0.361328 0.869141 0.359375 0.859375 0.359375 0.859375 0.361328 0.861328 0.363281 0.861328 0.365234 0.859375 0.367188 0.859375 0.373047 0.861328 0.375000 0.867188 0.375000 0.869141 0.373047 0.888672 0.373047 0.888672 0.361328 0.892578 0.357422 0.896484 0.357422
4 0.865234 0.382812 0.861328 0.382812 0.861328 0.386719 0.863281 0.386719 0.865234 0.384766
4 0.861328 0.390625 0.863281 0.390625 0.865234 0.392578 0.867188 0.392578 0.871094 0.396484 0.875000 0.396484 0.876953 0.398438 0.876953 0.400391 0.875000 0.402344 0.878906 0.402344 0.880859 0.400391 0.880859 0.396484 0.878906 0.394531 0.878906 0.392578 0.876953 0.390625 0.873047 0.394531 0.871094 0.394531 0.869141 0.392578 0.869141 0.390625
4 0.916016 0.431641 0.917969 0.433594 0.917969 0.435547 0.916016 0.437500 0.925781 0.437500 0.923828 0.437500 0.921875 0.435547 0.921875 0.433594 0.923828 0.431641 0.925781 0.433594 0.925781 0.431641
4 0.941406 0.429688 0.939453 0.429688 0.937500 0.431641 0.937500 0.437500 0.937500 0.435547 0.941406 0.431641
4 0.986328 0.433594 0.988281 0.433594 0.990234 0.431641 0.986328 0.431641
4 0.925781 0.445312 0.921875 0.445312 0.921875 0.455078 0.923828 0.457031 0.927734 0.453125 0.925781 0.451172 0.925781 0.449219 0.927734 0.447266
4 0.849609 0.453125 0.851562 0.455078 0.853516 0.455078 0.853516 0.453125
4 0.912109 0.468750 0.908203 0.468750 0.904297 0.464844 0.904297 0.460938 0.902344 0.462891 0.902344 0.466797 0.906250 0.470703 0.904297 0.472656 0.904297 0.474609 0.906250 0.476562 0.904297 0.478516 0.904297 0.480469 0.900391 0.484375 0.892578 0.484375 0.890625 0.486328 0.886719 0.480469 0.886719 0.484375 0.888672 0.484375 0.890625 0.486328 0.902344 0.486328 0.904297 0.488281 0.906250 0.486328 0.906250 0.484375 0.908203 0.482422 0.908203 0.480469 0.912109 0.476562 0.910156 0.474609 0.910156 0.472656 0.912109 0.470703
4 0.957031 0.460938 0.957031 0.462891 0.958984 0.462891
4 0.990234 0.460938 0.984375 0.460938 0.984375 0.466797 0.986328 0.468750 0.990234 0.464844
4 0.955078 0.468750 0.955078 0.470703 0.962891 0.470703 0.960938 0.468750
4 0.970703 0.468750 0.970703 0.470703 0.976562 0.470703 0.976562 0.468750
4 0.953125 0.478516 0.957031 0.478516 0.958984 0.476562 0.955078 0.476562
4 0.935547 0.492188 0.935547 0.494141 0.933594 0.496094 0.933594 0.498047 0.935547 0.498047 0.937500 0.500000 0.941406 0.500000 0.941406 0.492188
4 0.949219 0.531250 0.953125 0.535156 0.957031 0.535156 0.955078 0.533203 0.957031 0.531250 0.955078 0.529297 0.951172 0.529297
4 0.955078 0.914062 0.951172 0.917969 0.951172 0.919922 0.953125 0.921875 0.955078 0.921875 0.957031 0.923828 0.960938 0.923828 0.960938 0.921875 0.958984 0.919922 0.958984 0.914062
5 0.169922 0.011719 0.173828 0.029297 0.203125 0.011719 0.541016 0.271484 0.773438 0.429688 0.789062 0.425781 0.783203 0.408203 0.462891 0.185547 0.224609 0.000000 0.179688 0.000000
5 0.980469 0.312500 0.966797 0.326172 0.953125 0.414062 0.900391 0.496094 0.830078 0.441406 0.810547 0.435547 0.798828 0.447266 0.941406 0.558594 0.998047 0.593750 0.998047 0.564453 0.980469 0.533203 0.953125 0.523438 0.945312 0.503906 0.923828 0.503906 0.974609 0.419922 0.994141 0.324219
