0 0.166016 0.001953 0.187500 0.056641 0.125000 0.201172 0.144531 0.232422 0.246094 0.255859 0.283203 0.302734 0.212891 0.394531 0.158203 0.357422 0.138672 0.271484 0.109375 0.281250 0.068359 0.365234 0.048828 0.605469 0.181641 0.677734 0.310547 0.685547 0.367188 0.732422 0.400391 0.730469 0.416016 0.671875 0.470703 0.689453 0.460938 0.763672 0.494141 0.785156 0.550781 0.531250 0.460938 0.482422 0.521484 0.003906
2 0.695312 0.000000 0.685547 0.062500 0.689453 0.136719 0.863281 0.167969 0.890625 0.000000
2 0.140625 0.236328 0.130859 0.269531 0.136719 0.267578 0.142578 0.277344 0.152344 0.277344 0.156250 0.281250 0.152344 0.308594 0.162109 0.357422 0.169922 0.365234 0.185547 0.371094 0.201172 0.386719 0.220703 0.388672 0.224609 0.376953 0.236328 0.367188 0.240234 0.349609 0.265625 0.333984 0.267578 0.320312 0.279297 0.304688 0.275391 0.285156 0.253906 0.275391 0.248047 0.269531 0.250000 0.261719 0.246094 0.257812 0.230469 0.255859 0.220703 0.261719 0.216797 0.257812 0.193359 0.255859 0.177734 0.242188 0.156250 0.242188
2 0.666016 0.283203 0.609375 0.669922 0.755859 0.695312 0.820312 0.310547
2 0.625000 0.289062 0.582031 0.287109 0.566406 0.337891 0.552734 0.328125 0.490234 0.320312 0.482422 0.380859 0.500000 0.417969 0.529297 0.417969 0.554688 0.427734 0.546875 0.464844 0.472656 0.451172 0.470703 0.484375 0.539062 0.492188 0.544922 0.480469 0.546875 0.490234 0.564453 0.500000 0.597656 0.501953 0.626953 0.316406
2 0.636719 0.294922 0.634766 0.296875 0.634766 0.300781 0.632812 0.302734 0.634766 0.304688 0.632812 0.306641 0.632812 0.318359 0.630859 0.320312 0.630859 0.333984 0.628906 0.335938 0.628906 0.341797 0.630859 0.341797 0.630859 0.333984 0.632812 0.332031 0.630859 0.330078 0.634766 0.326172 0.642578 0.326172 0.644531 0.324219 0.646484 0.324219 0.644531 0.322266 0.644531 0.320312 0.640625 0.314453 0.640625 0.312500 0.642578 0.310547 0.644531 0.310547 0.644531 0.306641 0.642578 0.306641 0.640625 0.304688 0.640625 0.302734 0.638672 0.300781 0.638672 0.296875
2 0.798828 0.667969 0.796875 0.667969 0.796875 0.671875 0.794922 0.673828 0.796875 0.675781 0.796875 0.677734 0.796875 0.671875 0.798828 0.669922
2 0.845703 0.740234 0.841797 0.791016 0.828125 0.798828 0.828125 0.818359 0.888672 0.822266 0.888672 0.861328 0.998047 0.873047 0.998047 0.750000 0.871094 0.736328
2 0.613281 0.783203 0.597656 0.830078 0.599609 0.835938 0.677734 0.851562 0.683594 0.859375 0.683594 0.865234 0.691406 0.869141 0.720703 0.875000 0.734375 0.873047 0.746094 0.828125 0.746094 0.812500 0.742188 0.808594 0.699219 0.796875
2 0.054688 0.810547 0.025391 0.810547 0.021484 0.818359 0.021484 0.828125 0.017578 0.832031 0.017578 0.857422 0.005859 0.873047 0.000000 0.912109 0.000000 0.998047 0.033203 0.998047 0.042969 0.951172 0.048828 0.875000 0.058594 0.816406
2 0.216797 0.869141 0.179688 0.871094 0.173828 0.875000 0.167969 0.917969 0.162109 0.935547 0.162109 0.970703 0.158203 0.978516 0.156250 0.998047 0.203125 0.998047 0.208984 0.957031 0.210938 0.917969 0.220703 0.882812 0.220703 0.873047
2 0.105469 0.896484 0.101562 0.898438 0.097656 0.914062 0.095703 0.945312 0.093750 0.947266 0.087891 0.988281 0.091797 0.994141 0.097656 0.996094 0.132812 0.998047 0.132812 0.978516 0.136719 0.966797 0.136719 0.951172 0.138672 0.949219 0.138672 0.933594 0.140625 0.931641 0.140625 0.908203 0.142578 0.904297 0.140625 0.900391
2 0.279297 0.898438 0.265625 0.898438 0.263672 0.896484 0.248047 0.898438 0.240234 0.904297 0.230469 0.937500 0.226562 0.988281 0.218750 0.998047 0.271484 0.998047 0.277344 0.947266 0.281250 0.935547 0.281250 0.916016 0.283203 0.914062 0.283203 0.902344
5 0.000000 0.626953 0.003906 0.677734 0.253906 0.791016 0.787109 0.994141 0.937500 0.994141 0.871094 0.953125 0.650391 0.884766 0.474609 0.802734
