0 0.632812 0.138672 0.634766 0.140625 0.638672 0.140625 0.642578 0.136719 0.640625 0.134766 0.634766 0.134766 0.632812 0.136719
0 0.734375 0.146484 0.724609 0.154297 0.716797 0.173828 0.712891 0.212891 0.714844 0.242188 0.710938 0.259766 0.714844 0.273438 0.728516 0.287109 0.757812 0.289062 0.767578 0.281250 0.775391 0.261719 0.773438 0.164062 0.755859 0.146484
0 0.632812 0.154297 0.628906 0.162109 0.628906 0.181641 0.621094 0.189453 0.623047 0.220703 0.615234 0.240234 0.619141 0.255859 0.615234 0.294922 0.619141 0.300781 0.617188 0.314453 0.632812 0.322266 0.628906 0.332031 0.638672 0.337891 0.652344 0.332031 0.658203 0.308594 0.666016 0.294922 0.669922 0.265625 0.666016 0.261719 0.664062 0.248047 0.666016 0.191406 0.662109 0.185547 0.648438 0.179688 0.648438 0.166016 0.636719 0.154297
0 0.033203 0.205078 0.015625 0.212891 0.001953 0.224609 0.001953 0.236328 0.009766 0.246094 0.011719 0.253906 0.015625 0.257812 0.019531 0.267578 0.035156 0.281250 0.039062 0.289062 0.042969 0.289062 0.046875 0.292969 0.052734 0.292969 0.070312 0.285156 0.083984 0.269531 0.091797 0.255859 0.093750 0.242188 0.087891 0.232422 0.064453 0.220703 0.060547 0.220703 0.050781 0.210938
0 0.699219 0.310547 0.685547 0.318359 0.695312 0.333984 0.691406 0.343750 0.679688 0.341797 0.679688 0.351562 0.705078 0.384766 0.679688 0.466797 0.677734 0.517578 0.664062 0.531250 0.662109 0.548828 0.677734 0.566406 0.666016 0.591797 0.675781 0.619141 0.673828 0.656250 0.720703 0.660156 0.738281 0.603516 0.722656 0.605469 0.724609 0.593750 0.708984 0.572266 0.718750 0.564453 0.705078 0.558594 0.714844 0.548828 0.707031 0.542969 0.724609 0.525391 0.716797 0.513672 0.734375 0.517578 0.755859 0.488281 0.753906 0.363281 0.738281 0.322266
0 0.333984 0.542969 0.326172 0.556641 0.324219 0.570312 0.330078 0.580078 0.330078 0.583984 0.333984 0.591797 0.343750 0.601562 0.351562 0.605469 0.365234 0.605469 0.373047 0.601562 0.378906 0.595703 0.384766 0.595703 0.392578 0.589844 0.398438 0.578125 0.398438 0.566406 0.388672 0.554688 0.382812 0.552734 0.367188 0.539062 0.339844 0.539062
0 0.548828 0.658203 0.542969 0.650391 0.541016 0.644531 0.535156 0.638672 0.517578 0.628906 0.511719 0.628906 0.507812 0.632812 0.503906 0.632812 0.494141 0.638672 0.486328 0.640625 0.468750 0.658203 0.468750 0.669922 0.470703 0.671875 0.470703 0.675781 0.478516 0.681641 0.488281 0.681641 0.490234 0.683594 0.515625 0.683594 0.517578 0.681641 0.535156 0.679688 0.542969 0.675781 0.548828 0.667969
1 0.970703 0.000000 0.808594 0.000000 0.775391 0.203125 0.773438 0.353516 0.753906 0.392578 0.757812 0.488281 0.738281 0.525391 0.746094 0.660156 0.841797 0.660156 0.865234 0.630859 0.873047 0.500000 0.884766 0.486328 0.875000 0.464844 0.892578 0.437500 0.894531 0.335938 0.919922 0.244141 0.910156 0.232422 0.939453 0.173828 0.937500 0.134766 0.958984 0.072266 0.949219 0.041016 0.964844 0.033203
1 0.882812 0.470703 0.880859 0.472656 0.880859 0.474609 0.882812 0.476562 0.886719 0.476562 0.888672 0.474609 0.884766 0.470703
1 0.826172 0.734375 0.746094 0.734375 0.722656 0.740234 0.726562 0.773438 0.681641 0.894531 0.666016 0.998047 0.796875 0.998047 0.800781 0.935547 0.814453 0.910156 0.833984 0.742188
1 0.890625 0.875000 0.884766 0.882812 0.882812 0.914062 0.880859 0.916016 0.876953 0.937500 0.880859 0.941406 0.892578 0.945312 0.912109 0.945312 0.923828 0.949219 0.937500 0.949219 0.941406 0.945312 0.941406 0.937500 0.943359 0.935547 0.943359 0.906250 0.941406 0.904297 0.941406 0.890625 0.937500 0.886719 0.927734 0.886719 0.919922 0.880859 0.908203 0.876953 0.896484 0.876953
2 0.669922 0.003906 0.669922 0.007812 0.671875 0.009766 0.671875 0.011719 0.673828 0.013672 0.677734 0.013672 0.679688 0.015625 0.681641 0.015625 0.683594 0.013672 0.685547 0.015625 0.691406 0.015625 0.693359 0.013672 0.693359 0.011719 0.689453 0.007812 0.683594 0.007812 0.677734 0.001953 0.671875 0.001953
2 0.531250 0.015625 0.525391 0.021484 0.523438 0.025391 0.523438 0.031250 0.521484 0.033203 0.521484 0.062500 0.523438 0.064453 0.523438 0.074219 0.529297 0.080078 0.533203 0.080078 0.535156 0.082031 0.556641 0.082031 0.560547 0.076172 0.562500 0.044922 0.564453 0.042969 0.564453 0.023438 0.556641 0.015625 0.550781 0.015625 0.548828 0.013672 0.539062 0.013672 0.537109 0.015625
2 0.705078 0.023438 0.703125 0.025391 0.703125 0.027344 0.705078 0.029297 0.707031 0.029297 0.708984 0.027344
2 0.638672 0.041016 0.632812 0.048828 0.628906 0.064453 0.628906 0.130859 0.632812 0.134766 0.640625 0.132812 0.656250 0.136719 0.683594 0.136719 0.687500 0.132812 0.689453 0.099609 0.691406 0.097656 0.691406 0.087891 0.683594 0.076172 0.683594 0.066406 0.681641 0.064453 0.685547 0.050781 0.679688 0.044922
2 0.330078 0.121094 0.326172 0.125000 0.324219 0.142578 0.332031 0.171875 0.328125 0.265625 0.335938 0.275391 0.373047 0.275391 0.380859 0.269531 0.388672 0.197266 0.404297 0.187500 0.408203 0.171875 0.408203 0.142578 0.402344 0.134766 0.353516 0.132812 0.349609 0.123047
2 0.578125 0.199219 0.564453 0.218750 0.552734 0.244141 0.550781 0.257812 0.541016 0.269531 0.537109 0.302734 0.548828 0.310547 0.576172 0.314453 0.585938 0.318359 0.597656 0.318359 0.601562 0.314453 0.605469 0.281250 0.613281 0.250000 0.611328 0.244141 0.621094 0.220703 0.621094 0.207031 0.619141 0.203125 0.605469 0.203125 0.597656 0.199219
2 0.978516 0.230469 0.974609 0.234375 0.974609 0.238281 0.972656 0.240234 0.970703 0.271484 0.968750 0.273438 0.968750 0.287109 0.966797 0.289062 0.966797 0.310547 0.970703 0.314453 0.996094 0.314453 0.998047 0.316406 0.998047 0.238281 0.988281 0.232422
2 0.373047 0.294922 0.353516 0.353516 0.357422 0.363281 0.470703 0.429688 0.464844 0.457031 0.482422 0.496094 0.468750 0.521484 0.468750 0.560547 0.458984 0.587891 0.488281 0.607422 0.568359 0.623047 0.578125 0.613281 0.580078 0.568359 0.599609 0.503906 0.621094 0.359375 0.546875 0.326172 0.535156 0.312500 0.501953 0.310547 0.492188 0.318359 0.470703 0.306641
2 0.957031 0.343750 0.955078 0.347656 0.957031 0.351562 0.955078 0.353516 0.955078 0.357422 0.951172 0.365234 0.953125 0.367188 0.951172 0.371094 0.953125 0.375000 0.951172 0.376953 0.951172 0.380859 0.955078 0.384766 0.972656 0.384766 0.974609 0.386719 0.982422 0.386719 0.984375 0.388672 0.998047 0.388672 0.998047 0.347656 0.990234 0.347656 0.988281 0.345703 0.978516 0.345703 0.976562 0.343750
2 0.140625 0.410156 0.144531 0.445312 0.150391 0.449219 0.185547 0.449219 0.199219 0.453125 0.269531 0.449219 0.294922 0.435547 0.292969 0.394531 0.289062 0.390625 0.238281 0.394531 0.207031 0.386719 0.152344 0.388672
2 0.033203 0.408203 0.033203 0.421875 0.035156 0.423828 0.035156 0.435547 0.037109 0.437500 0.037109 0.455078 0.041016 0.458984 0.083984 0.458984 0.095703 0.453125 0.107422 0.453125 0.109375 0.451172 0.107422 0.400391 0.105469 0.398438 0.097656 0.398438 0.095703 0.400391 0.091797 0.398438 0.087891 0.400391 0.058594 0.400391 0.054688 0.402344 0.048828 0.400391 0.042969 0.394531 0.044922 0.392578 0.042969 0.390625
2 0.970703 0.496094 0.964844 0.501953 0.964844 0.521484 0.966797 0.523438 0.966797 0.535156 0.962891 0.539062 0.962891 0.562500 0.960938 0.564453 0.960938 0.568359 0.964844 0.572266 0.974609 0.572266 0.976562 0.574219 0.998047 0.574219 0.998047 0.496094
2 0.234375 0.521484 0.234375 0.529297 0.238281 0.533203 0.242188 0.566406 0.248047 0.574219 0.253906 0.574219 0.255859 0.572266 0.275391 0.572266 0.277344 0.574219 0.294922 0.574219 0.298828 0.576172 0.304688 0.572266 0.308594 0.572266 0.314453 0.566406 0.314453 0.554688 0.316406 0.552734 0.314453 0.531250 0.308594 0.523438 0.304688 0.523438 0.298828 0.517578 0.275391 0.509766 0.255859 0.509766 0.253906 0.511719 0.251953 0.509766 0.240234 0.515625
2 0.000000 0.533203 0.000000 0.576172 0.003906 0.578125 0.208984 0.570312 0.208984 0.523438 0.203125 0.519531 0.150391 0.519531 0.144531 0.523438 0.138672 0.519531 0.029297 0.521484
2 0.300781 0.609375 0.287109 0.591797 0.251953 0.593750 0.246094 0.599609 0.236328 0.593750 0.185547 0.591797 0.152344 0.601562 0.003906 0.595703 0.000000 0.669922 0.097656 0.669922 0.117188 0.662109 0.214844 0.667969 0.292969 0.660156 0.300781 0.652344
2 0.542969 0.730469 0.359375 0.736328 0.355469 0.779297 0.365234 0.802734 0.433594 0.804688 0.425781 0.810547 0.373047 0.808594 0.363281 0.830078 0.363281 0.863281 0.375000 0.871094 0.417969 0.869141 0.433594 0.875000 0.521484 0.865234 0.531250 0.835938 0.527344 0.810547 0.449219 0.802734 0.525391 0.796875
2 0.328125 0.744141 0.306641 0.732422 0.181641 0.740234 0.173828 0.746094 0.175781 0.802734 0.236328 0.810547 0.066406 0.816406 0.058594 0.822266 0.058594 0.863281 0.091797 0.865234 0.083984 0.833984 0.107422 0.824219 0.115234 0.830078 0.109375 0.863281 0.314453 0.871094 0.324219 0.812500 0.298828 0.806641 0.328125 0.800781
2 0.138672 0.740234 0.125000 0.738281 0.123047 0.736328 0.113281 0.736328 0.111328 0.738281 0.105469 0.736328 0.103516 0.738281 0.083984 0.738281 0.078125 0.744141 0.078125 0.781250 0.080078 0.783203 0.080078 0.800781 0.083984 0.810547 0.109375 0.810547 0.111328 0.808594 0.121094 0.808594 0.126953 0.806641 0.132812 0.798828 0.136719 0.802734 0.140625 0.800781 0.142578 0.787109 0.140625 0.785156 0.140625 0.742188
2 0.042969 0.742188 0.023438 0.742188 0.019531 0.748047 0.019531 0.787109 0.021484 0.789062 0.021484 0.808594 0.025391 0.812500 0.031250 0.812500 0.033203 0.810547 0.041016 0.810547 0.044922 0.806641 0.044922 0.802734 0.046875 0.800781 0.046875 0.746094
2 0.884766 0.759766 0.882812 0.792969 0.886719 0.796875 0.912109 0.802734 0.912109 0.812500 0.925781 0.814453 0.937500 0.824219 0.951172 0.828125 0.953125 0.837891 0.958984 0.843750 0.986328 0.845703 0.990234 0.841797 0.998047 0.816406 0.998047 0.746094 0.962891 0.744141 0.953125 0.746094 0.949219 0.755859 0.894531 0.751953
2 0.068359 0.933594 0.068359 0.951172 0.083984 0.957031 0.212891 0.968750 0.384766 0.970703 0.507812 0.957031 0.501953 0.916016 0.472656 0.912109 0.230469 0.917969 0.222656 0.908203 0.107422 0.912109 0.093750 0.937500 0.076172 0.929688
2 0.876953 0.976562 0.876953 0.986328 0.884766 0.994141 0.896484 0.994141 0.898438 0.996094 0.904297 0.994141 0.912109 0.998047 0.996094 0.998047 0.994141 0.992188 0.996094 0.972656 0.988281 0.962891 0.955078 0.960938 0.941406 0.957031 0.919922 0.957031 0.917969 0.958984 0.906250 0.958984 0.892578 0.964844 0.884766 0.964844 0.878906 0.970703
5 0.998047 0.052734 0.861328 0.695312 0.000000 0.728516 0.855469 0.712891 0.820312 0.982422 0.843750 0.998047
