0 0.681641 0.277344 0.681641 0.279297 0.683594 0.281250 0.683594 0.289062 0.681641 0.291016 0.681641 0.292969 0.683594 0.294922 0.685547 0.292969 0.685547 0.289062 0.687500 0.287109 0.685547 0.285156 0.685547 0.281250
0 0.828125 0.300781 0.822266 0.308594 0.832031 0.343750 0.828125 0.455078 0.855469 0.460938 0.908203 0.455078 0.921875 0.464844 0.916016 0.468750 0.919922 0.472656 0.949219 0.474609 0.966797 0.488281 0.955078 0.515625 0.958984 0.521484 0.998047 0.525391 0.998047 0.451172 0.982422 0.451172 0.986328 0.443359 0.998047 0.445312 0.998047 0.292969 0.912109 0.287109 0.857422 0.291016
0 0.058594 0.542969 0.048828 0.550781 0.044922 0.591797 0.082031 0.744141 0.074219 0.765625 0.056641 0.765625 0.136719 0.847656 0.154297 0.892578 0.152344 0.904297 0.125000 0.900391 0.085938 0.923828 0.109375 0.955078 0.134766 0.957031 0.167969 0.943359 0.183594 0.998047 0.222656 0.998047 0.193359 0.945312 0.142578 0.773438 0.103516 0.707031
0 0.357422 0.601562 0.380859 0.763672 0.402344 0.826172 0.419922 0.998047 0.560547 0.998047 0.585938 0.941406 0.578125 0.912109 0.597656 0.884766 0.599609 0.835938 0.574219 0.802734 0.578125 0.781250 0.599609 0.779297 0.601562 0.765625 0.599609 0.677734 0.578125 0.599609 0.458984 0.576172 0.460938 0.583984 0.482422 0.583984 0.492188 0.601562 0.474609 0.617188 0.439453 0.617188 0.435547 0.593750
0 0.451172 0.580078 0.449219 0.580078 0.447266 0.582031 0.443359 0.582031 0.441406 0.583984 0.447266 0.583984 0.449219 0.585938 0.451172 0.585938
0 0.283203 0.582031 0.263672 0.582031 0.250000 0.587891 0.250000 0.611328 0.253906 0.625000 0.253906 0.644531 0.242188 0.656250 0.240234 0.664062 0.242188 0.669922 0.259766 0.685547 0.273438 0.685547 0.283203 0.679688 0.292969 0.677734 0.294922 0.662109 0.304688 0.650391 0.304688 0.640625 0.300781 0.636719 0.294922 0.621094 0.294922 0.603516 0.289062 0.587891
0 0.472656 0.589844 0.472656 0.591797 0.474609 0.591797 0.474609 0.589844
0 0.191406 0.644531 0.191406 0.658203 0.193359 0.660156 0.193359 0.664062 0.197266 0.669922 0.203125 0.669922 0.205078 0.671875 0.207031 0.671875 0.210938 0.667969 0.214844 0.667969 0.216797 0.666016 0.218750 0.667969 0.220703 0.666016 0.228516 0.666016 0.230469 0.664062 0.230469 0.656250 0.224609 0.650391 0.224609 0.648438 0.222656 0.648438 0.218750 0.644531 0.212891 0.644531 0.210938 0.642578 0.208984 0.642578 0.207031 0.640625 0.203125 0.640625 0.201172 0.638672 0.195312 0.640625
0 0.310547 0.755859 0.302734 0.765625 0.302734 0.769531 0.300781 0.771484 0.300781 0.785156 0.302734 0.787109 0.304688 0.792969 0.306641 0.794922 0.308594 0.794922 0.310547 0.796875 0.314453 0.796875 0.316406 0.798828 0.326172 0.798828 0.328125 0.796875 0.333984 0.796875 0.335938 0.794922 0.339844 0.794922 0.341797 0.792969 0.341797 0.789062 0.343750 0.787109 0.343750 0.769531 0.341797 0.767578 0.341797 0.763672 0.339844 0.761719 0.337891 0.761719 0.333984 0.757812 0.332031 0.757812 0.330078 0.755859 0.326172 0.755859 0.324219 0.753906 0.314453 0.753906 0.312500 0.755859
0 0.787109 0.828125 0.746094 0.826172 0.716797 0.837891 0.693359 0.835938 0.679688 0.857422 0.662109 0.863281 0.625000 0.902344 0.607422 0.953125 0.609375 0.996094 0.806641 0.998047 0.806641 0.988281 0.816406 0.978516 0.822266 0.927734 0.818359 0.892578 0.804688 0.875000 0.806641 0.843750
0 0.289062 0.896484 0.285156 0.900391 0.281250 0.908203 0.281250 0.912109 0.279297 0.914062 0.279297 0.923828 0.289062 0.941406 0.294922 0.947266 0.298828 0.947266 0.300781 0.949219 0.322266 0.949219 0.324219 0.947266 0.330078 0.947266 0.330078 0.943359 0.337891 0.935547 0.339844 0.931641 0.339844 0.927734 0.337891 0.925781 0.337891 0.916016 0.330078 0.906250 0.330078 0.900391 0.320312 0.894531 0.310547 0.894531 0.308594 0.892578 0.300781 0.892578 0.298828 0.894531 0.292969 0.894531
1 0.306641 0.601562 0.304688 0.603516 0.304688 0.607422 0.306641 0.609375 0.306641 0.621094 0.308594 0.623047 0.306641 0.660156 0.308594 0.662109 0.308594 0.671875 0.310547 0.675781 0.328125 0.675781 0.330078 0.673828 0.355469 0.671875 0.357422 0.669922 0.357422 0.644531 0.355469 0.642578 0.353516 0.630859 0.345703 0.617188 0.345703 0.611328 0.341797 0.601562 0.339844 0.599609
2 0.488281 0.117188 0.486328 0.119141 0.492188 0.126953 0.492188 0.130859 0.494141 0.132812 0.494141 0.152344 0.492188 0.154297 0.494141 0.175781 0.496094 0.177734 0.503906 0.177734 0.505859 0.179688 0.537109 0.179688 0.541016 0.175781 0.541016 0.171875 0.539062 0.169922 0.539062 0.164062 0.535156 0.156250 0.535156 0.136719 0.533203 0.134766 0.531250 0.117188 0.529297 0.115234 0.496094 0.115234 0.494141 0.117188
2 0.597656 0.128906 0.597656 0.167969 0.599609 0.173828 0.605469 0.173828 0.607422 0.171875 0.609375 0.173828 0.654297 0.173828 0.656250 0.171875 0.656250 0.132812 0.652344 0.126953 0.642578 0.126953 0.638672 0.128906 0.632812 0.121094 0.632812 0.115234 0.630859 0.113281 0.623047 0.113281 0.621094 0.115234 0.626953 0.115234 0.632812 0.119141 0.632812 0.123047 0.628906 0.126953 0.626953 0.125000 0.613281 0.125000 0.611328 0.126953 0.601562 0.126953
2 0.181641 0.130859 0.173828 0.130859 0.171875 0.132812 0.146484 0.132812 0.144531 0.134766 0.142578 0.134766 0.138672 0.140625 0.138672 0.148438 0.140625 0.150391 0.140625 0.166016 0.142578 0.167969 0.179688 0.167969 0.183594 0.164062 0.183594 0.134766 0.181641 0.132812
2 0.072266 0.208984 0.064453 0.208984 0.062500 0.210938 0.054688 0.210938 0.052734 0.212891 0.027344 0.212891 0.019531 0.216797 0.017578 0.220703 0.017578 0.236328 0.019531 0.238281 0.019531 0.246094 0.021484 0.248047 0.021484 0.257812 0.025391 0.261719 0.044922 0.261719 0.046875 0.259766 0.058594 0.259766 0.060547 0.257812 0.070312 0.257812 0.074219 0.255859 0.074219 0.251953 0.078125 0.244141 0.078125 0.238281 0.076172 0.236328 0.076172 0.214844
2 0.162109 0.232422 0.164062 0.236328 0.171875 0.240234 0.171875 0.261719 0.179688 0.263672 0.208984 0.263672 0.248047 0.255859 0.269531 0.257812 0.275391 0.253906 0.285156 0.257812 0.285156 0.253906 0.281250 0.251953 0.285156 0.248047 0.283203 0.234375 0.273438 0.236328 0.265625 0.232422 0.261719 0.236328 0.255859 0.236328 0.251953 0.232422 0.251953 0.226562 0.248047 0.228516 0.216797 0.216797 0.212891 0.218750 0.208984 0.214844 0.210938 0.212891 0.208984 0.208984 0.201172 0.207031 0.173828 0.208984 0.164062 0.224609 0.166016 0.232422 0.164062 0.234375
2 0.841797 0.242188 0.839844 0.279297 0.845703 0.285156 0.867188 0.287109 0.869141 0.285156 0.896484 0.285156 0.898438 0.283203 0.919922 0.283203 0.921875 0.281250 0.939453 0.281250 0.941406 0.279297 0.941406 0.267578 0.939453 0.265625 0.941406 0.242188 0.939453 0.240234 0.912109 0.240234 0.910156 0.242188 0.890625 0.242188 0.888672 0.244141 0.859375 0.244141 0.849609 0.240234
2 0.814453 0.414062 0.810547 0.412109 0.781250 0.414062 0.771484 0.429688 0.761719 0.427734 0.753906 0.419922 0.753906 0.416016 0.744141 0.414062 0.740234 0.455078 0.734375 0.482422 0.736328 0.488281 0.744141 0.492188 0.746094 0.490234 0.750000 0.494141 0.748047 0.498047 0.751953 0.509766 0.791016 0.515625 0.800781 0.513672 0.800781 0.496094 0.808594 0.488281 0.812500 0.464844
2 0.613281 0.525391 0.603516 0.533203 0.601562 0.542969 0.603516 0.583984 0.615234 0.603516 0.613281 0.617188 0.617188 0.625000 0.617188 0.638672 0.613281 0.652344 0.625000 0.677734 0.652344 0.679688 0.658203 0.685547 0.669922 0.685547 0.677734 0.679688 0.677734 0.673828 0.685547 0.669922 0.687500 0.642578 0.693359 0.634766 0.693359 0.605469 0.687500 0.591797 0.691406 0.583984 0.687500 0.578125 0.687500 0.556641 0.683594 0.544922 0.685547 0.531250 0.671875 0.527344
2 0.738281 0.527344 0.728516 0.533203 0.732422 0.626953 0.726562 0.660156 0.730469 0.669922 0.750000 0.671875 0.728516 0.677734 0.728516 0.718750 0.738281 0.746094 0.792969 0.755859 0.763672 0.757812 0.742188 0.777344 0.746094 0.794922 0.796875 0.814453 0.812500 0.802734 0.824219 0.765625 0.791016 0.757812 0.810547 0.757812 0.814453 0.748047 0.810547 0.714844 0.798828 0.699219 0.800781 0.679688 0.791016 0.671875 0.748047 0.669922 0.775391 0.662109 0.794922 0.666016 0.802734 0.535156 0.796875 0.525391
2 0.912109 0.550781 0.910156 0.570312 0.914062 0.572266 0.939453 0.574219 0.941406 0.576172 0.958984 0.576172 0.960938 0.578125 0.978516 0.578125 0.986328 0.585938 0.986328 0.589844 0.994141 0.589844 0.994141 0.580078 0.998047 0.570312 0.998047 0.529297 0.937500 0.525391 0.933594 0.531250 0.931641 0.542969 0.917969 0.552734
2 0.835938 0.646484 0.835938 0.703125 0.857422 0.712891 0.888672 0.716797 0.896484 0.722656 0.902344 0.722656 0.904297 0.716797 0.902344 0.701172 0.906250 0.691406 0.941406 0.691406 0.966797 0.677734 0.998047 0.681641 0.998047 0.640625 0.921875 0.636719 0.890625 0.630859 0.886719 0.634766 0.869141 0.632812
2 0.824219 0.646484 0.826172 0.646484 0.828125 0.644531 0.824219 0.644531
2 0.824219 0.658203 0.822266 0.658203 0.822266 0.662109 0.822266 0.660156
2 0.822266 0.667969 0.820312 0.669922 0.822266 0.669922
2 0.820312 0.675781 0.820312 0.677734 0.822266 0.677734 0.822266 0.675781
2 0.818359 0.683594 0.818359 0.693359 0.822266 0.693359 0.822266 0.689453 0.820312 0.687500 0.822266 0.685547 0.820312 0.683594
2 0.615234 0.701172 0.613281 0.705078 0.613281 0.732422 0.617188 0.738281 0.628906 0.738281 0.630859 0.740234 0.646484 0.740234 0.648438 0.742188 0.664062 0.742188 0.669922 0.738281 0.669922 0.720703 0.667969 0.716797 0.662109 0.714844 0.654297 0.707031 0.652344 0.703125 0.648438 0.701172
2 0.818359 0.699219 0.820312 0.701172 0.820312 0.703125 0.830078 0.703125 0.824219 0.703125 0.822266 0.701172 0.822266 0.699219
2 0.658203 0.765625 0.654297 0.761719 0.652344 0.761719 0.650391 0.763672 0.617188 0.763672 0.615234 0.765625 0.615234 0.798828 0.621094 0.802734 0.636719 0.802734 0.638672 0.800781 0.652344 0.800781 0.654297 0.798828 0.660156 0.798828 0.662109 0.796875 0.662109 0.789062 0.660156 0.787109 0.660156 0.781250 0.658203 0.779297
2 0.843750 0.875000 0.837891 0.878906 0.837891 0.882812 0.833984 0.888672 0.833984 0.906250 0.826172 0.916016 0.828125 0.917969 0.826172 0.939453 0.832031 0.943359 0.841797 0.943359 0.857422 0.951172 0.865234 0.951172 0.867188 0.953125 0.884766 0.945312 0.888672 0.941406 0.890625 0.935547 0.888672 0.894531 0.876953 0.884766 0.857422 0.875000
3 0.310547 0.064453 0.328125 0.070312 0.470703 0.056641 0.488281 0.064453 0.552734 0.072266 0.578125 0.056641 0.640625 0.050781 0.650391 0.033203 0.650391 0.000000 0.310547 0.000000
3 0.673828 0.003906 0.675781 0.126953 0.691406 0.152344 0.738281 0.148438 0.744141 0.138672 0.806641 0.138672 0.816406 0.164062 0.824219 0.142578 0.835938 0.148438 0.843750 0.138672 0.845703 0.109375 0.849609 0.195312 0.867188 0.236328 0.960938 0.224609 0.990234 0.236328 0.998047 0.228516 0.998047 0.000000 0.871094 0.001953 0.841797 0.039062 0.835938 0.003906 0.822266 0.000000
3 0.853516 0.003906 0.853516 0.005859 0.857422 0.005859 0.857422 0.003906
3 0.457031 0.082031 0.402344 0.080078 0.318359 0.091797 0.332031 0.117188 0.328125 0.214844 0.337891 0.234375 0.355469 0.236328 0.390625 0.226562 0.427734 0.226562 0.441406 0.218750 0.472656 0.212891 0.470703 0.189453 0.478516 0.179688 0.488281 0.177734 0.486328 0.156250 0.474609 0.152344 0.478516 0.119141 0.470703 0.123047 0.457031 0.113281 0.453125 0.093750
3 0.769531 0.148438 0.769531 0.150391 0.771484 0.150391 0.771484 0.148438
3 0.777344 0.148438 0.779297 0.150391 0.781250 0.148438 0.783203 0.150391 0.787109 0.150391 0.787109 0.148438
3 0.601562 0.218750 0.587891 0.210938 0.445312 0.222656 0.431641 0.230469 0.347656 0.242188 0.339844 0.259766 0.318359 0.275391 0.318359 0.287109 0.333984 0.332031 0.345703 0.345703 0.451172 0.357422 0.574219 0.351562 0.595703 0.345703 0.605469 0.335938
3 0.673828 0.212891 0.640625 0.214844 0.632812 0.230469 0.630859 0.431641 0.623047 0.498047 0.626953 0.515625 0.640625 0.521484 0.683594 0.515625 0.695312 0.470703 0.683594 0.443359 0.683594 0.414062 0.703125 0.410156 0.714844 0.376953 0.707031 0.287109 0.695312 0.285156 0.687500 0.308594 0.679688 0.308594 0.679688 0.251953 0.664062 0.228516 0.667969 0.216797 0.679688 0.214844
3 0.687500 0.253906 0.689453 0.261719 0.701172 0.263672 0.707031 0.267578 0.701172 0.269531 0.714844 0.271484 0.728516 0.281250 0.738281 0.279297 0.792969 0.281250 0.804688 0.277344 0.814453 0.279297 0.818359 0.277344 0.822266 0.265625 0.822266 0.250000 0.818359 0.238281 0.812500 0.236328 0.810547 0.240234 0.794922 0.232422 0.775391 0.232422 0.773438 0.228516 0.767578 0.228516 0.763672 0.236328 0.757812 0.236328 0.753906 0.230469 0.738281 0.230469 0.728516 0.226562 0.716797 0.228516 0.708984 0.236328 0.695312 0.238281
3 0.207031 0.675781 0.193359 0.667969 0.189453 0.658203 0.189453 0.646484 0.183594 0.650391 0.175781 0.650391 0.173828 0.652344 0.154297 0.652344 0.152344 0.654297 0.142578 0.654297 0.130859 0.660156 0.103516 0.662109 0.099609 0.669922 0.103516 0.699219 0.107422 0.708984 0.113281 0.714844 0.126953 0.708984 0.134766 0.708984 0.150391 0.697266 0.207031 0.681641
3 0.394531 0.818359 0.388672 0.804688 0.375000 0.792969 0.378906 0.783203 0.373047 0.765625 0.347656 0.765625 0.341797 0.761719 0.345703 0.787109 0.339844 0.796875 0.326172 0.800781 0.306641 0.796875 0.298828 0.785156 0.300781 0.765625 0.296875 0.781250 0.287109 0.791016 0.265625 0.802734 0.230469 0.810547 0.201172 0.830078 0.214844 0.833984 0.226562 0.847656 0.234375 0.875000 0.248047 0.875000 0.312500 0.853516 0.349609 0.853516 0.369141 0.837891 0.394531 0.833984
4 0.007812 0.003906 0.009766 0.005859 0.009766 0.001953 0.011719 0.000000 0.013672 0.001953 0.015625 0.001953 0.017578 0.003906 0.019531 0.003906 0.021484 0.001953 0.021484 0.000000 0.011719 0.000000
4 0.279297 0.011719 0.273438 0.000000 0.156250 0.000000 0.154297 0.027344 0.126953 0.042969 0.029297 0.039062 0.017578 0.029297 0.017578 0.017578 0.009766 0.015625 0.015625 0.025391 0.009766 0.029297 0.007812 0.121094 0.037109 0.126953 0.125000 0.113281 0.138672 0.103516 0.183594 0.101562 0.197266 0.060547 0.220703 0.089844 0.265625 0.089844 0.289062 0.074219
4 0.187500 0.281250 0.187500 0.304688 0.201172 0.335938 0.208984 0.421875 0.250000 0.582031 0.285156 0.580078 0.304688 0.595703 0.335938 0.591797 0.335938 0.529297 0.291016 0.298828 0.291016 0.271484 0.269531 0.263672 0.240234 0.263672
4 0.167969 0.271484 0.062500 0.279297 0.035156 0.289062 0.019531 0.316406 0.046875 0.478516 0.083984 0.630859 0.099609 0.658203 0.167969 0.648438 0.193359 0.634766 0.236328 0.638672 0.244141 0.628906 0.244141 0.583984 0.175781 0.277344
4 0.406250 0.367188 0.408203 0.437500 0.462891 0.425781 0.515625 0.427734 0.527344 0.435547 0.525391 0.478516 0.515625 0.511719 0.515625 0.556641 0.529297 0.564453 0.542969 0.562500 0.546875 0.517578 0.562500 0.496094 0.591797 0.494141 0.589844 0.455078 0.599609 0.431641 0.599609 0.361328 0.542969 0.357422
4 0.041016 0.562500 0.000000 0.566406 0.000000 0.765625 0.035156 0.759766 0.048828 0.750000 0.076172 0.744141 0.078125 0.740234 0.076172 0.712891 0.066406 0.683594 0.054688 0.666016 0.058594 0.650391 0.054688 0.628906 0.041016 0.603516
4 0.359375 0.679688 0.333984 0.677734 0.271484 0.691406 0.214844 0.695312 0.119141 0.720703 0.119141 0.738281 0.146484 0.769531 0.160156 0.828125 0.173828 0.832031 0.236328 0.804688 0.269531 0.796875 0.291016 0.785156 0.296875 0.767578 0.318359 0.750000 0.347656 0.763672 0.369141 0.759766 0.373047 0.740234
4 0.001953 0.785156 0.000000 0.998047 0.167969 0.996094 0.173828 0.990234 0.173828 0.970703 0.166016 0.951172 0.138672 0.960938 0.109375 0.958984 0.083984 0.925781 0.089844 0.912109 0.146484 0.894531 0.134766 0.849609 0.105469 0.824219 0.093750 0.804688 0.068359 0.800781 0.052734 0.769531 0.041016 0.765625
4 0.388672 0.839844 0.376953 0.837891 0.349609 0.855469 0.308594 0.857422 0.253906 0.876953 0.234375 0.876953 0.222656 0.847656 0.179688 0.863281 0.175781 0.876953 0.195312 0.941406 0.214844 0.968750 0.224609 0.996094 0.412109 0.998047 0.404297 0.931641 0.384766 0.906250
5 0.701172 0.492188 0.691406 0.595703 0.705078 0.802734 0.609375 0.880859 0.560547 0.996094 0.609375 0.998047 0.605469 0.953125 0.628906 0.894531 0.693359 0.833984 0.792969 0.828125 0.996094 0.957031 0.994141 0.935547 0.878906 0.855469 0.763672 0.806641 0.724609 0.804688 0.718750 0.501953
