0 0.000000 0.000000 0.003906 0.281250 0.103516 0.287109 0.148438 0.246094 0.607422 0.158203 0.642578 0.162109 0.691406 0.236328 0.753906 0.214844 0.787109 0.158203 0.998047 0.167969 0.998047 0.000000
0 0.998047 0.640625 0.917969 0.642578 0.902344 0.560547 0.871094 0.556641 0.867188 0.593750 0.898438 0.628906 0.876953 0.660156 0.337891 0.769531 0.359375 0.832031 0.343750 0.859375 0.365234 0.888672 0.345703 0.980469 0.371094 0.992188 0.365234 0.937500 0.394531 0.998047 0.570312 0.998047 0.625000 0.974609 0.998047 0.933594
0 0.875000 0.601562 0.875000 0.603516 0.876953 0.603516 0.876953 0.601562
0 0.890625 0.632812 0.890625 0.634766 0.892578 0.634766 0.892578 0.632812
0 0.261719 0.851562 0.259766 0.849609 0.255859 0.849609 0.253906 0.847656 0.244141 0.847656 0.242188 0.849609 0.236328 0.849609 0.234375 0.851562 0.224609 0.851562 0.220703 0.857422 0.220703 0.867188 0.240234 0.867188 0.242188 0.869141 0.255859 0.869141 0.257812 0.867188 0.261719 0.867188
0 0.341797 0.998047 0.335938 0.980469 0.337891 0.923828 0.326172 0.912109 0.242188 0.908203 0.195312 0.917969 0.093750 0.923828 0.087891 0.916016 0.066406 0.912109 0.060547 0.916016 0.060547 0.937500 0.044922 0.935547 0.044922 0.925781 0.033203 0.921875 0.007812 0.923828 0.000000 0.931641 0.000000 0.960938 0.074219 0.945312 0.093750 0.951172 0.103516 0.966797 0.103516 0.998047
0 0.371094 0.945312 0.371094 0.951172 0.373047 0.951172 0.373047 0.945312
2 0.912109 0.214844 0.796875 0.226562 0.804688 0.285156 0.839844 0.287109 0.849609 0.273438 0.888672 0.283203 0.880859 0.287109 0.886719 0.294922 0.871094 0.294922 0.863281 0.306641 0.847656 0.298828 0.843750 0.318359 0.818359 0.318359 0.810547 0.347656 0.798828 0.349609 0.814453 0.371094 0.828125 0.355469 0.826172 0.386719 0.841797 0.419922 0.853516 0.492188 0.867188 0.501953 0.998047 0.468750 0.998047 0.294922 0.906250 0.302734 0.886719 0.281250 0.917969 0.261719
2 0.851562 0.285156 0.853516 0.287109 0.857422 0.287109 0.859375 0.285156 0.863281 0.285156 0.865234 0.283203 0.859375 0.283203 0.857422 0.281250 0.853516 0.281250 0.851562 0.283203
2 0.871094 0.285156 0.871094 0.287109 0.873047 0.287109 0.873047 0.285156
2 0.912109 0.550781 0.908203 0.556641 0.908203 0.572266 0.910156 0.574219 0.910156 0.580078 0.917969 0.589844 0.917969 0.593750 0.919922 0.595703 0.919922 0.599609 0.921875 0.603516 0.945312 0.603516 0.947266 0.601562 0.955078 0.601562 0.955078 0.583984 0.947266 0.568359 0.947266 0.564453 0.945312 0.562500 0.945312 0.552734 0.941406 0.546875 0.925781 0.546875 0.923828 0.548828 0.916016 0.548828
2 0.966797 0.570312 0.962891 0.576172 0.962891 0.601562 0.964844 0.603516 0.998047 0.603516 0.998047 0.562500 0.978516 0.562500 0.970703 0.570312
