0 0.285156 0.132812 0.285156 0.144531 0.298828 0.166016 0.302734 0.177734 0.324219 0.183594 0.373047 0.181641 0.380859 0.185547 0.388672 0.185547 0.406250 0.175781 0.404297 0.154297 0.396484 0.150391 0.382812 0.132812 0.361328 0.125000 0.353516 0.113281 0.343750 0.105469 0.332031 0.103516 0.308594 0.107422 0.296875 0.117188
0 0.148438 0.134766 0.148438 0.144531 0.150391 0.148438 0.162109 0.160156 0.166016 0.160156 0.167969 0.162109 0.185547 0.162109 0.187500 0.160156 0.193359 0.160156 0.195312 0.158203 0.199219 0.158203 0.207031 0.152344 0.207031 0.136719 0.205078 0.134766 0.205078 0.130859 0.201172 0.130859 0.197266 0.126953 0.197266 0.125000 0.181641 0.117188 0.177734 0.117188 0.175781 0.115234 0.166016 0.115234 0.162109 0.117188 0.158203 0.125000
0 0.845703 0.210938 0.841797 0.214844 0.837891 0.224609 0.835938 0.240234 0.833984 0.242188 0.833984 0.253906 0.839844 0.265625 0.849609 0.275391 0.851562 0.285156 0.857422 0.289062 0.867188 0.291016 0.876953 0.283203 0.888672 0.283203 0.890625 0.285156 0.900391 0.283203 0.904297 0.275391 0.912109 0.267578 0.917969 0.265625 0.917969 0.261719 0.910156 0.253906 0.906250 0.246094 0.888672 0.232422 0.882812 0.220703 0.869141 0.207031 0.855469 0.207031
0 0.482422 0.218750 0.378906 0.296875 0.388672 0.310547 0.408203 0.285156 0.433594 0.294922 0.410156 0.308594 0.458984 0.312500 0.482422 0.357422 0.455078 0.494141 0.486328 0.546875 0.453125 0.570312 0.460938 0.703125 0.443359 0.750000 0.443359 0.957031 0.460938 0.976562 0.482422 0.972656 0.496094 0.931641 0.488281 0.720703 0.531250 0.515625 0.523438 0.447266 0.533203 0.289062 0.546875 0.259766 0.521484 0.226562
0 0.839844 0.291016 0.828125 0.296875 0.818359 0.310547 0.818359 0.326172 0.810547 0.349609 0.814453 0.357422 0.832031 0.373047 0.832031 0.390625 0.828125 0.400391 0.822266 0.406250 0.812500 0.408203 0.810547 0.414062 0.812500 0.419922 0.837891 0.441406 0.861328 0.441406 0.867188 0.427734 0.875000 0.419922 0.894531 0.421875 0.900391 0.417969 0.902344 0.396484 0.908203 0.380859 0.910156 0.335938 0.890625 0.320312 0.888672 0.308594 0.882812 0.302734 0.853516 0.291016
0 0.962891 0.304688 0.958984 0.308594 0.958984 0.310547 0.957031 0.312500 0.957031 0.324219 0.958984 0.326172 0.958984 0.330078 0.960938 0.332031 0.960938 0.335938 0.962891 0.337891 0.962891 0.339844 0.966797 0.343750 0.990234 0.343750 0.992188 0.341797 0.992188 0.339844 0.998047 0.333984 0.998047 0.314453 0.996094 0.312500 0.996094 0.310547 0.986328 0.304688
0 0.378906 0.320312 0.367188 0.343750 0.367188 0.363281 0.371094 0.369141 0.373047 0.380859 0.378906 0.388672 0.404297 0.402344 0.423828 0.402344 0.433594 0.398438 0.441406 0.398438 0.453125 0.394531 0.460938 0.388672 0.462891 0.361328 0.457031 0.353516 0.451172 0.337891 0.439453 0.326172 0.441406 0.322266 0.439453 0.318359 0.433594 0.316406 0.417969 0.318359 0.408203 0.314453 0.396484 0.316406 0.390625 0.314453
0 0.445312 0.318359 0.445312 0.322266 0.447266 0.322266 0.447266 0.318359
0 0.455078 0.318359 0.453125 0.320312 0.453125 0.322266 0.455078 0.322266 0.457031 0.320312 0.460938 0.324219 0.460938 0.326172 0.460938 0.320312 0.458984 0.320312 0.457031 0.318359
0 0.230469 0.435547 0.224609 0.443359 0.222656 0.458984 0.226562 0.462891 0.226562 0.470703 0.244141 0.488281 0.246094 0.503906 0.240234 0.519531 0.244141 0.529297 0.253906 0.533203 0.267578 0.550781 0.277344 0.552734 0.302734 0.548828 0.318359 0.529297 0.320312 0.484375 0.318359 0.462891 0.310547 0.458984 0.298828 0.445312 0.271484 0.439453 0.255859 0.431641 0.251953 0.433594 0.240234 0.431641
0 0.884766 0.556641 0.873047 0.583984 0.875000 0.630859 0.910156 0.654297 0.933594 0.650391 0.945312 0.636719 0.958984 0.630859 0.968750 0.638672 0.974609 0.660156 0.998047 0.675781 0.998047 0.585938 0.982422 0.578125 0.958984 0.574219 0.939453 0.552734 0.933594 0.552734 0.921875 0.542969 0.910156 0.542969 0.904297 0.550781
0 0.271484 0.589844 0.265625 0.595703 0.263672 0.609375 0.257812 0.621094 0.257812 0.626953 0.259766 0.628906 0.261719 0.640625 0.273438 0.658203 0.279297 0.658203 0.281250 0.660156 0.292969 0.660156 0.294922 0.658203 0.298828 0.658203 0.310547 0.648438 0.310547 0.634766 0.314453 0.625000 0.314453 0.607422 0.312500 0.605469 0.312500 0.601562 0.304688 0.593750 0.300781 0.593750 0.298828 0.591797 0.292969 0.591797 0.291016 0.589844
0 0.123047 0.705078 0.089844 0.697266 0.068359 0.697266 0.046875 0.705078 0.046875 0.730469 0.033203 0.753906 0.021484 0.787109 0.025391 0.820312 0.013672 0.845703 0.015625 0.859375 0.027344 0.871094 0.033203 0.888672 0.050781 0.890625 0.091797 0.882812 0.123047 0.857422 0.125000 0.828125 0.132812 0.816406 0.130859 0.781250 0.125000 0.779297 0.125000 0.767578 0.128906 0.765625 0.125000 0.763672
0 0.130859 0.740234 0.128906 0.740234 0.128906 0.751953 0.130859 0.750000
2 0.050781 0.402344 0.025391 0.402344 0.015625 0.406250 0.000000 0.406250 0.000000 0.480469 0.041016 0.480469 0.042969 0.478516 0.042969 0.458984 0.044922 0.457031 0.044922 0.445312 0.046875 0.443359 0.046875 0.423828 0.052734 0.406250
2 0.109375 0.474609 0.101562 0.474609 0.099609 0.476562 0.091797 0.476562 0.085938 0.480469 0.070312 0.480469 0.070312 0.482422 0.068359 0.484375 0.068359 0.488281 0.070312 0.490234 0.070312 0.503906 0.072266 0.505859 0.072266 0.513672 0.074219 0.515625 0.093750 0.515625 0.095703 0.513672 0.105469 0.513672 0.107422 0.511719 0.113281 0.511719 0.119141 0.507812 0.119141 0.505859 0.117188 0.503906 0.117188 0.492188 0.115234 0.490234 0.113281 0.480469
2 0.410156 0.636719 0.396484 0.671875 0.396484 0.677734 0.390625 0.691406 0.388672 0.703125 0.392578 0.707031 0.400391 0.707031 0.402344 0.708984 0.408203 0.708984 0.410156 0.710938 0.416016 0.710938 0.425781 0.714844 0.433594 0.714844 0.439453 0.707031 0.439453 0.699219 0.441406 0.697266 0.443359 0.683594 0.447266 0.675781 0.449219 0.660156 0.453125 0.652344 0.451172 0.648438 0.441406 0.646484 0.435547 0.640625 0.429688 0.640625 0.423828 0.636719
2 0.101562 0.890625 0.099609 0.892578 0.099609 0.894531 0.097656 0.896484 0.097656 0.900391 0.095703 0.902344 0.095703 0.919922 0.097656 0.921875 0.097656 0.925781 0.099609 0.927734 0.109375 0.929688 0.115234 0.933594 0.123047 0.933594 0.125000 0.935547 0.130859 0.935547 0.132812 0.933594 0.132812 0.919922 0.134766 0.917969 0.134766 0.914062 0.132812 0.912109 0.132812 0.906250 0.134766 0.904297 0.134766 0.896484 0.130859 0.892578 0.113281 0.892578 0.111328 0.890625
2 0.980469 0.935547 0.980469 0.966797 0.984375 0.970703 0.992188 0.970703 0.994141 0.972656 0.998047 0.972656 0.998047 0.935547
4 0.011719 0.001953 0.033203 0.009766 0.025391 0.039062 0.015625 0.027344 0.015625 0.185547 0.029297 0.189453 0.031250 0.210938 0.019531 0.214844 0.015625 0.199219 0.015625 0.226562 0.000000 0.216797 0.013672 0.238281 0.044922 0.232422 0.046875 0.248047 0.099609 0.248047 0.105469 0.263672 0.130859 0.234375 0.185547 0.238281 0.191406 0.169922 0.201172 0.173828 0.205078 0.218750 0.248047 0.234375 0.292969 0.220703 0.300781 0.183594 0.281250 0.134766 0.296875 0.107422 0.287109 0.089844 0.267578 0.085938 0.353516 0.064453 0.326172 0.000000
4 0.367188 0.003906 0.375000 0.072266 0.410156 0.146484 0.449219 0.152344 0.578125 0.148438 0.595703 0.130859 0.644531 0.140625 0.677734 0.166016 0.699219 0.166016 0.707031 0.000000 0.599609 0.000000 0.582031 0.009766 0.548828 0.000000 0.546875 0.017578 0.537109 0.013672 0.542969 0.000000
4 0.714844 0.000000 0.716797 0.123047 0.720703 0.128906 0.716797 0.138672 0.726562 0.140625 0.726562 0.152344 0.753906 0.154297 0.757812 0.158203 0.751953 0.162109 0.775391 0.162109 0.787109 0.140625 0.789062 0.078125 0.792969 0.076172 0.789062 0.072266 0.789062 0.023438 0.792969 0.013672 0.789062 0.007812 0.794922 0.003906 0.789062 0.000000
4 0.015625 0.015625 0.015625 0.019531 0.017578 0.021484 0.017578 0.015625
4 0.005859 0.136719 0.003906 0.138672 0.005859 0.138672
4 0.609375 0.207031 0.611328 0.208984 0.613281 0.208984 0.613281 0.207031
4 0.574219 0.228516 0.574219 0.267578 0.558594 0.250000 0.539062 0.296875 0.533203 0.626953 0.568359 0.632812 0.572266 0.609375 0.591797 0.634766 0.546875 0.664062 0.503906 0.792969 0.500000 0.988281 0.658203 0.998047 0.802734 0.949219 0.787109 0.857422 0.812500 0.683594 0.783203 0.636719 0.812500 0.621094 0.800781 0.525391 0.820312 0.503906 0.800781 0.476562 0.816406 0.449219 0.791016 0.468750 0.769531 0.445312 0.789062 0.412109 0.818359 0.441406 0.812500 0.300781 0.654297 0.238281 0.634766 0.285156 0.632812 0.234375
4 0.031250 0.250000 0.033203 0.250000 0.035156 0.248047 0.039062 0.248047 0.041016 0.246094 0.031250 0.246094
4 0.142578 0.246094 0.140625 0.246094 0.140625 0.248047
4 0.089844 0.253906 0.091797 0.255859 0.093750 0.253906
4 0.761719 0.603516 0.761719 0.607422 0.763672 0.607422 0.763672 0.603516
4 0.789062 0.964844 0.789062 0.968750 0.792969 0.968750 0.791016 0.966797 0.791016 0.964844
4 0.775391 0.974609 0.773438 0.976562 0.771484 0.976562 0.771484 0.978516 0.773438 0.980469 0.773438 0.982422 0.775391 0.980469
6 0.945312 0.318359 0.929688 0.324219 0.917969 0.341797 0.916016 0.460938 0.900391 0.443359 0.900391 0.425781 0.873047 0.427734 0.861328 0.443359 0.843750 0.447266 0.839844 0.505859 0.845703 0.529297 0.875000 0.537109 0.910156 0.533203 0.941406 0.541016 0.957031 0.533203 0.947266 0.494141 0.960938 0.478516 0.962891 0.361328 0.960938 0.345703
6 0.941406 0.546875 0.941406 0.548828 0.945312 0.548828 0.945312 0.546875
6 0.845703 0.607422 0.847656 0.609375 0.849609 0.609375 0.853516 0.605469 0.847656 0.605469
6 0.861328 0.613281 0.853516 0.621094 0.845703 0.613281 0.841797 0.623047 0.832031 0.625000 0.833984 0.666016 0.818359 0.687500 0.818359 0.798828 0.824219 0.818359 0.839844 0.841797 0.914062 0.830078 0.960938 0.808594 0.957031 0.667969 0.937500 0.658203 0.904297 0.656250 0.875000 0.636719
6 0.218750 0.708984 0.207031 0.755859 0.193359 0.955078 0.193359 0.941406 0.205078 0.939453 0.212891 0.957031 0.205078 0.972656 0.193359 0.960938 0.191406 0.994141 0.316406 0.994141 0.314453 0.980469 0.337891 0.968750 0.341797 0.912109 0.355469 0.902344 0.357422 0.875000 0.339844 0.826172 0.322266 0.828125 0.318359 0.812500 0.314453 0.826172 0.296875 0.824219 0.273438 0.804688 0.302734 0.798828 0.302734 0.791016 0.267578 0.769531 0.275391 0.767578 0.277344 0.744141 0.257812 0.732422 0.246094 0.699219
6 0.300781 0.777344 0.300781 0.779297 0.298828 0.781250 0.296875 0.781250 0.298828 0.783203 0.300781 0.783203 0.300781 0.781250 0.302734 0.779297
6 0.300781 0.812500 0.300781 0.814453 0.302734 0.816406 0.302734 0.818359 0.302734 0.816406 0.304688 0.814453 0.302734 0.812500
6 0.332031 0.814453 0.332031 0.816406 0.333984 0.816406 0.333984 0.814453
