0 0.000000 0.000000 0.000000 0.492188 0.066406 0.490234 0.083984 0.363281 0.179688 0.333984 0.134766 0.183594 0.187500 0.029297 0.134766 0.085938 0.148438 0.242188 0.109375 0.224609 0.138672 0.023438 0.349609 0.078125 0.380859 0.007812 0.392578 0.177734 0.460938 0.267578 0.386719 0.324219 0.423828 0.464844 0.640625 0.509766 0.738281 0.435547 0.843750 0.644531 0.787109 0.742188 0.718750 0.751953 0.736328 0.919922 0.873047 0.945312 0.890625 0.867188 0.994141 0.857422 0.998047 0.000000
0 0.431641 0.250000 0.431641 0.251953 0.437500 0.257812 0.439453 0.257812 0.443359 0.261719 0.439453 0.257812 0.437500 0.257812 0.431641 0.251953
0 0.171875 0.259766 0.171875 0.263672 0.173828 0.265625 0.173828 0.269531 0.175781 0.271484 0.173828 0.269531 0.173828 0.265625 0.171875 0.263672
0 0.445312 0.265625 0.445312 0.279297 0.445312 0.273438 0.447266 0.271484 0.447266 0.269531 0.445312 0.267578
0 0.173828 0.347656 0.166016 0.351562 0.162109 0.357422 0.152344 0.361328 0.150391 0.365234 0.146484 0.367188 0.140625 0.367188 0.134766 0.371094 0.117188 0.369141 0.115234 0.367188 0.109375 0.367188 0.107422 0.365234 0.097656 0.365234 0.093750 0.369141 0.093750 0.371094 0.093750 0.369141 0.097656 0.365234 0.107422 0.365234 0.113281 0.369141 0.121094 0.369141 0.128906 0.373047 0.138672 0.373047 0.142578 0.376953 0.146484 0.376953 0.148438 0.371094 0.154297 0.365234 0.156250 0.365234 0.160156 0.359375 0.164062 0.359375 0.166016 0.357422 0.166016 0.353516
0 0.146484 0.382812 0.146484 0.384766 0.148438 0.386719 0.148438 0.388672 0.148438 0.384766
0 0.376953 0.406250 0.376953 0.408203 0.378906 0.410156 0.376953 0.408203
0 0.328125 0.431641 0.320312 0.437500 0.318359 0.437500 0.318359 0.441406 0.316406 0.443359 0.316406 0.470703 0.318359 0.472656 0.318359 0.478516 0.328125 0.482422 0.335938 0.488281 0.351562 0.488281 0.355469 0.484375 0.355469 0.480469 0.363281 0.472656 0.367188 0.472656 0.371094 0.468750 0.373047 0.464844 0.373047 0.455078 0.371094 0.451172 0.363281 0.449219 0.349609 0.435547 0.349609 0.433594 0.345703 0.431641
0 0.085938 0.443359 0.087891 0.445312 0.087891 0.447266 0.089844 0.449219 0.087891 0.447266 0.087891 0.445312
0 0.537109 0.492188 0.535156 0.494141 0.537109 0.494141
0 0.035156 0.531250 0.033203 0.541016 0.039062 0.572266 0.052734 0.599609 0.044922 0.621094 0.050781 0.644531 0.068359 0.658203 0.097656 0.656250 0.113281 0.664062 0.130859 0.664062 0.132812 0.656250 0.138672 0.652344 0.134766 0.644531 0.138672 0.638672 0.134766 0.626953 0.109375 0.611328 0.109375 0.603516 0.130859 0.582031 0.126953 0.576172 0.128906 0.552734 0.121094 0.537109 0.074219 0.531250 0.064453 0.525391
0 0.587891 0.527344 0.585938 0.527344 0.585938 0.533203 0.585938 0.531250 0.587891 0.529297
0 0.146484 0.623047 0.148438 0.646484 0.162109 0.648438 0.175781 0.658203 0.193359 0.660156 0.205078 0.666016 0.226562 0.664062 0.236328 0.667969 0.250000 0.667969 0.279297 0.658203 0.279297 0.648438 0.273438 0.640625 0.271484 0.628906 0.253906 0.613281 0.242188 0.611328 0.238281 0.607422 0.232422 0.605469 0.212891 0.607422 0.199219 0.601562 0.183594 0.601562 0.169922 0.597656 0.152344 0.605469
0 0.042969 0.720703 0.031250 0.720703 0.019531 0.728516 0.017578 0.759766 0.000000 0.777344 0.003906 0.810547 0.027344 0.820312 0.000000 0.837891 0.000000 0.998047 0.046875 0.998047 0.042969 0.962891 0.064453 0.941406 0.072266 0.898438 0.064453 0.837891 0.052734 0.820312 0.041016 0.818359 0.048828 0.816406 0.066406 0.792969 0.068359 0.767578 0.058594 0.757812 0.060547 0.730469
0 0.240234 0.746094 0.232422 0.751953 0.220703 0.781250 0.220703 0.806641 0.242188 0.837891 0.283203 0.871094 0.275391 0.921875 0.263672 0.945312 0.265625 0.962891 0.259766 0.966797 0.271484 0.966797 0.271484 0.960938 0.283203 0.953125 0.316406 0.960938 0.339844 0.958984 0.359375 0.937500 0.357422 0.925781 0.345703 0.917969 0.345703 0.908203 0.359375 0.892578 0.355469 0.869141 0.367188 0.861328 0.380859 0.833984 0.382812 0.814453 0.375000 0.789062 0.332031 0.746094 0.314453 0.748047 0.296875 0.742188
0 0.074219 0.751953 0.076172 0.753906 0.076172 0.751953
0 0.074219 0.779297 0.085938 0.789062 0.093750 0.800781 0.109375 0.800781 0.111328 0.798828 0.115234 0.798828 0.128906 0.785156 0.142578 0.785156 0.144531 0.783203 0.150391 0.785156 0.152344 0.783203 0.164062 0.781250 0.167969 0.779297 0.169922 0.775391 0.167969 0.773438 0.166016 0.763672 0.160156 0.757812 0.123047 0.757812 0.121094 0.755859 0.109375 0.755859 0.107422 0.753906 0.089844 0.753906 0.076172 0.765625
0 0.470703 0.759766 0.470703 0.761719 0.472656 0.763672 0.474609 0.763672 0.474609 0.761719 0.472656 0.761719
0 0.500000 0.777344 0.500000 0.775391 0.501953 0.773438 0.503906 0.773438 0.505859 0.771484 0.511719 0.771484 0.513672 0.769531 0.511719 0.769531 0.509766 0.767578 0.500000 0.767578
0 0.480469 0.769531 0.480469 0.771484 0.482422 0.771484
0 0.525391 0.775391 0.523438 0.775391 0.521484 0.777344 0.521484 0.791016 0.521484 0.777344 0.523438 0.775391
0 0.529297 0.773438 0.533203 0.773438 0.535156 0.775391 0.537109 0.775391 0.537109 0.773438
0 0.597656 0.775391 0.595703 0.775391 0.595703 0.777344
0 0.488281 0.777344 0.488281 0.779297 0.490234 0.779297 0.490234 0.777344
0 0.490234 0.791016 0.488281 0.791016 0.486328 0.792969 0.486328 0.794922 0.490234 0.794922
0 0.472656 0.792969 0.472656 0.794922 0.474609 0.794922 0.474609 0.792969
0 0.431641 0.818359 0.429688 0.818359 0.427734 0.820312 0.429688 0.820312
0 0.453125 0.816406 0.453125 0.818359 0.455078 0.818359 0.457031 0.820312 0.455078 0.822266 0.457031 0.822266 0.457031 0.820312 0.455078 0.818359 0.455078 0.816406
0 0.578125 0.912109 0.576172 0.925781 0.583984 0.964844 0.595703 0.978516 0.611328 0.988281 0.615234 0.988281 0.619141 0.982422 0.634766 0.978516 0.679688 0.976562 0.689453 0.972656 0.705078 0.958984 0.707031 0.929688 0.666016 0.898438 0.650391 0.882812 0.621094 0.882812 0.605469 0.886719 0.593750 0.896484 0.587891 0.906250
0 0.468750 0.964844 0.468750 0.980469 0.470703 0.982422 0.468750 0.998047 0.572266 0.998047 0.576172 0.992188 0.576172 0.972656 0.570312 0.962891 0.564453 0.957031 0.552734 0.951172 0.539062 0.949219 0.531250 0.943359 0.513672 0.945312 0.494141 0.957031 0.488281 0.957031
0 0.876953 0.986328 0.871094 0.976562 0.839844 0.960938 0.812500 0.964844 0.740234 0.962891 0.728516 0.966797 0.720703 0.980469 0.714844 0.984375 0.712891 0.998047 0.876953 0.998047
0 0.619141 0.992188 0.619141 0.994141 0.621094 0.994141
2 0.621094 0.667969 0.625000 0.683594 0.632812 0.687500 0.667969 0.685547 0.675781 0.693359 0.712891 0.703125 0.773438 0.703125 0.773438 0.669922 0.769531 0.667969 0.718750 0.667969 0.697266 0.664062 0.667969 0.666016 0.644531 0.662109 0.625000 0.664062
2 0.078125 0.814453 0.078125 0.845703 0.087891 0.871094 0.078125 0.908203 0.082031 0.933594 0.076172 0.945312 0.072266 0.998047 0.248047 0.998047 0.255859 0.935547 0.269531 0.917969 0.277344 0.871094 0.212891 0.808594 0.125000 0.802734
3 0.171875 0.033203 0.136719 0.185547 0.187500 0.330078 0.146484 0.378906 0.095703 0.369141 0.074219 0.523438 0.125000 0.537109 0.128906 0.605469 0.253906 0.607422 0.289062 0.662109 0.064453 0.673828 0.068359 0.744141 0.210938 0.775391 0.240234 0.740234 0.333984 0.742188 0.419922 0.818359 0.369141 0.871094 0.398438 0.914062 0.707031 0.882812 0.728516 0.736328 0.615234 0.712891 0.605469 0.658203 0.566406 0.646484 0.580078 0.521484 0.435547 0.490234 0.375000 0.408203 0.382812 0.310547 0.443359 0.285156 0.384766 0.171875 0.404297 0.041016 0.369141 0.007812 0.349609 0.080078 0.314453 0.044922 0.271484 0.082031 0.226562 0.027344
3 0.339844 0.062500 0.339844 0.064453 0.341797 0.066406 0.345703 0.066406 0.343750 0.064453 0.343750 0.062500
3 0.144531 0.074219 0.144531 0.076172 0.146484 0.078125 0.146484 0.074219
3 0.136719 0.160156 0.136719 0.162109 0.138672 0.162109 0.138672 0.160156
3 0.136719 0.167969 0.136719 0.169922 0.138672 0.169922 0.138672 0.167969
3 0.130859 0.212891 0.128906 0.214844 0.130859 0.216797
3 0.066406 0.501953 0.029297 0.507812 0.000000 0.503906 0.000000 0.761719 0.011719 0.759766 0.011719 0.734375 0.023438 0.720703 0.052734 0.716797 0.052734 0.656250 0.041016 0.630859 0.044922 0.589844 0.037109 0.582031 0.029297 0.533203 0.037109 0.525391 0.070312 0.511719
3 0.535156 0.783203 0.533203 0.785156 0.533203 0.787109 0.535156 0.789062
3 0.986328 0.853516 0.947266 0.855469 0.898438 0.873047 0.900391 0.890625 0.908203 0.904297 0.906250 0.912109 0.886719 0.939453 0.871094 0.955078 0.865234 0.955078 0.865234 0.960938 0.880859 0.982422 0.884766 0.998047 0.998047 0.998047 0.998047 0.900391 0.994141 0.896484 0.992188 0.867188
3 0.693359 0.898438 0.691406 0.898438 0.691406 0.900391
4 0.751953 0.503906 0.750000 0.501953 0.750000 0.500000 0.746094 0.503906 0.744141 0.501953 0.740234 0.501953 0.738281 0.503906 0.734375 0.503906 0.734375 0.505859 0.740234 0.505859 0.742188 0.507812 0.744141 0.507812 0.746094 0.505859 0.751953 0.505859
4 0.765625 0.519531 0.748047 0.513672 0.605469 0.519531 0.599609 0.628906 0.578125 0.640625 0.609375 0.648438 0.625000 0.687500 0.619141 0.703125 0.648438 0.720703 0.701172 0.720703 0.779297 0.732422 0.785156 0.726562 0.781250 0.707031 0.787109 0.701172 0.789062 0.669922 0.837891 0.666016 0.830078 0.634766 0.802734 0.613281 0.767578 0.544922
