0 0.552734 0.128906 0.550781 0.130859 0.550781 0.138672 0.552734 0.140625 0.550781 0.177734 0.552734 0.179688 0.556641 0.195312 0.568359 0.201172 0.587891 0.201172 0.589844 0.199219 0.601562 0.197266 0.605469 0.193359 0.605469 0.189453 0.611328 0.175781 0.611328 0.166016 0.613281 0.164062 0.613281 0.156250 0.609375 0.146484 0.591797 0.128906 0.587891 0.128906 0.585938 0.126953 0.564453 0.126953 0.562500 0.128906
0 0.345703 0.210938 0.345703 0.259766 0.347656 0.265625 0.359375 0.277344 0.373047 0.271484 0.384766 0.275391 0.390625 0.281250 0.392578 0.291016 0.429688 0.289062 0.449219 0.277344 0.458984 0.261719 0.464844 0.218750 0.455078 0.208984 0.453125 0.199219 0.449219 0.195312 0.398438 0.187500 0.392578 0.189453 0.388672 0.195312 0.349609 0.207031
0 0.644531 0.208984 0.644531 0.240234 0.632812 0.253906 0.632812 0.263672 0.638672 0.269531 0.644531 0.287109 0.664062 0.306641 0.675781 0.312500 0.679688 0.320312 0.695312 0.322266 0.734375 0.302734 0.738281 0.294922 0.738281 0.279297 0.746094 0.240234 0.726562 0.224609 0.724609 0.216797 0.699219 0.201172 0.683594 0.201172
0 0.560547 0.544922 0.560547 0.558594 0.564453 0.558594 0.574219 0.564453 0.582031 0.564453 0.589844 0.568359 0.607422 0.568359 0.613281 0.562500 0.628906 0.560547 0.632812 0.556641 0.636719 0.548828 0.638672 0.537109 0.634766 0.529297 0.626953 0.525391 0.611328 0.525391 0.609375 0.523438 0.599609 0.523438 0.597656 0.521484 0.591797 0.521484 0.585938 0.525391 0.576172 0.527344 0.562500 0.541016
2 0.091797 0.001953 0.089844 0.029297 0.101562 0.037109 0.097656 0.064453 0.216797 0.101562 0.226562 0.099609 0.228516 0.082031 0.232422 0.099609 0.251953 0.111328 0.287109 0.113281 0.326172 0.125000 0.332031 0.121094 0.339844 0.000000
2 0.398438 0.000000 0.398438 0.021484 0.404297 0.031250 0.404297 0.064453 0.410156 0.068359 0.519531 0.066406 0.527344 0.062500 0.576172 0.060547 0.580078 0.052734 0.580078 0.021484 0.585938 0.000000
2 0.693359 0.000000 0.691406 0.001953 0.691406 0.009766 0.689453 0.011719 0.687500 0.029297 0.685547 0.031250 0.685547 0.037109 0.683594 0.039062 0.683594 0.048828 0.687500 0.050781 0.703125 0.050781 0.705078 0.052734 0.724609 0.052734 0.726562 0.050781 0.726562 0.035156 0.724609 0.031250 0.726562 0.029297 0.726562 0.023438 0.732422 0.015625 0.732422 0.011719 0.734375 0.009766 0.734375 0.000000
2 0.933594 0.000000 0.933594 0.029297 0.935547 0.031250 0.958984 0.031250 0.960938 0.029297 0.974609 0.029297 0.976562 0.027344 0.976562 0.000000
2 0.810547 0.007812 0.810547 0.011719 0.808594 0.013672 0.808594 0.027344 0.810547 0.029297 0.810547 0.046875 0.812500 0.048828 0.857422 0.048828 0.861328 0.044922 0.861328 0.029297 0.859375 0.027344 0.859375 0.013672 0.857422 0.009766 0.853516 0.007812 0.847656 0.007812 0.845703 0.005859 0.837891 0.005859 0.835938 0.003906 0.816406 0.003906
2 0.914062 0.109375 0.914062 0.134766 0.916016 0.136719 0.917969 0.169922 0.919922 0.171875 0.931641 0.171875 0.933594 0.173828 0.937500 0.171875 0.943359 0.173828 0.951172 0.173828 0.953125 0.171875 0.957031 0.173828 0.974609 0.173828 0.976562 0.171875 0.976562 0.121094 0.974609 0.119141 0.974609 0.107422 0.933594 0.107422 0.931641 0.109375 0.927734 0.107422 0.925781 0.109375
2 0.810547 0.115234 0.810547 0.156250 0.812500 0.158203 0.812500 0.162109 0.833984 0.162109 0.835938 0.164062 0.845703 0.164062 0.847656 0.162109 0.863281 0.162109 0.865234 0.160156 0.865234 0.144531 0.863281 0.142578 0.863281 0.132812 0.861328 0.130859 0.861328 0.123047 0.859375 0.121094 0.847656 0.121094 0.843750 0.117188 0.837891 0.117188 0.835938 0.115234
2 0.396484 0.150391 0.396484 0.164062 0.406250 0.185547 0.451172 0.193359 0.458984 0.207031 0.466797 0.212891 0.511719 0.216797 0.513672 0.197266 0.517578 0.193359 0.544922 0.193359 0.550781 0.185547 0.550781 0.148438 0.546875 0.142578 0.535156 0.138672 0.486328 0.136719 0.466797 0.126953 0.451172 0.126953 0.439453 0.130859 0.406250 0.132812
2 0.173828 0.152344 0.171875 0.173828 0.167969 0.185547 0.171875 0.199219 0.167969 0.210938 0.167969 0.228516 0.171875 0.232422 0.185547 0.234375 0.195312 0.224609 0.208984 0.226562 0.210938 0.222656 0.236328 0.224609 0.251953 0.232422 0.257812 0.228516 0.263672 0.218750 0.263672 0.199219 0.259766 0.191406 0.261719 0.160156 0.240234 0.158203 0.230469 0.154297 0.207031 0.154297 0.205078 0.156250 0.189453 0.152344
2 0.919922 0.181641 0.923828 0.195312 0.923828 0.242188 0.917969 0.271484 0.917969 0.304688 0.980469 0.308594 0.992188 0.312500 0.998047 0.310547 0.998047 0.197266 0.976562 0.195312 0.943359 0.183594
2 0.791016 0.205078 0.787109 0.210938 0.791016 0.341797 0.798828 0.347656 0.826172 0.345703 0.876953 0.355469 0.869141 0.324219 0.878906 0.291016 0.878906 0.218750 0.855469 0.212891 0.826172 0.199219
2 0.525391 0.253906 0.523438 0.287109 0.515625 0.296875 0.515625 0.310547 0.523438 0.326172 0.523438 0.335938 0.517578 0.347656 0.523438 0.355469 0.533203 0.361328 0.562500 0.365234 0.585938 0.373047 0.636719 0.378906 0.640625 0.375000 0.630859 0.357422 0.628906 0.343750 0.625000 0.341797 0.621094 0.328125 0.609375 0.318359 0.613281 0.310547 0.634766 0.300781 0.634766 0.275391 0.626953 0.269531 0.603516 0.267578 0.580078 0.259766
2 0.255859 0.294922 0.251953 0.302734 0.250000 0.322266 0.248047 0.324219 0.248047 0.363281 0.250000 0.369141 0.255859 0.375000 0.302734 0.376953 0.304688 0.373047 0.304688 0.300781 0.294922 0.296875
2 0.181641 0.335938 0.175781 0.330078 0.027344 0.333984 0.021484 0.343750 0.023438 0.406250 0.027344 0.412109 0.175781 0.408203 0.187500 0.396484 0.183594 0.390625
2 0.410156 0.339844 0.404297 0.349609 0.408203 0.376953 0.402344 0.457031 0.390625 0.480469 0.394531 0.486328 0.402344 0.488281 0.384766 0.492188 0.382812 0.527344 0.402344 0.533203 0.416016 0.529297 0.416016 0.494141 0.410156 0.490234 0.451172 0.488281 0.457031 0.470703 0.460938 0.367188 0.453125 0.349609
2 0.753906 0.380859 0.751953 0.382812 0.751953 0.386719 0.750000 0.388672 0.750000 0.390625 0.748047 0.392578 0.748047 0.396484 0.746094 0.398438 0.746094 0.406250 0.744141 0.408203 0.744141 0.427734 0.746094 0.429688 0.746094 0.431641 0.751953 0.435547 0.757812 0.435547 0.759766 0.437500 0.773438 0.437500 0.779297 0.427734 0.779297 0.419922 0.781250 0.417969 0.781250 0.406250 0.783203 0.404297 0.783203 0.392578 0.781250 0.390625 0.781250 0.388672 0.773438 0.382812 0.767578 0.382812 0.765625 0.380859
2 0.794922 0.380859 0.792969 0.384766 0.792969 0.400391 0.791016 0.402344 0.791016 0.431641 0.789062 0.433594 0.789062 0.449219 0.791016 0.451172 0.826172 0.455078 0.828125 0.457031 0.851562 0.457031 0.853516 0.458984 0.873047 0.458984 0.875000 0.457031 0.875000 0.408203 0.873047 0.400391 0.867188 0.392578 0.839844 0.382812 0.808594 0.380859 0.806641 0.378906
2 0.330078 0.414062 0.322266 0.412109 0.300781 0.423828 0.281250 0.425781 0.263672 0.441406 0.261719 0.437500 0.230469 0.441406 0.228516 0.505859 0.250000 0.507812 0.257812 0.503906 0.257812 0.470703 0.263672 0.462891 0.265625 0.439453 0.271484 0.460938 0.273438 0.457031 0.285156 0.466797 0.308594 0.466797 0.328125 0.458984
2 0.744141 0.439453 0.732422 0.445312 0.724609 0.460938 0.726562 0.500000 0.730469 0.503906 0.701172 0.509766 0.691406 0.552734 0.691406 0.572266 0.699219 0.578125 0.646484 0.576172 0.642578 0.580078 0.642578 0.601562 0.646484 0.605469 0.718750 0.617188 0.726562 0.587891 0.720703 0.583984 0.757812 0.566406 0.773438 0.521484 0.771484 0.511719 0.748047 0.507812 0.755859 0.503906 0.763672 0.453125
2 0.205078 0.458984 0.191406 0.458984 0.189453 0.460938 0.183594 0.460938 0.173828 0.466797 0.173828 0.476562 0.171875 0.478516 0.171875 0.513672 0.175781 0.519531 0.185547 0.519531 0.193359 0.515625 0.207031 0.513672 0.212891 0.509766 0.212891 0.476562 0.210938 0.474609 0.210938 0.466797
2 0.781250 0.527344 0.759766 0.572266 0.746094 0.583984 0.732422 0.652344 0.738281 0.658203 0.761719 0.666016 0.808594 0.671875 0.865234 0.671875 0.869141 0.597656 0.867188 0.542969 0.853516 0.537109 0.822266 0.535156 0.812500 0.529297
2 0.193359 0.560547 0.187500 0.562500 0.185547 0.560547 0.175781 0.564453 0.173828 0.562500 0.167969 0.564453 0.166016 0.562500 0.164062 0.564453 0.162109 0.562500 0.158203 0.564453 0.156250 0.562500 0.152344 0.564453 0.150391 0.562500 0.146484 0.564453 0.144531 0.562500 0.138672 0.564453 0.134766 0.562500 0.134766 0.570312 0.136719 0.572266 0.136719 0.625000 0.138672 0.626953 0.152344 0.626953 0.150391 0.603516 0.154297 0.593750 0.171875 0.587891 0.191406 0.593750 0.197266 0.593750 0.199219 0.591797 0.197266 0.570312
2 0.919922 0.560547 0.919922 0.576172 0.917969 0.578125 0.917969 0.609375 0.921875 0.615234 0.929688 0.615234 0.931641 0.617188 0.964844 0.617188 0.966797 0.615234 0.976562 0.615234 0.978516 0.613281 0.978516 0.570312 0.976562 0.566406 0.972656 0.566406 0.970703 0.564453 0.958984 0.564453 0.957031 0.562500 0.947266 0.562500 0.945312 0.560547
2 0.394531 0.585938 0.396484 0.613281 0.398438 0.611328 0.400391 0.613281 0.400391 0.615234 0.396484 0.617188 0.404297 0.625000 0.410156 0.625000 0.412109 0.626953 0.433594 0.626953 0.435547 0.628906 0.445312 0.628906 0.447266 0.630859 0.458984 0.630859 0.460938 0.628906 0.460938 0.619141 0.462891 0.617188 0.464844 0.599609 0.466797 0.597656 0.460938 0.589844 0.457031 0.589844 0.445312 0.583984 0.433594 0.583984 0.431641 0.582031 0.402344 0.582031
2 0.218750 0.607422 0.214844 0.623047 0.220703 0.636719 0.244141 0.642578 0.232422 0.646484 0.271484 0.636719 0.263672 0.648438 0.228516 0.650391 0.228516 0.681641 0.251953 0.689453 0.265625 0.687500 0.263672 0.695312 0.248047 0.697266 0.248047 0.722656 0.253906 0.722656 0.251953 0.708984 0.265625 0.695312 0.273438 0.744141 0.294922 0.753906 0.302734 0.767578 0.326172 0.763672 0.347656 0.730469 0.349609 0.689453 0.341797 0.640625 0.306641 0.632812 0.304688 0.593750 0.265625 0.595703 0.240234 0.607422
2 0.058594 0.607422 0.056641 0.609375 0.056641 0.638672 0.058594 0.640625 0.058594 0.660156 0.060547 0.662109 0.060547 0.666016 0.062500 0.667969 0.068359 0.667969 0.070312 0.669922 0.074219 0.669922 0.078125 0.666016 0.078125 0.658203 0.080078 0.656250 0.080078 0.650391 0.082031 0.648438 0.082031 0.644531 0.083984 0.642578 0.083984 0.634766 0.082031 0.632812 0.082031 0.611328 0.080078 0.609375 0.066406 0.609375 0.064453 0.607422
2 0.500000 0.632812 0.476562 0.707031 0.515625 0.710938 0.513672 0.746094 0.521484 0.748047 0.529297 0.736328 0.539062 0.699219 0.542969 0.712891 0.535156 0.732422 0.535156 0.748047 0.576172 0.755859 0.582031 0.736328 0.578125 0.718750 0.597656 0.650391 0.583984 0.650391 0.583984 0.656250 0.574219 0.650391 0.558594 0.656250 0.554688 0.664062 0.552734 0.632812 0.544922 0.630859 0.537109 0.638672 0.531250 0.632812
2 0.646484 0.634766 0.642578 0.640625 0.642578 0.646484 0.640625 0.648438 0.640625 0.652344 0.638672 0.654297 0.638672 0.658203 0.634766 0.666016 0.634766 0.675781 0.638672 0.675781 0.640625 0.677734 0.648438 0.677734 0.650391 0.679688 0.658203 0.679688 0.664062 0.675781 0.664062 0.669922 0.666016 0.667969 0.666016 0.660156 0.667969 0.658203 0.667969 0.646484 0.675781 0.638672 0.677734 0.638672 0.679688 0.640625 0.679688 0.652344 0.679688 0.646484 0.681641 0.644531 0.679688 0.642578 0.679688 0.638672 0.675781 0.638672 0.673828 0.636719 0.662109 0.636719 0.660156 0.634766
2 0.164062 0.673828 0.164062 0.689453 0.166016 0.691406 0.166016 0.695312 0.169922 0.699219 0.175781 0.699219 0.177734 0.701172 0.189453 0.701172 0.191406 0.699219 0.210938 0.699219 0.210938 0.675781 0.208984 0.673828 0.208984 0.664062 0.210938 0.662109 0.210938 0.660156 0.208984 0.658203 0.205078 0.658203 0.203125 0.656250 0.185547 0.656250 0.181641 0.660156 0.181641 0.664062 0.177734 0.667969 0.167969 0.669922
2 0.421875 0.664062 0.419922 0.667969 0.423828 0.675781 0.425781 0.673828 0.429688 0.675781 0.429688 0.677734 0.425781 0.679688 0.433594 0.683594 0.427734 0.689453 0.425781 0.695312 0.425781 0.705078 0.429688 0.712891 0.431641 0.728516 0.433594 0.728516 0.443359 0.740234 0.447266 0.742188 0.457031 0.742188 0.460938 0.736328 0.460938 0.714844 0.472656 0.701172 0.476562 0.681641 0.478516 0.679688 0.478516 0.669922 0.466797 0.666016 0.435547 0.667969 0.433594 0.666016
2 0.046875 0.669922 0.041016 0.673828 0.039062 0.679688 0.033203 0.685547 0.033203 0.687500 0.031250 0.689453 0.033203 0.691406 0.033203 0.699219 0.031250 0.701172 0.031250 0.720703 0.039062 0.726562 0.056641 0.726562 0.058594 0.724609 0.060547 0.724609 0.060547 0.703125 0.058594 0.701172 0.058594 0.687500 0.060547 0.685547 0.060547 0.673828 0.054688 0.669922
2 0.082031 0.669922 0.078125 0.673828 0.078125 0.699219 0.080078 0.701172 0.080078 0.705078 0.082031 0.707031 0.105469 0.707031 0.107422 0.705078 0.111328 0.705078 0.111328 0.699219 0.109375 0.697266 0.109375 0.691406 0.107422 0.689453 0.107422 0.677734 0.105469 0.675781 0.105469 0.671875 0.103516 0.669922
2 0.695312 0.671875 0.691406 0.675781 0.689453 0.685547 0.683594 0.695312 0.683594 0.708984 0.675781 0.736328 0.669922 0.746094 0.669922 0.753906 0.681641 0.757812 0.748047 0.763672 0.751953 0.726562 0.753906 0.724609 0.753906 0.687500 0.751953 0.681641 0.714844 0.671875
2 0.794922 0.687500 0.798828 0.687500 0.800781 0.685547 0.804688 0.685547 0.806641 0.683594 0.808594 0.683594 0.810547 0.681641 0.812500 0.683594 0.814453 0.681641 0.816406 0.681641 0.818359 0.679688 0.816406 0.679688 0.814453 0.677734 0.804688 0.677734 0.802734 0.675781 0.796875 0.675781 0.794922 0.677734
2 0.822266 0.679688 0.822266 0.681641 0.826172 0.681641 0.830078 0.685547 0.830078 0.679688
2 0.609375 0.683594 0.601562 0.691406 0.597656 0.699219 0.597656 0.708984 0.595703 0.710938 0.595703 0.720703 0.597656 0.724609 0.601562 0.726562 0.615234 0.726562 0.617188 0.728516 0.640625 0.728516 0.642578 0.730469 0.646484 0.724609 0.646484 0.716797 0.648438 0.714844 0.648438 0.710938 0.650391 0.708984 0.650391 0.703125 0.652344 0.701172 0.648438 0.693359 0.642578 0.687500 0.638672 0.687500 0.636719 0.685547 0.626953 0.685547 0.625000 0.683594
2 0.796875 0.703125 0.792969 0.718750 0.792969 0.751953 0.789062 0.761719 0.789062 0.775391 0.796875 0.798828 0.816406 0.798828 0.826172 0.802734 0.832031 0.800781 0.839844 0.804688 0.857422 0.806641 0.869141 0.812500 0.884766 0.812500 0.890625 0.791016 0.890625 0.767578 0.886719 0.751953 0.878906 0.746094 0.865234 0.744141 0.837891 0.746094 0.833984 0.732422 0.835938 0.716797 0.832031 0.712891 0.820312 0.712891
2 0.121094 0.728516 0.117188 0.724609 0.091797 0.724609 0.087891 0.738281 0.085938 0.726562 0.072266 0.726562 0.068359 0.738281 0.064453 0.734375 0.031250 0.738281 0.025391 0.761719 0.029297 0.792969 0.033203 0.796875 0.046875 0.796875 0.060547 0.792969 0.066406 0.775391 0.068359 0.781250 0.089844 0.781250 0.095703 0.775391 0.097656 0.777344 0.099609 0.775391 0.126953 0.775391 0.128906 0.759766
2 0.246094 0.730469 0.238281 0.730469 0.236328 0.732422 0.230469 0.732422 0.228516 0.734375 0.222656 0.734375 0.220703 0.736328 0.214844 0.736328 0.212891 0.738281 0.212891 0.742188 0.210938 0.744141 0.210938 0.773438 0.214844 0.777344 0.216797 0.777344 0.218750 0.779297 0.230469 0.779297 0.232422 0.777344 0.242188 0.777344 0.244141 0.775391 0.246094 0.775391 0.248047 0.777344 0.250000 0.775391 0.255859 0.775391 0.255859 0.771484 0.250000 0.763672 0.250000 0.757812 0.248047 0.755859 0.248047 0.744141 0.250000 0.742188 0.250000 0.736328
2 0.998047 0.765625 0.994141 0.767578 0.980469 0.767578 0.978516 0.769531 0.953125 0.769531 0.941406 0.773438 0.937500 0.779297 0.933594 0.779297 0.933594 0.785156 0.931641 0.787109 0.933594 0.789062 0.931641 0.791016 0.933594 0.792969 0.931641 0.794922 0.933594 0.796875 0.931641 0.800781 0.933594 0.804688 0.931641 0.810547 0.939453 0.812500 0.953125 0.820312 0.964844 0.822266 0.974609 0.828125 0.998047 0.835938
2 0.349609 0.812500 0.349609 0.876953 0.361328 0.888672 0.365234 0.888672 0.367188 0.890625 0.380859 0.890625 0.384766 0.882812 0.384766 0.855469 0.386719 0.853516 0.386719 0.843750 0.384766 0.841797 0.386719 0.828125 0.384766 0.824219 0.386719 0.822266 0.386719 0.812500 0.384766 0.810547 0.355469 0.810547 0.353516 0.812500
2 0.650391 0.822266 0.640625 0.837891 0.642578 0.876953 0.646484 0.886719 0.656250 0.886719 0.662109 0.892578 0.660156 0.910156 0.664062 0.914062 0.683594 0.919922 0.707031 0.917969 0.720703 0.925781 0.738281 0.925781 0.740234 0.904297 0.732422 0.896484 0.728516 0.876953 0.732422 0.841797 0.708984 0.835938 0.693359 0.828125 0.685547 0.828125 0.681641 0.833984 0.671875 0.837891 0.671875 0.830078 0.658203 0.828125 0.654297 0.822266
2 0.777344 0.843750 0.771484 0.849609 0.769531 0.857422 0.763672 0.863281 0.763672 0.867188 0.761719 0.869141 0.761719 0.876953 0.759766 0.878906 0.759766 0.896484 0.761719 0.898438 0.765625 0.898438 0.773438 0.902344 0.779297 0.902344 0.781250 0.904297 0.787109 0.904297 0.789062 0.906250 0.800781 0.906250 0.808594 0.888672 0.808594 0.882812 0.810547 0.880859 0.810547 0.869141 0.812500 0.867188 0.812500 0.859375 0.814453 0.855469 0.810547 0.851562 0.806641 0.851562 0.804688 0.849609 0.800781 0.849609 0.792969 0.845703
2 0.482422 0.859375 0.482422 0.921875 0.466797 0.937500 0.464844 0.974609 0.498047 0.984375 0.513672 0.984375 0.517578 0.978516 0.527344 0.976562 0.541016 0.978516 0.544922 0.974609 0.546875 0.939453 0.550781 0.935547 0.560547 0.935547 0.566406 0.949219 0.568359 0.939453 0.574219 0.935547 0.566406 0.929688 0.568359 0.910156 0.550781 0.906250 0.546875 0.902344 0.544922 0.888672 0.537109 0.882812 0.537109 0.859375 0.521484 0.855469 0.494141 0.855469
2 0.869141 0.916016 0.859375 0.949219 0.861328 0.966797 0.886719 0.978516 0.919922 0.980469 0.927734 0.998047 0.998047 0.998047 0.998047 0.910156 0.943359 0.904297 0.927734 0.892578 0.906250 0.890625 0.892578 0.906250 0.886719 0.904297
2 0.277344 0.906250 0.240234 0.906250 0.238281 0.908203 0.234375 0.908203 0.226562 0.916016 0.222656 0.923828 0.222656 0.937500 0.220703 0.939453 0.220703 0.951172 0.218750 0.953125 0.218750 0.966797 0.220703 0.968750 0.236328 0.970703 0.238281 0.972656 0.244141 0.972656 0.246094 0.970703 0.246094 0.953125 0.248047 0.951172 0.251953 0.931641 0.255859 0.927734 0.271484 0.927734 0.273438 0.929688 0.277344 0.927734 0.277344 0.923828 0.279297 0.921875 0.279297 0.908203
2 0.332031 0.917969 0.332031 0.923828 0.330078 0.925781 0.330078 0.931641 0.332031 0.933594 0.333984 0.933594 0.335938 0.935547 0.341797 0.935547 0.343750 0.937500 0.353516 0.937500 0.355469 0.939453 0.363281 0.939453 0.365234 0.941406 0.369141 0.941406 0.371094 0.943359 0.373047 0.943359 0.375000 0.945312 0.378906 0.945312 0.380859 0.947266 0.390625 0.947266 0.390625 0.923828 0.388672 0.921875 0.384766 0.921875 0.382812 0.919922 0.371094 0.919922 0.369141 0.917969 0.355469 0.917969 0.353516 0.916016 0.343750 0.916016 0.341797 0.914062 0.335938 0.914062
2 0.650391 0.929688 0.646484 0.935547 0.646484 0.939453 0.640625 0.953125 0.640625 0.958984 0.636719 0.962891 0.628906 0.962891 0.626953 0.964844 0.626953 0.968750 0.625000 0.970703 0.625000 0.990234 0.638672 0.992188 0.640625 0.994141 0.652344 0.994141 0.654297 0.996094 0.666016 0.996094 0.667969 0.998047 0.671875 0.998047 0.675781 0.994141 0.677734 0.970703 0.679688 0.968750 0.679688 0.960938 0.681641 0.958984 0.681641 0.951172 0.683594 0.949219 0.685547 0.937500 0.681641 0.933594 0.675781 0.933594 0.673828 0.931641
5 0.000000 0.068359 0.001953 0.107422 0.351562 0.166016 0.373047 0.191406 0.400391 0.115234 0.867188 0.105469 0.884766 0.542969 0.919922 0.554688 0.906250 0.105469 0.996094 0.101562 0.996094 0.060547 0.400391 0.091797 0.396484 0.000000 0.361328 0.000000 0.357422 0.130859
5 0.000000 0.535156 0.005859 0.578125 0.337891 0.552734 0.386719 0.765625 0.001953 0.798828 0.001953 0.839844 0.572266 0.810547 0.998047 0.892578 0.927734 0.822266 0.914062 0.619141 0.890625 0.816406 0.429688 0.773438 0.380859 0.595703 0.380859 0.275391 0.337891 0.517578
