0 0.583984 0.005859 0.574219 0.146484 0.597656 0.199219 0.599609 0.236328 0.589844 0.240234 0.605469 0.246094 0.611328 0.230469 0.621094 0.246094 0.626953 0.230469 0.664062 0.255859 0.687500 0.250000 0.689453 0.261719 0.699219 0.251953 0.708984 0.261719 0.716797 0.251953 0.718750 0.261719 0.728516 0.253906 0.738281 0.261719 0.746094 0.246094 0.785156 0.250000 0.808594 0.238281 0.794922 0.224609 0.802734 0.220703 0.792969 0.191406 0.800781 0.171875 0.822266 0.195312 0.867188 0.201172 0.886719 0.191406 0.888672 0.148438 0.902344 0.138672 0.886719 0.121094 0.888672 0.050781 0.906250 0.035156 0.906250 0.007812 0.882812 0.000000
0 0.804688 0.191406 0.804688 0.193359 0.808594 0.193359 0.810547 0.191406 0.812500 0.193359 0.814453 0.193359 0.814453 0.191406 0.812500 0.191406 0.810547 0.189453 0.808594 0.189453 0.806641 0.191406
0 0.835938 0.199219 0.835938 0.201172 0.837891 0.201172 0.837891 0.199219
0 0.839844 0.205078 0.837891 0.207031 0.835938 0.207031 0.839844 0.207031
0 0.998047 0.314453 0.960938 0.308594 0.941406 0.326172 0.912109 0.324219 0.882812 0.335938 0.871094 0.324219 0.833984 0.326172 0.861328 0.359375 0.859375 0.378906 0.824219 0.392578 0.818359 0.406250 0.806641 0.390625 0.794922 0.394531 0.802734 0.378906 0.789062 0.373047 0.785156 0.417969 0.771484 0.429688 0.765625 0.419922 0.750000 0.421875 0.753906 0.468750 0.734375 0.484375 0.822266 0.492188 0.843750 0.519531 0.855469 0.501953 0.859375 0.515625 0.873047 0.501953 0.876953 0.517578 0.875000 0.500000 0.861328 0.488281 0.896484 0.458984 0.906250 0.417969 0.916016 0.429688 0.937500 0.421875 0.933594 0.453125 0.970703 0.464844 0.970703 0.451172 0.998047 0.441406
0 0.740234 0.326172 0.740234 0.328125 0.734375 0.335938 0.734375 0.353516 0.740234 0.361328 0.740234 0.363281 0.748047 0.365234 0.750000 0.367188 0.746094 0.369141 0.748047 0.371094 0.755859 0.371094 0.759766 0.369141 0.759766 0.365234 0.761719 0.363281 0.765625 0.365234 0.763672 0.367188 0.765625 0.369141 0.769531 0.369141 0.771484 0.365234 0.777344 0.363281 0.777344 0.361328 0.775391 0.363281 0.771484 0.361328 0.777344 0.355469 0.777344 0.351562 0.779297 0.349609 0.777344 0.341797 0.775391 0.339844 0.775391 0.335938 0.773438 0.333984 0.773438 0.328125 0.769531 0.324219 0.765625 0.324219 0.763672 0.322266 0.748047 0.322266
0 0.976562 0.457031 0.976562 0.458984 0.978516 0.458984 0.978516 0.457031
0 0.896484 0.556641 0.892578 0.556641 0.892578 0.560547 0.894531 0.560547 0.896484 0.558594
0 0.894531 0.570312 0.892578 0.576172 0.896484 0.576172 0.898438 0.582031 0.886719 0.593750 0.861328 0.597656 0.853516 0.603516 0.855469 0.617188 0.849609 0.630859 0.853516 0.634766 0.853516 0.658203 0.859375 0.669922 0.859375 0.746094 0.863281 0.751953 0.900391 0.765625 0.912109 0.765625 0.917969 0.761719 0.919922 0.734375 0.917969 0.701172 0.914062 0.695312 0.910156 0.593750
0 0.070312 0.601562 0.062500 0.609375 0.056641 0.664062 0.048828 0.667969 0.052734 0.677734 0.000000 0.673828 0.000000 0.960938 0.007812 0.964844 0.000000 0.968750 0.003906 0.998047 0.156250 0.998047 0.158203 0.968750 0.136719 0.871094 0.132812 0.810547 0.107422 0.742188 0.101562 0.681641 0.109375 0.611328
0 0.376953 0.787109 0.378906 0.816406 0.359375 0.875000 0.361328 0.892578 0.376953 0.894531 0.361328 0.900391 0.367188 0.906250 0.378906 0.900391 0.382812 0.908203 0.359375 0.914062 0.347656 0.927734 0.357422 0.966797 0.367188 0.978516 0.380859 0.978516 0.384766 0.998047 0.621094 0.998047 0.634766 0.898438 0.623047 0.832031 0.441406 0.783203 0.410156 0.779297
1 0.275391 0.857422 0.240234 0.857422 0.201172 0.867188 0.173828 0.867188 0.164062 0.871094 0.166016 0.917969 0.183594 0.998047 0.294922 0.996094 0.296875 0.960938 0.291016 0.945312 0.287109 0.900391 0.279297 0.884766 0.279297 0.865234
2 0.894531 0.050781 0.892578 0.052734 0.892578 0.072266 0.890625 0.074219 0.890625 0.107422 0.888672 0.109375 0.890625 0.121094 0.902344 0.123047 0.912109 0.119141 0.941406 0.119141 0.945312 0.117188 0.953125 0.095703 0.953125 0.076172 0.951172 0.072266 0.933594 0.062500 0.925781 0.054688 0.921875 0.054688 0.912109 0.048828
2 0.501953 0.156250 0.494141 0.144531 0.486328 0.142578 0.431641 0.142578 0.429688 0.144531 0.392578 0.146484 0.386719 0.150391 0.380859 0.173828 0.382812 0.201172 0.398438 0.205078 0.419922 0.205078 0.458984 0.210938 0.466797 0.197266 0.480469 0.195312 0.484375 0.191406 0.486328 0.171875 0.490234 0.166016 0.498047 0.164062 0.501953 0.160156
2 0.277344 0.250000 0.275391 0.253906 0.275391 0.263672 0.273438 0.265625 0.273438 0.275391 0.271484 0.277344 0.275391 0.292969 0.279297 0.294922 0.285156 0.294922 0.291016 0.298828 0.296875 0.298828 0.298828 0.296875 0.322266 0.296875 0.324219 0.298828 0.332031 0.298828 0.335938 0.294922 0.335938 0.289062 0.337891 0.287109 0.337891 0.273438 0.339844 0.271484 0.339844 0.253906 0.337891 0.251953 0.318359 0.251953 0.316406 0.250000 0.310547 0.250000 0.300781 0.246094 0.287109 0.246094
2 0.171875 0.351562 0.166016 0.361328 0.166016 0.373047 0.164062 0.375000 0.164062 0.388672 0.166016 0.390625 0.166016 0.396484 0.167969 0.400391 0.171875 0.404297 0.173828 0.410156 0.185547 0.412109 0.187500 0.414062 0.195312 0.414062 0.197266 0.416016 0.207031 0.416016 0.212891 0.408203 0.212891 0.404297 0.210938 0.402344 0.212891 0.398438 0.210938 0.396484 0.216797 0.384766 0.214844 0.382812 0.216797 0.380859 0.214844 0.375000 0.216797 0.373047 0.216797 0.367188 0.218750 0.365234 0.214844 0.365234 0.203125 0.359375 0.191406 0.357422 0.181641 0.351562
2 0.023438 0.423828 0.019531 0.488281 0.025391 0.501953 0.023438 0.511719 0.029297 0.519531 0.046875 0.525391 0.083984 0.523438 0.107422 0.529297 0.130859 0.527344 0.136719 0.498047 0.136719 0.482422 0.130859 0.458984 0.097656 0.449219 0.091797 0.443359 0.089844 0.435547 0.080078 0.427734 0.044922 0.419922
2 0.419922 0.435547 0.414062 0.453125 0.408203 0.517578 0.414062 0.539062 0.427734 0.542969 0.398438 0.542969 0.392578 0.621094 0.437500 0.628906 0.443359 0.625000 0.449219 0.607422 0.451172 0.550781 0.466797 0.548828 0.472656 0.558594 0.484375 0.564453 0.503906 0.560547 0.503906 0.523438 0.515625 0.492188 0.515625 0.478516 0.482422 0.441406
2 0.968750 0.472656 0.951172 0.466797 0.945312 0.466797 0.937500 0.462891 0.931641 0.464844 0.921875 0.474609 0.917969 0.501953 0.916016 0.503906 0.912109 0.529297 0.910156 0.531250 0.910156 0.544922 0.916016 0.550781 0.917969 0.548828 0.927734 0.548828 0.935547 0.542969 0.955078 0.542969 0.957031 0.541016 0.958984 0.515625 0.960938 0.511719 0.968750 0.505859 0.968750 0.498047 0.970703 0.496094 0.970703 0.482422 0.972656 0.476562
2 0.712891 0.509766 0.708984 0.527344 0.708984 0.548828 0.712891 0.556641 0.732422 0.564453 0.753906 0.562500 0.779297 0.564453 0.785156 0.570312 0.812500 0.576172 0.826172 0.572266 0.828125 0.558594 0.826172 0.544922 0.818359 0.535156 0.818359 0.519531 0.826172 0.507812 0.824219 0.501953 0.816406 0.498047 0.791016 0.494141 0.777344 0.503906 0.757812 0.492188 0.734375 0.490234 0.728516 0.494141 0.728516 0.500000 0.722656 0.505859
2 0.615234 0.496094 0.611328 0.498047 0.609375 0.501953 0.605469 0.529297 0.607422 0.533203 0.615234 0.539062 0.621094 0.554688 0.625000 0.556641 0.636719 0.556641 0.640625 0.552734 0.640625 0.544922 0.644531 0.541016 0.650391 0.541016 0.652344 0.539062 0.652344 0.519531 0.654297 0.517578 0.654297 0.507812 0.650391 0.503906 0.646484 0.503906 0.640625 0.500000 0.632812 0.500000 0.630859 0.498047 0.625000 0.498047 0.623047 0.496094
2 0.917969 0.554688 0.923828 0.755859 0.929688 0.759766 0.929688 0.707031 0.970703 0.570312 0.972656 0.601562 0.945312 0.699219 0.935547 0.708984 0.933594 0.755859 0.943359 0.769531 0.998047 0.781250 0.988281 0.767578 0.996094 0.761719 0.998047 0.714844 0.980469 0.714844 0.982422 0.687500 0.998047 0.667969 0.998047 0.562500
2 0.763672 0.585938 0.763672 0.601562 0.761719 0.603516 0.761719 0.615234 0.763672 0.617188 0.785156 0.621094 0.792969 0.625000 0.802734 0.625000 0.804688 0.626953 0.816406 0.628906 0.818359 0.630859 0.830078 0.630859 0.832031 0.628906 0.832031 0.615234 0.833984 0.613281 0.833984 0.609375 0.830078 0.601562 0.826172 0.597656 0.812500 0.591797 0.800781 0.591797 0.798828 0.589844 0.792969 0.589844 0.773438 0.580078 0.767578 0.580078
2 0.000000 0.593750 0.000000 0.666016 0.001953 0.667969 0.017578 0.669922 0.027344 0.673828 0.039062 0.673828 0.041016 0.667969 0.046875 0.662109 0.050781 0.662109 0.054688 0.658203 0.054688 0.638672 0.058594 0.626953 0.058594 0.615234 0.052734 0.609375 0.042969 0.607422 0.031250 0.601562 0.019531 0.601562 0.005859 0.593750
2 0.140625 0.626953 0.140625 0.630859 0.142578 0.632812 0.142578 0.634766 0.142578 0.626953
2 0.117188 0.638672 0.107422 0.673828 0.109375 0.679688 0.130859 0.685547 0.132812 0.689453 0.123047 0.699219 0.121094 0.720703 0.113281 0.722656 0.113281 0.744141 0.134766 0.761719 0.150391 0.763672 0.156250 0.742188 0.167969 0.734375 0.169922 0.708984 0.162109 0.703125 0.162109 0.697266 0.146484 0.685547 0.138672 0.687500 0.130859 0.685547 0.136719 0.671875 0.142578 0.667969 0.146484 0.660156 0.144531 0.642578 0.140625 0.638672
2 0.169922 0.658203 0.173828 0.662109 0.171875 0.669922 0.167969 0.664062 0.171875 0.677734 0.189453 0.707031 0.201172 0.712891 0.205078 0.722656 0.226562 0.722656 0.253906 0.710938 0.263672 0.732422 0.304688 0.744141 0.332031 0.744141 0.339844 0.712891 0.349609 0.695312 0.341797 0.671875 0.291016 0.658203 0.253906 0.654297 0.248047 0.656250 0.246094 0.677734 0.240234 0.654297 0.222656 0.652344 0.208984 0.642578 0.203125 0.642578 0.193359 0.656250 0.183594 0.652344 0.183594 0.642578 0.183594 0.652344
2 0.160156 0.658203 0.158203 0.658203 0.158203 0.666016 0.156250 0.667969 0.156250 0.669922 0.158203 0.671875 0.160156 0.669922 0.162109 0.669922 0.162109 0.662109 0.160156 0.662109 0.158203 0.660156
2 0.763672 0.662109 0.757812 0.669922 0.757812 0.673828 0.755859 0.675781 0.755859 0.681641 0.753906 0.683594 0.753906 0.687500 0.750000 0.691406 0.748047 0.701172 0.751953 0.705078 0.769531 0.707031 0.771484 0.708984 0.775391 0.708984 0.777344 0.710938 0.789062 0.710938 0.791016 0.708984 0.791016 0.705078 0.792969 0.703125 0.792969 0.693359 0.794922 0.691406 0.794922 0.685547 0.796875 0.683594 0.796875 0.679688 0.798828 0.677734 0.798828 0.671875 0.796875 0.669922 0.789062 0.669922 0.787109 0.667969 0.781250 0.667969 0.779297 0.666016 0.775391 0.666016 0.769531 0.662109
2 0.361328 0.679688 0.355469 0.683594 0.353516 0.689453 0.351562 0.724609 0.349609 0.726562 0.349609 0.742188 0.347656 0.744141 0.349609 0.750000 0.347656 0.763672 0.351562 0.771484 0.359375 0.771484 0.367188 0.775391 0.386719 0.775391 0.388672 0.773438 0.388672 0.746094 0.390625 0.744141 0.392578 0.722656 0.396484 0.710938 0.390625 0.701172 0.392578 0.687500 0.386719 0.683594
2 0.437500 0.693359 0.429688 0.699219 0.425781 0.708984 0.421875 0.712891 0.412109 0.769531 0.421875 0.775391 0.447266 0.779297 0.464844 0.785156 0.468750 0.767578 0.474609 0.755859 0.476562 0.742188 0.482422 0.730469 0.480469 0.708984 0.451172 0.695312
2 0.490234 0.720703 0.482422 0.775391 0.484375 0.789062 0.501953 0.791016 0.533203 0.804688 0.560547 0.806641 0.607422 0.824219 0.619141 0.824219 0.626953 0.816406 0.634766 0.777344 0.632812 0.748047 0.562500 0.730469 0.537109 0.716797 0.517578 0.710938 0.500000 0.712891
2 0.683594 0.763672 0.685547 0.828125 0.679688 0.847656 0.779297 0.871094 0.808594 0.880859 0.816406 0.890625 0.849609 0.894531 0.859375 0.890625 0.865234 0.835938 0.857422 0.794922 0.845703 0.791016 0.822266 0.792969 0.767578 0.781250 0.689453 0.759766
2 0.941406 0.839844 0.943359 0.841797 0.941406 0.845703 0.943359 0.847656 0.941406 0.851562 0.943359 0.853516 0.941406 0.855469 0.943359 0.857422 0.941406 0.859375 0.943359 0.861328 0.941406 0.863281 0.945312 0.869141 0.951172 0.869141 0.957031 0.873047 0.962891 0.873047 0.964844 0.875000 0.986328 0.875000 0.988281 0.873047 0.992188 0.865234 0.992188 0.861328 0.994141 0.859375 0.994141 0.845703 0.992188 0.843750 0.986328 0.843750 0.984375 0.841797 0.978516 0.841797 0.976562 0.839844 0.970703 0.839844 0.968750 0.837891 0.960938 0.837891 0.958984 0.835938 0.953125 0.835938 0.951172 0.833984 0.947266 0.833984
2 0.289062 0.863281 0.289062 0.888672 0.291016 0.890625 0.292969 0.908203 0.296875 0.916016 0.337891 0.916016 0.339844 0.914062 0.345703 0.914062 0.355469 0.910156 0.355469 0.892578 0.351562 0.886719 0.351562 0.876953 0.345703 0.867188 0.339844 0.863281 0.332031 0.861328 0.328125 0.857422 0.298828 0.857422 0.296875 0.859375 0.292969 0.859375
5 0.250000 0.238281 0.244141 0.240234 0.238281 0.250000 0.238281 0.296875 0.216797 0.375000 0.218750 0.384766 0.212891 0.396484 0.214844 0.427734 0.226562 0.435547 0.232422 0.433594 0.240234 0.421875 0.238281 0.400391 0.244141 0.386719 0.242188 0.378906 0.255859 0.339844 0.255859 0.324219 0.263672 0.302734 0.263672 0.251953 0.261719 0.246094
5 0.000000 0.535156 0.001953 0.560547 0.658203 0.732422 0.623047 0.998047 0.650391 0.998047 0.685547 0.746094 0.916016 0.800781 0.898438 0.998047 0.931641 0.964844 0.941406 0.812500 0.998047 0.832031 0.998047 0.800781 0.160156 0.583984 0.177734 0.447266 0.123047 0.572266
6 0.144531 0.003906 0.126953 0.027344 0.111328 0.023438 0.109375 0.041016 0.091797 0.044922 0.074219 0.064453 0.078125 0.109375 0.070312 0.125000 0.076172 0.218750 0.087891 0.232422 0.113281 0.242188 0.123047 0.277344 0.220703 0.302734 0.232422 0.283203 0.242188 0.205078 0.238281 0.166016 0.228516 0.162109 0.234375 0.156250 0.226562 0.150391 0.230469 0.140625 0.224609 0.134766 0.214844 0.033203 0.201172 0.021484 0.201172 0.005859 0.191406 0.000000 0.154297 0.007812
6 0.107422 0.003906 0.105469 0.003906 0.103516 0.005859 0.107422 0.009766 0.105469 0.011719 0.107422 0.009766
6 0.578125 0.259766 0.541016 0.279297 0.537109 0.310547 0.542969 0.332031 0.560547 0.341797 0.560547 0.351562 0.570312 0.353516 0.568359 0.361328 0.560547 0.361328 0.566406 0.400391 0.558594 0.421875 0.578125 0.435547 0.574219 0.439453 0.599609 0.445312 0.595703 0.443359 0.601562 0.437500 0.585938 0.435547 0.607422 0.425781 0.611328 0.435547 0.605469 0.439453 0.615234 0.439453 0.619141 0.419922 0.615234 0.359375 0.605469 0.355469 0.609375 0.365234 0.603516 0.369141 0.599609 0.347656 0.613281 0.337891 0.617188 0.341797 0.623047 0.335938 0.634766 0.337891 0.650391 0.310547 0.654297 0.277344 0.615234 0.267578 0.617188 0.261719
6 0.337891 0.373047 0.333984 0.390625 0.322266 0.402344 0.312500 0.558594 0.316406 0.570312 0.314453 0.603516 0.322266 0.613281 0.373047 0.625000 0.382812 0.619141 0.396484 0.517578 0.390625 0.505859 0.396484 0.468750 0.388672 0.464844 0.390625 0.455078 0.382812 0.447266 0.378906 0.398438 0.369141 0.396484 0.378906 0.392578 0.365234 0.384766 0.363281 0.375000 0.353516 0.378906
