0 0.441406 0.300781 0.439453 0.302734 0.435547 0.302734 0.423828 0.308594 0.421875 0.312500 0.421875 0.328125 0.423828 0.330078 0.423828 0.337891 0.425781 0.341797 0.433594 0.347656 0.439453 0.349609 0.445312 0.355469 0.451172 0.357422 0.458984 0.353516 0.458984 0.349609 0.460938 0.345703 0.466797 0.339844 0.474609 0.335938 0.474609 0.314453 0.470703 0.310547 0.468750 0.310547 0.464844 0.306641 0.457031 0.302734 0.453125 0.302734 0.451172 0.300781
0 0.363281 0.646484 0.357422 0.652344 0.357422 0.683594 0.353516 0.691406 0.355469 0.730469 0.365234 0.738281 0.371094 0.740234 0.394531 0.740234 0.402344 0.736328 0.402344 0.714844 0.406250 0.707031 0.406250 0.658203 0.404297 0.656250 0.404297 0.648438 0.400391 0.644531
0 0.990234 0.683594 0.945312 0.675781 0.972656 0.701172 0.917969 0.718750 0.902344 0.751953 0.884766 0.923828 0.855469 0.935547 0.777344 0.906250 0.742188 0.917969 0.708984 0.902344 0.683594 0.923828 0.658203 0.927734 0.662109 0.998047 0.998047 0.998047
2 0.830078 0.000000 0.822266 0.003906 0.814453 0.021484 0.818359 0.044922 0.828125 0.062500 0.830078 0.074219 0.841797 0.080078 0.833984 0.083984 0.833984 0.128906 0.839844 0.134766 0.863281 0.134766 0.882812 0.125000 0.888672 0.093750 0.894531 0.089844 0.894531 0.085938 0.888672 0.083984 0.886719 0.074219 0.867188 0.072266 0.880859 0.066406 0.873047 0.058594 0.878906 0.052734 0.878906 0.044922 0.875000 0.042969 0.878906 0.031250 0.873047 0.021484 0.873047 0.000000
2 0.916016 0.000000 0.919922 0.000000 0.921875 0.001953 0.921875 0.003906 0.923828 0.005859 0.925781 0.003906 0.921875 0.000000
2 0.947266 0.003906 0.972656 0.007812 0.935547 0.013672 0.921875 0.023438 0.923828 0.054688 0.941406 0.070312 0.939453 0.121094 0.955078 0.128906 0.945312 0.130859 0.937500 0.138672 0.935547 0.152344 0.953125 0.173828 0.994141 0.171875 0.998047 0.001953
2 0.617188 0.005859 0.607422 0.011719 0.603516 0.017578 0.603516 0.027344 0.613281 0.039062 0.619141 0.039062 0.621094 0.041016 0.615234 0.044922 0.611328 0.044922 0.609375 0.048828 0.609375 0.074219 0.617188 0.078125 0.632812 0.078125 0.634766 0.076172 0.634766 0.058594 0.638672 0.050781 0.638672 0.046875 0.634766 0.044922 0.636719 0.042969 0.642578 0.042969 0.646484 0.037109 0.646484 0.015625 0.632812 0.011719 0.623047 0.005859
2 0.757812 0.058594 0.755859 0.060547 0.755859 0.070312 0.753906 0.072266 0.753906 0.091797 0.755859 0.093750 0.755859 0.103516 0.771484 0.117188 0.781250 0.117188 0.783203 0.119141 0.806641 0.119141 0.810547 0.117188 0.810547 0.093750 0.812500 0.091797 0.812500 0.080078 0.808594 0.076172 0.808594 0.062500 0.800781 0.058594 0.791016 0.058594 0.789062 0.056641 0.763672 0.056641 0.761719 0.058594
2 0.597656 0.121094 0.593750 0.125000 0.593750 0.126953 0.591797 0.128906 0.591797 0.136719 0.589844 0.138672 0.589844 0.150391 0.591797 0.152344 0.593750 0.152344 0.595703 0.154297 0.599609 0.154297 0.601562 0.156250 0.611328 0.156250 0.613281 0.158203 0.619141 0.158203 0.623047 0.154297 0.623047 0.144531 0.625000 0.142578 0.625000 0.126953 0.623047 0.126953 0.621094 0.125000 0.613281 0.125000 0.611328 0.123047 0.607422 0.123047 0.605469 0.121094
2 0.474609 0.130859 0.462891 0.228516 0.500000 0.248047 0.509766 0.246094 0.521484 0.250000 0.544922 0.250000 0.548828 0.244141 0.550781 0.228516 0.548828 0.208984 0.560547 0.199219 0.560547 0.187500 0.517578 0.177734 0.517578 0.164062 0.531250 0.150391 0.529297 0.138672 0.507812 0.132812
2 0.773438 0.138672 0.730469 0.136719 0.726562 0.138672 0.718750 0.162109 0.722656 0.166016 0.742188 0.169922 0.718750 0.265625 0.718750 0.281250 0.724609 0.285156 0.738281 0.285156 0.748047 0.234375 0.763672 0.173828 0.757812 0.169922 0.761719 0.167969 0.763672 0.154297 0.775391 0.146484
2 0.832031 0.171875 0.830078 0.175781 0.830078 0.208984 0.828125 0.210938 0.828125 0.218750 0.826172 0.222656 0.830078 0.224609 0.837891 0.224609 0.839844 0.226562 0.847656 0.226562 0.849609 0.228516 0.882812 0.228516 0.882812 0.216797 0.884766 0.214844 0.884766 0.195312 0.886719 0.193359 0.886719 0.179688 0.888672 0.177734 0.882812 0.173828 0.867188 0.173828 0.865234 0.171875
2 0.574219 0.193359 0.574219 0.197266 0.576172 0.197266 0.576172 0.193359
2 0.587891 0.191406 0.587891 0.193359 0.589844 0.193359 0.589844 0.191406
2 0.556641 0.220703 0.554688 0.253906 0.566406 0.263672 0.585938 0.265625 0.591797 0.261719 0.599609 0.261719 0.607422 0.255859 0.609375 0.244141 0.613281 0.240234 0.611328 0.232422 0.613281 0.226562 0.619141 0.220703 0.621094 0.222656 0.619141 0.230469 0.621094 0.232422 0.621094 0.248047 0.625000 0.244141 0.621094 0.232422 0.623047 0.224609 0.619141 0.220703 0.625000 0.214844 0.621094 0.210938 0.615234 0.208984 0.607422 0.210938 0.601562 0.208984 0.599609 0.205078 0.574219 0.201172 0.566406 0.210938 0.560547 0.212891
2 0.818359 0.228516 0.814453 0.230469 0.808594 0.242188 0.808594 0.255859 0.804688 0.263672 0.804688 0.273438 0.798828 0.283203 0.798828 0.296875 0.808594 0.302734 0.800781 0.306641 0.800781 0.316406 0.804688 0.326172 0.810547 0.330078 0.828125 0.332031 0.835938 0.324219 0.835938 0.318359 0.839844 0.310547 0.837891 0.306641 0.849609 0.300781 0.845703 0.291016 0.851562 0.271484 0.859375 0.261719 0.859375 0.255859 0.851562 0.250000 0.845703 0.250000 0.839844 0.244141 0.841797 0.238281 0.839844 0.232422
2 0.099609 0.273438 0.093750 0.265625 0.083984 0.263672 0.072266 0.255859 0.070312 0.255859 0.064453 0.263672 0.042969 0.263672 0.041016 0.261719 0.019531 0.259766 0.013672 0.267578 0.013672 0.281250 0.019531 0.287109 0.019531 0.304688 0.023438 0.308594 0.035156 0.310547 0.037109 0.312500 0.052734 0.312500 0.062500 0.304688 0.083984 0.300781 0.087891 0.291016 0.097656 0.283203
2 0.292969 0.269531 0.289062 0.281250 0.291016 0.419922 0.335938 0.429688 0.316406 0.433594 0.314453 0.492188 0.369141 0.496094 0.373047 0.437500 0.337891 0.431641 0.369141 0.425781 0.365234 0.310547 0.341797 0.283203
2 0.214844 0.294922 0.212891 0.298828 0.201172 0.308594 0.199219 0.324219 0.195312 0.333984 0.195312 0.341797 0.201172 0.349609 0.208984 0.349609 0.210938 0.351562 0.224609 0.351562 0.226562 0.353516 0.250000 0.353516 0.255859 0.345703 0.255859 0.339844 0.261719 0.333984 0.265625 0.335938 0.267578 0.332031 0.267578 0.326172 0.269531 0.324219 0.269531 0.316406 0.267578 0.312500 0.261719 0.306641 0.238281 0.302734 0.226562 0.294922
2 0.464844 0.343750 0.462891 0.369141 0.466797 0.382812 0.466797 0.402344 0.468750 0.404297 0.492188 0.404297 0.498047 0.398438 0.513672 0.419922 0.521484 0.417969 0.533203 0.394531 0.533203 0.376953 0.537109 0.361328 0.533203 0.357422 0.509766 0.355469 0.505859 0.369141 0.498047 0.375000 0.496094 0.386719 0.490234 0.361328 0.490234 0.347656 0.482422 0.341797
2 0.568359 0.357422 0.566406 0.359375 0.564453 0.359375 0.564453 0.361328 0.562500 0.363281 0.562500 0.367188 0.560547 0.369141 0.560547 0.373047 0.558594 0.375000 0.558594 0.380859 0.556641 0.382812 0.556641 0.394531 0.562500 0.400391 0.566406 0.400391 0.568359 0.402344 0.578125 0.402344 0.580078 0.400391 0.585938 0.398438 0.589844 0.394531 0.589844 0.390625 0.591797 0.388672 0.591797 0.384766 0.593750 0.382812 0.593750 0.378906 0.595703 0.376953 0.595703 0.369141 0.597656 0.367188 0.597656 0.365234 0.593750 0.359375 0.591797 0.361328 0.589844 0.361328 0.587891 0.359375 0.578125 0.359375 0.576172 0.357422
2 0.000000 0.398438 0.000000 0.447266 0.003906 0.449219 0.007812 0.449219 0.009766 0.451172 0.037109 0.451172 0.037109 0.445312 0.039062 0.443359 0.039062 0.427734 0.041016 0.425781 0.041016 0.404297 0.039062 0.404297 0.031250 0.398438
2 0.746094 0.406250 0.734375 0.404297 0.732422 0.402344 0.726562 0.402344 0.718750 0.406250 0.714844 0.416016 0.710938 0.417969 0.703125 0.417969 0.701172 0.416016 0.697266 0.417969 0.693359 0.435547 0.691406 0.437500 0.685547 0.437500 0.683594 0.451172 0.693359 0.460938 0.714844 0.462891 0.716797 0.464844 0.732422 0.464844 0.736328 0.466797 0.738281 0.464844 0.740234 0.445312 0.742188 0.443359 0.742188 0.435547 0.744141 0.433594 0.744141 0.425781 0.746094 0.423828
2 0.806641 0.416016 0.804688 0.417969 0.804688 0.425781 0.802734 0.427734 0.802734 0.435547 0.800781 0.437500 0.800781 0.441406 0.804688 0.445312 0.810547 0.445312 0.812500 0.447266 0.814453 0.447266 0.820312 0.451172 0.832031 0.451172 0.832031 0.437500 0.833984 0.435547 0.833984 0.427734 0.832031 0.425781 0.832031 0.417969 0.830078 0.417969 0.828125 0.416016
2 0.246094 0.439453 0.240234 0.515625 0.275391 0.519531 0.275391 0.611328 0.287109 0.615234 0.345703 0.615234 0.345703 0.500000 0.283203 0.496094 0.277344 0.500000 0.275391 0.515625 0.273438 0.488281 0.279297 0.457031 0.265625 0.453125 0.257812 0.441406
2 0.000000 0.470703 0.000000 0.531250 0.007812 0.531250 0.011719 0.525391 0.011719 0.521484 0.017578 0.515625 0.023438 0.515625 0.027344 0.511719 0.027344 0.494141 0.029297 0.492188 0.029297 0.486328 0.031250 0.484375 0.031250 0.476562 0.029297 0.476562 0.027344 0.474609 0.019531 0.474609 0.017578 0.472656 0.009766 0.472656 0.007812 0.470703
2 0.195312 0.484375 0.183594 0.490234 0.179688 0.490234 0.175781 0.494141 0.175781 0.501953 0.181641 0.507812 0.183594 0.511719 0.183594 0.541016 0.187500 0.542969 0.205078 0.542969 0.207031 0.541016 0.207031 0.523438 0.210938 0.519531 0.214844 0.519531 0.218750 0.513672 0.218750 0.503906 0.216797 0.501953 0.216797 0.494141 0.214844 0.492188 0.214844 0.488281 0.210938 0.488281 0.208984 0.486328 0.203125 0.486328 0.201172 0.484375
2 0.636719 0.500000 0.632812 0.503906 0.632812 0.509766 0.634766 0.511719 0.634766 0.542969 0.636719 0.544922 0.650391 0.544922 0.652344 0.546875 0.654297 0.544922 0.677734 0.544922 0.681641 0.537109 0.681641 0.521484 0.671875 0.513672 0.673828 0.509766 0.673828 0.496094 0.671875 0.494141 0.664062 0.494141 0.662109 0.492188 0.648438 0.492188 0.642578 0.498047
2 0.849609 0.531250 0.847656 0.546875 0.839844 0.572266 0.841797 0.580078 0.867188 0.583984 0.867188 0.572266 0.869141 0.570312 0.871094 0.572266 0.871094 0.597656 0.875000 0.601562 0.882812 0.601562 0.900391 0.607422 0.916016 0.607422 0.923828 0.582031 0.923828 0.558594 0.921875 0.554688 0.916016 0.550781 0.894531 0.546875 0.873047 0.548828 0.869141 0.531250
2 0.722656 0.550781 0.703125 0.550781 0.701172 0.548828 0.697266 0.550781 0.687500 0.550781 0.683594 0.560547 0.677734 0.560547 0.664062 0.554688 0.644531 0.552734 0.642578 0.558594 0.642578 0.597656 0.644531 0.599609 0.720703 0.599609 0.724609 0.597656 0.724609 0.583984 0.726562 0.582031 0.726562 0.556641
2 0.998047 0.601562 0.992188 0.601562 0.980469 0.611328 0.968750 0.613281 0.966797 0.615234 0.958984 0.615234 0.949219 0.619141 0.947266 0.623047 0.947266 0.638672 0.949219 0.640625 0.951172 0.650391 0.947266 0.654297 0.943359 0.664062 0.943359 0.667969 0.945312 0.669922 0.955078 0.671875 0.957031 0.673828 0.968750 0.673828 0.970703 0.675781 0.982422 0.675781 0.992188 0.664062 0.994141 0.656250 0.998047 0.654297
2 0.000000 0.638672 0.000000 0.701172 0.021484 0.701172 0.023438 0.703125 0.037109 0.703125 0.039062 0.701172 0.039062 0.695312 0.041016 0.693359 0.041016 0.683594 0.044922 0.675781 0.044922 0.656250 0.042969 0.654297 0.041016 0.646484 0.033203 0.640625 0.021484 0.640625 0.019531 0.638672 0.009766 0.638672 0.007812 0.636719
2 0.353516 0.648438 0.349609 0.648438 0.347656 0.646484 0.337891 0.646484 0.335938 0.644531 0.332031 0.646484 0.304688 0.646484 0.302734 0.648438 0.298828 0.648438 0.296875 0.650391 0.296875 0.656250 0.294922 0.658203 0.294922 0.673828 0.296875 0.675781 0.298828 0.689453 0.304688 0.693359 0.341797 0.693359 0.343750 0.691406 0.347656 0.691406 0.353516 0.683594
2 0.507812 0.650391 0.507812 0.685547 0.509766 0.687500 0.554688 0.687500 0.556641 0.685547 0.556641 0.679688 0.554688 0.677734 0.554688 0.662109 0.552734 0.660156 0.552734 0.654297 0.550781 0.652344 0.548828 0.652344 0.546875 0.650391 0.535156 0.650391 0.533203 0.648438 0.527344 0.648438 0.525391 0.646484 0.513672 0.646484
2 0.156250 0.652344 0.150391 0.662109 0.154297 0.693359 0.169922 0.699219 0.156250 0.705078 0.158203 0.785156 0.171875 0.791016 0.158203 0.792969 0.160156 0.873047 0.169922 0.880859 0.167969 0.943359 0.177734 0.998047 0.250000 0.998047 0.248047 0.875000 0.216797 0.876953 0.216797 0.851562 0.224609 0.841797 0.218750 0.810547 0.199219 0.787109 0.212891 0.773438 0.205078 0.740234 0.212891 0.712891 0.199219 0.697266 0.208984 0.687500 0.205078 0.666016 0.193359 0.650391
2 0.099609 0.654297 0.099609 0.662109 0.097656 0.664062 0.097656 0.675781 0.095703 0.677734 0.095703 0.681641 0.093750 0.683594 0.093750 0.687500 0.091797 0.689453 0.089844 0.699219 0.091797 0.701172 0.095703 0.701172 0.097656 0.703125 0.099609 0.703125 0.109375 0.710938 0.117188 0.710938 0.119141 0.708984 0.119141 0.707031 0.117188 0.705078 0.119141 0.703125 0.119141 0.701172 0.117188 0.699219 0.119141 0.697266 0.119141 0.695312 0.115234 0.691406 0.115234 0.681641 0.119141 0.675781 0.119141 0.673828 0.117188 0.671875 0.119141 0.669922 0.117188 0.667969 0.119141 0.666016 0.119141 0.664062 0.117188 0.662109 0.119141 0.660156 0.117188 0.658203 0.119141 0.656250 0.117188 0.656250 0.115234 0.654297 0.109375 0.654297 0.107422 0.656250 0.105469 0.654297 0.103516 0.654297 0.101562 0.656250
2 0.630859 0.679688 0.632812 0.722656 0.638672 0.726562 0.732422 0.740234 0.755859 0.738281 0.765625 0.730469 0.833984 0.736328 0.849609 0.732422 0.835938 0.718750 0.826172 0.687500 0.810547 0.681641 0.757812 0.677734 0.736328 0.683594 0.726562 0.677734 0.689453 0.673828 0.636719 0.673828
2 0.589844 0.765625 0.576172 0.753906 0.574219 0.750000 0.574219 0.734375 0.568359 0.730469 0.548828 0.732422 0.541016 0.736328 0.541016 0.753906 0.537109 0.757812 0.517578 0.757812 0.515625 0.759766 0.498047 0.759766 0.494141 0.761719 0.492188 0.767578 0.494141 0.787109 0.496094 0.789062 0.544922 0.787109 0.546875 0.785156 0.552734 0.787109 0.589844 0.787109
2 0.369141 0.746094 0.361328 0.751953 0.361328 0.761719 0.363281 0.763672 0.363281 0.777344 0.365234 0.779297 0.367188 0.777344 0.367188 0.771484 0.371094 0.769531 0.375000 0.777344 0.375000 0.787109 0.378906 0.787109 0.382812 0.791016 0.382812 0.794922 0.386719 0.798828 0.390625 0.798828 0.392578 0.800781 0.396484 0.800781 0.398438 0.798828 0.406250 0.798828 0.406250 0.775391 0.404297 0.773438 0.404297 0.753906 0.402344 0.751953 0.402344 0.742188 0.382812 0.744141 0.380859 0.746094
2 0.349609 0.751953 0.343750 0.751953 0.347656 0.775391 0.343750 0.783203 0.308594 0.785156 0.279297 0.796875 0.279297 0.835938 0.287109 0.845703 0.279297 0.878906 0.289062 0.884766 0.279297 0.927734 0.281250 0.943359 0.289062 0.953125 0.287109 0.998047 0.359375 0.998047 0.367188 0.974609 0.369141 0.939453 0.361328 0.875000 0.359375 0.783203
2 0.882812 0.751953 0.873047 0.751953 0.871094 0.753906 0.869141 0.751953 0.865234 0.753906 0.845703 0.753906 0.839844 0.759766 0.837891 0.767578 0.835938 0.769531 0.835938 0.802734 0.837891 0.804688 0.875000 0.804688 0.876953 0.802734 0.892578 0.802734 0.892578 0.787109 0.890625 0.785156 0.890625 0.777344 0.888672 0.775391 0.888672 0.759766
2 0.330078 0.755859 0.328125 0.757812 0.328125 0.759766 0.330078 0.761719 0.333984 0.757812 0.332031 0.757812
2 0.125000 0.773438 0.089844 0.777344 0.070312 0.796875 0.074219 0.806641 0.070312 0.816406 0.074219 0.820312 0.068359 0.828125 0.072266 0.851562 0.066406 0.867188 0.064453 0.998047 0.150391 0.996094 0.132812 0.876953 0.134766 0.800781
2 0.000000 0.781250 0.000000 0.826172 0.044922 0.826172 0.050781 0.822266 0.050781 0.812500 0.048828 0.810547 0.048828 0.794922 0.044922 0.791016 0.041016 0.791016 0.039062 0.792969 0.025391 0.792969 0.011719 0.783203 0.007812 0.783203 0.005859 0.781250
2 0.392578 0.843750 0.390625 0.876953 0.394531 0.902344 0.398438 0.998047 0.425781 0.998047 0.421875 0.976562 0.421875 0.921875 0.416016 0.888672 0.416016 0.851562 0.412109 0.841797
4 0.439453 0.000000 0.441406 0.001953 0.439453 0.003906 0.439453 0.007812 0.441406 0.007812 0.439453 0.005859 0.441406 0.003906 0.441406 0.000000
4 0.439453 0.011719 0.439453 0.013672 0.441406 0.015625 0.439453 0.017578 0.441406 0.017578 0.441406 0.015625 0.439453 0.013672 0.441406 0.011719
4 0.441406 0.021484 0.439453 0.021484 0.439453 0.023438 0.437500 0.025391 0.437500 0.029297 0.435547 0.031250 0.437500 0.033203 0.437500 0.035156 0.437500 0.031250 0.439453 0.029297 0.439453 0.027344 0.441406 0.025391 0.439453 0.023438
4 0.642578 0.824219 0.656250 0.916016 0.685547 0.910156 0.705078 0.896484 0.722656 0.900391 0.734375 0.912109 0.750000 0.912109 0.765625 0.898438 0.814453 0.914062 0.839844 0.914062 0.851562 0.908203 0.880859 0.912109 0.878906 0.882812 0.886719 0.841797 0.878906 0.835938 0.806641 0.837891 0.728516 0.824219
5 0.462891 0.000000 0.398438 0.248047 0.000000 0.132812 0.392578 0.273438 0.419922 0.617188 0.000000 0.603516 0.121094 0.656250 0.156250 0.998047 0.140625 0.656250 0.248047 0.644531 0.275391 0.998047 0.271484 0.636719 0.421875 0.638672 0.480469 0.998047 0.416016 0.285156 0.609375 0.332031 0.636719 0.998047 0.630859 0.341797 0.998047 0.433594 0.427734 0.250000
6 0.000000 0.000000 0.001953 0.107422 0.117188 0.136719 0.140625 0.166016 0.195312 0.162109 0.333984 0.214844 0.375000 0.201172 0.386719 0.185547 0.404297 0.078125 0.406250 0.000000
