0 0.693359 0.039062 0.599609 0.003906 0.552734 0.015625 0.507812 0.007812 0.328125 0.046875 0.328125 0.101562 0.349609 0.146484 0.507812 0.115234 0.544922 0.126953 0.277344 0.203125 0.275391 0.308594 0.632812 0.224609 0.669922 0.169922 0.687500 0.105469 0.679688 0.087891 0.699219 0.058594
0 0.763672 0.308594 0.654297 0.255859 0.503906 0.287109 0.474609 0.300781 0.375000 0.324219 0.380859 0.365234 0.361328 0.380859 0.361328 0.414062 0.378906 0.417969 0.421875 0.400391 0.472656 0.394531 0.587891 0.361328 0.691406 0.341797 0.759766 0.322266
0 0.976562 0.406250 0.837891 0.339844 0.611328 0.390625 0.603516 0.412109 0.574219 0.400391 0.447266 0.423828 0.279297 0.476562 0.281250 0.587891 0.322266 0.576172 0.312500 0.531250 0.335938 0.511719 0.369141 0.507812 0.382812 0.556641 0.414062 0.562500 0.962891 0.427734
0 0.998047 0.455078 0.298828 0.630859 0.277344 0.792969 0.355469 0.996094 0.984375 0.998047 0.998047 0.982422
0 0.099609 0.843750 0.103516 0.875000 0.148438 0.998047 0.314453 0.998047 0.310547 0.976562 0.281250 0.916016 0.246094 0.816406 0.232422 0.808594 0.205078 0.810547 0.111328 0.835938
0 0.011719 0.857422 0.009766 0.873047 0.000000 0.876953 0.000000 0.904297 0.027344 0.998047 0.109375 0.998047 0.107422 0.978516 0.080078 0.906250 0.078125 0.886719 0.064453 0.867188 0.056641 0.845703 0.042969 0.855469
0 0.015625 0.992188 0.015625 0.998047 0.017578 0.998047 0.017578 0.992188
0 0.988281 0.992188 0.990234 0.992188 0.994141 0.996094 0.994141 0.998047 0.994141 0.994141 0.992188 0.992188
1 0.638672 0.000000 0.656250 0.013672 0.710938 0.027344 0.761719 0.060547 0.835938 0.066406 0.853516 0.056641 0.863281 0.066406 0.896484 0.072266 0.982422 0.072266 0.998047 0.056641 0.998047 0.000000
2 0.150391 0.015625 0.152344 0.019531 0.152344 0.025391 0.156250 0.033203 0.156250 0.042969 0.158203 0.044922 0.158203 0.050781 0.160156 0.052734 0.175781 0.050781 0.177734 0.048828 0.203125 0.048828 0.210938 0.044922 0.210938 0.035156 0.208984 0.033203 0.208984 0.025391 0.207031 0.023438 0.205078 0.013672 0.201172 0.009766 0.201172 0.007812 0.197266 0.005859 0.189453 0.005859 0.181641 0.000000 0.169922 0.000000 0.160156 0.009766 0.156250 0.009766
2 0.078125 0.021484 0.078125 0.025391 0.082031 0.031250 0.083984 0.044922 0.095703 0.064453 0.099609 0.066406 0.107422 0.066406 0.109375 0.064453 0.123047 0.062500 0.136719 0.056641 0.148438 0.054688 0.154297 0.050781 0.152344 0.046875 0.152344 0.039062 0.146484 0.025391 0.146484 0.019531 0.142578 0.013672 0.138672 0.013672 0.136719 0.011719 0.113281 0.011719 0.111328 0.013672 0.105469 0.013672 0.095703 0.017578 0.085938 0.017578
2 0.066406 0.023438 0.048828 0.025391 0.011719 0.041016 0.013672 0.070312 0.019531 0.083984 0.062500 0.074219 0.076172 0.076172 0.042969 0.087891 0.048828 0.117188 0.054688 0.126953 0.072266 0.125000 0.089844 0.117188 0.095703 0.111328 0.089844 0.105469 0.083984 0.078125 0.076172 0.074219 0.083984 0.070312 0.083984 0.054688 0.082031 0.050781 0.076172 0.050781 0.072266 0.046875 0.070312 0.025391
2 0.205078 0.052734 0.162109 0.056641 0.154297 0.064453 0.138672 0.062500 0.103516 0.072266 0.101562 0.089844 0.105469 0.107422 0.107422 0.109375 0.128906 0.109375 0.154297 0.103516 0.158203 0.080078 0.160156 0.082031 0.160156 0.099609 0.167969 0.105469 0.173828 0.103516 0.183594 0.105469 0.189453 0.099609 0.207031 0.093750 0.208984 0.078125 0.205078 0.064453
2 0.314453 0.058594 0.300781 0.058594 0.298828 0.060547 0.292969 0.060547 0.277344 0.068359 0.273438 0.072266 0.269531 0.072266 0.267578 0.076172 0.269531 0.078125 0.269531 0.091797 0.271484 0.093750 0.271484 0.097656 0.273438 0.101562 0.277344 0.105469 0.283203 0.105469 0.285156 0.103516 0.294922 0.103516 0.296875 0.101562 0.306641 0.101562 0.308594 0.099609 0.318359 0.099609 0.324219 0.095703 0.322266 0.091797 0.322266 0.082031 0.320312 0.080078 0.320312 0.072266 0.318359 0.070312 0.318359 0.064453
2 0.029297 0.089844 0.019531 0.089844 0.017578 0.091797 0.003906 0.091797 0.000000 0.093750 0.000000 0.144531 0.015625 0.144531 0.017578 0.142578 0.031250 0.142578 0.033203 0.140625 0.039062 0.140625 0.046875 0.134766 0.046875 0.128906 0.039062 0.117188 0.039062 0.111328 0.037109 0.109375 0.037109 0.103516 0.035156 0.101562 0.035156 0.097656
2 0.308594 0.107422 0.296875 0.107422 0.294922 0.109375 0.289062 0.109375 0.287109 0.111328 0.277344 0.111328 0.275391 0.113281 0.267578 0.113281 0.263672 0.115234 0.261719 0.119141 0.263672 0.123047 0.261719 0.125000 0.263672 0.126953 0.261719 0.130859 0.263672 0.132812 0.263672 0.138672 0.265625 0.140625 0.265625 0.150391 0.271484 0.158203 0.275391 0.160156 0.302734 0.158203 0.304688 0.156250 0.310547 0.156250 0.314453 0.152344 0.312500 0.138672 0.306641 0.126953 0.306641 0.121094 0.308594 0.119141
2 0.203125 0.140625 0.193359 0.140625 0.171875 0.146484 0.164062 0.152344 0.156250 0.152344 0.156250 0.167969 0.160156 0.181641 0.171875 0.183594 0.175781 0.187500 0.175781 0.195312 0.189453 0.193359 0.197266 0.195312 0.191406 0.199219 0.162109 0.205078 0.158203 0.208984 0.160156 0.210938 0.158203 0.226562 0.162109 0.242188 0.179688 0.250000 0.218750 0.238281 0.218750 0.218750 0.212891 0.208984 0.210938 0.193359 0.218750 0.187500 0.216797 0.162109 0.212891 0.150391
2 0.134766 0.156250 0.109375 0.158203 0.089844 0.167969 0.089844 0.177734 0.095703 0.197266 0.101562 0.205078 0.107422 0.208984 0.115234 0.207031 0.123047 0.208984 0.107422 0.218750 0.113281 0.244141 0.113281 0.255859 0.117188 0.257812 0.136719 0.255859 0.142578 0.250000 0.154297 0.246094 0.156250 0.242188 0.152344 0.207031 0.132812 0.207031 0.130859 0.205078 0.144531 0.201172 0.144531 0.193359 0.136719 0.175781
2 0.074219 0.167969 0.044922 0.175781 0.039062 0.181641 0.033203 0.183594 0.031250 0.187500 0.039062 0.210938 0.046875 0.222656 0.052734 0.224609 0.048828 0.226562 0.046875 0.232422 0.054688 0.259766 0.062500 0.265625 0.076172 0.265625 0.078125 0.263672 0.095703 0.261719 0.099609 0.257812 0.097656 0.226562 0.093750 0.220703 0.082031 0.220703 0.080078 0.218750 0.082031 0.216797 0.082031 0.197266
2 0.000000 0.185547 0.000000 0.238281 0.001953 0.240234 0.000000 0.242188 0.000000 0.277344 0.001953 0.279297 0.015625 0.279297 0.027344 0.275391 0.037109 0.275391 0.041016 0.269531 0.039062 0.244141 0.033203 0.236328 0.023438 0.236328 0.021484 0.234375 0.029297 0.228516 0.029297 0.222656 0.027344 0.220703 0.027344 0.195312 0.023438 0.193359 0.013672 0.193359 0.007812 0.189453 0.007812 0.185547 0.001953 0.187500
2 0.208984 0.285156 0.201172 0.285156 0.199219 0.287109 0.181641 0.289062 0.179688 0.291016 0.173828 0.291016 0.166016 0.294922 0.164062 0.298828 0.164062 0.308594 0.166016 0.310547 0.166016 0.314453 0.169922 0.322266 0.169922 0.333984 0.167969 0.337891 0.193359 0.337891 0.195312 0.335938 0.199219 0.335938 0.205078 0.330078 0.212891 0.330078 0.216797 0.328125 0.216797 0.314453 0.214844 0.312500 0.214844 0.300781 0.212891 0.298828 0.212891 0.292969
2 0.130859 0.304688 0.117188 0.304688 0.093750 0.312500 0.093750 0.326172 0.097656 0.335938 0.099609 0.353516 0.109375 0.357422 0.103516 0.359375 0.103516 0.371094 0.111328 0.392578 0.119141 0.406250 0.123047 0.402344 0.132812 0.400391 0.136719 0.396484 0.152344 0.394531 0.152344 0.380859 0.146484 0.367188 0.144531 0.353516 0.138672 0.349609 0.144531 0.341797 0.144531 0.328125 0.140625 0.314453
2 0.076172 0.322266 0.046875 0.320312 0.037109 0.324219 0.041016 0.361328 0.044922 0.369141 0.052734 0.371094 0.041016 0.375000 0.035156 0.386719 0.029297 0.375000 0.033203 0.373047 0.033203 0.361328 0.025391 0.349609 0.025391 0.337891 0.013672 0.332031 0.000000 0.337891 0.001953 0.427734 0.017578 0.427734 0.037109 0.416016 0.041016 0.400391 0.044922 0.412109 0.060547 0.416016 0.082031 0.412109 0.099609 0.402344 0.099609 0.386719 0.091797 0.367188 0.074219 0.363281 0.082031 0.357422
2 0.367188 0.330078 0.365234 0.328125 0.349609 0.328125 0.347656 0.330078 0.335938 0.330078 0.333984 0.332031 0.326172 0.332031 0.324219 0.333984 0.314453 0.335938 0.314453 0.355469 0.316406 0.357422 0.316406 0.363281 0.320312 0.371094 0.322266 0.373047 0.335938 0.373047 0.337891 0.371094 0.343750 0.371094 0.345703 0.369141 0.351562 0.369141 0.353516 0.367188 0.363281 0.367188 0.365234 0.365234 0.369141 0.365234 0.373047 0.359375 0.371094 0.357422 0.371094 0.351562 0.369141 0.349609 0.369141 0.341797 0.367188 0.339844
2 0.201172 0.341797 0.185547 0.341797 0.183594 0.343750 0.167969 0.343750 0.160156 0.347656 0.160156 0.367188 0.162109 0.369141 0.162109 0.375000 0.164062 0.376953 0.164062 0.380859 0.167969 0.388672 0.169922 0.388672 0.173828 0.392578 0.181641 0.392578 0.189453 0.384766 0.197266 0.384766 0.199219 0.382812 0.205078 0.382812 0.208984 0.378906 0.207031 0.376953 0.207031 0.367188 0.205078 0.365234 0.205078 0.359375 0.203125 0.357422 0.203125 0.345703
2 0.216797 0.435547 0.177734 0.437500 0.171875 0.441406 0.167969 0.455078 0.164062 0.445312 0.146484 0.449219 0.125000 0.447266 0.113281 0.455078 0.109375 0.455078 0.107422 0.466797 0.111328 0.472656 0.117188 0.496094 0.128906 0.496094 0.166016 0.486328 0.169922 0.482422 0.185547 0.482422 0.218750 0.474609 0.220703 0.472656 0.220703 0.441406
2 0.099609 0.453125 0.095703 0.453125 0.093750 0.455078 0.091797 0.453125 0.083984 0.457031 0.078125 0.455078 0.070312 0.458984 0.068359 0.457031 0.064453 0.458984 0.062500 0.464844 0.058594 0.468750 0.048828 0.468750 0.050781 0.482422 0.054688 0.490234 0.058594 0.494141 0.060547 0.507812 0.078125 0.507812 0.080078 0.505859 0.089844 0.505859 0.105469 0.498047 0.105469 0.484375 0.103516 0.482422 0.101562 0.466797 0.099609 0.464844
2 0.000000 0.482422 0.000000 0.521484 0.013672 0.525391 0.007812 0.531250 0.021484 0.560547 0.025391 0.582031 0.078125 0.572266 0.085938 0.560547 0.091797 0.568359 0.107422 0.568359 0.154297 0.554688 0.150391 0.501953 0.146484 0.498047 0.083984 0.509766 0.078125 0.521484 0.074219 0.513672 0.023438 0.523438 0.023438 0.519531 0.046875 0.511719 0.041016 0.472656 0.007812 0.470703
2 0.216797 0.484375 0.189453 0.486328 0.179688 0.490234 0.169922 0.490234 0.154297 0.496094 0.156250 0.542969 0.162109 0.550781 0.171875 0.550781 0.179688 0.546875 0.199219 0.544922 0.216797 0.537109 0.218750 0.533203 0.218750 0.519531 0.220703 0.517578 0.218750 0.515625 0.218750 0.501953 0.216797 0.500000
2 0.369141 0.511719 0.359375 0.511719 0.357422 0.513672 0.335938 0.513672 0.322266 0.519531 0.318359 0.523438 0.314453 0.531250 0.314453 0.535156 0.316406 0.537109 0.316406 0.556641 0.318359 0.560547 0.322266 0.560547 0.326172 0.564453 0.324219 0.566406 0.326172 0.568359 0.326172 0.576172 0.328125 0.578125 0.332031 0.578125 0.335938 0.574219 0.333984 0.572266 0.339844 0.566406 0.378906 0.562500 0.378906 0.552734 0.371094 0.531250 0.371094 0.517578 0.369141 0.515625
2 0.199219 0.587891 0.107422 0.603516 0.107422 0.654297 0.154297 0.650391 0.156250 0.632812 0.162109 0.648438 0.203125 0.642578 0.160156 0.654297 0.154297 0.679688 0.152344 0.656250 0.097656 0.669922 0.093750 0.693359 0.109375 0.728516 0.125000 0.726562 0.154297 0.707031 0.158203 0.697266 0.160156 0.703125 0.228516 0.691406 0.230469 0.640625 0.201172 0.640625 0.208984 0.636719 0.208984 0.617188
2 0.078125 0.613281 0.068359 0.613281 0.066406 0.615234 0.060547 0.615234 0.058594 0.617188 0.050781 0.617188 0.048828 0.619141 0.044922 0.619141 0.042969 0.623047 0.042969 0.630859 0.041016 0.632812 0.041016 0.642578 0.039062 0.644531 0.041016 0.662109 0.044922 0.669922 0.062500 0.669922 0.064453 0.667969 0.078125 0.667969 0.080078 0.666016 0.089844 0.666016 0.091797 0.664062 0.091797 0.634766 0.089844 0.632812 0.087891 0.625000 0.083984 0.623047 0.082031 0.617188
2 0.013672 0.626953 0.007812 0.626953 0.005859 0.628906 0.000000 0.628906 0.000000 0.681641 0.009766 0.681641 0.011719 0.679688 0.021484 0.679688 0.025391 0.673828 0.025391 0.642578 0.023438 0.640625 0.023438 0.634766 0.017578 0.628906 0.015625 0.628906
2 0.203125 0.751953 0.183594 0.755859 0.175781 0.763672 0.175781 0.767578 0.173828 0.769531 0.173828 0.777344 0.169922 0.785156 0.169922 0.791016 0.171875 0.792969 0.171875 0.806641 0.175781 0.810547 0.179688 0.808594 0.185547 0.808594 0.193359 0.804688 0.199219 0.804688 0.207031 0.800781 0.214844 0.800781 0.220703 0.796875 0.218750 0.783203 0.214844 0.785156 0.208984 0.779297 0.208984 0.767578 0.207031 0.765625 0.207031 0.755859
2 0.134766 0.773438 0.121094 0.775391 0.119141 0.777344 0.115234 0.777344 0.113281 0.779297 0.109375 0.779297 0.105469 0.781250 0.103516 0.785156 0.103516 0.789062 0.097656 0.796875 0.097656 0.800781 0.095703 0.802734 0.097656 0.804688 0.097656 0.812500 0.099609 0.814453 0.099609 0.820312 0.103516 0.828125 0.121094 0.826172 0.123047 0.824219 0.128906 0.824219 0.130859 0.822266 0.136719 0.822266 0.142578 0.818359 0.146484 0.818359 0.148438 0.812500 0.146484 0.810547 0.146484 0.806641 0.142578 0.802734 0.142578 0.796875 0.140625 0.794922 0.140625 0.789062 0.138672 0.787109 0.138672 0.777344
4 0.701172 0.125000 0.656250 0.220703 0.662109 0.250000 0.892578 0.347656 0.998047 0.406250 0.998047 0.138672 0.771484 0.132812 0.716797 0.115234
5 0.500000 0.000000 0.226562 0.000000 0.232422 0.105469 0.000000 0.156250 0.224609 0.130859 0.224609 0.251953 0.000000 0.330078 0.234375 0.275391 0.240234 0.386719 0.000000 0.468750 0.232422 0.416016 0.242188 0.542969 0.000000 0.597656 0.232422 0.572266 0.244141 0.703125 0.000000 0.771484 0.228516 0.736328 0.322266 0.998047 0.263672 0.765625 0.265625 0.347656 0.638672 0.251953 0.267578 0.316406 0.271484 0.201172 0.542969 0.123047 0.269531 0.171875 0.255859 0.070312
5 0.544922 0.105469 0.542969 0.107422 0.539062 0.107422 0.544922 0.107422
5 0.578125 0.128906 0.576172 0.126953 0.576172 0.125000 0.574219 0.125000 0.572266 0.126953 0.570312 0.126953 0.568359 0.128906 0.560547 0.128906 0.562500 0.130859 0.572266 0.130859 0.574219 0.128906
5 0.835938 0.333984 0.767578 0.306641 0.761719 0.326172 0.474609 0.398438 0.437500 0.400391 0.363281 0.433594 0.345703 0.433594 0.357422 0.443359 0.339844 0.449219 0.367188 0.449219 0.449219 0.419922 0.513672 0.414062
5 0.998047 0.417969 0.457031 0.558594 0.349609 0.570312 0.277344 0.595703 0.271484 0.615234 0.308594 0.619141 0.662109 0.525391 0.998047 0.449219
5 0.328125 0.435547 0.330078 0.435547 0.332031 0.433594 0.328125 0.433594
5 0.072266 0.845703 0.066406 0.851562 0.064453 0.861328 0.080078 0.886719 0.082031 0.906250 0.097656 0.941406 0.111328 0.992188 0.117188 0.998047 0.140625 0.998047 0.140625 0.984375 0.128906 0.970703 0.103516 0.923828 0.103516 0.908203 0.095703 0.882812 0.097656 0.878906 0.093750 0.859375 0.083984 0.845703
