0 0.406250 0.000000 0.347656 0.001953 0.316406 0.021484 0.275391 0.068359 0.253906 0.064453 0.230469 0.074219 0.148438 0.177734 0.123047 0.240234 0.074219 0.255859 0.068359 0.275391 0.035156 0.296875 0.035156 0.308594 0.046875 0.316406 0.103516 0.314453 0.105469 0.332031 0.130859 0.343750 0.160156 0.330078 0.216797 0.261719 0.199219 0.226562 0.179688 0.230469 0.169922 0.220703 0.207031 0.150391 0.248047 0.107422 0.294922 0.103516 0.330078 0.054688 0.388672 0.021484
0 0.468750 0.062500 0.470703 0.064453 0.470703 0.066406 0.470703 0.064453
0 0.484375 0.126953 0.484375 0.128906 0.486328 0.130859 0.486328 0.132812 0.488281 0.134766 0.486328 0.132812 0.486328 0.130859 0.484375 0.128906
0 0.500000 0.164062 0.500000 0.166016 0.501953 0.167969 0.501953 0.169922 0.503906 0.171875 0.503906 0.175781 0.505859 0.177734 0.505859 0.183594 0.505859 0.175781 0.503906 0.173828 0.503906 0.171875 0.501953 0.169922 0.501953 0.166016
0 0.507812 0.187500 0.507812 0.193359 0.511719 0.197266 0.511719 0.199219 0.513672 0.201172 0.533203 0.201172 0.535156 0.199219 0.541016 0.199219 0.542969 0.197266 0.546875 0.197266 0.539062 0.197266 0.537109 0.199219 0.529297 0.199219 0.525391 0.195312 0.525391 0.189453 0.519531 0.189453 0.517578 0.187500 0.515625 0.189453 0.515625 0.195312 0.513672 0.197266 0.507812 0.191406
0 0.607422 0.191406 0.597656 0.195312 0.580078 0.212891 0.576172 0.238281 0.576172 0.259766 0.578125 0.265625 0.585938 0.273438 0.599609 0.275391 0.615234 0.283203 0.621094 0.294922 0.642578 0.298828 0.650391 0.294922 0.664062 0.271484 0.666016 0.259766 0.656250 0.242188 0.642578 0.230469 0.638672 0.220703 0.638672 0.212891 0.632812 0.203125 0.621094 0.193359
0 0.822266 0.246094 0.779297 0.300781 0.779297 0.314453 0.791016 0.322266 0.845703 0.318359 0.882812 0.326172 0.888672 0.330078 0.890625 0.353516 0.896484 0.359375 0.908203 0.359375 0.916016 0.347656 0.916016 0.332031 0.929688 0.326172 0.947266 0.308594 0.949219 0.292969 0.943359 0.283203 0.951172 0.271484 0.949219 0.261719 0.937500 0.253906 0.912109 0.261719 0.898438 0.255859 0.884766 0.240234 0.871094 0.232422 0.847656 0.232422
0 0.410156 0.681641 0.396484 0.667969 0.367188 0.679688 0.345703 0.640625 0.322266 0.625000 0.318359 0.595703 0.306641 0.582031 0.291016 0.576172 0.277344 0.589844 0.261719 0.582031 0.242188 0.587891 0.199219 0.630859 0.171875 0.621094 0.152344 0.626953 0.132812 0.644531 0.117188 0.685547 0.123047 0.750000 0.130859 0.761719 0.156250 0.769531 0.191406 0.742188 0.220703 0.746094 0.253906 0.775391 0.253906 0.789062 0.265625 0.796875 0.300781 0.773438 0.339844 0.763672 0.351562 0.740234
0 0.998047 0.876953 0.968750 0.873047 0.943359 0.884766 0.912109 0.884766 0.906250 0.890625 0.912109 0.916016 0.906250 0.933594 0.886719 0.941406 0.876953 0.937500 0.873047 0.957031 0.867188 0.960938 0.865234 0.953125 0.861328 0.955078 0.859375 0.998047 0.871094 0.994141 0.873047 0.998047 0.998047 0.998047
2 0.988281 0.324219 0.916016 0.335938 0.906250 0.369141 0.875000 0.333984 0.761719 0.330078 0.677734 0.447266 0.705078 0.468750 0.683594 0.480469 0.656250 0.474609 0.638672 0.507812 0.681641 0.544922 0.794922 0.599609 0.832031 0.507812 0.802734 0.500000 0.826172 0.500000 0.826172 0.458984 0.791016 0.443359 0.843750 0.458984 0.839844 0.509766 0.855469 0.517578 0.919922 0.519531 0.925781 0.503906 0.984375 0.505859 0.998047 0.443359 0.980469 0.357422
2 0.439453 0.388672 0.429688 0.371094 0.423828 0.351562 0.417969 0.347656 0.390625 0.353516 0.382812 0.365234 0.384766 0.375000 0.382812 0.380859 0.371094 0.365234 0.355469 0.365234 0.339844 0.369141 0.341797 0.388672 0.349609 0.404297 0.382812 0.398438 0.384766 0.380859 0.386719 0.404297 0.392578 0.419922 0.437500 0.402344
2 0.507812 0.439453 0.494141 0.447266 0.486328 0.455078 0.484375 0.458984 0.484375 0.468750 0.496094 0.492188 0.500000 0.496094 0.501953 0.505859 0.505859 0.509766 0.521484 0.511719 0.535156 0.505859 0.539062 0.496094 0.544922 0.492188 0.548828 0.492188 0.550781 0.488281 0.544922 0.480469 0.544922 0.474609 0.535156 0.457031 0.535156 0.453125 0.527344 0.439453
2 0.404297 0.460938 0.390625 0.460938 0.369141 0.478516 0.386719 0.521484 0.367188 0.533203 0.361328 0.550781 0.341797 0.560547 0.333984 0.570312 0.310547 0.576172 0.324219 0.615234 0.347656 0.640625 0.353516 0.660156 0.367188 0.677734 0.392578 0.660156 0.410156 0.660156 0.431641 0.640625 0.441406 0.638672 0.451172 0.628906 0.451172 0.613281 0.462891 0.601562 0.458984 0.583984 0.443359 0.562500 0.449219 0.542969 0.419922 0.472656
2 0.988281 0.574219 0.986328 0.574219 0.984375 0.572266 0.982422 0.574219 0.958984 0.574219 0.957031 0.576172 0.957031 0.593750 0.988281 0.593750 0.990234 0.591797 0.990234 0.578125 0.988281 0.576172
2 0.609375 0.615234 0.609375 0.640625 0.611328 0.644531 0.630859 0.656250 0.644531 0.658203 0.650391 0.662109 0.656250 0.662109 0.669922 0.667969 0.681641 0.667969 0.691406 0.658203 0.703125 0.652344 0.703125 0.642578 0.695312 0.628906 0.695312 0.625000 0.660156 0.613281 0.644531 0.603516 0.630859 0.603516 0.625000 0.607422 0.617188 0.607422 0.613281 0.609375
2 0.941406 0.646484 0.939453 0.648438 0.939453 0.666016 0.941406 0.667969 0.941406 0.675781 0.943359 0.677734 0.943359 0.683594 0.945312 0.685547 0.945312 0.689453 0.947266 0.691406 0.947266 0.693359 0.951172 0.693359 0.953125 0.695312 0.968750 0.695312 0.970703 0.693359 0.972656 0.693359 0.974609 0.691406 0.974609 0.681641 0.976562 0.679688 0.976562 0.644531 0.974609 0.642578 0.953125 0.642578 0.951172 0.644531 0.945312 0.644531 0.943359 0.646484
2 0.554688 0.679688 0.539062 0.681641 0.537109 0.683594 0.533203 0.681641 0.529297 0.683594 0.519531 0.683594 0.515625 0.685547 0.509766 0.693359 0.509766 0.697266 0.515625 0.705078 0.513672 0.710938 0.513672 0.738281 0.515625 0.740234 0.515625 0.746094 0.523438 0.753906 0.525391 0.767578 0.527344 0.769531 0.556641 0.769531 0.556641 0.716797 0.558594 0.714844 0.558594 0.699219 0.556641 0.693359 0.558594 0.691406 0.558594 0.685547
2 0.638672 0.691406 0.640625 0.718750 0.638672 0.720703 0.640625 0.724609 0.638672 0.728516 0.626953 0.730469 0.623047 0.726562 0.611328 0.724609 0.603516 0.728516 0.601562 0.757812 0.599609 0.759766 0.599609 0.787109 0.601562 0.791016 0.615234 0.791016 0.630859 0.796875 0.638672 0.802734 0.648438 0.802734 0.650391 0.718750 0.654297 0.697266
2 0.810547 0.714844 0.806641 0.712891 0.804688 0.714844 0.802734 0.712891 0.800781 0.714844 0.798828 0.712891 0.794922 0.714844 0.792969 0.712891 0.789062 0.712891 0.781250 0.716797 0.779297 0.714844 0.775391 0.714844 0.773438 0.716797 0.769531 0.714844 0.759766 0.718750 0.759766 0.724609 0.757812 0.726562 0.757812 0.769531 0.759766 0.773438 0.775391 0.773438 0.785156 0.777344 0.802734 0.777344 0.804688 0.775391 0.806641 0.765625 0.808594 0.763672 0.806641 0.732422 0.808594 0.730469
2 0.191406 0.744141 0.185547 0.753906 0.185547 0.757812 0.187500 0.759766 0.187500 0.767578 0.189453 0.769531 0.189453 0.773438 0.201172 0.789062 0.207031 0.806641 0.210938 0.810547 0.220703 0.810547 0.222656 0.808594 0.228516 0.808594 0.230469 0.806641 0.246094 0.802734 0.248047 0.800781 0.248047 0.785156 0.242188 0.771484 0.234375 0.763672 0.230469 0.755859 0.220703 0.748047 0.212891 0.748047 0.210938 0.746094 0.205078 0.746094 0.203125 0.744141
2 0.173828 0.755859 0.166016 0.771484 0.158203 0.773438 0.152344 0.769531 0.148438 0.769531 0.140625 0.777344 0.138672 0.785156 0.148438 0.806641 0.156250 0.812500 0.158203 0.820312 0.166016 0.832031 0.167969 0.843750 0.171875 0.849609 0.183594 0.849609 0.201172 0.839844 0.207031 0.828125 0.207031 0.816406 0.197266 0.792969 0.181641 0.771484 0.177734 0.759766
2 0.818359 0.761719 0.816406 0.765625 0.816406 0.775391 0.810547 0.787109 0.808594 0.828125 0.835938 0.833984 0.837891 0.835938 0.859375 0.835938 0.867188 0.828125 0.869141 0.822266 0.869141 0.789062 0.871094 0.787109 0.871094 0.771484 0.867188 0.769531 0.857422 0.769531 0.849609 0.759766 0.822266 0.759766
2 0.103516 0.794922 0.097656 0.794922 0.095703 0.796875 0.089844 0.796875 0.089844 0.816406 0.091797 0.818359 0.099609 0.818359 0.101562 0.816406 0.105469 0.816406 0.109375 0.812500 0.109375 0.810547 0.107422 0.808594 0.107422 0.798828
2 0.621094 0.814453 0.617188 0.820312 0.613281 0.839844 0.587891 0.851562 0.583984 0.861328 0.583984 0.880859 0.591797 0.884766 0.611328 0.886719 0.613281 0.888672 0.640625 0.888672 0.652344 0.892578 0.671875 0.894531 0.677734 0.884766 0.675781 0.878906 0.666016 0.869141 0.666016 0.853516 0.667969 0.851562 0.666016 0.833984 0.648438 0.830078 0.646484 0.820312 0.640625 0.816406
2 0.500000 0.853516 0.494141 0.849609 0.453125 0.841797 0.449219 0.837891 0.437500 0.837891 0.435547 0.833984 0.429688 0.833984 0.414062 0.847656 0.417969 0.859375 0.414062 0.878906 0.408203 0.890625 0.390625 0.902344 0.388672 0.910156 0.392578 0.917969 0.414062 0.916016 0.464844 0.886719 0.498047 0.876953 0.501953 0.873047
2 0.294922 0.886719 0.277344 0.902344 0.277344 0.912109 0.283203 0.919922 0.283203 0.923828 0.289062 0.929688 0.289062 0.931641 0.294922 0.935547 0.310547 0.931641 0.318359 0.937500 0.324219 0.937500 0.332031 0.929688 0.332031 0.927734 0.339844 0.919922 0.341797 0.919922 0.341797 0.914062 0.328125 0.904297 0.318359 0.902344 0.306641 0.888672 0.302734 0.886719
2 0.205078 0.943359 0.203125 0.957031 0.189453 0.998047 0.279297 0.998047 0.281250 0.996094 0.281250 0.988281 0.277344 0.984375 0.277344 0.966797 0.281250 0.962891 0.279297 0.957031 0.255859 0.949219 0.248047 0.949219 0.220703 0.941406 0.207031 0.941406
2 0.564453 0.964844 0.570312 0.974609 0.634766 0.978516 0.642578 0.988281 0.658203 0.994141 0.841797 0.998047 0.837891 0.970703 0.820312 0.960938 0.738281 0.957031 0.634766 0.943359 0.566406 0.943359
3 0.271484 0.177734 0.246094 0.195312 0.224609 0.220703 0.220703 0.232422 0.228516 0.244141 0.230469 0.267578 0.246094 0.308594 0.257812 0.324219 0.281250 0.376953 0.283203 0.392578 0.294922 0.400391 0.306641 0.392578 0.328125 0.361328 0.322266 0.332031 0.324219 0.291016 0.289062 0.185547 0.283203 0.179688
3 0.144531 0.388672 0.107422 0.404297 0.080078 0.404297 0.072266 0.416016 0.074219 0.431641 0.056641 0.449219 0.072266 0.468750 0.070312 0.492188 0.093750 0.593750 0.109375 0.623047 0.121094 0.630859 0.148438 0.621094 0.187500 0.621094 0.205078 0.601562 0.203125 0.570312 0.179688 0.505859 0.158203 0.398438
4 0.353516 0.056641 0.384766 0.169922 0.421875 0.222656 0.416016 0.248047 0.443359 0.294922 0.466797 0.291016 0.451172 0.248047 0.509766 0.224609 0.480469 0.101562 0.509766 0.191406 0.537109 0.197266 0.847656 0.144531 0.878906 0.091797 0.863281 0.056641 0.875000 0.000000 0.449219 0.000000 0.478516 0.103516 0.443359 0.000000 0.398438 0.013672
4 0.908203 0.042969 0.906250 0.042969 0.906250 0.044922 0.904297 0.046875 0.906250 0.048828 0.906250 0.046875 0.908203 0.044922
4 0.798828 0.128906 0.798828 0.130859 0.800781 0.130859 0.800781 0.128906
4 0.585938 0.312500 0.570312 0.322266 0.550781 0.324219 0.529297 0.337891 0.527344 0.345703 0.537109 0.357422 0.535156 0.378906 0.539062 0.386719 0.560547 0.406250 0.566406 0.431641 0.597656 0.466797 0.626953 0.437500 0.626953 0.419922 0.619141 0.394531 0.621094 0.367188 0.611328 0.357422 0.611328 0.351562 0.601562 0.335938 0.595703 0.318359
5 0.953125 0.000000 0.568359 0.552734 0.115234 0.998047 0.468750 0.687500 0.539062 0.998047 0.566406 0.998047 0.488281 0.666016 0.529297 0.623047 0.656250 0.695312 0.998047 0.730469 0.998047 0.703125 0.640625 0.664062 0.552734 0.603516 0.853516 0.197266
