0 0.714844 0.222656 0.664062 0.214844 0.621094 0.271484 0.542969 0.279297 0.501953 0.296875 0.476562 0.337891 0.453125 0.332031 0.433594 0.296875 0.441406 0.191406 0.408203 0.148438 0.421875 0.117188 0.345703 0.011719 0.339844 0.058594 0.394531 0.121094 0.373047 0.154297 0.416016 0.195312 0.406250 0.296875 0.429688 0.347656 0.458984 0.363281 0.353516 0.429688 0.277344 0.443359 0.191406 0.531250 0.208984 0.537109 0.298828 0.460938 0.367188 0.453125 0.585938 0.326172 0.587891 0.300781 0.630859 0.296875 0.666016 0.242188 0.708984 0.240234
0 0.853516 0.134766 0.855469 0.140625 0.869141 0.152344 0.886719 0.156250 0.910156 0.142578 0.921875 0.144531 0.962891 0.132812 0.976562 0.125000 0.978516 0.126953 0.988281 0.125000 0.996094 0.113281 0.994141 0.107422 0.982422 0.099609 0.923828 0.105469 0.912109 0.095703 0.896484 0.093750 0.873047 0.107422 0.855469 0.126953
0 0.919922 0.152344 0.916016 0.154297 0.914062 0.152344 0.912109 0.154297 0.910156 0.152344 0.908203 0.154297 0.904297 0.154297 0.896484 0.158203 0.886719 0.167969 0.886719 0.171875 0.884766 0.173828 0.886719 0.175781 0.884766 0.177734 0.884766 0.183594 0.886719 0.185547 0.886719 0.189453 0.894531 0.197266 0.896484 0.205078 0.902344 0.210938 0.906250 0.210938 0.908203 0.212891 0.914062 0.212891 0.916016 0.210938 0.919922 0.210938 0.931641 0.199219 0.931641 0.197266 0.937500 0.191406 0.937500 0.187500 0.939453 0.185547 0.939453 0.173828 0.937500 0.171875 0.935547 0.164062 0.925781 0.154297 0.921875 0.154297
0 0.818359 0.181641 0.802734 0.171875 0.761719 0.173828 0.724609 0.191406 0.716797 0.203125 0.724609 0.214844 0.738281 0.214844 0.769531 0.199219 0.767578 0.212891 0.777344 0.226562 0.769531 0.230469 0.751953 0.228516 0.724609 0.246094 0.689453 0.251953 0.683594 0.257812 0.683594 0.269531 0.695312 0.277344 0.734375 0.271484 0.753906 0.255859 0.767578 0.255859 0.785156 0.267578 0.794922 0.265625 0.802734 0.257812 0.804688 0.242188 0.818359 0.218750 0.810547 0.205078 0.818359 0.193359
0 0.996094 0.277344 0.824219 0.306641 0.681641 0.380859 0.656250 0.347656 0.623047 0.347656 0.597656 0.376953 0.636719 0.400391 0.519531 0.482422 0.324219 0.529297 0.144531 0.687500 0.099609 0.802734 0.148438 0.808594 0.156250 0.839844 0.181641 0.841797 0.222656 0.746094 0.167969 0.705078 0.339844 0.552734 0.533203 0.505859 0.603516 0.449219 0.863281 0.330078 0.955078 0.312500 0.941406 0.357422 0.968750 0.400391 0.996094 0.402344
0 0.000000 0.367188 0.000000 0.404297 0.017578 0.447266 0.066406 0.490234 0.095703 0.552734 0.091797 0.576172 0.068359 0.562500 0.037109 0.585938 0.037109 0.611328 0.000000 0.656250 0.011719 0.685547 0.000000 0.765625 0.048828 0.773438 0.076172 0.761719 0.068359 0.740234 0.085938 0.716797 0.078125 0.705078 0.035156 0.699219 0.029297 0.658203 0.060547 0.615234 0.103516 0.605469 0.169922 0.615234 0.201172 0.589844 0.203125 0.570312 0.154297 0.529297 0.134766 0.529297 0.121094 0.542969 0.087891 0.476562 0.041016 0.433594 0.019531 0.378906
0 0.699219 0.466797 0.691406 0.464844 0.679688 0.470703 0.675781 0.470703 0.662109 0.484375 0.660156 0.484375 0.652344 0.494141 0.652344 0.498047 0.650391 0.500000 0.650391 0.503906 0.652344 0.505859 0.650391 0.507812 0.654297 0.515625 0.652344 0.517578 0.654297 0.519531 0.658203 0.535156 0.664062 0.541016 0.667969 0.541016 0.669922 0.542969 0.677734 0.541016 0.683594 0.535156 0.685547 0.525391 0.689453 0.521484 0.693359 0.521484 0.705078 0.507812 0.705078 0.503906 0.708984 0.496094 0.708984 0.490234 0.710938 0.488281 0.708984 0.486328 0.710938 0.484375 0.707031 0.474609
0 0.574219 0.683594 0.568359 0.689453 0.568359 0.693359 0.566406 0.695312 0.566406 0.699219 0.568359 0.701172 0.566406 0.703125 0.568359 0.705078 0.568359 0.708984 0.574219 0.714844 0.578125 0.714844 0.582031 0.718750 0.585938 0.718750 0.587891 0.720703 0.589844 0.718750 0.593750 0.718750 0.595703 0.716797 0.599609 0.716797 0.607422 0.708984 0.607422 0.705078 0.609375 0.703125 0.609375 0.697266 0.607422 0.695312 0.607422 0.691406 0.599609 0.683594 0.595703 0.683594 0.593750 0.681641 0.591797 0.683594 0.589844 0.681641 0.587891 0.683594 0.585938 0.681641 0.583984 0.681641 0.582031 0.683594 0.580078 0.681641 0.578125 0.683594
0 0.234375 0.845703 0.238281 0.849609 0.263672 0.853516 0.271484 0.859375 0.283203 0.859375 0.285156 0.861328 0.306641 0.859375 0.310547 0.853516 0.312500 0.843750 0.326172 0.832031 0.328125 0.828125 0.328125 0.820312 0.320312 0.810547 0.312500 0.806641 0.306641 0.806641 0.300781 0.810547 0.283203 0.802734 0.273438 0.802734 0.267578 0.806641 0.250000 0.828125 0.238281 0.837891
0 0.281250 0.912109 0.285156 0.923828 0.291016 0.929688 0.296875 0.931641 0.298828 0.929688 0.306641 0.933594 0.308594 0.931641 0.312500 0.933594 0.314453 0.931641 0.320312 0.931641 0.322266 0.933594 0.324219 0.931641 0.328125 0.933594 0.330078 0.931641 0.332031 0.933594 0.335938 0.931641 0.337891 0.933594 0.339844 0.931641 0.341797 0.933594 0.351562 0.929688 0.357422 0.923828 0.365234 0.927734 0.371094 0.925781 0.376953 0.919922 0.378906 0.914062 0.376953 0.908203 0.371094 0.902344 0.363281 0.900391 0.349609 0.884766 0.337891 0.880859 0.335938 0.882812 0.330078 0.880859 0.324219 0.882812 0.322266 0.880859 0.314453 0.884766 0.312500 0.882812 0.298828 0.886719 0.285156 0.898438
0 0.521484 0.908203 0.509766 0.896484 0.500000 0.892578 0.498047 0.894531 0.494141 0.894531 0.492188 0.892578 0.484375 0.896484 0.480469 0.894531 0.478516 0.896484 0.474609 0.896484 0.470703 0.900391 0.466797 0.900391 0.462891 0.904297 0.458984 0.904297 0.453125 0.910156 0.449219 0.919922 0.451172 0.921875 0.449219 0.925781 0.451172 0.927734 0.453125 0.939453 0.458984 0.945312 0.462891 0.945312 0.464844 0.947266 0.468750 0.945312 0.470703 0.947266 0.474609 0.945312 0.476562 0.947266 0.478516 0.945312 0.482422 0.945312 0.484375 0.943359 0.486328 0.945312 0.488281 0.943359 0.492188 0.943359 0.496094 0.939453 0.511719 0.935547 0.521484 0.923828 0.521484 0.919922 0.523438 0.917969 0.521484 0.916016 0.523438 0.914062 0.521484 0.912109
0 0.746094 0.923828 0.732422 0.908203 0.712891 0.900391 0.695312 0.900391 0.675781 0.894531 0.658203 0.902344 0.650391 0.898438 0.640625 0.900391 0.607422 0.917969 0.599609 0.947266 0.587891 0.958984 0.583984 0.972656 0.595703 0.988281 0.609375 0.992188 0.621094 0.990234 0.646484 0.998047 0.658203 0.994141 0.687500 0.966797 0.693359 0.966797 0.697266 0.982422 0.705078 0.990234 0.722656 0.990234 0.736328 0.978516 0.748047 0.937500
1 0.972656 0.232422 0.970703 0.230469 0.970703 0.226562 0.964844 0.220703 0.960938 0.220703 0.958984 0.218750 0.957031 0.218750 0.955078 0.220703 0.951172 0.220703 0.949219 0.222656 0.945312 0.222656 0.943359 0.224609 0.941406 0.222656 0.939453 0.224609 0.937500 0.222656 0.935547 0.224609 0.931641 0.224609 0.929688 0.226562 0.925781 0.226562 0.919922 0.232422 0.919922 0.236328 0.917969 0.238281 0.919922 0.240234 0.919922 0.244141 0.925781 0.250000 0.929688 0.250000 0.931641 0.251953 0.935547 0.251953 0.937500 0.250000 0.941406 0.250000 0.943359 0.248047 0.945312 0.250000 0.955078 0.250000 0.957031 0.248047 0.960938 0.248047 0.970703 0.238281 0.970703 0.234375
1 0.880859 0.246094 0.869141 0.238281 0.832031 0.246094 0.794922 0.277344 0.771484 0.279297 0.738281 0.289062 0.728516 0.296875 0.716797 0.294922 0.673828 0.310547 0.652344 0.326172 0.642578 0.339844 0.656250 0.345703 0.664062 0.355469 0.703125 0.339844 0.720703 0.324219 0.751953 0.322266 0.808594 0.308594 0.822266 0.298828 0.835938 0.298828 0.865234 0.267578 0.880859 0.259766
1 0.597656 0.375000 0.576172 0.369141 0.480469 0.429688 0.431641 0.431641 0.330078 0.476562 0.306641 0.503906 0.205078 0.578125 0.195312 0.615234 0.146484 0.634766 0.132812 0.677734 0.144531 0.685547 0.169922 0.650391 0.199219 0.642578 0.275391 0.552734 0.419922 0.480469 0.503906 0.455078 0.535156 0.419922 0.552734 0.425781 0.595703 0.394531
1 0.128906 0.701172 0.123047 0.699219 0.111328 0.707031 0.105469 0.728516 0.107422 0.742188 0.103516 0.746094 0.087891 0.746094 0.080078 0.753906 0.078125 0.761719 0.060547 0.777344 0.056641 0.794922 0.050781 0.798828 0.048828 0.796875 0.027344 0.802734 0.021484 0.808594 0.019531 0.814453 0.027344 0.826172 0.039062 0.828125 0.054688 0.822266 0.058594 0.824219 0.074219 0.816406 0.082031 0.806641 0.083984 0.791016 0.089844 0.785156 0.103516 0.785156 0.117188 0.765625 0.132812 0.750000 0.126953 0.736328 0.136719 0.722656 0.134766 0.707031
3 0.000000 0.365234 0.117188 0.537109 0.205078 0.576172 0.832031 0.244141 0.875000 0.267578 0.681641 0.378906 0.998047 0.281250 0.998047 0.000000 0.326172 0.000000 0.371094 0.142578 0.345703 0.009766 0.423828 0.117188 0.453125 0.330078 0.486328 0.222656 0.603516 0.222656 0.568359 0.275391 0.509766 0.238281 0.488281 0.310547 0.664062 0.212891 0.718750 0.228516 0.208984 0.539062 0.277344 0.441406 0.455078 0.361328 0.265625 0.390625 0.138672 0.513672 0.000000 0.314453
3 0.390625 0.167969 0.392578 0.169922 0.392578 0.173828 0.394531 0.175781 0.394531 0.179688 0.398438 0.185547 0.398438 0.189453 0.402344 0.195312 0.402344 0.199219 0.406250 0.205078 0.406250 0.208984 0.408203 0.210938 0.408203 0.214844 0.410156 0.216797 0.412109 0.222656 0.414062 0.222656 0.414062 0.218750 0.412109 0.216797 0.414062 0.214844 0.414062 0.212891 0.412109 0.210938 0.414062 0.208984 0.414062 0.207031 0.412109 0.205078 0.412109 0.203125 0.414062 0.201172 0.412109 0.199219 0.412109 0.197266 0.414062 0.195312 0.412109 0.193359 0.412109 0.189453 0.410156 0.187500 0.410156 0.185547 0.406250 0.181641 0.406250 0.179688 0.402344 0.175781 0.398438 0.175781
3 0.410156 0.261719 0.404297 0.261719 0.398438 0.267578 0.398438 0.269531 0.396484 0.271484 0.396484 0.279297 0.398438 0.281250 0.398438 0.285156 0.400391 0.287109 0.400391 0.289062 0.402344 0.291016 0.402344 0.292969 0.404297 0.294922 0.404297 0.296875 0.406250 0.298828 0.406250 0.300781 0.406250 0.298828 0.404297 0.296875 0.404297 0.291016 0.406250 0.289062 0.406250 0.285156 0.408203 0.283203 0.408203 0.279297 0.410156 0.277344 0.408203 0.275391 0.410156 0.273438 0.410156 0.269531 0.412109 0.267578 0.410156 0.265625 0.412109 0.263672
3 0.554688 0.304688 0.552734 0.306641 0.554688 0.306641
3 0.533203 0.314453 0.531250 0.316406 0.527344 0.316406 0.525391 0.318359 0.521484 0.318359 0.519531 0.320312 0.517578 0.320312 0.513672 0.324219 0.513672 0.326172 0.515625 0.326172 0.519531 0.322266 0.521484 0.322266 0.523438 0.320312 0.525391 0.320312 0.527344 0.318359 0.529297 0.318359
3 0.955078 0.314453 0.759766 0.373047 0.533203 0.507812 0.339844 0.554688 0.171875 0.703125 0.224609 0.746094 0.171875 0.851562 0.244141 0.992188 0.355469 0.972656 0.373047 0.998047 0.644531 0.998047 0.583984 0.964844 0.613281 0.910156 0.675781 0.892578 0.732422 0.906250 0.748047 0.945312 0.728516 0.990234 0.687500 0.968750 0.648438 0.998047 0.998047 0.998047 0.998047 0.402344 0.968750 0.402344 0.939453 0.357422
3 0.416016 0.322266 0.416016 0.326172 0.417969 0.328125 0.417969 0.330078 0.421875 0.333984 0.421875 0.335938 0.423828 0.337891 0.421875 0.335938 0.421875 0.333984 0.419922 0.332031 0.419922 0.328125 0.417969 0.326172 0.417969 0.324219
3 0.998047 0.353516 0.994141 0.357422 0.994141 0.359375 0.998047 0.363281
3 0.634766 0.398438 0.625000 0.390625 0.613281 0.394531 0.599609 0.386719 0.570312 0.419922 0.552734 0.427734 0.535156 0.421875 0.503906 0.457031 0.464844 0.474609 0.419922 0.482422 0.355469 0.511719 0.335938 0.527344 0.414062 0.515625 0.443359 0.503906 0.451172 0.507812 0.458984 0.498047 0.519531 0.480469 0.562500 0.449219 0.599609 0.408203
3 0.000000 0.406250 0.000000 0.410156 0.005859 0.416016 0.005859 0.417969 0.007812 0.419922 0.007812 0.421875 0.009766 0.423828 0.007812 0.421875 0.007812 0.417969 0.003906 0.414062 0.003906 0.412109 0.001953 0.410156 0.001953 0.408203
3 0.041016 0.472656 0.042969 0.474609 0.042969 0.476562 0.044922 0.478516 0.046875 0.484375 0.048828 0.484375 0.058594 0.494141 0.058594 0.496094 0.060547 0.498047 0.062500 0.503906 0.068359 0.509766 0.068359 0.511719 0.076172 0.519531 0.076172 0.521484 0.080078 0.525391 0.076172 0.521484 0.076172 0.517578 0.074219 0.515625 0.072266 0.509766 0.068359 0.505859 0.068359 0.501953 0.066406 0.500000 0.068359 0.498047 0.066406 0.496094 0.064453 0.490234 0.062500 0.488281 0.060547 0.488281 0.054688 0.482422 0.052734 0.482422 0.046875 0.476562 0.044922 0.476562
3 0.316406 0.533203 0.310547 0.533203 0.306641 0.537109 0.300781 0.539062 0.292969 0.546875 0.289062 0.546875 0.283203 0.552734 0.279297 0.552734 0.269531 0.558594 0.240234 0.589844 0.238281 0.599609 0.226562 0.609375 0.226562 0.613281 0.244141 0.595703 0.248047 0.595703 0.251953 0.591797 0.255859 0.591797 0.261719 0.587891 0.277344 0.570312 0.289062 0.566406 0.298828 0.556641 0.306641 0.544922 0.316406 0.537109
3 0.085938 0.537109 0.085938 0.541016 0.087891 0.542969 0.087891 0.544922 0.085938 0.546875 0.085938 0.548828 0.087891 0.550781 0.087891 0.558594 0.085938 0.560547 0.085938 0.562500 0.083984 0.564453 0.080078 0.564453 0.082031 0.564453 0.089844 0.572266 0.089844 0.574219 0.091797 0.574219 0.091797 0.568359 0.093750 0.566406 0.091797 0.564453 0.093750 0.562500 0.091797 0.560547 0.093750 0.558594 0.093750 0.552734 0.089844 0.548828 0.089844 0.544922 0.087891 0.542969 0.087891 0.541016 0.085938 0.539062
3 0.054688 0.566406 0.044922 0.566406 0.029297 0.572266 0.029297 0.599609 0.007812 0.619141 0.000000 0.621094 0.000000 0.654297 0.001953 0.646484 0.021484 0.628906 0.035156 0.611328 0.035156 0.607422 0.033203 0.605469 0.035156 0.603516 0.033203 0.599609 0.035156 0.597656 0.033203 0.595703 0.035156 0.593750 0.033203 0.591797 0.035156 0.589844 0.035156 0.585938 0.042969 0.578125 0.046875 0.578125 0.048828 0.576172 0.048828 0.572266
3 0.201172 0.591797 0.185547 0.599609 0.183594 0.607422 0.169922 0.617188 0.123047 0.617188 0.105469 0.607422 0.083984 0.619141 0.062500 0.615234 0.054688 0.632812 0.031250 0.660156 0.039062 0.701172 0.072266 0.701172 0.085938 0.710938 0.082031 0.732422 0.070312 0.740234 0.078125 0.753906 0.087891 0.744141 0.105469 0.742188 0.107422 0.712891 0.117188 0.699219 0.128906 0.699219 0.136719 0.707031 0.138672 0.722656 0.142578 0.720703 0.142578 0.685547 0.128906 0.671875 0.132812 0.658203 0.156250 0.623047 0.195312 0.613281
3 0.203125 0.640625 0.199219 0.644531 0.197266 0.644531 0.195312 0.646484 0.191406 0.646484 0.185547 0.650391 0.181641 0.650391 0.179688 0.652344 0.177734 0.652344 0.175781 0.650391 0.173828 0.652344 0.169922 0.652344 0.169922 0.654297 0.166016 0.658203 0.166016 0.660156 0.164062 0.662109 0.164062 0.666016 0.160156 0.671875 0.160156 0.675781 0.162109 0.675781 0.164062 0.673828 0.166016 0.675781 0.167969 0.675781 0.199219 0.644531 0.201172 0.644531 0.203125 0.642578
3 0.000000 0.658203 0.000000 0.736328 0.005859 0.730469 0.005859 0.728516 0.009766 0.722656 0.009766 0.714844 0.007812 0.712891 0.009766 0.710938 0.009766 0.705078 0.007812 0.703125 0.009766 0.701172 0.009766 0.693359 0.007812 0.691406 0.009766 0.689453 0.009766 0.685547 0.007812 0.683594 0.005859 0.669922 0.000000 0.662109
3 0.000000 0.884766 0.009766 0.884766 0.064453 0.857422 0.099609 0.828125 0.115234 0.810547 0.105469 0.810547 0.095703 0.796875 0.101562 0.787109 0.085938 0.791016 0.082031 0.810547 0.068359 0.822266 0.033203 0.830078 0.019531 0.820312 0.019531 0.808594 0.027344 0.800781 0.054688 0.794922 0.056641 0.781250 0.064453 0.771484 0.031250 0.775391 0.000000 0.767578 0.000000 0.853516 0.003906 0.857422
3 0.138672 0.783203 0.140625 0.781250 0.142578 0.783203 0.144531 0.783203 0.146484 0.781250 0.148438 0.783203 0.150391 0.781250 0.152344 0.783203 0.154297 0.781250 0.156250 0.783203 0.160156 0.783203 0.166016 0.789062 0.166016 0.785156 0.169922 0.781250 0.169922 0.779297 0.171875 0.777344 0.169922 0.777344 0.167969 0.775391 0.166016 0.777344 0.164062 0.777344 0.162109 0.775391 0.156250 0.775391 0.154297 0.773438 0.152344 0.775391 0.150391 0.773438 0.142578 0.781250 0.140625 0.781250
3 0.144531 0.810547 0.144531 0.812500 0.146484 0.814453 0.146484 0.816406 0.148438 0.818359 0.148438 0.822266 0.150391 0.824219 0.150391 0.826172 0.152344 0.828125 0.152344 0.826172 0.150391 0.824219 0.150391 0.820312 0.148438 0.818359 0.150391 0.816406 0.148438 0.814453 0.148438 0.810547 0.146484 0.812500
3 0.000000 0.953125 0.000000 0.998047 0.033203 0.998047 0.033203 0.992188 0.031250 0.990234 0.031250 0.984375 0.029297 0.982422 0.029297 0.978516 0.027344 0.976562 0.027344 0.970703 0.025391 0.968750 0.025391 0.966797 0.023438 0.964844 0.021484 0.964844 0.017578 0.960938 0.015625 0.960938 0.011719 0.957031 0.007812 0.957031 0.005859 0.955078
4 0.000000 0.000000 0.000000 0.312500 0.126953 0.511719 0.164062 0.500000 0.179688 0.464844 0.236328 0.437500 0.265625 0.388672 0.296875 0.388672 0.335938 0.365234 0.369141 0.380859 0.433594 0.361328 0.394531 0.279297 0.412109 0.259766 0.412109 0.224609 0.369141 0.148438 0.371094 0.095703 0.328125 0.058594 0.324219 0.000000
4 0.589844 0.207031 0.521484 0.212891 0.513672 0.214844 0.503906 0.224609 0.486328 0.224609 0.455078 0.244141 0.447266 0.259766 0.455078 0.328125 0.470703 0.332031 0.484375 0.318359 0.490234 0.296875 0.503906 0.283203 0.513672 0.279297 0.517578 0.271484 0.515625 0.248047 0.521484 0.265625 0.568359 0.273438 0.572266 0.263672 0.589844 0.248047 0.601562 0.230469 0.601562 0.222656
4 0.000000 0.412109 0.001953 0.619141 0.027344 0.599609 0.029297 0.570312 0.068359 0.560547 0.083984 0.562500 0.085938 0.542969 0.082031 0.529297 0.056641 0.494141 0.015625 0.447266 0.011719 0.429688
4 0.000000 0.892578 0.000000 0.951172 0.027344 0.966797 0.035156 0.998047 0.238281 0.998047 0.238281 0.988281 0.220703 0.964844 0.218750 0.947266 0.195312 0.900391 0.193359 0.867188 0.154297 0.839844 0.142578 0.810547 0.117188 0.810547 0.064453 0.859375
