0 0.675781 0.349609 0.669922 0.339844 0.664062 0.339844 0.642578 0.320312 0.644531 0.312500 0.628906 0.296875 0.593750 0.296875 0.513672 0.345703 0.511719 0.369141 0.498047 0.384766 0.498047 0.396484 0.503906 0.396484 0.507812 0.402344 0.513672 0.398438 0.515625 0.402344 0.537109 0.404297 0.542969 0.412109 0.550781 0.414062 0.587891 0.410156 0.599609 0.416016 0.595703 0.406250 0.632812 0.404297 0.636719 0.398438 0.642578 0.402344 0.640625 0.390625 0.652344 0.394531 0.660156 0.384766 0.671875 0.380859
0 0.498047 0.298828 0.496094 0.300781 0.496094 0.304688 0.498047 0.306641 0.496094 0.308594 0.496094 0.310547 0.498047 0.310547
0 0.539062 0.298828 0.537109 0.298828 0.535156 0.300781 0.527344 0.300781 0.525391 0.302734 0.525391 0.304688 0.519531 0.310547 0.521484 0.312500 0.523438 0.312500 0.531250 0.304688 0.533203 0.304688 0.537109 0.300781 0.539062 0.300781
0 0.423828 0.357422 0.369141 0.375000 0.335938 0.398438 0.349609 0.408203 0.339844 0.429688 0.347656 0.431641 0.357422 0.455078 0.345703 0.480469 0.339844 0.468750 0.339844 0.496094 0.332031 0.501953 0.339844 0.503906 0.341797 0.525391 0.367188 0.560547 0.410156 0.562500 0.439453 0.587891 0.457031 0.587891 0.474609 0.570312 0.457031 0.558594 0.490234 0.558594 0.500000 0.542969 0.486328 0.529297 0.437500 0.531250 0.435547 0.562500 0.425781 0.558594 0.429688 0.548828 0.406250 0.542969 0.406250 0.533203 0.433594 0.513672 0.468750 0.509766 0.480469 0.486328 0.476562 0.445312 0.437500 0.410156 0.447266 0.396484 0.451172 0.363281
0 0.074219 0.472656 0.074219 0.474609 0.076172 0.474609 0.076172 0.472656
0 0.121094 0.507812 0.183594 0.589844 0.203125 0.628906 0.228516 0.632812 0.242188 0.658203 0.265625 0.658203 0.265625 0.683594 0.259766 0.687500 0.253906 0.681641 0.253906 0.691406 0.277344 0.691406 0.283203 0.683594 0.273438 0.683594 0.279297 0.673828 0.269531 0.662109 0.267578 0.636719 0.285156 0.617188 0.265625 0.603516 0.273438 0.585938 0.263672 0.574219 0.238281 0.576172 0.207031 0.525391 0.212891 0.507812 0.234375 0.500000 0.228516 0.474609 0.152344 0.505859
0 0.074219 0.482422 0.074219 0.488281 0.076172 0.490234 0.076172 0.488281 0.074219 0.486328
0 0.000000 0.496094 0.000000 0.826172 0.007812 0.826172 0.056641 0.798828 0.105469 0.787109 0.156250 0.750000 0.203125 0.738281 0.207031 0.722656 0.191406 0.705078 0.171875 0.697266 0.154297 0.677734 0.152344 0.658203 0.117188 0.636719 0.068359 0.570312 0.035156 0.560547 0.037109 0.542969 0.013672 0.521484
0 0.113281 0.511719 0.113281 0.513672 0.115234 0.513672 0.115234 0.511719
0 0.765625 0.572266 0.716797 0.523438 0.677734 0.527344 0.656250 0.550781 0.654297 0.570312 0.664062 0.609375 0.671875 0.617188 0.693359 0.619141 0.652344 0.632812 0.605469 0.636719 0.564453 0.654297 0.554688 0.669922 0.556641 0.691406 0.607422 0.707031 0.679688 0.675781 0.695312 0.673828 0.722656 0.683594 0.722656 0.667969 0.736328 0.656250 0.736328 0.632812 0.691406 0.617188 0.734375 0.617188 0.759766 0.607422
0 0.255859 0.673828 0.255859 0.675781 0.257812 0.677734 0.259766 0.677734 0.259766 0.675781 0.257812 0.675781
0 0.562500 0.716797 0.570312 0.722656 0.560547 0.722656 0.554688 0.736328 0.564453 0.798828 0.583984 0.820312 0.593750 0.820312 0.626953 0.861328 0.648438 0.871094 0.699219 0.843750 0.746094 0.845703 0.751953 0.853516 0.742188 0.863281 0.753906 0.867188 0.750000 0.878906 0.757812 0.878906 0.761719 0.863281 0.767578 0.869141 0.771484 0.902344 0.798828 0.902344 0.812500 0.890625 0.808594 0.855469 0.816406 0.816406 0.802734 0.816406 0.791016 0.798828 0.783203 0.742188 0.757812 0.703125 0.728516 0.712891 0.722656 0.701172 0.710938 0.720703 0.669922 0.730469 0.634766 0.750000 0.607422 0.732422 0.605469 0.714844 0.582031 0.728516 0.576172 0.712891
0 0.585938 0.708984 0.587891 0.710938 0.591797 0.710938 0.591797 0.708984
0 0.736328 0.861328 0.736328 0.863281 0.738281 0.863281
0 0.222656 0.970703 0.208984 0.958984 0.203125 0.945312 0.185547 0.941406 0.169922 0.919922 0.146484 0.919922 0.099609 0.955078 0.046875 0.978516 0.021484 0.982422 0.007812 0.998047 0.230469 0.998047
1 0.689453 0.341797 0.683594 0.353516 0.677734 0.394531 0.681641 0.423828 0.703125 0.484375 0.720703 0.500000 0.761719 0.505859 0.779297 0.503906 0.802734 0.482422 0.804688 0.458984 0.791016 0.437500 0.791016 0.421875 0.765625 0.408203 0.759766 0.400391 0.769531 0.345703 0.751953 0.335938 0.699219 0.337891
1 0.599609 0.429688 0.580078 0.427734 0.533203 0.457031 0.505859 0.458984 0.498047 0.466797 0.492188 0.478516 0.494141 0.496094 0.492188 0.498047 0.490234 0.492188 0.488281 0.500000 0.494141 0.501953 0.496094 0.505859 0.500000 0.503906 0.505859 0.507812 0.509766 0.505859 0.511719 0.509766 0.515625 0.507812 0.529297 0.509766 0.539062 0.505859 0.566406 0.507812 0.574219 0.501953 0.580078 0.503906 0.585938 0.494141 0.593750 0.490234 0.601562 0.480469 0.609375 0.460938 0.609375 0.453125 0.601562 0.439453
1 0.650391 0.556641 0.640625 0.550781 0.609375 0.556641 0.580078 0.548828 0.515625 0.556641 0.505859 0.570312 0.507812 0.587891 0.496094 0.593750 0.496094 0.601562 0.503906 0.615234 0.496094 0.636719 0.496094 0.650391 0.521484 0.667969 0.550781 0.669922 0.562500 0.652344 0.589844 0.644531 0.607422 0.632812 0.621094 0.632812 0.628906 0.626953 0.654297 0.626953 0.662109 0.621094 0.662109 0.613281 0.654297 0.597656
1 0.718750 0.689453 0.714844 0.683594 0.707031 0.679688 0.687500 0.677734 0.671875 0.681641 0.660156 0.689453 0.654297 0.689453 0.615234 0.708984 0.607422 0.718750 0.609375 0.732422 0.623047 0.746094 0.636719 0.746094 0.642578 0.740234 0.658203 0.736328 0.669922 0.728516 0.701172 0.722656 0.712891 0.716797 0.718750 0.710938
2 0.470703 0.058594 0.429688 0.070312 0.427734 0.089844 0.443359 0.115234 0.439453 0.150391 0.449219 0.183594 0.462891 0.205078 0.490234 0.207031 0.511719 0.193359 0.511719 0.183594 0.500000 0.156250 0.496094 0.126953 0.517578 0.126953 0.564453 0.115234 0.568359 0.099609 0.564453 0.078125 0.560547 0.076172 0.523438 0.080078 0.492188 0.099609 0.486328 0.091797 0.480469 0.062500
2 0.958984 0.126953 0.958984 0.128906 0.957031 0.130859 0.958984 0.132812 0.958984 0.140625 0.962891 0.144531 0.962891 0.146484 0.966797 0.152344 0.966797 0.156250 0.968750 0.158203 0.968750 0.162109 0.970703 0.164062 0.970703 0.166016 0.972656 0.167969 0.984375 0.167969 0.986328 0.166016 0.992188 0.164062 0.994141 0.162109 0.994141 0.140625 0.992188 0.138672 0.992188 0.128906 0.986328 0.123047 0.974609 0.123047 0.968750 0.126953
2 0.992188 0.169922 0.980469 0.175781 0.976562 0.175781 0.972656 0.179688 0.972656 0.191406 0.974609 0.193359 0.974609 0.199219 0.978516 0.205078 0.978516 0.208984 0.980469 0.210938 0.980469 0.214844 0.982422 0.216797 0.984375 0.226562 0.988281 0.234375 0.996094 0.242188 0.998047 0.242188 0.998047 0.169922
2 0.816406 0.373047 0.812500 0.375000 0.810547 0.378906 0.810547 0.388672 0.812500 0.390625 0.812500 0.396484 0.816406 0.406250 0.814453 0.408203 0.814453 0.425781 0.816406 0.427734 0.816406 0.435547 0.818359 0.437500 0.818359 0.447266 0.830078 0.457031 0.833984 0.457031 0.847656 0.447266 0.855469 0.443359 0.859375 0.443359 0.863281 0.439453 0.863281 0.429688 0.859375 0.421875 0.859375 0.414062 0.857422 0.410156 0.847656 0.400391 0.847656 0.396484 0.845703 0.394531 0.845703 0.382812 0.843750 0.378906 0.835938 0.373047
2 0.212891 0.511719 0.208984 0.517578 0.210938 0.527344 0.214844 0.533203 0.216797 0.541016 0.224609 0.550781 0.232422 0.566406 0.242188 0.574219 0.253906 0.574219 0.263672 0.570312 0.265625 0.568359 0.269531 0.552734 0.273438 0.548828 0.273438 0.541016 0.267578 0.531250 0.267578 0.527344 0.261719 0.513672 0.251953 0.505859 0.240234 0.505859 0.238281 0.503906 0.224609 0.505859
2 0.896484 0.556641 0.888672 0.556641 0.886719 0.558594 0.882812 0.558594 0.880859 0.560547 0.876953 0.560547 0.875000 0.562500 0.873047 0.562500 0.871094 0.564453 0.869141 0.564453 0.865234 0.568359 0.865234 0.570312 0.869141 0.574219 0.869141 0.576172 0.873047 0.580078 0.873047 0.582031 0.876953 0.585938 0.878906 0.585938 0.880859 0.583984 0.886719 0.583984 0.888672 0.582031 0.890625 0.582031 0.894531 0.578125 0.896484 0.578125 0.898438 0.576172 0.898438 0.566406 0.896484 0.564453
2 0.431641 0.597656 0.417969 0.585938 0.406250 0.587891 0.376953 0.611328 0.373047 0.623047 0.361328 0.628906 0.359375 0.642578 0.355469 0.640625 0.351562 0.611328 0.341797 0.603516 0.318359 0.607422 0.294922 0.625000 0.279297 0.630859 0.273438 0.636719 0.273438 0.648438 0.285156 0.671875 0.298828 0.673828 0.294922 0.677734 0.298828 0.687500 0.296875 0.697266 0.316406 0.691406 0.333984 0.710938 0.339844 0.710938 0.398438 0.666016 0.419922 0.658203 0.439453 0.636719 0.431641 0.625000
2 0.908203 0.597656 0.902344 0.597656 0.900391 0.599609 0.894531 0.599609 0.888672 0.603516 0.884766 0.603516 0.882812 0.605469 0.880859 0.605469 0.876953 0.609375 0.876953 0.611328 0.878906 0.613281 0.878906 0.619141 0.880859 0.621094 0.880859 0.630859 0.884766 0.634766 0.890625 0.634766 0.892578 0.632812 0.898438 0.632812 0.900391 0.630859 0.904297 0.630859 0.906250 0.628906 0.910156 0.628906 0.912109 0.626953 0.914062 0.626953 0.914062 0.611328 0.912109 0.609375 0.912109 0.603516
2 0.908203 0.650391 0.902344 0.658203 0.892578 0.662109 0.888672 0.667969 0.869141 0.675781 0.861328 0.675781 0.859375 0.677734 0.849609 0.677734 0.847656 0.681641 0.847656 0.695312 0.859375 0.712891 0.869141 0.712891 0.886719 0.707031 0.892578 0.703125 0.902344 0.701172 0.908203 0.697266 0.921875 0.695312 0.931641 0.691406 0.931641 0.687500 0.916016 0.673828 0.916016 0.656250
2 0.806641 0.664062 0.798828 0.666016 0.792969 0.671875 0.789062 0.671875 0.785156 0.675781 0.783203 0.675781 0.777344 0.683594 0.769531 0.685547 0.767578 0.687500 0.767578 0.712891 0.771484 0.718750 0.773438 0.718750 0.783203 0.726562 0.800781 0.726562 0.816406 0.708984 0.822266 0.707031 0.822266 0.693359 0.814453 0.683594 0.814453 0.679688 0.810547 0.671875 0.810547 0.666016
2 0.533203 0.708984 0.527344 0.705078 0.490234 0.726562 0.484375 0.734375 0.486328 0.748047 0.476562 0.755859 0.457031 0.761719 0.449219 0.771484 0.429688 0.775391 0.406250 0.791016 0.380859 0.800781 0.371094 0.814453 0.359375 0.820312 0.361328 0.830078 0.382812 0.830078 0.394531 0.843750 0.414062 0.841797 0.445312 0.822266 0.466797 0.816406 0.480469 0.804688 0.544922 0.769531 0.550781 0.763672 0.550781 0.750000 0.546875 0.736328 0.535156 0.720703
2 0.785156 0.746094 0.785156 0.763672 0.787109 0.765625 0.787109 0.769531 0.789062 0.771484 0.789062 0.775391 0.791016 0.777344 0.791016 0.779297 0.792969 0.779297 0.794922 0.781250 0.808594 0.781250 0.810547 0.779297 0.814453 0.779297 0.816406 0.777344 0.820312 0.777344 0.822266 0.775391 0.822266 0.767578 0.820312 0.765625 0.820312 0.761719 0.818359 0.759766 0.818359 0.755859 0.812500 0.746094 0.808594 0.746094 0.806641 0.744141 0.796875 0.744141 0.794922 0.742188 0.792969 0.742188 0.791016 0.744141 0.787109 0.744141
2 0.900391 0.824219 0.898438 0.841797 0.914062 0.867188 0.917969 0.890625 0.933594 0.923828 0.957031 0.996094 0.998047 0.998047 0.998047 0.845703 0.970703 0.845703 0.972656 0.833984 0.966797 0.816406 0.960938 0.812500 0.951172 0.816406 0.923828 0.814453
2 0.470703 0.835938 0.460938 0.837891 0.431641 0.853516 0.423828 0.861328 0.421875 0.869141 0.406250 0.880859 0.406250 0.894531 0.408203 0.896484 0.423828 0.896484 0.441406 0.900391 0.449219 0.898438 0.453125 0.917969 0.458984 0.923828 0.466797 0.925781 0.490234 0.917969 0.500000 0.908203 0.494141 0.890625 0.482422 0.878906 0.492188 0.869141 0.494141 0.853516 0.480469 0.845703
2 0.115234 0.869141 0.103516 0.871094 0.068359 0.890625 0.058594 0.890625 0.052734 0.898438 0.052734 0.919922 0.054688 0.925781 0.066406 0.939453 0.078125 0.958984 0.082031 0.958984 0.093750 0.953125 0.101562 0.941406 0.101562 0.933594 0.119141 0.921875 0.126953 0.912109 0.121094 0.896484 0.121094 0.888672 0.115234 0.875000
2 0.648438 0.906250 0.632812 0.894531 0.619141 0.892578 0.617188 0.898438 0.613281 0.892578 0.617188 0.888672 0.611328 0.888672 0.607422 0.892578 0.609375 0.902344 0.605469 0.906250 0.595703 0.906250 0.587891 0.923828 0.576172 0.927734 0.541016 0.957031 0.523438 0.958984 0.507812 0.968750 0.507812 0.998047 0.519531 0.998047 0.648438 0.929688 0.652344 0.923828
2 0.603516 0.894531 0.601562 0.896484 0.599609 0.896484 0.603516 0.896484
2 0.544922 0.906250 0.542969 0.904297 0.527344 0.904297 0.511719 0.912109 0.505859 0.917969 0.490234 0.921875 0.480469 0.927734 0.472656 0.935547 0.468750 0.947266 0.462891 0.953125 0.457031 0.955078 0.449219 0.964844 0.449219 0.970703 0.455078 0.982422 0.458984 0.986328 0.464844 0.986328 0.486328 0.974609 0.494141 0.966797 0.505859 0.962891 0.529297 0.945312 0.550781 0.935547 0.558594 0.927734 0.546875 0.914062
2 0.279297 0.921875 0.269531 0.919922 0.263672 0.923828 0.242188 0.923828 0.240234 0.925781 0.234375 0.925781 0.224609 0.931641 0.214844 0.933594 0.210938 0.937500 0.210938 0.949219 0.216797 0.960938 0.226562 0.960938 0.228516 0.962891 0.226562 0.964844 0.226562 0.970703 0.232422 0.988281 0.248047 0.986328 0.267578 0.972656 0.279297 0.968750 0.283203 0.964844 0.283203 0.949219 0.281250 0.945312 0.271484 0.945312 0.269531 0.943359 0.283203 0.939453 0.283203 0.929688
3 0.583984 0.000000 0.607422 0.119141 0.619141 0.138672 0.636719 0.199219 0.660156 0.201172 0.664062 0.207031 0.687500 0.197266 0.724609 0.171875 0.724609 0.156250 0.730469 0.148438 0.728516 0.128906 0.710938 0.087891 0.712891 0.078125 0.701172 0.072266 0.701172 0.048828 0.691406 0.042969 0.695312 0.035156 0.687500 0.027344 0.687500 0.009766 0.693359 0.003906 0.675781 0.000000 0.679688 0.031250 0.667969 0.000000
5 0.998047 0.074219 0.853516 0.117188 0.667969 0.205078 0.595703 0.269531 0.501953 0.324219 0.486328 0.355469 0.503906 0.359375 0.513672 0.343750 0.646484 0.259766 0.683594 0.222656 0.841797 0.144531 0.998047 0.101562
5 0.347656 0.408203 0.335938 0.402344 0.318359 0.412109 0.294922 0.414062 0.242188 0.443359 0.166016 0.470703 0.150391 0.480469 0.113281 0.484375 0.107422 0.494141 0.109375 0.500000 0.119141 0.505859 0.158203 0.501953 0.179688 0.490234 0.238281 0.470703 0.302734 0.435547 0.333984 0.431641 0.347656 0.419922
5 0.000000 0.408203 0.005859 0.486328 0.046875 0.535156 0.072266 0.544922 0.279297 0.798828 0.396484 0.994141 0.457031 0.998047 0.330078 0.783203 0.130859 0.535156
