0 0.083984 0.060547 0.095703 0.111328 0.134766 0.171875 0.138672 0.191406 0.146484 0.183594 0.150391 0.193359 0.150391 0.181641 0.166016 0.167969 0.191406 0.169922 0.195312 0.177734 0.207031 0.179688 0.287109 0.162109 0.316406 0.144531 0.310547 0.107422 0.287109 0.076172 0.261719 0.017578 0.246094 0.000000 0.123047 0.000000 0.132812 0.046875
0 0.417969 0.205078 0.402344 0.212891 0.402344 0.214844 0.398438 0.218750 0.398438 0.226562 0.396484 0.230469 0.398438 0.232422 0.398438 0.238281 0.404297 0.242188 0.412109 0.257812 0.412109 0.263672 0.414062 0.267578 0.433594 0.267578 0.437500 0.263672 0.441406 0.255859 0.441406 0.251953 0.443359 0.250000 0.443359 0.228516 0.441406 0.226562 0.441406 0.220703 0.437500 0.214844 0.437500 0.210938 0.433594 0.208984 0.431641 0.205078
0 0.460938 0.640625 0.458984 0.710938 0.476562 0.761719 0.544922 0.757812 0.560547 0.730469 0.574219 0.724609 0.580078 0.734375 0.582031 0.722656 0.585938 0.732422 0.591797 0.730469 0.591797 0.740234 0.585938 0.738281 0.587891 0.742188 0.578125 0.742188 0.578125 0.746094 0.625000 0.746094 0.632812 0.740234 0.630859 0.695312 0.625000 0.679688 0.603516 0.673828 0.599609 0.687500 0.554688 0.685547 0.517578 0.660156 0.523438 0.634766 0.517578 0.623047 0.494141 0.625000
0 0.216797 0.718750 0.199219 0.728516 0.193359 0.734375 0.193359 0.738281 0.191406 0.740234 0.193359 0.773438 0.195312 0.775391 0.195312 0.779297 0.199219 0.783203 0.205078 0.785156 0.214844 0.794922 0.240234 0.794922 0.244141 0.792969 0.251953 0.775391 0.251953 0.757812 0.246094 0.748047 0.246094 0.726562 0.242188 0.722656 0.238281 0.722656 0.236328 0.720703
2 0.738281 0.009766 0.730469 0.009766 0.722656 0.013672 0.708984 0.015625 0.705078 0.019531 0.697266 0.021484 0.687500 0.027344 0.687500 0.031250 0.685547 0.033203 0.685547 0.052734 0.687500 0.054688 0.689453 0.062500 0.695312 0.068359 0.714844 0.068359 0.716797 0.066406 0.724609 0.064453 0.730469 0.058594 0.736328 0.056641 0.742188 0.044922 0.748047 0.039062 0.750000 0.039062 0.751953 0.035156 0.746094 0.029297 0.744141 0.029297 0.738281 0.021484
2 0.000000 0.041016 0.000000 0.220703 0.021484 0.220703 0.046875 0.208984 0.097656 0.197266 0.101562 0.193359 0.099609 0.179688 0.093750 0.171875 0.080078 0.166016 0.083984 0.162109 0.083984 0.130859 0.068359 0.105469 0.058594 0.074219 0.048828 0.068359 0.021484 0.066406 0.011719 0.048828
2 0.816406 0.087891 0.798828 0.089844 0.763672 0.125000 0.728516 0.130859 0.701172 0.146484 0.716797 0.175781 0.724609 0.208984 0.736328 0.216797 0.734375 0.222656 0.748047 0.253906 0.810547 0.238281 0.794922 0.195312 0.746094 0.210938 0.751953 0.203125 0.785156 0.193359 0.789062 0.177734 0.800781 0.173828 0.820312 0.177734 0.835938 0.171875 0.839844 0.138672 0.847656 0.132812 0.847656 0.125000 0.835938 0.099609
2 0.890625 0.160156 0.898438 0.173828 0.896484 0.185547 0.904297 0.195312 0.910156 0.197266 0.908203 0.203125 0.935547 0.253906 0.943359 0.253906 0.953125 0.246094 0.988281 0.228516 0.998047 0.226562 0.998047 0.162109 0.966797 0.169922 0.931641 0.185547 0.914062 0.144531 0.900391 0.156250
2 0.818359 0.181641 0.814453 0.185547 0.812500 0.205078 0.814453 0.207031 0.816406 0.236328 0.818359 0.238281 0.820312 0.251953 0.830078 0.259766 0.837891 0.255859 0.859375 0.253906 0.871094 0.248047 0.875000 0.244141 0.876953 0.238281 0.875000 0.236328 0.875000 0.228516 0.869141 0.222656 0.859375 0.218750 0.855469 0.214844 0.855469 0.199219 0.851562 0.195312 0.847656 0.183594 0.841797 0.179688 0.826172 0.179688 0.824219 0.181641
2 0.603516 0.195312 0.552734 0.220703 0.550781 0.232422 0.568359 0.255859 0.585938 0.253906 0.591797 0.271484 0.597656 0.257812 0.587891 0.253906 0.605469 0.250000 0.603516 0.263672 0.609375 0.294922 0.591797 0.298828 0.585938 0.316406 0.609375 0.363281 0.625000 0.365234 0.642578 0.345703 0.664062 0.335938 0.667969 0.328125 0.652344 0.314453 0.646484 0.298828 0.650391 0.275391 0.642578 0.244141 0.621094 0.238281 0.634766 0.234375 0.621094 0.195312
2 0.210938 0.240234 0.207031 0.242188 0.199219 0.240234 0.187500 0.244141 0.183594 0.248047 0.164062 0.257812 0.156250 0.269531 0.158203 0.283203 0.169922 0.306641 0.173828 0.310547 0.179688 0.312500 0.199219 0.312500 0.205078 0.308594 0.208984 0.308594 0.218750 0.296875 0.222656 0.294922 0.230469 0.294922 0.232422 0.292969 0.230469 0.277344 0.224609 0.269531 0.222656 0.259766 0.216797 0.253906 0.216797 0.246094 0.214844 0.242188
2 0.533203 0.248047 0.488281 0.259766 0.460938 0.273438 0.455078 0.281250 0.437500 0.291016 0.443359 0.322266 0.460938 0.355469 0.501953 0.341797 0.519531 0.328125 0.529297 0.328125 0.531250 0.294922 0.539062 0.294922 0.542969 0.298828 0.539062 0.300781 0.544922 0.310547 0.542969 0.320312 0.558594 0.316406 0.558594 0.308594 0.548828 0.292969 0.546875 0.263672
2 0.833984 0.271484 0.833984 0.279297 0.841797 0.296875 0.843750 0.314453 0.857422 0.337891 0.861328 0.363281 0.869141 0.373047 0.890625 0.371094 0.906250 0.363281 0.939453 0.353516 0.937500 0.339844 0.929688 0.330078 0.925781 0.314453 0.919922 0.316406 0.914062 0.314453 0.917969 0.316406 0.916016 0.318359 0.892578 0.320312 0.878906 0.296875 0.873047 0.273438 0.861328 0.261719 0.853516 0.261719 0.843750 0.269531
2 0.949219 0.275391 0.949219 0.283203 0.955078 0.289062 0.958984 0.289062 0.964844 0.292969 0.964844 0.294922 0.966797 0.296875 0.966797 0.300781 0.968750 0.302734 0.968750 0.306641 0.978516 0.306641 0.980469 0.304688 0.988281 0.304688 0.990234 0.302734 0.996094 0.302734 0.998047 0.300781 0.998047 0.289062 0.986328 0.279297 0.986328 0.277344 0.982422 0.271484 0.982422 0.267578 0.980469 0.265625 0.980469 0.263672 0.968750 0.263672 0.966797 0.265625 0.964844 0.265625 0.960938 0.269531 0.958984 0.269531
2 0.726562 0.298828 0.691406 0.318359 0.744141 0.472656 0.707031 0.384766 0.683594 0.359375 0.619141 0.371094 0.611328 0.380859 0.621094 0.408203 0.607422 0.417969 0.607422 0.457031 0.650391 0.572266 0.707031 0.560547 0.802734 0.513672 0.800781 0.480469 0.767578 0.382812
2 0.173828 0.314453 0.162109 0.314453 0.148438 0.320312 0.134766 0.337891 0.130859 0.337891 0.115234 0.345703 0.121094 0.353516 0.123047 0.361328 0.132812 0.376953 0.132812 0.380859 0.136719 0.384766 0.150391 0.384766 0.152344 0.382812 0.154297 0.384766 0.154297 0.388672 0.150391 0.390625 0.156250 0.400391 0.162109 0.400391 0.167969 0.396484 0.179688 0.382812 0.185547 0.380859 0.197266 0.371094 0.197266 0.365234 0.191406 0.347656 0.177734 0.324219 0.177734 0.318359
2 0.068359 0.320312 0.046875 0.332031 0.046875 0.341797 0.054688 0.355469 0.060547 0.375000 0.074219 0.400391 0.074219 0.406250 0.082031 0.421875 0.083984 0.431641 0.087891 0.437500 0.091797 0.437500 0.105469 0.425781 0.117188 0.423828 0.123047 0.417969 0.105469 0.386719 0.103516 0.375000 0.093750 0.359375 0.078125 0.320312
2 0.558594 0.320312 0.544922 0.328125 0.537109 0.328125 0.531250 0.333984 0.548828 0.371094 0.550781 0.380859 0.562500 0.404297 0.562500 0.408203 0.570312 0.423828 0.572266 0.423828 0.580078 0.416016 0.595703 0.408203 0.595703 0.398438 0.593750 0.396484 0.593750 0.384766 0.582031 0.363281 0.582031 0.359375 0.570312 0.339844 0.564453 0.324219
2 0.835938 0.478516 0.835938 0.486328 0.841797 0.494141 0.843750 0.501953 0.847656 0.505859 0.861328 0.505859 0.863281 0.503906 0.873047 0.503906 0.875000 0.501953 0.880859 0.501953 0.882812 0.500000 0.888672 0.500000 0.890625 0.498047 0.900391 0.498047 0.902344 0.496094 0.906250 0.496094 0.906250 0.488281 0.904297 0.486328 0.904297 0.482422 0.902344 0.480469 0.900391 0.472656 0.892578 0.466797 0.884766 0.466797 0.880859 0.464844 0.875000 0.458984 0.857422 0.458984 0.847656 0.466797 0.845703 0.466797 0.837891 0.474609
2 0.185547 0.529297 0.160156 0.541016 0.148438 0.564453 0.164062 0.593750 0.179688 0.609375 0.199219 0.611328 0.193359 0.617188 0.195312 0.632812 0.191406 0.642578 0.201172 0.666016 0.210938 0.679688 0.220703 0.685547 0.226562 0.681641 0.226562 0.666016 0.238281 0.654297 0.267578 0.644531 0.269531 0.634766 0.251953 0.611328 0.238281 0.611328 0.230469 0.599609 0.208984 0.609375 0.203125 0.607422 0.228516 0.593750 0.234375 0.583984 0.212891 0.546875 0.199219 0.546875 0.191406 0.531250
2 0.914062 0.531250 0.912109 0.529297 0.906250 0.529297 0.904297 0.527344 0.902344 0.527344 0.900391 0.529297 0.876953 0.529297 0.875000 0.531250 0.869141 0.531250 0.867188 0.537109 0.869141 0.539062 0.869141 0.552734 0.871094 0.554688 0.871094 0.560547 0.869141 0.562500 0.871094 0.564453 0.871094 0.566406 0.884766 0.566406 0.886719 0.564453 0.910156 0.564453 0.912109 0.562500 0.914062 0.562500
2 0.386719 0.650391 0.382812 0.656250 0.386719 0.714844 0.402344 0.716797 0.410156 0.710938 0.412109 0.705078 0.421875 0.710938 0.423828 0.761719 0.431641 0.763672 0.443359 0.759766 0.466797 0.759766 0.468750 0.746094 0.458984 0.730469 0.455078 0.707031 0.451172 0.703125 0.453125 0.687500 0.447266 0.658203 0.439453 0.654297 0.408203 0.658203 0.402344 0.646484
2 0.738281 0.662109 0.738281 0.685547 0.736328 0.689453 0.738281 0.691406 0.738281 0.699219 0.742188 0.703125 0.753906 0.705078 0.761719 0.708984 0.765625 0.707031 0.796875 0.707031 0.798828 0.705078 0.810547 0.705078 0.812500 0.703125 0.808594 0.699219 0.808594 0.695312 0.806641 0.693359 0.804688 0.662109 0.798828 0.656250 0.767578 0.656250 0.765625 0.658203 0.753906 0.658203 0.751953 0.660156 0.742188 0.660156
2 0.169922 0.714844 0.166016 0.714844 0.164062 0.716797 0.140625 0.716797 0.125000 0.724609 0.126953 0.730469 0.138672 0.742188 0.138672 0.748047 0.140625 0.750000 0.140625 0.773438 0.142578 0.775391 0.175781 0.775391 0.183594 0.771484 0.183594 0.763672 0.179688 0.755859 0.177734 0.740234 0.171875 0.728516 0.171875 0.716797
2 0.099609 0.736328 0.091797 0.732422 0.070312 0.732422 0.048828 0.738281 0.035156 0.746094 0.021484 0.746094 0.000000 0.755859 0.000000 0.816406 0.054688 0.804688 0.064453 0.798828 0.085938 0.792969 0.099609 0.792969 0.103516 0.789062 0.113281 0.789062 0.115234 0.779297 0.109375 0.763672 0.099609 0.750000
2 0.830078 0.765625 0.808594 0.765625 0.798828 0.759766 0.785156 0.761719 0.777344 0.755859 0.767578 0.755859 0.763672 0.759766 0.734375 0.757812 0.720703 0.765625 0.714844 0.759766 0.675781 0.769531 0.673828 0.781250 0.675781 0.794922 0.679688 0.792969 0.687500 0.798828 0.681641 0.812500 0.685547 0.812500 0.687500 0.806641 0.693359 0.814453 0.716797 0.814453 0.724609 0.835938 0.728516 0.828125 0.736328 0.839844 0.761719 0.841797 0.767578 0.837891 0.800781 0.839844 0.824219 0.835938 0.833984 0.828125
2 0.900391 0.767578 0.902344 0.789062 0.908203 0.798828 0.914062 0.824219 0.925781 0.826172 0.896484 0.830078 0.892578 0.833984 0.898438 0.878906 0.933594 0.876953 0.937500 0.875000 0.937500 0.859375 0.931641 0.841797 0.931641 0.828125 0.927734 0.826172 0.943359 0.822266 0.949219 0.816406 0.947266 0.777344 0.943359 0.769531 0.935547 0.767578
2 0.623047 0.771484 0.619141 0.775391 0.621094 0.779297 0.621094 0.794922 0.623047 0.796875 0.619141 0.806641 0.621094 0.843750 0.626953 0.853516 0.648438 0.853516 0.650391 0.851562 0.654297 0.851562 0.660156 0.843750 0.658203 0.816406 0.656250 0.814453 0.656250 0.804688 0.654297 0.802734 0.654297 0.794922 0.656250 0.792969 0.656250 0.789062 0.654297 0.787109 0.654297 0.775391 0.652344 0.771484 0.646484 0.771484 0.644531 0.769531
2 0.488281 0.792969 0.486328 0.802734 0.480469 0.812500 0.482422 0.830078 0.490234 0.851562 0.488281 0.871094 0.531250 0.869141 0.533203 0.867188 0.541016 0.869141 0.542969 0.867188 0.558594 0.867188 0.566406 0.863281 0.568359 0.859375 0.566406 0.841797 0.574219 0.830078 0.576172 0.804688 0.572266 0.798828 0.529297 0.798828 0.523438 0.794922 0.521484 0.787109 0.500000 0.787109
2 0.388672 0.798828 0.384766 0.802734 0.384766 0.810547 0.380859 0.818359 0.382812 0.828125 0.386719 0.832031 0.396484 0.835938 0.406250 0.835938 0.410156 0.832031 0.412109 0.833984 0.412109 0.851562 0.414062 0.855469 0.417969 0.857422 0.441406 0.855469 0.443359 0.853516 0.443359 0.847656 0.439453 0.843750 0.439453 0.839844 0.437500 0.837891 0.435547 0.812500 0.433594 0.810547 0.419922 0.810547 0.412109 0.814453 0.410156 0.812500 0.410156 0.800781 0.408203 0.798828 0.404297 0.798828 0.402344 0.796875
2 0.136719 0.859375 0.138672 0.906250 0.142578 0.912109 0.148438 0.912109 0.189453 0.898438 0.208984 0.896484 0.208984 0.876953 0.205078 0.867188 0.203125 0.851562 0.197266 0.843750 0.160156 0.843750 0.148438 0.853516
2 0.767578 0.853516 0.761719 0.849609 0.730469 0.851562 0.726562 0.853516 0.724609 0.859375 0.720703 0.863281 0.708984 0.865234 0.707031 0.869141 0.707031 0.880859 0.705078 0.882812 0.708984 0.906250 0.710938 0.908203 0.718750 0.908203 0.720703 0.906250 0.728516 0.906250 0.730469 0.904297 0.742188 0.904297 0.744141 0.902344 0.759766 0.902344 0.761719 0.900391 0.765625 0.900391 0.769531 0.894531 0.769531 0.888672 0.767578 0.886719 0.769531 0.876953 0.763672 0.871094 0.763672 0.865234 0.769531 0.861328
2 0.667969 0.857422 0.666016 0.859375 0.666016 0.880859 0.685547 0.880859 0.687500 0.882812 0.691406 0.882812 0.693359 0.880859 0.693359 0.859375 0.689453 0.855469 0.673828 0.855469 0.671875 0.857422
2 0.552734 0.873047 0.507812 0.875000 0.505859 0.876953 0.496094 0.876953 0.486328 0.882812 0.486328 0.886719 0.492188 0.892578 0.492188 0.917969 0.494141 0.919922 0.492188 0.925781 0.498047 0.935547 0.500000 0.947266 0.519531 0.945312 0.517578 0.939453 0.517578 0.919922 0.519531 0.917969 0.527344 0.917969 0.531250 0.921875 0.554688 0.921875 0.556641 0.919922 0.556641 0.894531 0.554688 0.892578 0.554688 0.876953
2 0.615234 0.871094 0.601562 0.871094 0.599609 0.873047 0.578125 0.875000 0.576172 0.876953 0.576172 0.908203 0.582031 0.927734 0.562500 0.933594 0.564453 0.958984 0.568359 0.960938 0.582031 0.960938 0.583984 0.941406 0.585938 0.939453 0.617188 0.937500 0.623047 0.933594 0.621094 0.914062 0.619141 0.912109 0.619141 0.888672 0.617188 0.886719 0.617188 0.873047
2 0.474609 0.884766 0.462891 0.884766 0.460938 0.886719 0.447266 0.886719 0.445312 0.888672 0.437500 0.888672 0.437500 0.890625 0.435547 0.892578 0.435547 0.904297 0.437500 0.906250 0.437500 0.925781 0.441406 0.929688 0.457031 0.929688 0.458984 0.927734 0.476562 0.927734 0.478516 0.925781 0.478516 0.912109 0.476562 0.910156 0.476562 0.886719
2 0.394531 0.892578 0.388672 0.892578 0.386719 0.894531 0.363281 0.894531 0.357422 0.898438 0.353516 0.906250 0.353516 0.910156 0.351562 0.912109 0.351562 0.919922 0.353516 0.921875 0.353516 0.937500 0.355469 0.939453 0.355469 0.951172 0.359375 0.955078 0.373047 0.955078 0.380859 0.947266 0.382812 0.947266 0.386719 0.937500 0.394531 0.931641 0.394531 0.925781 0.396484 0.923828 0.396484 0.894531
2 0.279297 0.898438 0.263672 0.898438 0.261719 0.900391 0.250000 0.900391 0.238281 0.904297 0.216797 0.906250 0.212891 0.912109 0.212891 0.931641 0.214844 0.933594 0.214844 0.943359 0.218750 0.953125 0.238281 0.960938 0.244141 0.966797 0.261719 0.966797 0.263672 0.964844 0.287109 0.960938 0.289062 0.958984 0.289062 0.953125 0.287109 0.951172 0.287109 0.939453 0.285156 0.937500 0.285156 0.906250
2 0.130859 0.919922 0.134766 0.951172 0.140625 0.974609 0.140625 0.992188 0.142578 0.994141 0.173828 0.992188 0.175781 0.990234 0.203125 0.990234 0.205078 0.992188 0.210938 0.990234 0.210938 0.957031 0.203125 0.945312 0.203125 0.931641 0.199219 0.917969 0.185547 0.914062 0.166016 0.914062 0.164062 0.916016 0.140625 0.916016
2 0.982422 0.970703 0.978516 0.966797 0.972656 0.966797 0.970703 0.968750 0.945312 0.968750 0.923828 0.972656 0.876953 0.972656 0.859375 0.976562 0.857422 0.974609 0.843750 0.976562 0.841797 0.978516 0.841797 0.998047 0.984375 0.998047
4 0.261719 0.000000 0.289062 0.072266 0.312500 0.097656 0.333984 0.175781 0.361328 0.224609 0.380859 0.283203 0.392578 0.287109 0.412109 0.273438 0.410156 0.257812 0.396484 0.238281 0.396484 0.218750 0.417969 0.203125 0.443359 0.208984 0.449219 0.201172 0.412109 0.072266 0.373047 0.000000
4 0.736328 0.560547 0.722656 0.560547 0.628906 0.589844 0.625000 0.593750 0.625000 0.632812 0.628906 0.646484 0.628906 0.664062 0.632812 0.667969 0.652344 0.667969 0.689453 0.658203 0.724609 0.654297 0.726562 0.646484 0.732422 0.640625 0.742188 0.638672 0.744141 0.632812 0.740234 0.617188 0.742188 0.613281
5 0.896484 0.000000 0.621094 0.158203 0.546875 0.041016 0.601562 0.169922 0.251953 0.378906 0.193359 0.318359 0.218750 0.392578 0.000000 0.509766 0.173828 0.441406 0.242188 0.542969 0.189453 0.429688 0.255859 0.394531 0.333984 0.521484 0.275391 0.386719 0.681641 0.154297 0.849609 0.732422 0.017578 0.851562 0.998047 0.724609 0.869141 0.718750 0.699219 0.146484 0.824219 0.064453 0.998047 0.400391 0.843750 0.062500
5 0.998047 0.925781 0.923828 0.921875 0.869141 0.937500 0.794922 0.935547 0.732422 0.955078 0.628906 0.955078 0.492188 0.972656 0.455078 0.992188 0.484375 0.998047 0.634766 0.972656 0.750000 0.970703 0.804688 0.953125 0.873047 0.955078 0.925781 0.939453 0.990234 0.941406
6 0.294922 0.378906 0.294922 0.400391 0.361328 0.537109 0.406250 0.591797 0.427734 0.589844 0.433594 0.599609 0.441406 0.589844 0.451172 0.597656 0.458984 0.585938 0.462891 0.599609 0.472656 0.587891 0.480469 0.599609 0.488281 0.589844 0.494141 0.599609 0.505859 0.589844 0.511719 0.599609 0.517578 0.591797 0.529297 0.599609 0.533203 0.591797 0.544922 0.597656 0.623047 0.576172 0.625000 0.527344 0.615234 0.488281 0.564453 0.419922 0.527344 0.337891 0.460938 0.363281 0.439453 0.330078 0.408203 0.330078 0.402344 0.314453 0.394531 0.328125 0.388672 0.324219
6 0.000000 0.546875 0.000000 0.613281 0.039062 0.656250 0.037109 0.691406 0.046875 0.708984 0.105469 0.720703 0.144531 0.710938 0.183594 0.708984 0.207031 0.695312 0.208984 0.683594 0.183594 0.642578 0.185547 0.623047 0.146484 0.570312 0.142578 0.558594 0.148438 0.550781 0.146484 0.542969 0.128906 0.544922 0.121094 0.531250 0.078125 0.523438 0.074219 0.517578 0.080078 0.509766 0.072266 0.507812
