0 0.212891 0.000000 0.205078 0.033203 0.218750 0.048828 0.222656 0.056641 0.230469 0.060547 0.267578 0.060547 0.269531 0.058594 0.277344 0.058594 0.281250 0.054688 0.281250 0.041016 0.279297 0.039062 0.279297 0.035156 0.269531 0.025391 0.261719 0.011719 0.255859 0.005859 0.253906 0.000000
0 0.958984 0.001953 0.654297 0.082031 0.666016 0.255859 0.625000 0.101562 0.574219 0.101562 0.570312 0.292969 0.482422 0.335938 0.566406 0.343750 0.628906 0.453125 0.390625 0.322266 0.000000 0.408203 0.013672 0.984375 0.113281 0.998047 0.216797 0.830078 0.253906 0.892578 0.425781 0.927734 0.429688 0.998047 0.652344 0.996094 0.605469 0.804688 0.677734 0.677734 0.474609 0.621094 0.388672 0.673828 0.437500 0.736328 0.359375 0.759766 0.279297 0.496094 0.414062 0.462891 0.375000 0.550781 0.416016 0.587891 0.554688 0.490234 0.642578 0.529297 0.724609 0.746094 0.755859 0.617188 0.837891 0.984375 0.892578 0.992188 0.703125 0.140625 0.933594 0.072266
0 0.394531 0.152344 0.386719 0.162109 0.386719 0.187500 0.388672 0.189453 0.388672 0.195312 0.390625 0.199219 0.396484 0.203125 0.416016 0.205078 0.423828 0.210938 0.431641 0.210938 0.439453 0.207031 0.443359 0.203125 0.443359 0.193359 0.439453 0.185547 0.439453 0.166016 0.437500 0.164062 0.435547 0.156250 0.431641 0.152344 0.427734 0.150391 0.421875 0.150391 0.419922 0.148438 0.402344 0.148438
0 0.359375 0.171875 0.332031 0.171875 0.330078 0.173828 0.320312 0.175781 0.312500 0.181641 0.308594 0.189453 0.306641 0.201172 0.308594 0.203125 0.308594 0.210938 0.310547 0.212891 0.310547 0.216797 0.314453 0.220703 0.316406 0.220703 0.330078 0.236328 0.333984 0.238281 0.343750 0.238281 0.343750 0.236328 0.349609 0.230469 0.357422 0.226562 0.363281 0.220703 0.365234 0.197266 0.367188 0.195312 0.367188 0.181641
1 0.181641 0.992188 0.181641 0.998047 0.425781 0.998047 0.419922 0.978516 0.421875 0.953125 0.416016 0.949219 0.367188 0.939453 0.345703 0.925781 0.308594 0.919922 0.285156 0.910156 0.240234 0.906250 0.212891 0.910156 0.203125 0.933594 0.201172 0.960938
2 0.289062 0.482422 0.289062 0.490234 0.296875 0.521484 0.304688 0.529297 0.333984 0.529297 0.355469 0.523438 0.375000 0.515625 0.394531 0.498047 0.394531 0.478516 0.392578 0.476562 0.361328 0.478516 0.345703 0.484375 0.332031 0.484375 0.320312 0.474609 0.306641 0.472656 0.292969 0.476562
2 0.582031 0.585938 0.582031 0.599609 0.591797 0.611328 0.591797 0.619141 0.599609 0.634766 0.603516 0.654297 0.613281 0.656250 0.623047 0.650391 0.666016 0.642578 0.673828 0.638672 0.671875 0.623047 0.658203 0.617188 0.654297 0.611328 0.654297 0.599609 0.656250 0.597656 0.654297 0.587891 0.646484 0.583984 0.638672 0.583984 0.632812 0.572266 0.626953 0.566406 0.605469 0.568359
2 0.675781 0.757812 0.669922 0.775391 0.673828 0.787109 0.671875 0.792969 0.677734 0.810547 0.685547 0.818359 0.703125 0.824219 0.726562 0.822266 0.744141 0.818359 0.751953 0.814453 0.759766 0.806641 0.763672 0.798828 0.765625 0.787109 0.759766 0.769531 0.751953 0.761719 0.734375 0.755859 0.726562 0.757812 0.718750 0.750000 0.701172 0.744141 0.683594 0.750000
2 0.617188 0.767578 0.617188 0.769531 0.619141 0.771484 0.617188 0.773438 0.617188 0.794922 0.619141 0.796875 0.619141 0.802734 0.621094 0.804688 0.621094 0.810547 0.623047 0.812500 0.623047 0.814453 0.626953 0.818359 0.646484 0.818359 0.648438 0.816406 0.652344 0.816406 0.656250 0.812500 0.656250 0.791016 0.650391 0.781250 0.650391 0.767578 0.648438 0.765625 0.640625 0.765625 0.638672 0.763672 0.630859 0.763672 0.628906 0.765625 0.621094 0.765625 0.619141 0.767578
2 0.644531 0.839844 0.638672 0.865234 0.644531 0.882812 0.652344 0.890625 0.669922 0.896484 0.691406 0.886719 0.697266 0.914062 0.730469 0.939453 0.750000 0.939453 0.765625 0.927734 0.771484 0.910156 0.771484 0.890625 0.765625 0.873047 0.757812 0.865234 0.732422 0.859375 0.716797 0.863281 0.701172 0.875000 0.699219 0.847656 0.687500 0.832031 0.669922 0.826172 0.652344 0.832031
3 0.000000 0.406250 0.166016 0.398438 0.390625 0.320312 0.441406 0.333984 0.537109 0.425781 0.628906 0.451172 0.568359 0.339844 0.533203 0.376953 0.480469 0.335938 0.521484 0.285156 0.568359 0.292969 0.562500 0.238281 0.591797 0.216797 0.572266 0.101562 0.626953 0.101562 0.666016 0.253906 0.638672 0.125000 0.654297 0.080078 0.777344 0.068359 0.925781 0.000000 0.255859 0.000000 0.283203 0.041016 0.267578 0.062500 0.220703 0.056641 0.210938 0.000000 0.000000 0.000000
3 0.998047 0.000000 0.957031 0.000000 0.972656 0.041016 0.925781 0.078125 0.796875 0.130859 0.705078 0.140625 0.792969 0.531250 0.851562 0.687500 0.847656 0.814453 0.898438 0.949219 0.888672 0.998047 0.998047 0.998047 0.998047 0.658203 0.964844 0.632812 0.964844 0.542969 0.904297 0.285156 0.855469 0.167969 0.890625 0.128906 0.998047 0.103516
3 0.664062 0.257812 0.664062 0.259766 0.666016 0.261719 0.664062 0.263672 0.666016 0.263672 0.666016 0.257812
3 0.666016 0.277344 0.666016 0.281250 0.667969 0.283203 0.667969 0.289062 0.667969 0.283203 0.666016 0.281250 0.667969 0.279297 0.667969 0.277344
3 0.671875 0.310547 0.673828 0.312500 0.673828 0.320312 0.675781 0.322266 0.675781 0.326172 0.675781 0.322266 0.673828 0.320312 0.673828 0.312500
3 0.677734 0.343750 0.679688 0.363281 0.687500 0.390625 0.685547 0.402344 0.689453 0.410156 0.691406 0.419922 0.689453 0.423828 0.693359 0.435547 0.691406 0.437500 0.693359 0.441406 0.691406 0.443359 0.693359 0.470703 0.697266 0.478516 0.701172 0.476562 0.703125 0.478516 0.707031 0.476562 0.720703 0.478516 0.722656 0.476562 0.720703 0.470703 0.722656 0.460938 0.695312 0.398438 0.691406 0.378906
3 0.408203 0.390625 0.404297 0.390625 0.392578 0.402344 0.396484 0.402344 0.398438 0.400391 0.406250 0.400391 0.408203 0.398438 0.410156 0.398438 0.410156 0.394531 0.408203 0.392578
3 0.039062 0.458984 0.037109 0.474609 0.044922 0.509766 0.042969 0.552734 0.046875 0.580078 0.058594 0.583984 0.068359 0.593750 0.080078 0.625000 0.085938 0.626953 0.085938 0.580078 0.099609 0.562500 0.111328 0.558594 0.111328 0.460938
3 0.292969 0.474609 0.294922 0.474609 0.296875 0.472656 0.304688 0.472656 0.306641 0.470703 0.308594 0.470703 0.310547 0.472656 0.320312 0.472656 0.322266 0.474609 0.324219 0.474609 0.328125 0.478516 0.328125 0.480469 0.330078 0.480469 0.332031 0.482422 0.345703 0.482422 0.347656 0.480469 0.353516 0.480469 0.355469 0.478516 0.359375 0.478516 0.359375 0.476562 0.351562 0.476562 0.349609 0.474609 0.343750 0.472656 0.339844 0.468750 0.332031 0.468750 0.330078 0.466797 0.328125 0.468750 0.318359 0.468750 0.316406 0.466797 0.314453 0.468750 0.306641 0.468750 0.304688 0.470703 0.302734 0.468750 0.300781 0.470703 0.294922 0.470703 0.294922 0.472656
3 0.287109 0.484375 0.281250 0.521484 0.337891 0.593750 0.328125 0.642578 0.367188 0.707031 0.361328 0.759766 0.435547 0.736328 0.390625 0.707031 0.386719 0.673828 0.474609 0.619141 0.537109 0.654297 0.669922 0.671875 0.693359 0.703125 0.681641 0.736328 0.617188 0.763672 0.652344 0.767578 0.658203 0.812500 0.626953 0.820312 0.615234 0.783203 0.611328 0.902344 0.666016 0.947266 0.652344 0.998047 0.845703 0.998047 0.789062 0.847656 0.787109 0.705078 0.753906 0.617188 0.765625 0.726562 0.724609 0.748047 0.642578 0.531250 0.554688 0.492188 0.425781 0.591797 0.373047 0.550781 0.417969 0.466797 0.367188 0.476562 0.392578 0.474609 0.396484 0.498047 0.333984 0.531250 0.300781 0.529297
3 0.283203 0.687500 0.279297 0.689453 0.257812 0.718750 0.267578 0.732422 0.269531 0.742188 0.267578 0.753906 0.255859 0.773438 0.238281 0.794922 0.234375 0.804688 0.250000 0.798828 0.267578 0.800781 0.279297 0.787109 0.283203 0.777344 0.294922 0.765625 0.294922 0.757812 0.300781 0.744141 0.298828 0.742188 0.302734 0.724609 0.296875 0.718750 0.287109 0.691406
3 0.486328 0.693359 0.488281 0.695312 0.488281 0.697266 0.490234 0.699219 0.490234 0.701172 0.490234 0.699219 0.488281 0.697266 0.488281 0.695312
3 0.000000 0.816406 0.000000 0.916016 0.000000 0.908203 0.001953 0.906250 0.000000 0.902344 0.001953 0.900391 0.001953 0.884766 0.000000 0.882812 0.001953 0.880859 0.001953 0.873047 0.003906 0.871094 0.003906 0.867188 0.001953 0.865234 0.001953 0.857422 0.000000 0.855469 0.001953 0.853516 0.001953 0.845703 0.003906 0.843750 0.003906 0.839844 0.001953 0.837891 0.001953 0.830078 0.000000 0.828125 0.001953 0.826172 0.001953 0.820312
3 0.216797 0.832031 0.210938 0.843750 0.208984 0.859375 0.201172 0.871094 0.201172 0.875000 0.191406 0.892578 0.185547 0.912109 0.189453 0.910156 0.193359 0.912109 0.195312 0.908203 0.201172 0.906250 0.201172 0.894531 0.205078 0.890625 0.212891 0.890625 0.214844 0.892578 0.226562 0.890625 0.228516 0.892578 0.244141 0.892578 0.246094 0.894531 0.251953 0.892578 0.246094 0.890625 0.240234 0.884766 0.232422 0.880859 0.222656 0.871094 0.214844 0.847656 0.216797 0.845703 0.214844 0.843750 0.216797 0.841797 0.214844 0.839844
3 0.285156 0.896484 0.292969 0.902344 0.298828 0.902344 0.308594 0.908203 0.328125 0.912109 0.345703 0.919922 0.392578 0.925781 0.396484 0.929688 0.398438 0.927734 0.404297 0.935547 0.406250 0.933594 0.423828 0.941406 0.425781 0.929688 0.408203 0.919922 0.388672 0.904297 0.347656 0.902344 0.339844 0.898438 0.326172 0.880859 0.304688 0.894531
3 0.193359 0.917969 0.189453 0.921875 0.185547 0.917969 0.183594 0.921875 0.185547 0.927734 0.181641 0.931641 0.175781 0.949219 0.166016 0.958984 0.158203 0.962891 0.152344 0.962891 0.134766 0.982422 0.126953 0.986328 0.121094 0.986328 0.115234 0.998047 0.123047 0.998047 0.123047 0.994141 0.130859 0.988281 0.130859 0.984375 0.136719 0.982422 0.144531 0.974609 0.158203 0.972656 0.167969 0.976562 0.173828 0.968750 0.177734 0.968750 0.181641 0.958984 0.183594 0.964844 0.185547 0.960938 0.185547 0.947266 0.187500 0.945312 0.185547 0.925781 0.191406 0.923828
3 0.000000 0.968750 0.000000 0.982422 0.001953 0.982422 0.003906 0.984375 0.003906 0.988281 0.005859 0.990234 0.009766 0.990234 0.011719 0.992188 0.013672 0.992188 0.015625 0.990234 0.019531 0.990234 0.019531 0.988281 0.017578 0.988281 0.015625 0.986328 0.013672 0.986328 0.003906 0.976562 0.003906 0.974609 0.001953 0.972656 0.001953 0.970703
5 0.882812 0.134766 0.863281 0.150391 0.857422 0.173828 0.888672 0.224609 0.906250 0.285156 0.929688 0.425781 0.966797 0.542969 0.966797 0.632812 0.998047 0.656250 0.998047 0.105469
