0 0.046875 0.046875 0.046875 0.056641 0.044922 0.058594 0.044922 0.070312 0.046875 0.072266 0.046875 0.080078 0.048828 0.082031 0.052734 0.082031 0.054688 0.080078 0.054688 0.076172 0.056641 0.074219 0.056641 0.068359 0.058594 0.066406 0.058594 0.052734 0.056641 0.050781 0.056641 0.048828 0.054688 0.046875
0 0.318359 0.109375 0.314453 0.113281 0.314453 0.115234 0.312500 0.117188 0.312500 0.121094 0.310547 0.123047 0.310547 0.134766 0.312500 0.136719 0.314453 0.142578 0.316406 0.142578 0.318359 0.144531 0.333984 0.144531 0.335938 0.146484 0.341797 0.146484 0.343750 0.144531 0.345703 0.144531 0.349609 0.140625 0.349609 0.138672 0.353516 0.134766 0.353516 0.132812 0.355469 0.130859 0.355469 0.128906 0.351562 0.125000 0.351562 0.123047 0.343750 0.115234 0.339844 0.115234 0.330078 0.109375
0 0.027344 0.306641 0.023438 0.306641 0.021484 0.304688 0.009766 0.304688 0.007812 0.306641 0.003906 0.306641 0.000000 0.308594 0.000000 0.375000 0.005859 0.373047 0.013672 0.365234 0.019531 0.349609 0.027344 0.341797 0.029297 0.341797 0.037109 0.332031 0.037109 0.318359 0.035156 0.316406 0.035156 0.312500
0 0.474609 0.318359 0.470703 0.326172 0.462891 0.335938 0.462891 0.343750 0.464844 0.345703 0.468750 0.345703 0.472656 0.351562 0.472656 0.361328 0.476562 0.367188 0.482422 0.367188 0.484375 0.369141 0.507812 0.369141 0.511719 0.361328 0.515625 0.357422 0.523438 0.353516 0.523438 0.345703 0.521484 0.341797 0.505859 0.322266 0.494141 0.316406 0.478516 0.316406
0 0.341797 0.375000 0.339844 0.384766 0.341797 0.386719 0.351562 0.419922 0.359375 0.419922 0.361328 0.421875 0.390625 0.421875 0.392578 0.419922 0.402344 0.419922 0.410156 0.416016 0.416016 0.408203 0.412109 0.390625 0.386719 0.369141 0.382812 0.369141 0.380859 0.367188 0.353516 0.367188
0 0.957031 0.664062 0.919922 0.654297 0.914062 0.646484 0.914062 0.628906 0.904297 0.619141 0.875000 0.621094 0.863281 0.636719 0.818359 0.634766 0.773438 0.662109 0.769531 0.671875 0.775391 0.689453 0.771484 0.712891 0.779297 0.708984 0.785156 0.691406 0.816406 0.708984 0.804688 0.714844 0.796875 0.736328 0.802734 0.746094 0.810547 0.750000 0.833984 0.748047 0.847656 0.732422 0.830078 0.718750 0.855469 0.697266 0.880859 0.685547 0.896484 0.671875 0.919922 0.671875 0.931641 0.683594 0.957031 0.687500 0.960938 0.683594
0 0.648438 0.689453 0.648438 0.691406 0.642578 0.697266 0.642578 0.712891 0.640625 0.714844 0.640625 0.726562 0.642578 0.730469 0.644531 0.730469 0.648438 0.734375 0.687500 0.734375 0.689453 0.732422 0.697266 0.732422 0.703125 0.720703 0.703125 0.705078 0.707031 0.701172 0.705078 0.695312 0.703125 0.695312 0.691406 0.681641 0.669922 0.679688 0.667969 0.681641 0.656250 0.683594
0 0.853516 0.750000 0.849609 0.748047 0.841797 0.748047 0.835938 0.753906 0.835938 0.759766 0.841797 0.763672 0.835938 0.767578 0.828125 0.767578 0.824219 0.765625 0.820312 0.769531 0.818359 0.769531 0.814453 0.765625 0.814453 0.761719 0.808594 0.755859 0.808594 0.753906 0.806641 0.753906 0.806641 0.761719 0.812500 0.765625 0.812500 0.777344 0.816406 0.781250 0.820312 0.781250 0.822266 0.783203 0.832031 0.785156 0.841797 0.765625 0.843750 0.763672 0.849609 0.763672 0.855469 0.757812 0.855469 0.753906
0 0.988281 0.798828 0.974609 0.785156 0.966797 0.783203 0.964844 0.781250 0.960938 0.781250 0.958984 0.783203 0.953125 0.783203 0.947266 0.787109 0.931641 0.791016 0.925781 0.798828 0.925781 0.806641 0.927734 0.808594 0.927734 0.812500 0.931641 0.816406 0.935547 0.824219 0.937500 0.832031 0.941406 0.832031 0.943359 0.833984 0.968750 0.833984 0.972656 0.832031 0.986328 0.816406 0.986328 0.812500 0.988281 0.810547
0 0.541016 0.802734 0.535156 0.808594 0.537109 0.816406 0.533203 0.824219 0.535156 0.832031 0.531250 0.841797 0.531250 0.847656 0.535156 0.851562 0.537109 0.867188 0.541016 0.871094 0.548828 0.871094 0.558594 0.865234 0.576172 0.865234 0.578125 0.867188 0.583984 0.867188 0.585938 0.861328 0.583984 0.857422 0.591797 0.837891 0.591797 0.826172 0.589844 0.824219 0.593750 0.812500 0.591797 0.808594 0.583984 0.804688 0.570312 0.804688 0.568359 0.802734 0.552734 0.802734 0.550781 0.804688
0 0.835938 0.841797 0.833984 0.855469 0.839844 0.863281 0.839844 0.867188 0.851562 0.876953 0.871094 0.876953 0.884766 0.871094 0.894531 0.871094 0.896484 0.873047 0.919922 0.873047 0.921875 0.871094 0.921875 0.855469 0.919922 0.849609 0.908203 0.843750 0.898438 0.843750 0.882812 0.820312 0.863281 0.820312 0.861328 0.822266 0.849609 0.824219 0.845703 0.830078 0.841797 0.832031 0.839844 0.837891
0 0.570312 0.904297 0.539062 0.876953 0.548828 0.919922 0.527344 0.947266 0.445312 0.951172 0.441406 0.916016 0.472656 0.902344 0.486328 0.880859 0.466797 0.876953 0.150391 0.998047 0.337891 0.998047 0.337891 0.982422 0.343750 0.998047 0.591797 0.998047
1 0.130859 0.000000 0.125000 0.013672 0.115234 0.027344 0.109375 0.050781 0.115234 0.054688 0.134766 0.054688 0.136719 0.056641 0.156250 0.056641 0.158203 0.058594 0.166016 0.058594 0.169922 0.052734 0.171875 0.025391 0.175781 0.015625 0.175781 0.005859 0.169922 0.000000
1 0.888672 0.687500 0.859375 0.701172 0.851562 0.714844 0.869141 0.738281 0.873047 0.763672 0.890625 0.785156 0.888672 0.810547 0.892578 0.824219 0.908203 0.835938 0.919922 0.835938 0.929688 0.832031 0.931641 0.826172 0.923828 0.808594 0.923828 0.796875 0.943359 0.781250 0.943359 0.767578 0.931641 0.732422 0.925781 0.724609 0.919922 0.693359 0.902344 0.685547
1 0.791016 0.751953 0.779297 0.751953 0.761719 0.763672 0.746094 0.765625 0.738281 0.773438 0.736328 0.785156 0.738281 0.800781 0.744141 0.814453 0.748047 0.837891 0.753906 0.847656 0.759766 0.873047 0.757812 0.875000 0.759766 0.886719 0.767578 0.892578 0.785156 0.888672 0.814453 0.873047 0.814453 0.841797 0.810547 0.830078 0.810547 0.816406 0.804688 0.798828 0.800781 0.769531
2 0.179688 0.072266 0.166016 0.062500 0.136719 0.058594 0.103516 0.058594 0.087891 0.070312 0.078125 0.070312 0.072266 0.080078 0.072266 0.091797 0.066406 0.113281 0.060547 0.121094 0.060547 0.130859 0.078125 0.140625 0.087891 0.140625 0.097656 0.144531 0.115234 0.138672 0.119141 0.132812 0.121094 0.111328 0.130859 0.083984 0.136719 0.078125 0.148438 0.076172 0.175781 0.078125
2 0.537109 0.878906 0.531250 0.875000 0.515625 0.875000 0.484375 0.882812 0.478516 0.888672 0.476562 0.900391 0.472656 0.904297 0.464844 0.904297 0.457031 0.912109 0.443359 0.916016 0.443359 0.947266 0.449219 0.951172 0.458984 0.951172 0.480469 0.943359 0.494141 0.943359 0.503906 0.947266 0.523438 0.947266 0.527344 0.945312 0.533203 0.931641 0.539062 0.925781 0.544922 0.923828 0.546875 0.919922 0.544922 0.898438
4 0.000000 0.000000 0.000000 0.304688 0.039062 0.318359 0.000000 0.376953 0.000000 0.998047 0.128906 0.998047 0.451172 0.873047 0.599609 0.726562 0.597656 0.652344 0.689453 0.636719 0.751953 0.710938 0.777344 0.650391 0.916016 0.583984 0.994141 0.794922 0.900391 0.988281 0.998047 0.998047 0.998047 0.000000 0.171875 0.000000 0.179688 0.076172 0.097656 0.146484 0.058594 0.121094 0.134766 0.056641 0.128906 0.000000
4 0.673828 0.736328 0.671875 0.736328 0.671875 0.742188 0.669922 0.744141 0.664062 0.744141 0.662109 0.746094 0.658203 0.742188 0.656250 0.744141 0.660156 0.744141 0.662109 0.746094 0.664062 0.744141 0.666016 0.746094 0.666016 0.748047 0.664062 0.750000 0.664062 0.751953 0.666016 0.751953 0.666016 0.750000 0.667969 0.748047 0.669922 0.748047 0.671875 0.750000 0.671875 0.757812 0.667969 0.761719 0.666016 0.761719 0.667969 0.763672 0.669922 0.763672 0.669922 0.761719 0.671875 0.759766 0.673828 0.759766 0.673828 0.757812 0.671875 0.755859 0.671875 0.753906 0.673828 0.751953 0.673828 0.750000 0.671875 0.750000 0.669922 0.748047 0.669922 0.746094 0.671875 0.744141 0.673828 0.744141 0.673828 0.742188 0.671875 0.740234 0.671875 0.738281
4 0.683594 0.746094 0.683594 0.748047 0.681641 0.750000 0.679688 0.750000 0.679688 0.751953 0.681641 0.751953 0.681641 0.750000 0.683594 0.748047 0.685547 0.748047 0.687500 0.750000 0.687500 0.759766 0.685547 0.761719 0.683594 0.761719 0.681641 0.759766 0.679688 0.759766 0.681641 0.759766 0.683594 0.761719 0.683594 0.763672 0.685547 0.763672 0.689453 0.759766 0.689453 0.757812 0.687500 0.755859 0.687500 0.753906 0.689453 0.751953 0.685547 0.748047 0.685547 0.746094
4 0.658203 0.757812 0.658203 0.759766 0.662109 0.759766 0.660156 0.759766
4 0.607422 0.806641 0.605469 0.806641 0.601562 0.810547 0.601562 0.814453 0.599609 0.816406 0.597656 0.816406 0.595703 0.814453 0.595703 0.812500 0.593750 0.814453 0.593750 0.818359 0.595703 0.820312 0.597656 0.818359 0.599609 0.818359 0.601562 0.820312 0.601562 0.822266 0.599609 0.824219 0.599609 0.826172 0.601562 0.828125 0.601562 0.830078 0.603516 0.830078 0.603516 0.828125 0.605469 0.826172 0.607422 0.826172 0.607422 0.824219 0.609375 0.822266 0.609375 0.820312 0.607422 0.818359 0.607422 0.816406 0.605469 0.814453 0.605469 0.812500 0.607422 0.810547
4 0.697266 0.812500 0.687500 0.812500 0.685547 0.810547 0.683594 0.812500 0.677734 0.812500 0.675781 0.814453 0.673828 0.812500 0.671875 0.812500 0.671875 0.814453 0.685547 0.814453 0.687500 0.816406 0.689453 0.816406 0.691406 0.814453 0.697266 0.814453
4 0.734375 0.820312 0.734375 0.824219 0.736328 0.824219 0.736328 0.820312
4 0.576172 0.898438 0.601562 0.998047 0.789062 0.994141 0.794922 0.964844 0.808594 0.964844 0.794922 0.953125 0.818359 0.949219 0.812500 0.937500 0.878906 0.935547 0.857422 0.890625 0.851562 0.898438 0.839844 0.892578 0.800781 0.912109 0.746094 0.914062 0.724609 0.892578 0.714844 0.867188 0.705078 0.863281 0.701172 0.824219 0.673828 0.828125 0.623047 0.875000 0.593750 0.882812
4 0.656250 0.828125 0.656250 0.830078 0.658203 0.830078 0.658203 0.828125
4 0.609375 0.837891 0.607422 0.839844 0.605469 0.839844 0.605469 0.841797
4 0.640625 0.835938 0.640625 0.837891 0.642578 0.837891 0.642578 0.835938
4 0.736328 0.835938 0.734375 0.837891 0.736328 0.837891
4 0.941406 0.837891 0.939453 0.837891 0.939453 0.845703 0.941406 0.843750 0.943359 0.843750 0.943359 0.839844
4 0.626953 0.843750 0.625000 0.845703 0.626953 0.845703
4 0.632812 0.843750 0.632812 0.845703 0.634766 0.845703 0.634766 0.843750
4 0.638672 0.843750 0.638672 0.845703 0.640625 0.847656 0.642578 0.847656 0.642578 0.843750
4 0.626953 0.849609 0.625000 0.851562 0.625000 0.853516 0.626953 0.853516
4 0.601562 0.859375 0.601562 0.863281 0.603516 0.863281 0.603516 0.859375
4 0.607422 0.861328 0.609375 0.863281 0.609375 0.865234 0.611328 0.865234 0.613281 0.863281 0.617188 0.863281 0.619141 0.861328 0.621094 0.861328 0.619141 0.859375 0.609375 0.859375
4 0.625000 0.859375 0.625000 0.861328 0.626953 0.861328 0.626953 0.859375
4 0.886719 0.892578 0.886719 0.896484 0.888672 0.898438 0.886719 0.900391 0.886719 0.904297 0.888672 0.904297 0.888672 0.892578
4 0.871094 0.900391 0.871094 0.904297 0.873047 0.904297 0.873047 0.900391
4 0.923828 0.900391 0.925781 0.902344 0.925781 0.904297 0.927734 0.902344 0.925781 0.900391
4 0.923828 0.914062 0.923828 0.916016 0.925781 0.917969 0.925781 0.919922 0.927734 0.919922 0.927734 0.917969 0.925781 0.916016 0.925781 0.914062
4 0.902344 0.925781 0.902344 0.927734 0.904297 0.927734 0.904297 0.925781
4 0.917969 0.925781 0.919922 0.927734 0.919922 0.925781
4 0.894531 0.929688 0.894531 0.937500 0.896484 0.937500 0.896484 0.931641
4 0.910156 0.931641 0.910156 0.935547 0.912109 0.935547 0.912109 0.933594
4 0.902344 0.933594 0.902344 0.943359 0.904297 0.943359 0.904297 0.933594
4 0.824219 0.941406 0.824219 0.949219 0.826172 0.947266 0.824219 0.945312
4 0.894531 0.943359 0.894531 0.945312 0.892578 0.947266 0.894531 0.949219 0.894531 0.953125 0.896484 0.955078 0.896484 0.958984 0.896484 0.943359
4 0.861328 0.945312 0.861328 0.947266 0.863281 0.949219 0.865234 0.947266 0.863281 0.945312
4 0.875000 0.945312 0.875000 0.947266 0.873047 0.949219 0.875000 0.947266 0.876953 0.947266 0.878906 0.949219 0.878906 0.951172 0.878906 0.947266 0.876953 0.945312
4 0.800781 0.976562 0.800781 0.978516 0.802734 0.978516 0.802734 0.976562
4 0.892578 0.978516 0.894531 0.980469 0.894531 0.982422 0.896484 0.980469 0.894531 0.978516
4 0.867188 0.986328 0.871094 0.990234 0.873047 0.990234 0.873047 0.986328
4 0.896484 0.988281 0.894531 0.990234 0.892578 0.990234 0.890625 0.992188 0.894531 0.996094 0.896484 0.994141
4 0.798828 0.992188 0.800781 0.994141 0.802734 0.992188
4 0.861328 0.992188 0.863281 0.994141 0.865234 0.992188
