0 0.710938 0.005859 0.714844 0.048828 0.701172 0.052734 0.712891 0.062500 0.687500 0.062500 0.697266 0.080078 0.761719 0.128906 0.798828 0.130859 0.828125 0.187500 0.869141 0.224609 0.892578 0.261719 0.986328 0.224609 0.998047 0.173828 0.990234 0.152344 0.996094 0.142578 0.986328 0.138672 0.994141 0.113281 0.986328 0.107422 0.994141 0.097656 0.990234 0.041016 0.998047 0.033203 0.988281 0.013672 0.998047 0.003906 0.785156 0.000000 0.806641 0.044922 0.798828 0.058594 0.726562 0.027344
0 0.707031 0.005859 0.705078 0.003906 0.703125 0.005859
0 0.820312 0.246094 0.814453 0.236328 0.810547 0.236328 0.808594 0.234375 0.798828 0.234375 0.796875 0.236328 0.791016 0.236328 0.785156 0.240234 0.781250 0.240234 0.779297 0.242188 0.775391 0.242188 0.773438 0.244141 0.759766 0.242188 0.759766 0.244141 0.757812 0.246094 0.757812 0.250000 0.765625 0.257812 0.765625 0.261719 0.767578 0.263672 0.767578 0.265625 0.769531 0.265625 0.775391 0.269531 0.783203 0.269531 0.785156 0.271484 0.787109 0.271484 0.789062 0.269531 0.794922 0.269531 0.798828 0.265625 0.802734 0.265625 0.806641 0.261719 0.810547 0.261719 0.810547 0.257812 0.818359 0.251953
0 0.830078 0.257812 0.826172 0.263672 0.804688 0.271484 0.808594 0.283203 0.806641 0.289062 0.810547 0.291016 0.810547 0.294922 0.804688 0.296875 0.804688 0.308594 0.826172 0.306641 0.837891 0.316406 0.837891 0.326172 0.830078 0.333984 0.820312 0.333984 0.808594 0.339844 0.808594 0.373047 0.830078 0.375000 0.833984 0.380859 0.849609 0.384766 0.861328 0.378906 0.869141 0.369141 0.876953 0.367188 0.886719 0.355469 0.896484 0.351562 0.900391 0.312500 0.896484 0.302734 0.880859 0.292969 0.880859 0.285156 0.873047 0.285156 0.861328 0.275391 0.859375 0.279297 0.843750 0.259766
0 0.990234 0.419922 0.966797 0.419922 0.927734 0.435547 0.916016 0.447266 0.867188 0.457031 0.880859 0.486328 0.888672 0.546875 0.904297 0.587891 0.908203 0.675781 0.927734 0.708984 0.998047 0.707031 0.998047 0.423828
0 0.003906 0.625000 0.000000 0.798828 0.109375 0.791016 0.140625 0.826172 0.136719 0.859375 0.027344 0.859375 0.007812 0.849609 0.111328 0.878906 0.123047 0.892578 0.121094 0.980469 0.214844 0.980469 0.230469 0.964844 0.228516 0.843750 0.275391 0.832031 0.294922 0.785156 0.275391 0.634766 0.191406 0.617188
0 0.003906 0.876953 0.003906 0.980469 0.000000 0.984375 0.000000 0.994141 0.003906 0.998047 0.113281 0.998047 0.115234 0.992188 0.107422 0.986328 0.105469 0.978516 0.101562 0.980469 0.089844 0.970703 0.091797 0.929688 0.095703 0.921875 0.099609 0.933594 0.099609 0.898438 0.089844 0.892578 0.080078 0.892578 0.074219 0.886719 0.062500 0.888672 0.060547 0.884766 0.052734 0.888672 0.042969 0.884766 0.035156 0.890625 0.029297 0.882812 0.017578 0.882812 0.011719 0.876953
2 0.572266 0.000000 0.570312 0.019531 0.585938 0.039062 0.597656 0.046875 0.611328 0.044922 0.603516 0.062500 0.607422 0.082031 0.632812 0.128906 0.652344 0.128906 0.640625 0.138672 0.658203 0.173828 0.669922 0.175781 0.732422 0.146484 0.728516 0.132812 0.712891 0.126953 0.708984 0.111328 0.693359 0.111328 0.699219 0.107422 0.683594 0.072266 0.666016 0.064453 0.646484 0.042969 0.611328 0.044922 0.617188 0.039062 0.617188 0.027344 0.603516 0.000000
2 0.732422 0.001953 0.732422 0.019531 0.736328 0.023438 0.740234 0.023438 0.742188 0.025391 0.746094 0.025391 0.748047 0.027344 0.750000 0.027344 0.751953 0.029297 0.755859 0.029297 0.757812 0.031250 0.769531 0.031250 0.771484 0.029297 0.781250 0.025391 0.785156 0.021484 0.785156 0.019531 0.787109 0.017578 0.785156 0.015625 0.785156 0.011719 0.783203 0.009766 0.783203 0.007812 0.777344 0.001953 0.777344 0.000000 0.734375 0.000000
2 0.267578 0.085938 0.267578 0.115234 0.273438 0.130859 0.279297 0.136719 0.304688 0.136719 0.324219 0.121094 0.341797 0.119141 0.343750 0.121094 0.335938 0.125000 0.335938 0.136719 0.343750 0.154297 0.347656 0.158203 0.375000 0.154297 0.376953 0.134766 0.369141 0.123047 0.353516 0.117188 0.355469 0.113281 0.351562 0.111328 0.341797 0.082031 0.341797 0.070312 0.337891 0.066406 0.316406 0.074219 0.300781 0.074219 0.285156 0.082031
2 0.902344 0.083984 0.898438 0.099609 0.894531 0.105469 0.894531 0.111328 0.902344 0.126953 0.902344 0.130859 0.908203 0.136719 0.914062 0.138672 0.917969 0.142578 0.917969 0.146484 0.919922 0.148438 0.935547 0.146484 0.964844 0.132812 0.966797 0.125000 0.962891 0.117188 0.962891 0.109375 0.955078 0.095703 0.955078 0.091797 0.951172 0.083984 0.947266 0.080078 0.935547 0.080078 0.927734 0.083984 0.923828 0.083984 0.917969 0.080078 0.916016 0.082031 0.910156 0.080078
2 0.412109 0.123047 0.410156 0.123047 0.408203 0.125000 0.402344 0.125000 0.400391 0.126953 0.396484 0.126953 0.394531 0.128906 0.390625 0.128906 0.388672 0.130859 0.386719 0.130859 0.386719 0.138672 0.388672 0.140625 0.388672 0.144531 0.394531 0.154297 0.394531 0.158203 0.396484 0.160156 0.396484 0.167969 0.398438 0.169922 0.398438 0.171875 0.412109 0.171875 0.414062 0.169922 0.417969 0.169922 0.419922 0.167969 0.423828 0.167969 0.425781 0.166016 0.427734 0.166016 0.433594 0.160156 0.429688 0.156250 0.421875 0.138672 0.416016 0.130859 0.416016 0.126953
2 0.421875 0.175781 0.421875 0.189453 0.427734 0.193359 0.437500 0.195312 0.443359 0.203125 0.443359 0.207031 0.451172 0.207031 0.460938 0.199219 0.468750 0.199219 0.476562 0.207031 0.484375 0.207031 0.492188 0.201172 0.492188 0.185547 0.490234 0.183594 0.490234 0.179688 0.476562 0.158203 0.462891 0.158203 0.458984 0.162109 0.431641 0.169922
2 0.417969 0.193359 0.414062 0.191406 0.396484 0.193359 0.376953 0.210938 0.375000 0.216797 0.373047 0.210938 0.351562 0.210938 0.347656 0.216797 0.349609 0.218750 0.343750 0.224609 0.333984 0.226562 0.328125 0.234375 0.326172 0.253906 0.330078 0.263672 0.337891 0.271484 0.351562 0.269531 0.369141 0.263672 0.378906 0.253906 0.384766 0.242188 0.390625 0.246094 0.404297 0.244141 0.427734 0.220703 0.427734 0.214844 0.421875 0.207031
2 0.496094 0.207031 0.484375 0.216797 0.484375 0.218750 0.476562 0.226562 0.474609 0.230469 0.476562 0.240234 0.478516 0.244141 0.486328 0.251953 0.490234 0.259766 0.490234 0.263672 0.496094 0.263672 0.498047 0.261719 0.507812 0.259766 0.511719 0.255859 0.515625 0.255859 0.517578 0.253906 0.521484 0.253906 0.525391 0.251953 0.527344 0.248047 0.527344 0.244141 0.525391 0.242188 0.525391 0.238281 0.523438 0.234375 0.519531 0.232422 0.509766 0.222656 0.509766 0.218750 0.507812 0.214844 0.503906 0.210938 0.500000 0.210938
2 0.550781 0.212891 0.550781 0.222656 0.558594 0.230469 0.558594 0.248047 0.560547 0.250000 0.564453 0.265625 0.568359 0.269531 0.576172 0.267578 0.582031 0.261719 0.589844 0.257812 0.593750 0.257812 0.601562 0.251953 0.609375 0.250000 0.613281 0.246094 0.613281 0.242188 0.609375 0.234375 0.609375 0.228516 0.611328 0.226562 0.609375 0.224609 0.611328 0.222656 0.611328 0.216797 0.605469 0.212891 0.587891 0.212891 0.585938 0.210938 0.576172 0.210938 0.566406 0.207031 0.564453 0.208984 0.562500 0.207031 0.558594 0.207031
2 0.585938 0.304688 0.585938 0.318359 0.587891 0.320312 0.587891 0.326172 0.591797 0.333984 0.603516 0.345703 0.607422 0.353516 0.615234 0.359375 0.628906 0.359375 0.634766 0.355469 0.638672 0.349609 0.638672 0.332031 0.628906 0.306641 0.630859 0.304688 0.642578 0.302734 0.634766 0.298828 0.630859 0.300781 0.613281 0.292969 0.603516 0.294922
2 0.925781 0.328125 0.917969 0.341797 0.916016 0.359375 0.925781 0.380859 0.925781 0.386719 0.931641 0.394531 0.933594 0.414062 0.937500 0.421875 0.943359 0.425781 0.953125 0.419922 0.957031 0.419922 0.960938 0.416016 0.982422 0.414062 0.984375 0.408203 0.982422 0.400391 0.988281 0.382812 0.978516 0.373047 0.978516 0.361328 0.974609 0.353516 0.964844 0.349609 0.953125 0.332031 0.939453 0.326172
2 0.384766 0.349609 0.380859 0.353516 0.384766 0.386719 0.388672 0.390625 0.400391 0.417969 0.404297 0.421875 0.414062 0.421875 0.416016 0.419922 0.433594 0.417969 0.443359 0.414062 0.443359 0.408203 0.429688 0.392578 0.429688 0.388672 0.421875 0.378906 0.414062 0.361328 0.408203 0.357422 0.406250 0.351562 0.402344 0.347656 0.398438 0.347656 0.396484 0.345703 0.394531 0.347656
2 0.708984 0.361328 0.707031 0.363281 0.707031 0.376953 0.708984 0.378906 0.708984 0.382812 0.710938 0.384766 0.710938 0.394531 0.712891 0.396484 0.716797 0.396484 0.722656 0.400391 0.728516 0.400391 0.730469 0.398438 0.732422 0.398438 0.732422 0.369141 0.730469 0.367188 0.730469 0.363281 0.728516 0.363281 0.726562 0.361328
2 0.250000 0.380859 0.250000 0.382812 0.248047 0.384766 0.250000 0.386719 0.250000 0.392578 0.251953 0.394531 0.251953 0.398438 0.253906 0.400391 0.253906 0.402344 0.255859 0.400391 0.259766 0.400391 0.261719 0.398438 0.269531 0.398438 0.273438 0.394531 0.273438 0.390625 0.271484 0.388672 0.271484 0.384766 0.269531 0.382812 0.269531 0.380859 0.267578 0.378906 0.255859 0.378906 0.253906 0.380859
2 0.218750 0.408203 0.214844 0.402344 0.177734 0.410156 0.150391 0.423828 0.148438 0.427734 0.136719 0.425781 0.117188 0.431641 0.107422 0.439453 0.099609 0.439453 0.072266 0.455078 0.046875 0.462891 0.033203 0.474609 0.046875 0.492188 0.087891 0.476562 0.095703 0.476562 0.142578 0.453125 0.166016 0.449219 0.203125 0.433594 0.216797 0.431641 0.220703 0.427734
2 0.265625 0.435547 0.248047 0.410156 0.224609 0.412109 0.230469 0.453125 0.203125 0.453125 0.193359 0.445312 0.183594 0.449219 0.193359 0.455078 0.193359 0.460938 0.181641 0.466797 0.195312 0.470703 0.197266 0.490234 0.156250 0.492188 0.078125 0.517578 0.074219 0.537109 0.091797 0.544922 0.125000 0.531250 0.173828 0.527344 0.201172 0.515625 0.238281 0.509766 0.234375 0.468750 0.251953 0.476562 0.244141 0.484375 0.251953 0.521484 0.269531 0.523438 0.281250 0.505859 0.271484 0.476562 0.263672 0.472656 0.269531 0.468750
2 0.912109 0.410156 0.902344 0.406250 0.900391 0.408203 0.894531 0.408203 0.892578 0.410156 0.888672 0.410156 0.886719 0.412109 0.882812 0.412109 0.880859 0.414062 0.878906 0.414062 0.875000 0.425781 0.867188 0.431641 0.867188 0.441406 0.865234 0.443359 0.865234 0.447266 0.867188 0.449219 0.888672 0.449219 0.890625 0.447266 0.902344 0.447266 0.908203 0.443359 0.914062 0.443359 0.914062 0.414062 0.912109 0.412109
2 0.281250 0.482422 0.281250 0.492188 0.285156 0.496094 0.285156 0.501953 0.287109 0.503906 0.287109 0.507812 0.292969 0.513672 0.296875 0.513672 0.298828 0.515625 0.312500 0.515625 0.314453 0.513672 0.320312 0.513672 0.326172 0.509766 0.326172 0.494141 0.324219 0.492188 0.324219 0.478516 0.322266 0.476562 0.322266 0.474609 0.291016 0.474609 0.289062 0.476562 0.287109 0.476562
2 0.806641 0.488281 0.796875 0.496094 0.791016 0.513672 0.792969 0.542969 0.804688 0.558594 0.826172 0.562500 0.810547 0.566406 0.810547 0.599609 0.816406 0.623047 0.839844 0.623047 0.855469 0.609375 0.863281 0.595703 0.863281 0.582031 0.853516 0.566406 0.845703 0.562500 0.824219 0.560547 0.845703 0.556641 0.843750 0.509766 0.828125 0.503906 0.820312 0.492188
2 0.582031 0.494141 0.580078 0.496094 0.580078 0.525391 0.583984 0.531250 0.580078 0.535156 0.582031 0.539062 0.580078 0.556641 0.585938 0.576172 0.593750 0.570312 0.601562 0.568359 0.619141 0.568359 0.621094 0.576172 0.628906 0.574219 0.640625 0.576172 0.642578 0.550781 0.640625 0.548828 0.636719 0.550781 0.638672 0.554688 0.636719 0.560547 0.632812 0.562500 0.626953 0.560547 0.625000 0.548828 0.621094 0.542969 0.623047 0.533203 0.603516 0.529297 0.605469 0.525391 0.605469 0.496094 0.597656 0.492188 0.595703 0.494141 0.593750 0.492188
2 0.650391 0.515625 0.650391 0.521484 0.654297 0.529297 0.654297 0.544922 0.656250 0.546875 0.656250 0.560547 0.658203 0.562500 0.658203 0.574219 0.660156 0.576172 0.677734 0.576172 0.685547 0.570312 0.714844 0.566406 0.720703 0.564453 0.724609 0.560547 0.724609 0.552734 0.722656 0.550781 0.724609 0.515625 0.720703 0.513672 0.707031 0.513672 0.705078 0.511719 0.671875 0.511719 0.669922 0.509766 0.656250 0.509766
2 0.248047 0.533203 0.240234 0.533203 0.238281 0.535156 0.234375 0.535156 0.224609 0.541016 0.220703 0.541016 0.218750 0.542969 0.210938 0.542969 0.208984 0.544922 0.207031 0.544922 0.207031 0.546875 0.205078 0.548828 0.207031 0.550781 0.207031 0.556641 0.208984 0.558594 0.208984 0.562500 0.210938 0.564453 0.214844 0.564453 0.216797 0.562500 0.228516 0.562500 0.230469 0.560547 0.234375 0.560547 0.236328 0.558594 0.240234 0.558594 0.242188 0.556641 0.248047 0.556641 0.250000 0.554688 0.250000 0.537109 0.248047 0.535156
2 0.513672 0.566406 0.511719 0.564453 0.494141 0.564453 0.488281 0.576172 0.484375 0.570312 0.478516 0.570312 0.476562 0.568359 0.455078 0.568359 0.453125 0.574219 0.447266 0.578125 0.445312 0.582031 0.447266 0.591797 0.441406 0.605469 0.441406 0.619141 0.482422 0.619141 0.488281 0.615234 0.492188 0.609375 0.494141 0.611328 0.500000 0.609375 0.513672 0.609375 0.517578 0.605469 0.517578 0.595703 0.513672 0.583984
2 0.597656 0.574219 0.597656 0.576172 0.599609 0.576172 0.599609 0.574219
2 0.613281 0.574219 0.613281 0.576172 0.615234 0.576172 0.615234 0.574219
2 0.687500 0.585938 0.687500 0.591797 0.683594 0.595703 0.679688 0.595703 0.677734 0.597656 0.677734 0.621094 0.679688 0.623047 0.679688 0.634766 0.681641 0.636719 0.720703 0.636719 0.722656 0.634766 0.734375 0.634766 0.734375 0.591797 0.732422 0.589844 0.732422 0.583984 0.730469 0.582031 0.716797 0.582031 0.714844 0.580078 0.703125 0.580078 0.701172 0.582031 0.693359 0.582031
2 0.302734 0.617188 0.287109 0.628906 0.287109 0.638672 0.289062 0.640625 0.289062 0.662109 0.291016 0.664062 0.291016 0.669922 0.294922 0.675781 0.308594 0.675781 0.310547 0.673828 0.328125 0.673828 0.333984 0.664062 0.328125 0.658203 0.328125 0.634766 0.324219 0.628906 0.324219 0.625000 0.322266 0.625000 0.316406 0.619141 0.312500 0.619141 0.310547 0.617188
2 0.365234 0.640625 0.363281 0.642578 0.363281 0.666016 0.365234 0.667969 0.365234 0.669922 0.382812 0.669922 0.384766 0.667969 0.386719 0.667969 0.386719 0.666016 0.382812 0.662109 0.382812 0.656250 0.380859 0.654297 0.380859 0.646484 0.378906 0.644531 0.378906 0.642578 0.376953 0.642578 0.375000 0.640625
2 0.904297 0.683594 0.890625 0.673828 0.871094 0.671875 0.855469 0.675781 0.853516 0.673828 0.845703 0.677734 0.841797 0.675781 0.833984 0.679688 0.796875 0.679688 0.775391 0.689453 0.779297 0.738281 0.783203 0.748047 0.789062 0.748047 0.796875 0.740234 0.804688 0.738281 0.828125 0.738281 0.835938 0.724609 0.859375 0.726562 0.875000 0.722656 0.900391 0.722656 0.912109 0.718750 0.912109 0.703125 0.904297 0.689453
2 0.300781 0.718750 0.300781 0.730469 0.304688 0.736328 0.304688 0.744141 0.310547 0.751953 0.308594 0.753906 0.308594 0.777344 0.310547 0.779297 0.312500 0.802734 0.318359 0.806641 0.333984 0.808594 0.343750 0.806641 0.355469 0.798828 0.367188 0.794922 0.369141 0.787109 0.363281 0.771484 0.361328 0.751953 0.347656 0.751953 0.333984 0.748047 0.341797 0.744141 0.339844 0.714844 0.337891 0.712891 0.312500 0.712891
2 0.537109 0.730469 0.535156 0.732422 0.535156 0.750000 0.533203 0.751953 0.533203 0.757812 0.535156 0.759766 0.535156 0.787109 0.537109 0.789062 0.537109 0.798828 0.546875 0.802734 0.566406 0.802734 0.568359 0.800781 0.595703 0.798828 0.599609 0.794922 0.599609 0.753906 0.595703 0.746094 0.589844 0.740234 0.587891 0.732422 0.583984 0.728516
2 0.656250 0.728516 0.652344 0.734375 0.654297 0.736328 0.654297 0.746094 0.656250 0.748047 0.656250 0.759766 0.658203 0.761719 0.658203 0.771484 0.660156 0.773438 0.660156 0.781250 0.664062 0.785156 0.681641 0.785156 0.687500 0.781250 0.689453 0.775391 0.687500 0.773438 0.685547 0.767578 0.681641 0.763672 0.681641 0.759766 0.679688 0.757812 0.679688 0.730469 0.677734 0.728516 0.671875 0.728516 0.669922 0.726562 0.666016 0.726562 0.664062 0.728516
2 0.910156 0.730469 0.910156 0.742188 0.916016 0.755859 0.916016 0.763672 0.917969 0.765625 0.916016 0.769531 0.919922 0.777344 0.923828 0.779297 0.925781 0.777344 0.935547 0.777344 0.937500 0.779297 0.972656 0.779297 0.974609 0.777344 0.978516 0.777344 0.982422 0.773438 0.986328 0.763672 0.986328 0.757812 0.984375 0.755859 0.984375 0.748047 0.982422 0.746094 0.980469 0.734375 0.974609 0.728516 0.916016 0.726562
2 0.845703 0.730469 0.835938 0.734375 0.830078 0.748047 0.830078 0.775391 0.839844 0.791016 0.847656 0.826172 0.851562 0.830078 0.859375 0.830078 0.863281 0.828125 0.865234 0.816406 0.869141 0.812500 0.878906 0.808594 0.900391 0.806641 0.902344 0.794922 0.912109 0.785156 0.912109 0.781250 0.906250 0.777344 0.902344 0.765625 0.902344 0.750000 0.892578 0.750000 0.890625 0.751953 0.875000 0.750000 0.865234 0.742188 0.863281 0.732422
2 0.623047 0.746094 0.615234 0.746094 0.613281 0.748047 0.605469 0.748047 0.603516 0.750000 0.603516 0.753906 0.605469 0.755859 0.605469 0.783203 0.607422 0.785156 0.607422 0.789062 0.613281 0.789062 0.615234 0.787109 0.625000 0.787109 0.628906 0.783203 0.628906 0.781250 0.626953 0.779297 0.626953 0.761719 0.625000 0.759766 0.625000 0.748047
2 0.812500 0.763672 0.798828 0.757812 0.779297 0.761719 0.771484 0.773438 0.748047 0.779297 0.746094 0.796875 0.722656 0.785156 0.660156 0.791016 0.652344 0.796875 0.664062 0.841797 0.671875 0.843750 0.732422 0.841797 0.744141 0.833984 0.750000 0.802734 0.753906 0.810547 0.775391 0.804688 0.779297 0.808594 0.781250 0.830078 0.804688 0.830078 0.816406 0.800781
2 0.423828 0.773438 0.414062 0.771484 0.412109 0.773438 0.404297 0.773438 0.400391 0.777344 0.396484 0.777344 0.394531 0.779297 0.386719 0.779297 0.382812 0.781250 0.376953 0.792969 0.376953 0.835938 0.378906 0.837891 0.382812 0.835938 0.388672 0.835938 0.390625 0.833984 0.396484 0.833984 0.398438 0.832031 0.404297 0.832031 0.406250 0.830078 0.414062 0.830078 0.416016 0.828125 0.425781 0.828125 0.429688 0.826172 0.429688 0.816406 0.425781 0.808594 0.425781 0.802734 0.429688 0.796875 0.429688 0.781250
2 0.138672 0.826172 0.136719 0.820312 0.125000 0.812500 0.126953 0.806641 0.119141 0.794922 0.019531 0.796875 0.000000 0.802734 0.000000 0.843750 0.017578 0.855469 0.027344 0.857422 0.044922 0.853516 0.060547 0.857422 0.091797 0.857422 0.097656 0.853516 0.109375 0.857422 0.136719 0.857422
2 0.566406 0.812500 0.566406 0.818359 0.568359 0.820312 0.566406 0.822266 0.568359 0.828125 0.566406 0.832031 0.566406 0.841797 0.568359 0.847656 0.574219 0.849609 0.582031 0.857422 0.585938 0.859375 0.603516 0.859375 0.605469 0.861328 0.623047 0.861328 0.625000 0.859375 0.636719 0.857422 0.644531 0.851562 0.644531 0.845703 0.638672 0.828125 0.642578 0.808594 0.638672 0.804688 0.607422 0.804688 0.605469 0.802734 0.603516 0.804688 0.578125 0.806641
2 0.554688 0.808594 0.521484 0.808594 0.500000 0.820312 0.494141 0.826172 0.490234 0.839844 0.486328 0.835938 0.455078 0.837891 0.449219 0.849609 0.453125 0.867188 0.490234 0.867188 0.494141 0.849609 0.501953 0.888672 0.523438 0.886719 0.560547 0.876953 0.562500 0.835938 0.552734 0.830078 0.556641 0.824219
2 0.232422 0.855469 0.232422 0.906250 0.234375 0.912109 0.242188 0.912109 0.251953 0.917969 0.259766 0.919922 0.263672 0.927734 0.273438 0.931641 0.279297 0.929688 0.279297 0.923828 0.281250 0.921875 0.281250 0.876953 0.287109 0.871094 0.287109 0.855469 0.289062 0.853516 0.287109 0.849609
2 0.423828 0.857422 0.419922 0.851562 0.412109 0.847656 0.394531 0.849609 0.392578 0.851562 0.378906 0.853516 0.376953 0.855469 0.373047 0.853516 0.355469 0.855469 0.345703 0.859375 0.341797 0.863281 0.341797 0.884766 0.347656 0.888672 0.355469 0.888672 0.367188 0.894531 0.373047 0.894531 0.375000 0.892578 0.384766 0.890625 0.392578 0.884766 0.400391 0.884766 0.412109 0.878906 0.421875 0.876953 0.423828 0.875000
2 0.335938 0.867188 0.333984 0.865234 0.328125 0.865234 0.326172 0.863281 0.318359 0.863281 0.316406 0.865234 0.302734 0.865234 0.300781 0.867188 0.296875 0.867188 0.294922 0.869141 0.294922 0.873047 0.296875 0.875000 0.296875 0.888672 0.298828 0.890625 0.298828 0.892578 0.300781 0.894531 0.306641 0.894531 0.312500 0.890625 0.326172 0.890625 0.328125 0.888672 0.335938 0.888672 0.337891 0.886719 0.337891 0.873047 0.335938 0.871094
2 0.955078 0.869141 0.953125 0.873047 0.945312 0.880859 0.935547 0.882812 0.929688 0.888672 0.929688 0.906250 0.939453 0.923828 0.951172 0.923828 0.955078 0.925781 0.958984 0.931641 0.962891 0.931641 0.966797 0.927734 0.974609 0.927734 0.978516 0.925781 0.986328 0.917969 0.986328 0.914062 0.984375 0.912109 0.982422 0.900391 0.978516 0.892578 0.978516 0.882812 0.976562 0.878906 0.966797 0.869141
2 0.869141 0.882812 0.867188 0.884766 0.863281 0.884766 0.855469 0.892578 0.843750 0.898438 0.841797 0.902344 0.841797 0.917969 0.843750 0.919922 0.845703 0.927734 0.853516 0.935547 0.861328 0.937500 0.869141 0.945312 0.871094 0.945312 0.873047 0.943359 0.878906 0.943359 0.880859 0.941406 0.892578 0.939453 0.896484 0.935547 0.896484 0.904297 0.894531 0.902344 0.894531 0.894531 0.892578 0.890625 0.888672 0.888672 0.880859 0.888672 0.876953 0.884766 0.871094 0.884766
2 0.822266 0.888672 0.785156 0.888672 0.769531 0.896484 0.769531 0.941406 0.765625 0.953125 0.763672 0.896484 0.734375 0.892578 0.695312 0.902344 0.695312 0.941406 0.705078 0.968750 0.710938 0.972656 0.763672 0.964844 0.765625 0.957031 0.769531 0.964844 0.781250 0.964844 0.792969 0.957031 0.835938 0.957031 0.839844 0.945312 0.826172 0.921875
2 0.494141 0.908203 0.488281 0.904297 0.480469 0.912109 0.472656 0.912109 0.468750 0.904297 0.466797 0.914062 0.460938 0.910156 0.460938 0.906250 0.457031 0.908203 0.457031 0.916016 0.435547 0.912109 0.416016 0.923828 0.388672 0.919922 0.376953 0.923828 0.375000 0.935547 0.382812 0.960938 0.382812 0.984375 0.425781 0.984375 0.455078 0.988281 0.464844 0.982422 0.486328 0.984375 0.500000 0.980469 0.500000 0.931641
2 0.687500 0.908203 0.669922 0.904297 0.660156 0.908203 0.652344 0.906250 0.648438 0.910156 0.632812 0.914062 0.630859 0.912109 0.609375 0.916016 0.605469 0.914062 0.597656 0.917969 0.593750 0.925781 0.593750 0.939453 0.605469 0.990234 0.638672 0.988281 0.658203 0.978516 0.691406 0.978516 0.695312 0.972656 0.695312 0.962891 0.691406 0.949219
2 0.039062 0.906250 0.039062 0.908203 0.037109 0.910156 0.037109 0.914062 0.035156 0.916016 0.035156 0.921875 0.033203 0.923828 0.041016 0.931641 0.041016 0.933594 0.042969 0.933594 0.044922 0.935547 0.046875 0.935547 0.048828 0.937500 0.054688 0.937500 0.052734 0.935547 0.052734 0.929688 0.050781 0.927734 0.054688 0.923828 0.056641 0.923828 0.060547 0.919922 0.060547 0.914062 0.052734 0.906250
2 0.302734 0.906250 0.300781 0.908203 0.300781 0.923828 0.302734 0.925781 0.304688 0.941406 0.308594 0.945312 0.306641 0.949219 0.308594 0.978516 0.310547 0.980469 0.339844 0.978516 0.343750 0.974609 0.353516 0.972656 0.355469 0.970703 0.355469 0.962891 0.349609 0.945312 0.330078 0.945312 0.328125 0.943359 0.333984 0.941406 0.333984 0.935547 0.337891 0.931641 0.341797 0.931641 0.347656 0.927734 0.347656 0.914062 0.349609 0.912109 0.345703 0.906250 0.312500 0.906250 0.310547 0.908203 0.304688 0.908203
2 0.238281 0.939453 0.236328 0.943359 0.240234 0.951172 0.240234 0.968750 0.242188 0.970703 0.242188 0.976562 0.246094 0.980469 0.250000 0.980469 0.251953 0.982422 0.265625 0.982422 0.267578 0.984375 0.281250 0.984375 0.283203 0.980469 0.281250 0.978516 0.281250 0.945312 0.279297 0.943359 0.279297 0.939453 0.275391 0.935547 0.267578 0.935547 0.265625 0.937500 0.261719 0.935547 0.257812 0.935547 0.255859 0.937500 0.244141 0.937500 0.242188 0.939453
5 0.238281 0.000000 0.052734 0.087891 0.000000 0.130859 0.000000 0.185547 0.046875 0.181641 0.208984 0.085938 0.302734 0.302734 0.355469 0.371094 0.423828 0.667969 0.435547 0.607422 0.373047 0.341797 0.242188 0.066406 0.345703 0.000000
5 0.869141 0.470703 0.814453 0.457031 0.533203 0.470703 0.539062 0.492188 0.843750 0.482422 0.878906 0.587891 0.878906 0.644531 0.714844 0.679688 0.591797 0.685547 0.582031 0.703125 0.714844 0.703125 0.902344 0.662109 0.902344 0.587891
5 0.998047 0.818359 0.968750 0.814453 0.941406 0.830078 0.820312 0.861328 0.568359 0.898438 0.560547 0.914062 0.576172 0.992188 0.585938 0.998047 0.597656 0.986328 0.585938 0.929688 0.591797 0.916016 0.828125 0.882812 0.996094 0.835938
5 0.476562 0.876953 0.431641 0.875000 0.394531 0.890625 0.363281 0.898438 0.351562 0.908203 0.351562 0.949219 0.359375 0.970703 0.357422 0.988281 0.363281 0.998047 0.375000 0.998047 0.380859 0.988281 0.380859 0.960938 0.375000 0.947266 0.373047 0.921875 0.431641 0.898438 0.476562 0.896484 0.482422 0.886719
5 0.998047 0.953125 0.941406 0.957031 0.867188 0.972656 0.800781 0.972656 0.744141 0.986328 0.718750 0.984375 0.707031 0.996094 0.798828 0.998047 0.912109 0.988281 0.945312 0.978516 0.996094 0.974609
6 0.236328 0.156250 0.189453 0.160156 0.175781 0.183594 0.136719 0.195312 0.099609 0.220703 0.052734 0.222656 0.042969 0.230469 0.056641 0.324219 0.064453 0.339844 0.093750 0.361328 0.093750 0.375000 0.105469 0.367188 0.111328 0.373047 0.115234 0.361328 0.125000 0.373047 0.148438 0.367188 0.167969 0.384766 0.187500 0.378906 0.179688 0.373047 0.183594 0.365234 0.201172 0.365234 0.214844 0.380859 0.230469 0.378906 0.322266 0.341797 0.285156 0.267578 0.277344 0.224609 0.250000 0.191406
6 0.035156 0.242188 0.035156 0.244141 0.037109 0.246094 0.037109 0.242188
6 0.095703 0.378906 0.095703 0.386719 0.099609 0.386719 0.099609 0.384766 0.095703 0.380859
