0 0.242188 0.037109 0.250000 0.062500 0.302734 0.099609 0.318359 0.132812 0.373047 0.115234 0.623047 0.105469 0.625000 0.076172 0.759766 0.060547 0.794922 0.035156 0.789062 0.000000 0.250000 0.000000
0 0.802734 0.000000 0.812500 0.074219 0.839844 0.121094 0.832031 0.125000 0.839844 0.128906 0.832031 0.142578 0.837891 0.144531 0.845703 0.185547 0.863281 0.191406 0.882812 0.246094 0.917969 0.253906 0.970703 0.246094 0.998047 0.232422 0.998047 0.000000 0.986328 0.000000 0.992188 0.015625 0.986328 0.035156 0.943359 0.041016 0.916016 0.037109 0.910156 0.000000 0.828125 0.000000 0.826172 0.013672
0 0.705078 0.093750 0.714844 0.152344 0.736328 0.175781 0.769531 0.185547 0.771484 0.226562 0.785156 0.244141 0.789062 0.259766 0.810547 0.267578 0.845703 0.265625 0.851562 0.255859 0.845703 0.244141 0.855469 0.220703 0.843750 0.214844 0.843750 0.205078 0.835938 0.193359 0.832031 0.195312 0.830078 0.189453 0.824219 0.193359 0.822266 0.175781 0.810547 0.152344 0.810547 0.113281 0.763672 0.076172 0.740234 0.078125 0.724609 0.089844
0 0.332031 0.134766 0.322266 0.138672 0.312500 0.138672 0.296875 0.148438 0.285156 0.152344 0.281250 0.160156 0.281250 0.179688 0.285156 0.193359 0.291016 0.199219 0.296875 0.201172 0.308594 0.216797 0.320312 0.224609 0.326172 0.234375 0.337891 0.236328 0.349609 0.232422 0.369141 0.218750 0.369141 0.205078 0.361328 0.193359 0.359375 0.177734 0.351562 0.162109 0.351562 0.150391 0.353516 0.148438 0.351562 0.140625 0.341797 0.134766
0 0.318359 0.255859 0.283203 0.244141 0.292969 0.236328 0.294922 0.224609 0.277344 0.207031 0.062500 0.208984 0.000000 0.218750 0.000000 0.279297 0.021484 0.289062 0.048828 0.279297 0.070312 0.285156 0.097656 0.277344 0.166016 0.279297 0.185547 0.253906 0.212891 0.250000 0.216797 0.273438 0.236328 0.289062 0.257812 0.277344 0.314453 0.273438
0 0.515625 0.244141 0.507812 0.279297 0.523438 0.306641 0.525391 0.357422 0.484375 0.478516 0.476562 0.533203 0.509766 0.585938 0.511719 0.652344 0.527344 0.666016 0.576172 0.664062 0.560547 0.628906 0.562500 0.585938 0.580078 0.542969 0.560547 0.519531 0.564453 0.476562 0.585938 0.496094 0.617188 0.498047 0.638672 0.480469 0.644531 0.441406 0.605469 0.406250 0.554688 0.423828 0.552734 0.410156 0.568359 0.396484 0.560547 0.373047 0.562500 0.291016 0.544922 0.255859
0 0.345703 0.283203 0.345703 0.287109 0.341797 0.291016 0.341797 0.298828 0.343750 0.300781 0.343750 0.322266 0.345703 0.324219 0.345703 0.333984 0.353516 0.343750 0.369141 0.343750 0.384766 0.335938 0.408203 0.335938 0.410156 0.333984 0.416016 0.333984 0.419922 0.330078 0.419922 0.324219 0.416016 0.320312 0.404297 0.316406 0.398438 0.316406 0.394531 0.310547 0.394531 0.298828 0.390625 0.296875 0.388672 0.298828 0.386719 0.296875 0.376953 0.298828 0.365234 0.285156 0.361328 0.283203
0 0.785156 0.308594 0.781250 0.310547 0.769531 0.333984 0.751953 0.351562 0.750000 0.357422 0.738281 0.365234 0.736328 0.380859 0.746094 0.390625 0.751953 0.410156 0.759766 0.416016 0.769531 0.435547 0.769531 0.453125 0.781250 0.458984 0.806641 0.458984 0.833984 0.419922 0.837891 0.335938 0.822266 0.308594 0.810547 0.312500 0.804688 0.308594
0 0.642578 0.494141 0.642578 0.501953 0.640625 0.503906 0.642578 0.513672 0.652344 0.525391 0.660156 0.546875 0.673828 0.564453 0.683594 0.570312 0.701172 0.570312 0.710938 0.566406 0.724609 0.550781 0.724609 0.544922 0.722656 0.542969 0.724609 0.541016 0.724609 0.535156 0.722656 0.529297 0.708984 0.511719 0.697266 0.509766 0.695312 0.507812 0.679688 0.507812 0.660156 0.496094
0 0.808594 0.654297 0.808594 0.660156 0.810547 0.660156 0.812500 0.658203 0.812500 0.656250 0.810547 0.654297
0 0.835938 0.652344 0.837891 0.654297 0.837891 0.652344
0 0.792969 0.658203 0.792969 0.660156 0.794922 0.662109 0.800781 0.662109 0.802734 0.660156 0.802734 0.656250 0.796875 0.656250 0.794922 0.658203
0 0.859375 0.687500 0.859375 0.693359 0.861328 0.693359 0.861328 0.689453
0 0.789062 0.705078 0.794922 0.726562 0.779297 0.783203 0.781250 0.910156 0.773438 0.929688 0.779297 0.943359 0.767578 0.968750 0.773438 0.998047 0.847656 0.998047 0.863281 0.990234 0.871094 0.974609 0.857422 0.910156 0.861328 0.832031 0.855469 0.806641 0.867188 0.787109 0.867188 0.775391 0.851562 0.750000 0.849609 0.734375 0.828125 0.734375 0.824219 0.728516 0.820312 0.732422 0.816406 0.720703 0.796875 0.718750 0.794922 0.705078
0 0.853516 0.718750 0.851562 0.718750 0.849609 0.720703 0.845703 0.720703 0.845703 0.722656 0.849609 0.722656 0.851562 0.724609 0.853516 0.722656
2 0.912109 0.000000 0.912109 0.011719 0.916016 0.019531 0.916016 0.033203 0.919922 0.039062 0.943359 0.039062 0.945312 0.037109 0.958984 0.037109 0.960938 0.035156 0.976562 0.035156 0.978516 0.033203 0.986328 0.033203 0.990234 0.027344 0.988281 0.005859 0.984375 0.000000
2 0.908203 0.019531 0.890625 0.021484 0.871094 0.031250 0.849609 0.033203 0.841797 0.037109 0.843750 0.060547 0.865234 0.064453 0.880859 0.058594 0.890625 0.060547 0.859375 0.068359 0.851562 0.076172 0.841797 0.080078 0.839844 0.091797 0.849609 0.107422 0.861328 0.111328 0.888672 0.109375 0.912109 0.101562 0.917969 0.095703 0.917969 0.060547 0.904297 0.056641 0.914062 0.052734 0.914062 0.037109
2 0.572266 0.148438 0.574219 0.185547 0.648438 0.185547 0.617188 0.189453 0.617188 0.203125 0.623047 0.210938 0.667969 0.210938 0.667969 0.183594 0.705078 0.183594 0.724609 0.179688 0.722656 0.167969 0.710938 0.156250 0.708984 0.144531 0.701172 0.142578 0.626953 0.142578
2 0.509766 0.183594 0.509766 0.156250 0.507812 0.150391 0.500000 0.146484 0.357422 0.148438 0.355469 0.152344 0.355469 0.164062 0.363281 0.181641 0.373047 0.185547 0.507812 0.185547
2 0.587891 0.265625 0.589844 0.263672 0.597656 0.263672 0.595703 0.261719 0.591797 0.261719 0.589844 0.263672 0.587891 0.263672
2 0.718750 0.265625 0.718750 0.273438 0.720703 0.271484 0.720703 0.267578
2 0.970703 0.273438 0.968750 0.271484 0.943359 0.275391 0.916016 0.273438 0.910156 0.277344 0.882812 0.285156 0.878906 0.291016 0.880859 0.318359 0.882812 0.320312 0.882812 0.337891 0.880859 0.339844 0.884766 0.349609 0.927734 0.349609 0.955078 0.337891 0.978516 0.333984 0.982422 0.330078 0.982422 0.324219
2 0.570312 0.294922 0.570312 0.328125 0.578125 0.337891 0.580078 0.355469 0.591797 0.365234 0.626953 0.357422 0.636719 0.359375 0.642578 0.365234 0.699219 0.365234 0.705078 0.369141 0.722656 0.369141 0.728516 0.361328 0.726562 0.351562 0.712891 0.335938 0.710938 0.291016 0.580078 0.291016
2 0.857422 0.355469 0.853516 0.378906 0.886719 0.376953 0.882812 0.406250 0.851562 0.408203 0.851562 0.435547 0.886719 0.439453 0.884766 0.480469 0.931641 0.482422 0.935547 0.425781 0.939453 0.451172 0.972656 0.521484 0.996094 0.519531 0.998047 0.378906 0.935547 0.404297 0.929688 0.357422
2 0.890625 0.707031 0.890625 0.710938 0.892578 0.712891 0.892578 0.718750 0.894531 0.720703 0.908203 0.720703 0.910156 0.718750 0.914062 0.718750 0.916016 0.716797 0.916016 0.712891 0.917969 0.710938 0.917969 0.708984 0.916016 0.707031 0.916016 0.705078 0.892578 0.705078
2 0.955078 0.703125 0.953125 0.705078 0.953125 0.728516 0.955078 0.730469 0.955078 0.746094 0.970703 0.746094 0.972656 0.744141 0.974609 0.744141 0.974609 0.736328 0.972656 0.734375 0.972656 0.718750 0.970703 0.716797 0.970703 0.714844 0.972656 0.712891 0.972656 0.708984 0.970703 0.707031 0.970703 0.703125
2 0.919922 0.732422 0.917969 0.734375 0.917969 0.736328 0.916016 0.738281 0.916016 0.759766 0.917969 0.761719 0.917969 0.763672 0.923828 0.763672 0.925781 0.765625 0.931641 0.765625 0.933594 0.763672 0.933594 0.736328 0.931641 0.734375 0.925781 0.734375 0.923828 0.732422
2 0.998047 0.859375 0.988281 0.859375 0.986328 0.861328 0.974609 0.861328 0.972656 0.863281 0.972656 0.875000 0.974609 0.876953 0.976562 0.876953 0.978516 0.878906 0.982422 0.878906 0.984375 0.876953 0.990234 0.876953 0.992188 0.875000 0.998047 0.875000
3 0.000000 0.000000 0.000000 0.015625 0.005859 0.000000 0.015625 0.013672 0.031250 0.015625 0.027344 0.031250 0.005859 0.031250 0.000000 0.019531 0.000000 0.199219 0.037109 0.207031 0.271484 0.197266 0.275391 0.158203 0.300781 0.134766 0.294922 0.101562 0.271484 0.080078 0.250000 0.076172 0.234375 0.050781 0.242188 0.000000
4 0.005859 0.001953 0.003906 0.003906 0.003906 0.009766 0.005859 0.011719 0.005859 0.013672 0.000000 0.017578 0.001953 0.019531 0.001953 0.027344 0.003906 0.027344 0.005859 0.029297 0.013672 0.029297 0.015625 0.027344 0.023438 0.027344 0.025391 0.029297 0.027344 0.029297 0.029297 0.027344 0.029297 0.025391 0.027344 0.023438 0.025391 0.023438 0.023438 0.021484 0.023438 0.019531 0.025391 0.017578 0.029297 0.017578 0.029297 0.015625 0.027344 0.013672 0.025391 0.015625 0.015625 0.015625 0.013672 0.013672 0.013672 0.005859 0.011719 0.005859 0.009766 0.007812 0.005859 0.003906
4 0.019531 0.005859 0.019531 0.009766 0.021484 0.009766 0.021484 0.005859
4 0.035156 0.015625 0.033203 0.017578 0.035156 0.019531 0.035156 0.023438 0.037109 0.025391 0.037109 0.015625
4 0.023438 0.042969 0.025391 0.042969 0.027344 0.044922 0.029297 0.044922 0.029297 0.042969
4 0.175781 0.042969 0.177734 0.044922 0.179688 0.042969 0.181641 0.044922 0.195312 0.044922 0.195312 0.042969
4 0.199219 0.042969 0.199219 0.044922 0.201172 0.044922 0.201172 0.042969
4 0.701172 0.119141 0.519531 0.125000 0.517578 0.205078 0.574219 0.207031 0.556641 0.230469 0.375000 0.226562 0.332031 0.277344 0.236328 0.291016 0.210938 0.250000 0.000000 0.283203 0.000000 0.998047 0.771484 0.994141 0.792969 0.720703 0.748047 0.681641 0.736328 0.583984 0.580078 0.505859 0.580078 0.664062 0.527344 0.669922 0.470703 0.529297 0.507812 0.244141 0.724609 0.251953 0.722656 0.218750 0.582031 0.218750 0.560547 0.167969
4 0.513672 0.123047 0.503906 0.125000 0.501953 0.123047 0.503906 0.119141 0.496094 0.123047 0.490234 0.119141 0.478516 0.123047 0.472656 0.119141 0.462891 0.123047 0.457031 0.119141 0.437500 0.123047 0.431641 0.126953 0.427734 0.125000 0.423828 0.126953 0.412109 0.125000 0.382812 0.126953 0.378906 0.125000 0.373047 0.126953 0.375000 0.128906 0.369141 0.134766 0.369141 0.140625 0.404297 0.140625 0.441406 0.136719 0.445312 0.138672 0.458984 0.136719 0.460938 0.138672 0.474609 0.136719 0.492188 0.138672 0.503906 0.126953 0.513672 0.126953
4 0.509766 0.136719 0.509766 0.138672 0.511719 0.138672 0.513672 0.140625 0.515625 0.140625 0.517578 0.142578 0.523438 0.142578 0.523438 0.140625 0.517578 0.140625 0.513672 0.136719 0.513672 0.134766 0.511719 0.134766
4 0.500000 0.193359 0.500000 0.195312 0.498047 0.197266 0.498047 0.203125 0.500000 0.205078 0.500000 0.207031 0.501953 0.207031 0.503906 0.205078 0.503906 0.195312 0.501953 0.193359
4 0.490234 0.203125 0.488281 0.203125 0.488281 0.205078
4 0.736328 0.261719 0.736328 0.263672 0.740234 0.263672 0.738281 0.261719
4 0.589844 0.279297 0.611328 0.279297 0.613281 0.277344 0.615234 0.277344 0.617188 0.279297 0.642578 0.279297 0.642578 0.277344 0.591797 0.277344
4 0.652344 0.277344 0.652344 0.279297 0.654297 0.279297 0.654297 0.277344
4 0.718750 0.279297 0.718750 0.281250 0.720703 0.281250
4 0.750000 0.277344 0.751953 0.279297 0.753906 0.279297 0.753906 0.277344
4 0.384766 0.308594 0.386719 0.310547 0.390625 0.310547 0.390625 0.308594
4 0.671875 0.378906 0.671875 0.386719 0.677734 0.384766 0.679688 0.386719 0.683594 0.386719 0.685547 0.388672 0.689453 0.388672 0.691406 0.390625 0.693359 0.388672 0.724609 0.388672 0.724609 0.384766 0.722656 0.382812 0.720703 0.382812 0.718750 0.384766 0.716797 0.382812 0.714844 0.384766 0.710938 0.384766 0.708984 0.382812 0.707031 0.382812 0.705078 0.384766 0.703125 0.384766 0.701172 0.382812 0.695312 0.384766 0.689453 0.380859 0.685547 0.380859 0.683594 0.382812 0.675781 0.382812 0.673828 0.380859 0.673828 0.376953
4 0.720703 0.419922 0.718750 0.421875 0.718750 0.437500 0.720703 0.439453 0.720703 0.449219 0.722656 0.449219 0.724609 0.447266 0.724609 0.445312 0.722656 0.443359 0.722656 0.441406 0.724609 0.439453 0.724609 0.421875 0.722656 0.419922
4 0.740234 0.462891 0.738281 0.460938 0.736328 0.462891 0.736328 0.464844 0.738281 0.464844
4 0.625000 0.484375 0.625000 0.486328 0.626953 0.486328 0.626953 0.484375
4 0.669922 0.486328 0.671875 0.488281 0.673828 0.488281 0.675781 0.486328 0.679688 0.486328 0.677734 0.484375 0.671875 0.484375
4 0.683594 0.484375 0.683594 0.486328 0.685547 0.486328 0.685547 0.484375
4 0.580078 0.535156 0.578125 0.537109 0.578125 0.539062 0.580078 0.541016
4 0.998047 0.671875 0.960938 0.669922 0.937500 0.689453 0.914062 0.677734 0.906250 0.693359 0.917969 0.716797 0.886719 0.720703 0.908203 0.736328 0.916016 0.779297 0.935547 0.779297 0.939453 0.755859 0.945312 0.779297 0.949219 0.767578 0.951172 0.781250 0.966797 0.779297 0.970703 0.845703 0.958984 0.835938 0.921875 0.845703 0.919922 0.828125 0.890625 0.845703 0.880859 0.814453 0.880859 0.966797 0.859375 0.994141 0.968750 0.998047 0.972656 0.933594 0.972656 0.994141 0.984375 0.998047 0.988281 0.951172 0.998047 0.998047 0.998047 0.876953 0.968750 0.875000 0.974609 0.859375 0.998047 0.857422 0.998047 0.689453 0.978516 0.685547
4 0.902344 0.679688 0.902344 0.681641 0.900391 0.683594 0.900391 0.685547 0.902344 0.685547 0.904297 0.683594 0.904297 0.681641
4 0.941406 0.679688 0.941406 0.681641 0.943359 0.681641 0.943359 0.679688
4 0.953125 0.785156 0.953125 0.787109 0.951172 0.789062 0.951172 0.794922 0.949219 0.796875 0.947266 0.794922 0.947266 0.792969 0.947266 0.794922 0.953125 0.800781 0.953125 0.802734 0.951172 0.804688 0.953125 0.810547 0.955078 0.810547 0.957031 0.812500 0.957031 0.814453 0.955078 0.816406 0.953125 0.816406 0.953125 0.818359 0.955078 0.820312 0.953125 0.826172 0.955078 0.826172 0.957031 0.824219 0.960938 0.824219 0.958984 0.822266 0.958984 0.820312 0.957031 0.820312 0.955078 0.818359 0.955078 0.816406 0.957031 0.814453 0.958984 0.814453 0.958984 0.812500 0.957031 0.810547 0.958984 0.808594 0.958984 0.804688 0.955078 0.800781 0.957031 0.798828 0.958984 0.798828 0.958984 0.796875 0.957031 0.796875 0.955078 0.794922 0.958984 0.791016 0.958984 0.789062 0.957031 0.789062 0.955078 0.787109 0.955078 0.785156
4 0.896484 0.828125 0.896484 0.830078 0.904297 0.830078 0.904297 0.828125
4 0.873047 0.976562 0.871094 0.976562 0.871094 0.978516
