0 0.464844 0.000000 0.455078 0.003906 0.460938 0.017578 0.439453 0.074219 0.453125 0.228516 0.447266 0.396484 0.429688 0.466797 0.447266 0.482422 0.470703 0.482422 0.478516 0.505859 0.492188 0.496094 0.500000 0.513672 0.535156 0.519531 0.550781 0.550781 0.648438 0.533203 0.642578 0.326172 0.611328 0.275391 0.580078 0.003906
1 0.423828 0.058594 0.412109 0.082031 0.417969 0.107422 0.414062 0.263672 0.423828 0.294922 0.414062 0.361328 0.414062 0.443359 0.421875 0.470703 0.468750 0.488281 0.443359 0.482422 0.427734 0.466797 0.445312 0.396484 0.441406 0.294922 0.449219 0.281250 0.445312 0.244141 0.451172 0.226562 0.443359 0.201172 0.441406 0.060547
1 0.560547 0.691406 0.554688 0.730469 0.541016 0.746094 0.546875 0.751953 0.541016 0.810547 0.552734 0.820312 0.556641 0.849609 0.570312 0.843750 0.574219 0.867188 0.576172 0.843750 0.582031 0.845703 0.583984 0.890625 0.595703 0.888672 0.603516 0.898438 0.613281 0.996094 0.687500 0.996094 0.695312 0.978516 0.679688 0.939453 0.679688 0.914062 0.693359 0.904297 0.693359 0.884766 0.677734 0.871094 0.656250 0.875000 0.628906 0.865234 0.646484 0.855469 0.638672 0.818359 0.644531 0.765625 0.621094 0.742188 0.607422 0.710938 0.607422 0.687500 0.583984 0.695312
1 0.576172 0.875000 0.572266 0.875000 0.572266 0.876953 0.570312 0.878906 0.570312 0.880859 0.572266 0.880859 0.574219 0.882812 0.576172 0.880859
2 0.123047 0.005859 0.125000 0.039062 0.136719 0.042969 0.212891 0.039062 0.232422 0.033203 0.308594 0.029297 0.308594 0.000000 0.125000 0.000000
2 0.662109 0.013672 0.660156 0.015625 0.658203 0.027344 0.650391 0.039062 0.652344 0.050781 0.650391 0.052734 0.650391 0.062500 0.646484 0.070312 0.646484 0.078125 0.644531 0.082031 0.652344 0.087891 0.660156 0.087891 0.662109 0.089844 0.675781 0.089844 0.677734 0.087891 0.677734 0.080078 0.679688 0.078125 0.679688 0.070312 0.681641 0.068359 0.681641 0.058594 0.687500 0.046875 0.695312 0.039062 0.697266 0.031250 0.695312 0.029297 0.695312 0.025391 0.685547 0.017578 0.681641 0.017578 0.673828 0.013672
2 0.777344 0.015625 0.771484 0.019531 0.763672 0.044922 0.751953 0.060547 0.742188 0.093750 0.750000 0.107422 0.750000 0.119141 0.753906 0.123047 0.761719 0.117188 0.765625 0.119141 0.761719 0.125000 0.765625 0.148438 0.755859 0.162109 0.753906 0.171875 0.789062 0.185547 0.802734 0.144531 0.810547 0.132812 0.808594 0.125000 0.833984 0.126953 0.839844 0.123047 0.851562 0.085938 0.851562 0.050781 0.826172 0.029297
2 0.851562 0.160156 0.853516 0.175781 0.847656 0.203125 0.867188 0.214844 0.873047 0.210938 0.876953 0.218750 0.896484 0.222656 0.904297 0.214844 0.910156 0.216797 0.908203 0.230469 0.939453 0.248047 0.945312 0.248047 0.980469 0.208984 0.980469 0.201172 0.972656 0.195312 0.966797 0.195312 0.951172 0.216797 0.937500 0.205078 0.919922 0.203125 0.933594 0.171875 0.947266 0.160156 0.951172 0.150391 0.927734 0.134766 0.910156 0.134766 0.900391 0.142578 0.884766 0.185547 0.876953 0.164062 0.867188 0.158203
2 0.718750 0.144531 0.716797 0.142578 0.695312 0.144531 0.675781 0.150391 0.648438 0.154297 0.628906 0.162109 0.628906 0.167969 0.634766 0.179688 0.636719 0.199219 0.638672 0.201172 0.650391 0.201172 0.662109 0.195312 0.683594 0.193359 0.685547 0.191406 0.695312 0.191406 0.697266 0.189453 0.722656 0.185547 0.726562 0.181641 0.726562 0.173828 0.718750 0.150391
2 0.021484 0.158203 0.021484 0.193359 0.025391 0.203125 0.058594 0.199219 0.066406 0.191406 0.068359 0.195312 0.140625 0.201172 0.166016 0.207031 0.185547 0.197266 0.183594 0.173828 0.177734 0.167969 0.138672 0.150391 0.099609 0.154297 0.093750 0.150391 0.072266 0.148438 0.064453 0.152344 0.062500 0.166016 0.058594 0.158203 0.048828 0.154297 0.023438 0.154297
2 0.742188 0.212891 0.736328 0.208984 0.716797 0.208984 0.712891 0.222656 0.708984 0.205078 0.689453 0.205078 0.677734 0.210938 0.664062 0.208984 0.619141 0.216797 0.619141 0.259766 0.626953 0.291016 0.636719 0.298828 0.656250 0.292969 0.708984 0.285156 0.710938 0.279297 0.746094 0.279297 0.748047 0.253906 0.746094 0.224609
2 0.187500 0.285156 0.156250 0.289062 0.148438 0.294922 0.156250 0.332031 0.160156 0.390625 0.167969 0.408203 0.167969 0.470703 0.173828 0.480469 0.224609 0.472656 0.224609 0.468750 0.216797 0.464844 0.216797 0.423828 0.208984 0.371094 0.208984 0.351562 0.218750 0.330078 0.208984 0.298828 0.203125 0.291016
2 0.671875 0.298828 0.675781 0.347656 0.716797 0.345703 0.718750 0.339844 0.724609 0.349609 0.726562 0.367188 0.732422 0.375000 0.738281 0.371094 0.748047 0.375000 0.787109 0.375000 0.798828 0.378906 0.820312 0.376953 0.822266 0.330078 0.816406 0.294922 0.806641 0.291016 0.750000 0.291016 0.718750 0.294922 0.699219 0.292969
2 0.000000 0.302734 0.000000 0.367188 0.044922 0.365234 0.052734 0.357422 0.050781 0.376953 0.060547 0.396484 0.068359 0.472656 0.101562 0.470703 0.113281 0.482422 0.115234 0.460938 0.103516 0.402344 0.099609 0.339844 0.087891 0.296875 0.072266 0.294922 0.050781 0.300781 0.044922 0.333984 0.035156 0.296875
2 0.931641 0.347656 0.927734 0.345703 0.896484 0.345703 0.861328 0.359375 0.865234 0.375000 0.861328 0.382812 0.861328 0.396484 0.875000 0.400391 0.878906 0.404297 0.875000 0.419922 0.876953 0.425781 0.888672 0.427734 0.902344 0.414062 0.929688 0.402344 0.927734 0.371094 0.933594 0.357422
2 0.681641 0.373047 0.679688 0.443359 0.681641 0.447266 0.707031 0.447266 0.708984 0.445312 0.708984 0.419922 0.710938 0.417969 0.710938 0.375000 0.703125 0.371094 0.689453 0.371094 0.687500 0.373047
2 0.730469 0.380859 0.730469 0.382812 0.726562 0.388672 0.726562 0.437500 0.728516 0.439453 0.728516 0.441406 0.730469 0.441406 0.734375 0.437500 0.746094 0.437500 0.748047 0.435547 0.755859 0.435547 0.757812 0.433594 0.757812 0.392578 0.755859 0.390625 0.755859 0.388672 0.753906 0.388672 0.748047 0.384766 0.738281 0.384766 0.736328 0.386719 0.734375 0.384766 0.732422 0.384766 0.730469 0.382812
2 0.724609 0.455078 0.720703 0.455078 0.718750 0.453125 0.705078 0.453125 0.703125 0.455078 0.693359 0.455078 0.689453 0.457031 0.689453 0.486328 0.691406 0.488281 0.691406 0.500000 0.689453 0.501953 0.691406 0.503906 0.689453 0.537109 0.691406 0.541016 0.718750 0.541016 0.720703 0.539062 0.720703 0.523438 0.718750 0.521484 0.718750 0.507812 0.716797 0.503906 0.718750 0.501953 0.718750 0.490234 0.724609 0.484375 0.724609 0.478516 0.726562 0.476562 0.726562 0.458984
2 0.755859 0.453125 0.750000 0.457031 0.748047 0.455078 0.730469 0.460938 0.730469 0.480469 0.728516 0.482422 0.728516 0.498047 0.726562 0.500000 0.728516 0.503906 0.726562 0.505859 0.726562 0.537109 0.728516 0.541016 0.732422 0.542969 0.765625 0.542969 0.767578 0.541016 0.777344 0.541016 0.779297 0.539062 0.779297 0.533203 0.777344 0.531250 0.777344 0.478516 0.773438 0.472656 0.769531 0.472656 0.765625 0.468750 0.763672 0.457031
2 0.824219 0.460938 0.818359 0.468750 0.818359 0.474609 0.816406 0.476562 0.816406 0.496094 0.814453 0.498047 0.816406 0.503906 0.816406 0.521484 0.824219 0.541016 0.826172 0.542969 0.847656 0.542969 0.871094 0.535156 0.873047 0.531250 0.871094 0.494141 0.867188 0.488281 0.867188 0.472656 0.865234 0.466797 0.861328 0.462891 0.855469 0.460938
2 0.998047 0.476562 0.984375 0.464844 0.974609 0.464844 0.966797 0.460938 0.949219 0.464844 0.882812 0.466797 0.878906 0.472656 0.876953 0.496094 0.880859 0.525391 0.884766 0.531250 0.892578 0.535156 0.910156 0.537109 0.935547 0.535156 0.931641 0.535156 0.929688 0.531250 0.931641 0.529297 0.941406 0.531250 0.953125 0.525391 0.964844 0.533203 0.974609 0.533203 0.980469 0.527344 0.998047 0.527344
2 0.218750 0.484375 0.207031 0.480469 0.201172 0.482422 0.201172 0.486328 0.208984 0.486328 0.210938 0.488281 0.208984 0.490234 0.201172 0.490234 0.193359 0.494141 0.185547 0.494141 0.164062 0.500000 0.160156 0.505859 0.160156 0.558594 0.162109 0.562500 0.166016 0.564453 0.207031 0.564453 0.228516 0.556641 0.226562 0.494141
2 0.169922 0.488281 0.167969 0.490234 0.169922 0.490234
2 0.031250 0.492188 0.027344 0.492188 0.021484 0.500000 0.017578 0.500000 0.009766 0.503906 0.007812 0.501953 0.000000 0.501953 0.000000 0.568359 0.025391 0.568359 0.027344 0.566406 0.039062 0.566406 0.039062 0.521484 0.041016 0.519531 0.039062 0.517578 0.039062 0.507812 0.033203 0.503906 0.033203 0.494141
2 0.099609 0.492188 0.099609 0.498047 0.097656 0.500000 0.097656 0.515625 0.099609 0.517578 0.101562 0.539062 0.103516 0.541016 0.103516 0.546875 0.105469 0.548828 0.105469 0.554688 0.107422 0.556641 0.107422 0.566406 0.128906 0.566406 0.130859 0.564453 0.136719 0.564453 0.138672 0.562500 0.136719 0.560547 0.136719 0.535156 0.134766 0.533203 0.134766 0.525391 0.132812 0.523438 0.132812 0.500000 0.128906 0.496094 0.123047 0.496094 0.121094 0.494141 0.115234 0.494141 0.113281 0.492188
2 0.888672 0.605469 0.830078 0.607422 0.810547 0.613281 0.808594 0.626953 0.816406 0.638672 0.816406 0.652344 0.820312 0.656250 0.798828 0.662109 0.800781 0.707031 0.833984 0.708984 0.835938 0.699219 0.830078 0.660156 0.832031 0.658203 0.890625 0.656250
2 0.099609 0.640625 0.083984 0.660156 0.080078 0.701172 0.070312 0.718750 0.072266 0.750000 0.066406 0.750000 0.074219 0.757812 0.066406 0.765625 0.074219 0.814453 0.064453 0.824219 0.068359 0.992188 0.076172 0.998047 0.158203 0.998047 0.167969 0.712891 0.154297 0.652344 0.138672 0.640625
2 0.160156 0.656250 0.169922 0.689453 0.169922 0.697266 0.175781 0.705078 0.271484 0.699219 0.279297 0.691406 0.281250 0.669922 0.277344 0.660156 0.255859 0.648438 0.248047 0.646484 0.201172 0.646484 0.199219 0.644531 0.173828 0.646484 0.167969 0.644531
2 0.431641 0.658203 0.416016 0.648438 0.406250 0.654297 0.375000 0.650391 0.351562 0.664062 0.330078 0.664062 0.322266 0.683594 0.324219 0.707031 0.339844 0.716797 0.343750 0.722656 0.355469 0.724609 0.367188 0.722656 0.371094 0.724609 0.371094 0.718750 0.375000 0.714844 0.378906 0.716797 0.384766 0.708984 0.394531 0.710938 0.400391 0.708984 0.408203 0.724609 0.416016 0.726562 0.433594 0.724609
2 0.988281 0.658203 0.984375 0.664062 0.984375 0.673828 0.982422 0.675781 0.982422 0.681641 0.980469 0.683594 0.980469 0.695312 0.982422 0.695312 0.984375 0.697266 0.988281 0.697266 0.990234 0.699219 0.998047 0.699219 0.998047 0.658203
2 0.833984 0.716797 0.833984 0.734375 0.835938 0.736328 0.835938 0.738281 0.841797 0.742188 0.849609 0.742188 0.851562 0.744141 0.871094 0.744141 0.873047 0.742188 0.875000 0.742188 0.880859 0.736328 0.882812 0.736328 0.882812 0.734375 0.886719 0.730469 0.886719 0.726562 0.888672 0.724609 0.888672 0.722656 0.886719 0.720703 0.886719 0.714844 0.884766 0.714844 0.882812 0.712891 0.875000 0.712891 0.873047 0.710938 0.837891 0.710938
2 0.000000 0.736328 0.000000 0.759766 0.003906 0.759766 0.005859 0.757812 0.054688 0.757812 0.058594 0.755859 0.058594 0.746094 0.056641 0.744141 0.056641 0.736328 0.054688 0.734375 0.054688 0.726562 0.052734 0.724609 0.052734 0.716797 0.050781 0.714844 0.017578 0.714844 0.015625 0.716797 0.017578 0.718750 0.019531 0.730469 0.013672 0.736328
2 0.345703 0.734375 0.347656 0.736328 0.367188 0.736328 0.369141 0.734375 0.373047 0.734375 0.367188 0.734375 0.365234 0.732422 0.357422 0.732422 0.355469 0.734375
2 0.828125 0.773438 0.828125 0.777344 0.824219 0.781250 0.824219 0.796875 0.826172 0.798828 0.826172 0.800781 0.839844 0.800781 0.841797 0.802734 0.853516 0.802734 0.855469 0.804688 0.861328 0.804688 0.863281 0.806641 0.867188 0.806641 0.869141 0.808594 0.873047 0.808594 0.876953 0.804688 0.876953 0.769531 0.875000 0.767578 0.843750 0.767578 0.841797 0.769531 0.833984 0.769531
2 0.919922 0.765625 0.919922 0.812500 0.921875 0.814453 0.943359 0.814453 0.945312 0.816406 0.947266 0.814453 0.947266 0.775391 0.945312 0.773438 0.945312 0.769531 0.939453 0.765625
2 0.234375 0.800781 0.232422 0.824219 0.222656 0.828125 0.218750 0.833984 0.220703 0.845703 0.234375 0.857422 0.232422 0.876953 0.234375 0.894531 0.318359 0.894531 0.322266 0.890625 0.322266 0.863281 0.310547 0.851562 0.320312 0.843750 0.322266 0.837891 0.310547 0.818359 0.310547 0.804688 0.287109 0.802734 0.269531 0.792969 0.253906 0.792969 0.246094 0.798828
2 0.822266 0.871094 0.820312 0.869141 0.816406 0.869141 0.808594 0.873047 0.771484 0.873047 0.767578 0.878906 0.767578 0.888672 0.759766 0.892578 0.753906 0.892578 0.751953 0.896484 0.753906 0.916016 0.767578 0.925781 0.808594 0.925781 0.810547 0.923828 0.818359 0.923828 0.820312 0.921875 0.820312 0.878906 0.822266 0.876953
2 0.880859 0.873047 0.876953 0.880859 0.876953 0.884766 0.878906 0.886719 0.878906 0.892578 0.876953 0.894531 0.876953 0.943359 0.878906 0.945312 0.888672 0.945312 0.890625 0.947266 0.921875 0.947266 0.927734 0.943359 0.927734 0.890625 0.923828 0.886719 0.921875 0.878906 0.917969 0.875000 0.914062 0.875000 0.906250 0.871094 0.884766 0.871094
2 0.283203 0.945312 0.269531 0.943359 0.238281 0.947266 0.175781 0.949219 0.167969 0.955078 0.166016 0.998047 0.285156 0.998047 0.287109 0.992188 0.285156 0.990234
2 0.919922 0.970703 0.919922 0.996094 0.921875 0.998047 0.964844 0.998047 0.962891 0.996094 0.962891 0.990234 0.960938 0.988281 0.960938 0.970703 0.958984 0.968750 0.955078 0.968750 0.953125 0.966797 0.923828 0.966797
5 0.779297 0.000000 0.785156 0.009766 0.794922 0.009766 0.826172 0.025391 0.878906 0.076172 0.902344 0.083984 0.970703 0.142578 0.988281 0.150391 0.998047 0.144531 0.994141 0.128906 0.976562 0.119141 0.916016 0.066406 0.890625 0.054688 0.839844 0.007812 0.837891 0.000000
5 0.000000 0.628906 0.429688 0.619141 0.453125 0.929688 0.458984 0.619141 0.988281 0.599609 0.998047 0.558594 0.312500 0.585938 0.261719 0.304688 0.289062 0.582031 0.017578 0.587891
