0 0.515625 0.000000 0.511719 0.003906 0.541016 0.046875 0.548828 0.074219 0.574219 0.111328 0.574219 0.130859 0.582031 0.150391 0.648438 0.154297 0.660156 0.136719 0.656250 0.107422 0.660156 0.058594 0.658203 0.000000
0 0.861328 0.000000 0.843750 0.164062 0.865234 0.171875 0.923828 0.167969 0.947266 0.177734 0.966797 0.175781 0.998047 0.185547 0.998047 0.048828 0.958984 0.044922 0.962891 0.021484 0.998047 0.021484 0.998047 0.000000
0 0.998047 0.257812 0.853516 0.253906 0.841797 0.246094 0.812500 0.251953 0.802734 0.339844 0.781250 0.390625 0.783203 0.425781 0.800781 0.439453 0.791016 0.453125 0.794922 0.496094 0.783203 0.501953 0.775391 0.525391 0.779297 0.560547 0.822266 0.560547 0.833984 0.554688 0.830078 0.546875 0.861328 0.544922 0.931641 0.519531 0.998047 0.484375
0 0.136719 0.541016 0.125000 0.546875 0.121094 0.556641 0.121094 0.585938 0.123047 0.587891 0.125000 0.630859 0.132812 0.634766 0.152344 0.634766 0.154297 0.636719 0.173828 0.634766 0.181641 0.626953 0.185547 0.619141 0.185547 0.603516 0.183594 0.601562 0.185547 0.580078 0.175781 0.546875 0.160156 0.541016
0 0.128906 0.710938 0.130859 0.722656 0.142578 0.736328 0.144531 0.744141 0.175781 0.748047 0.177734 0.736328 0.189453 0.724609 0.191406 0.714844 0.197266 0.728516 0.242188 0.728516 0.251953 0.716797 0.251953 0.693359 0.232422 0.677734 0.216797 0.675781 0.197266 0.687500 0.193359 0.707031 0.179688 0.677734 0.171875 0.671875 0.162109 0.669922 0.138672 0.679688
0 0.105469 0.789062 0.107422 0.822266 0.132812 0.830078 0.167969 0.826172 0.193359 0.835938 0.214844 0.833984 0.246094 0.824219 0.251953 0.812500 0.248047 0.789062 0.244141 0.785156 0.210938 0.775391 0.144531 0.775391 0.136719 0.779297 0.115234 0.781250
0 0.535156 0.863281 0.488281 0.859375 0.402344 0.867188 0.365234 0.837891 0.328125 0.851562 0.302734 0.849609 0.277344 0.863281 0.257812 0.908203 0.152344 0.937500 0.134766 0.998047 0.478516 0.998047 0.507812 0.945312 0.511719 0.908203 0.525391 0.902344
0 0.513672 0.998047 0.798828 0.998047 0.779297 0.988281 0.750000 0.960938 0.720703 0.949219 0.625000 0.886719 0.585938 0.871094 0.568359 0.880859 0.552734 0.923828
2 0.960938 0.025391 0.960938 0.044922 0.964844 0.044922 0.966797 0.046875 0.998047 0.046875 0.998047 0.023438 0.962891 0.023438
2 0.880859 0.105469 0.880859 0.109375 0.884766 0.113281 0.900391 0.113281 0.904297 0.117188 0.904297 0.144531 0.910156 0.160156 0.931641 0.160156 0.933594 0.162109 0.939453 0.158203 0.951172 0.158203 0.957031 0.164062 0.962891 0.166016 0.972656 0.162109 0.974609 0.128906 0.970703 0.123047 0.960938 0.123047 0.943359 0.111328 0.923828 0.109375 0.898438 0.101562 0.884766 0.101562
2 0.056641 0.171875 0.048828 0.177734 0.048828 0.306641 0.052734 0.312500 0.048828 0.400391 0.056641 0.412109 0.091797 0.412109 0.103516 0.402344 0.099609 0.310547 0.105469 0.283203 0.099609 0.179688 0.078125 0.179688
2 0.873047 0.281250 0.873047 0.283203 0.875000 0.283203 0.878906 0.287109 0.876953 0.289062 0.876953 0.294922 0.875000 0.296875 0.875000 0.318359 0.873047 0.320312 0.873047 0.324219 0.875000 0.326172 0.880859 0.326172 0.882812 0.328125 0.912109 0.328125 0.916016 0.324219 0.916016 0.310547 0.917969 0.308594 0.917969 0.291016 0.912109 0.287109 0.908203 0.287109 0.902344 0.283203 0.898438 0.283203 0.890625 0.279297 0.876953 0.279297
2 0.894531 0.369141 0.894531 0.386719 0.896484 0.390625 0.904297 0.394531 0.910156 0.400391 0.921875 0.402344 0.923828 0.404297 0.949219 0.404297 0.957031 0.398438 0.960938 0.398438 0.966797 0.394531 0.972656 0.394531 0.980469 0.386719 0.980469 0.371094 0.978516 0.369141 0.976562 0.359375 0.966797 0.351562 0.962891 0.351562 0.960938 0.349609 0.916016 0.347656 0.904297 0.355469
3 0.595703 0.839844 0.847656 0.998047 0.998047 0.998047 0.998047 0.953125 0.984375 0.951172 0.986328 0.933594 0.998047 0.933594 0.998047 0.796875 0.972656 0.783203 0.953125 0.755859 0.951172 0.767578 0.937500 0.763672 0.912109 0.736328 0.925781 0.738281 0.855469 0.675781 0.835938 0.669922 0.802734 0.679688 0.775391 0.660156 0.740234 0.660156 0.687500 0.707031 0.640625 0.787109
4 0.701172 0.000000 0.707031 0.359375 0.787109 0.363281 0.843750 0.000000
4 0.710938 0.435547 0.710938 0.564453 0.720703 0.568359 0.757812 0.570312 0.761719 0.566406 0.761719 0.525391 0.769531 0.505859 0.769531 0.496094 0.775391 0.478516 0.779297 0.437500
5 0.000000 0.001953 0.011719 0.863281 0.548828 0.853516 0.503906 0.998047 0.765625 0.605469 0.998047 0.519531 0.750000 0.582031 0.564453 0.828125 0.042969 0.822266 0.562500 0.759766 0.691406 0.558594 0.660156 0.000000 0.667969 0.541016 0.546875 0.740234 0.048828 0.755859 0.056641 0.000000
