0 0.000000 0.589844 0.000000 0.998047 0.208984 0.998047 0.195312 0.976562 0.279297 0.962891 0.308594 0.935547 0.382812 0.910156 0.414062 0.736328 0.433594 0.693359 0.427734 0.662109 0.320312 0.632812 0.111328 0.615234 0.080078 0.583984 0.042969 0.595703
0 0.378906 0.943359 0.376953 0.945312 0.375000 0.945312 0.378906 0.949219 0.378906 0.955078 0.380859 0.955078 0.380859 0.943359
0 0.398438 0.945312 0.398438 0.949219 0.400391 0.949219 0.402344 0.951172 0.402344 0.947266 0.400391 0.945312
0 0.390625 0.953125 0.390625 0.955078 0.396484 0.955078 0.394531 0.953125
0 0.482422 0.955078 0.482422 0.957031 0.484375 0.958984 0.484375 0.960938 0.486328 0.960938 0.488281 0.958984 0.490234 0.958984 0.490234 0.955078 0.488281 0.953125 0.484375 0.953125
0 0.882812 0.960938 0.880859 0.958984 0.880859 0.955078 0.869141 0.955078 0.867188 0.953125 0.859375 0.953125 0.857422 0.955078 0.847656 0.955078 0.847656 0.957031 0.845703 0.958984 0.843750 0.958984 0.841797 0.957031 0.837891 0.957031 0.832031 0.960938 0.828125 0.960938 0.832031 0.960938 0.833984 0.962891 0.835938 0.960938 0.841797 0.960938 0.843750 0.962891 0.853516 0.962891 0.855469 0.960938 0.857422 0.962891 0.867188 0.962891 0.869141 0.960938 0.875000 0.960938 0.876953 0.962891 0.878906 0.962891 0.880859 0.960938
0 0.400391 0.958984 0.398438 0.960938 0.398438 0.962891 0.402344 0.966797 0.404297 0.966797 0.404297 0.960938 0.402344 0.958984
0 0.376953 0.960938 0.375000 0.962891 0.378906 0.966797 0.380859 0.966797 0.380859 0.960938
0 0.505859 0.964844 0.507812 0.966797 0.529297 0.966797 0.529297 0.964844 0.527344 0.962891 0.513672 0.962891 0.511719 0.964844 0.509766 0.962891 0.507812 0.962891
0 0.814453 0.962891 0.816406 0.962891 0.818359 0.960938 0.824219 0.960938 0.814453 0.960938
0 0.324219 0.964844 0.324219 0.966797 0.320312 0.970703 0.322266 0.972656 0.322266 0.974609 0.318359 0.978516 0.316406 0.976562 0.314453 0.976562 0.314453 0.980469 0.316406 0.980469 0.322266 0.974609 0.326172 0.974609 0.328125 0.976562 0.328125 0.978516 0.330078 0.978516 0.332031 0.980469 0.332031 0.982422 0.333984 0.982422 0.335938 0.984375 0.335938 0.986328 0.332031 0.990234 0.328125 0.990234 0.328125 0.998047 0.333984 0.998047 0.335938 0.996094 0.341797 0.998047 0.341797 0.986328 0.339844 0.984375 0.341797 0.982422 0.339844 0.980469 0.339844 0.982422 0.337891 0.984375 0.335938 0.984375 0.333984 0.982422 0.335938 0.976562 0.328125 0.976562 0.326172 0.974609 0.326172 0.972656 0.324219 0.972656 0.322266 0.970703
0 0.335938 0.970703 0.339844 0.974609 0.341797 0.974609 0.341797 0.972656 0.339844 0.972656 0.337891 0.970703
0 0.437500 0.968750 0.437500 0.970703 0.439453 0.970703 0.439453 0.968750
0 0.486328 0.970703 0.486328 0.974609 0.484375 0.976562 0.486328 0.976562 0.490234 0.980469 0.492188 0.978516 0.494141 0.980469 0.496094 0.980469 0.496094 0.974609 0.492188 0.974609 0.490234 0.972656 0.488281 0.972656
0 0.900391 0.990234 0.898438 0.984375 0.880859 0.984375 0.863281 0.980469 0.869141 0.978516 0.875000 0.972656 0.880859 0.974609 0.878906 0.968750 0.873047 0.970703 0.859375 0.968750 0.855469 0.972656 0.853516 0.970703 0.843750 0.970703 0.849609 0.976562 0.853516 0.974609 0.859375 0.976562 0.861328 0.980469 0.855469 0.984375 0.845703 0.982422 0.843750 0.984375 0.826172 0.984375 0.824219 0.986328 0.822266 0.984375 0.812500 0.984375 0.810547 0.986328 0.814453 0.994141 0.824219 0.990234 0.830078 0.996094 0.841797 0.994141 0.843750 0.998047 0.849609 0.996094 0.857422 0.998047 0.892578 0.998047
0 0.355469 0.974609 0.353516 0.976562 0.351562 0.976562 0.351562 0.978516 0.349609 0.980469 0.347656 0.980469 0.347656 0.982422 0.349609 0.982422 0.351562 0.984375 0.353516 0.984375 0.355469 0.982422 0.357422 0.982422 0.357422 0.978516 0.355469 0.976562
0 0.396484 0.982422 0.394531 0.982422 0.392578 0.984375 0.388672 0.984375 0.388672 0.994141 0.390625 0.996094 0.390625 0.998047 0.396484 0.998047 0.396484 0.996094 0.398438 0.994141 0.398438 0.992188 0.396484 0.990234 0.396484 0.988281 0.398438 0.986328 0.398438 0.984375
0 0.431641 0.984375 0.429688 0.984375 0.427734 0.982422 0.425781 0.984375 0.406250 0.984375 0.406250 0.986328 0.408203 0.988281 0.408203 0.990234 0.406250 0.992188 0.408203 0.994141 0.412109 0.994141 0.414062 0.996094 0.419922 0.996094 0.421875 0.994141 0.429688 0.994141 0.431641 0.992188
0 0.281250 0.984375 0.281250 0.988281 0.279297 0.990234 0.281250 0.992188 0.281250 0.998047 0.294922 0.998047 0.294922 0.992188 0.292969 0.990234 0.292969 0.984375
0 0.302734 0.984375 0.300781 0.986328 0.302734 0.988281 0.302734 0.994141 0.304688 0.994141 0.308594 0.990234 0.308594 0.988281 0.306641 0.988281
0 0.507812 0.984375 0.507812 0.986328 0.511719 0.986328 0.515625 0.990234 0.515625 0.994141 0.525391 0.994141 0.529297 0.998047 0.535156 0.998047 0.535156 0.996094 0.533203 0.994141 0.533203 0.992188 0.535156 0.990234 0.533203 0.988281 0.535156 0.986328 0.533203 0.984375
0 0.382812 0.992188 0.382812 0.994141 0.384766 0.994141 0.384766 0.992188
2 0.001953 0.000000 0.000000 0.152344 0.027344 0.154297 0.031250 0.146484 0.033203 0.121094 0.042969 0.074219 0.048828 0.000000
2 0.218750 0.000000 0.171875 0.001953 0.167969 0.046875 0.162109 0.066406 0.162109 0.095703 0.154297 0.125000 0.154297 0.162109 0.167969 0.169922 0.179688 0.167969 0.183594 0.138672 0.189453 0.132812 0.201172 0.132812 0.208984 0.056641 0.218750 0.013672
2 0.953125 0.015625 0.949219 0.021484 0.949219 0.029297 0.947266 0.031250 0.947266 0.048828 0.945312 0.050781 0.945312 0.062500 0.947266 0.066406 0.951172 0.070312 0.955078 0.070312 0.957031 0.072266 0.966797 0.072266 0.968750 0.074219 0.990234 0.074219 0.992188 0.070312 0.994141 0.046875 0.996094 0.044922 0.996094 0.021484 0.994141 0.017578 0.990234 0.019531 0.980469 0.017578 0.976562 0.015625 0.972656 0.011719 0.972656 0.009766 0.970703 0.013672 0.960938 0.013672 0.958984 0.015625
2 0.103516 0.021484 0.097656 0.041016 0.095703 0.072266 0.089844 0.095703 0.089844 0.117188 0.099609 0.121094 0.126953 0.125000 0.132812 0.121094 0.134766 0.097656 0.138672 0.083984 0.138672 0.066406 0.140625 0.064453 0.140625 0.039062 0.144531 0.027344 0.134766 0.023438
2 0.251953 0.023438 0.242188 0.029297 0.236328 0.044922 0.236328 0.058594 0.232422 0.064453 0.232422 0.074219 0.230469 0.076172 0.230469 0.101562 0.228516 0.103516 0.226562 0.132812 0.248047 0.140625 0.265625 0.142578 0.269531 0.138672 0.277344 0.072266 0.281250 0.060547 0.283203 0.027344 0.275391 0.023438
2 0.449219 0.083984 0.406250 0.101562 0.380859 0.126953 0.373047 0.167969 0.375000 0.205078 0.404297 0.224609 0.453125 0.240234 0.476562 0.253906 0.492188 0.253906 0.533203 0.166016 0.537109 0.134766 0.521484 0.121094 0.494141 0.115234 0.490234 0.111328 0.492188 0.099609 0.460938 0.083984
2 0.000000 0.162109 0.000000 0.285156 0.009766 0.287109 0.000000 0.291016 0.000000 0.480469 0.267578 0.513672 0.283203 0.324219 0.007812 0.289062 0.292969 0.316406 0.314453 0.203125 0.099609 0.160156
2 0.746094 0.164062 0.726562 0.201172 0.724609 0.214844 0.718750 0.230469 0.718750 0.240234 0.724609 0.244141 0.740234 0.246094 0.744141 0.250000 0.751953 0.250000 0.761719 0.253906 0.767578 0.251953 0.769531 0.253906 0.775391 0.244141 0.773438 0.218750 0.787109 0.199219 0.792969 0.173828 0.779297 0.167969 0.765625 0.167969 0.763672 0.166016
2 0.937500 0.214844 0.908203 0.277344 0.894531 0.287109 0.892578 0.298828 0.876953 0.322266 0.867188 0.357422 0.876953 0.367188 0.949219 0.396484 0.998047 0.292969 0.998047 0.240234 0.964844 0.222656
2 0.728516 0.263672 0.724609 0.269531 0.722656 0.283203 0.718750 0.289062 0.718750 0.300781 0.720703 0.302734 0.728516 0.302734 0.730469 0.304688 0.736328 0.304688 0.738281 0.306641 0.744141 0.306641 0.746094 0.308594 0.755859 0.308594 0.757812 0.310547 0.761719 0.310547 0.765625 0.312500 0.771484 0.304688 0.771484 0.298828 0.773438 0.296875 0.773438 0.291016 0.775391 0.289062 0.777344 0.275391 0.775391 0.273438 0.767578 0.273438 0.765625 0.271484 0.761719 0.271484 0.753906 0.267578 0.744141 0.267578 0.738281 0.263672
2 0.367188 0.310547 0.355469 0.335938 0.357422 0.353516 0.447266 0.392578 0.480469 0.404297 0.511719 0.410156 0.529297 0.361328 0.513672 0.351562 0.488281 0.345703 0.464844 0.332031 0.445312 0.326172 0.439453 0.328125 0.435547 0.324219 0.437500 0.322266 0.419922 0.314453 0.400391 0.312500 0.376953 0.304688
2 0.701172 0.328125 0.683594 0.369141 0.673828 0.425781 0.675781 0.451172 0.693359 0.460938 0.691406 0.480469 0.664062 0.570312 0.683594 0.578125 0.734375 0.583984 0.746094 0.515625 0.755859 0.488281 0.775391 0.470703 0.804688 0.357422 0.794922 0.349609
2 0.621094 0.349609 0.617188 0.345703 0.593750 0.343750 0.587891 0.347656 0.582031 0.347656 0.578125 0.353516 0.574219 0.373047 0.562500 0.394531 0.558594 0.398438 0.552734 0.398438 0.527344 0.390625 0.515625 0.416016 0.517578 0.421875 0.521484 0.425781 0.535156 0.425781 0.558594 0.435547 0.585938 0.439453 0.607422 0.392578 0.613281 0.365234
2 0.816406 0.376953 0.814453 0.378906 0.814453 0.390625 0.810547 0.396484 0.810547 0.400391 0.800781 0.414062 0.792969 0.437500 0.792969 0.443359 0.789062 0.451172 0.789062 0.457031 0.792969 0.460938 0.804688 0.464844 0.835938 0.466797 0.843750 0.429688 0.853516 0.408203 0.845703 0.402344 0.830078 0.400391 0.826172 0.396484 0.828125 0.378906
2 0.892578 0.398438 0.880859 0.396484 0.873047 0.402344 0.865234 0.419922 0.863281 0.431641 0.859375 0.435547 0.851562 0.466797 0.847656 0.470703 0.841797 0.486328 0.839844 0.507812 0.865234 0.517578 0.873047 0.515625 0.886719 0.500000 0.892578 0.498047 0.894531 0.478516 0.914062 0.429688 0.912109 0.410156 0.906250 0.404297
2 0.083984 0.521484 0.083984 0.564453 0.080078 0.576172 0.097656 0.585938 0.109375 0.603516 0.154297 0.611328 0.195312 0.611328 0.203125 0.605469 0.210938 0.535156 0.208984 0.531250 0.183594 0.531250 0.111328 0.521484
2 0.386719 0.527344 0.351562 0.529297 0.343750 0.531250 0.339844 0.535156 0.333984 0.560547 0.332031 0.595703 0.326172 0.615234 0.328125 0.619141 0.345703 0.619141 0.347656 0.617188 0.386719 0.619141 0.388672 0.617188 0.390625 0.531250
2 0.818359 0.544922 0.812500 0.548828 0.812500 0.560547 0.810547 0.562500 0.810547 0.572266 0.808594 0.574219 0.808594 0.580078 0.804688 0.587891 0.804688 0.599609 0.808594 0.601562 0.814453 0.601562 0.816406 0.603516 0.837891 0.603516 0.839844 0.601562 0.839844 0.589844 0.843750 0.582031 0.843750 0.568359 0.845703 0.564453 0.841797 0.560547 0.841797 0.556641 0.837891 0.548828 0.833984 0.546875 0.824219 0.546875 0.822266 0.544922
2 0.984375 0.558594 0.982422 0.562500 0.982422 0.566406 0.980469 0.568359 0.980469 0.572266 0.974609 0.582031 0.974609 0.585938 0.970703 0.593750 0.970703 0.599609 0.966797 0.607422 0.966797 0.615234 0.968750 0.617188 0.972656 0.617188 0.974609 0.619141 0.980469 0.619141 0.988281 0.623047 0.998047 0.623047 0.998047 0.560547 0.994141 0.558594
2 0.537109 0.626953 0.539062 0.650391 0.544922 0.662109 0.548828 0.660156 0.552734 0.662109 0.583984 0.654297 0.636719 0.656250 0.646484 0.652344 0.652344 0.644531 0.648438 0.619141 0.605469 0.617188 0.597656 0.621094 0.589844 0.621094 0.580078 0.617188 0.562500 0.617188 0.552734 0.623047
2 0.728516 0.662109 0.726562 0.693359 0.728516 0.701172 0.736328 0.707031 0.773438 0.701172 0.865234 0.699219 0.867188 0.695312 0.865234 0.658203 0.853516 0.644531 0.847656 0.642578 0.789062 0.640625 0.783203 0.642578 0.785156 0.652344 0.781250 0.656250 0.744141 0.656250 0.732422 0.658203
2 0.662109 0.699219 0.654297 0.681641 0.648438 0.677734 0.611328 0.677734 0.601562 0.681641 0.564453 0.681641 0.552734 0.685547 0.544922 0.691406 0.544922 0.703125 0.542969 0.705078 0.544922 0.716797 0.550781 0.722656 0.574219 0.724609 0.585938 0.722656 0.591797 0.718750 0.607422 0.716797 0.605469 0.705078 0.601562 0.703125 0.603516 0.701172 0.607422 0.701172 0.609375 0.708984 0.615234 0.712891 0.640625 0.712891 0.656250 0.708984 0.656250 0.705078
2 0.953125 0.695312 0.947266 0.695312 0.945312 0.693359 0.935547 0.693359 0.933594 0.695312 0.927734 0.695312 0.925781 0.697266 0.921875 0.697266 0.919922 0.695312 0.916016 0.697266 0.906250 0.697266 0.904297 0.701172 0.906250 0.703125 0.904297 0.707031 0.906250 0.710938 0.906250 0.716797 0.904297 0.718750 0.904297 0.732422 0.908203 0.736328 0.906250 0.738281 0.908203 0.740234 0.927734 0.740234 0.929688 0.742188 0.943359 0.742188 0.945312 0.740234 0.953125 0.740234 0.953125 0.734375 0.957031 0.728516 0.957031 0.724609 0.955078 0.722656 0.955078 0.707031 0.953125 0.705078
2 0.964844 0.701172 0.962891 0.703125 0.962891 0.712891 0.964844 0.714844 0.964844 0.732422 0.966797 0.734375 0.966797 0.744141 0.996094 0.744141 0.998047 0.742188 0.998047 0.703125 0.966797 0.703125
2 0.484375 0.710938 0.482422 0.708984 0.460938 0.708984 0.458984 0.710938 0.437500 0.710938 0.433594 0.716797 0.433594 0.726562 0.431641 0.728516 0.433594 0.746094 0.437500 0.753906 0.464844 0.753906 0.466797 0.751953 0.476562 0.751953 0.478516 0.750000 0.482422 0.750000 0.486328 0.746094 0.484375 0.744141
2 0.867188 0.736328 0.859375 0.730469 0.849609 0.728516 0.839844 0.720703 0.810547 0.718750 0.792969 0.730469 0.773438 0.728516 0.763672 0.732422 0.734375 0.736328 0.728516 0.742188 0.728516 0.757812 0.732422 0.771484 0.742188 0.781250 0.777344 0.779297 0.787109 0.775391 0.785156 0.767578 0.787109 0.763672 0.863281 0.761719 0.867188 0.759766
2 0.546875 0.755859 0.546875 0.787109 0.548828 0.792969 0.552734 0.794922 0.583984 0.794922 0.607422 0.787109 0.609375 0.763672 0.613281 0.765625 0.615234 0.773438 0.613281 0.777344 0.617188 0.781250 0.615234 0.787109 0.619141 0.792969 0.625000 0.794922 0.648438 0.792969 0.644531 0.785156 0.646484 0.781250 0.658203 0.779297 0.660156 0.775391 0.660156 0.751953 0.640625 0.748047 0.615234 0.750000 0.609375 0.757812 0.603516 0.751953 0.591797 0.748047 0.568359 0.748047 0.548828 0.751953
2 0.468750 0.779297 0.464844 0.775391 0.449219 0.775391 0.447266 0.777344 0.441406 0.777344 0.439453 0.779297 0.425781 0.779297 0.423828 0.781250 0.419922 0.781250 0.417969 0.783203 0.417969 0.789062 0.416016 0.791016 0.416016 0.802734 0.414062 0.804688 0.414062 0.820312 0.439453 0.820312 0.441406 0.818359 0.451172 0.818359 0.453125 0.816406 0.458984 0.816406 0.460938 0.814453 0.464844 0.814453 0.468750 0.806641
2 0.912109 0.791016 0.912109 0.798828 0.914062 0.800781 0.914062 0.806641 0.916016 0.808594 0.919922 0.824219 0.927734 0.824219 0.929688 0.822266 0.947266 0.822266 0.949219 0.820312 0.955078 0.820312 0.957031 0.818359 0.962891 0.818359 0.964844 0.816406 0.980469 0.816406 0.982422 0.812500 0.982422 0.808594 0.978516 0.802734 0.978516 0.798828 0.972656 0.791016 0.970703 0.783203 0.923828 0.783203 0.921875 0.785156 0.916016 0.785156
2 0.798828 0.806641 0.796875 0.810547 0.796875 0.828125 0.798828 0.830078 0.798828 0.839844 0.800781 0.843750 0.812500 0.843750 0.814453 0.841797 0.824219 0.841797 0.832031 0.837891 0.841797 0.837891 0.845703 0.835938 0.845703 0.822266 0.847656 0.820312 0.847656 0.802734 0.839844 0.798828 0.812500 0.798828 0.810547 0.800781 0.806641 0.800781 0.802734 0.802734
2 0.783203 0.804688 0.777344 0.804688 0.775391 0.802734 0.767578 0.804688 0.763672 0.812500 0.763672 0.822266 0.761719 0.826172 0.755859 0.832031 0.746094 0.833984 0.744141 0.837891 0.748047 0.843750 0.748047 0.878906 0.746094 0.880859 0.746094 0.884766 0.748047 0.886719 0.757812 0.888672 0.759766 0.886719 0.767578 0.886719 0.769531 0.884766 0.783203 0.882812 0.791016 0.878906 0.791016 0.871094 0.792969 0.869141 0.791016 0.853516 0.789062 0.851562 0.791016 0.814453 0.787109 0.806641
2 0.603516 0.810547 0.599609 0.808594 0.587891 0.808594 0.585938 0.810547 0.578125 0.810547 0.576172 0.812500 0.570312 0.812500 0.568359 0.814453 0.564453 0.814453 0.560547 0.818359 0.558594 0.822266 0.558594 0.832031 0.560547 0.833984 0.560547 0.841797 0.562500 0.843750 0.562500 0.853516 0.564453 0.855469 0.570312 0.855469 0.572266 0.853516 0.595703 0.853516 0.597656 0.851562 0.605469 0.851562 0.613281 0.847656 0.613281 0.845703 0.611328 0.845703 0.607422 0.839844 0.607422 0.832031 0.605469 0.830078 0.605469 0.816406 0.603516 0.814453
2 0.667969 0.824219 0.638672 0.824219 0.632812 0.826172 0.630859 0.830078 0.630859 0.843750 0.628906 0.845703 0.630859 0.886719 0.628906 0.888672 0.626953 0.908203 0.628906 0.910156 0.628906 0.919922 0.632812 0.925781 0.656250 0.921875 0.658203 0.917969 0.656250 0.912109 0.660156 0.906250 0.679688 0.900391 0.677734 0.896484 0.677734 0.882812 0.669922 0.873047 0.673828 0.830078
2 0.417969 0.841797 0.417969 0.849609 0.421875 0.853516 0.423828 0.867188 0.433594 0.876953 0.435547 0.894531 0.437500 0.896484 0.445312 0.894531 0.474609 0.896484 0.476562 0.894531 0.498047 0.892578 0.505859 0.888672 0.507812 0.880859 0.505859 0.857422 0.500000 0.857422 0.496094 0.853516 0.494141 0.855469 0.490234 0.851562 0.492188 0.845703 0.486328 0.841797 0.488281 0.835938 0.482422 0.833984 0.478516 0.835938 0.435547 0.833984
2 0.876953 0.843750 0.849609 0.843750 0.839844 0.847656 0.816406 0.847656 0.814453 0.849609 0.806641 0.849609 0.804688 0.851562 0.804688 0.861328 0.802734 0.865234 0.804688 0.867188 0.804688 0.884766 0.806641 0.886719 0.806641 0.896484 0.810547 0.902344 0.812500 0.900391 0.845703 0.900391 0.847656 0.898438 0.851562 0.900391 0.869141 0.900391 0.873047 0.898438 0.875000 0.900391 0.878906 0.898438 0.886719 0.886719 0.884766 0.882812 0.886719 0.880859 0.884766 0.878906 0.884766 0.871094 0.880859 0.863281 0.882812 0.861328 0.878906 0.853516 0.880859 0.851562
2 0.978516 0.847656 0.970703 0.847656 0.968750 0.845703 0.962891 0.845703 0.960938 0.843750 0.953125 0.843750 0.951172 0.845703 0.943359 0.845703 0.941406 0.847656 0.935547 0.847656 0.933594 0.849609 0.914062 0.851562 0.912109 0.853516 0.912109 0.880859 0.914062 0.882812 0.914062 0.888672 0.931641 0.888672 0.933594 0.886719 0.957031 0.886719 0.958984 0.884766 0.966797 0.884766 0.974609 0.880859 0.980469 0.880859 0.980469 0.851562
2 0.566406 0.865234 0.562500 0.875000 0.564453 0.878906 0.570312 0.869141 0.578125 0.869141 0.580078 0.873047 0.574219 0.882812 0.570312 0.884766 0.564453 0.882812 0.564453 0.941406 0.568359 0.945312 0.589844 0.945312 0.599609 0.943359 0.607422 0.937500 0.615234 0.935547 0.617188 0.929688 0.621094 0.927734 0.621094 0.923828 0.619141 0.925781 0.617188 0.923828 0.617188 0.910156 0.615234 0.908203 0.617188 0.898438 0.613281 0.890625 0.613281 0.878906 0.609375 0.875000 0.601562 0.873047 0.589844 0.873047 0.587891 0.875000 0.582031 0.871094 0.583984 0.865234 0.580078 0.863281
2 0.486328 0.902344 0.462891 0.902344 0.460938 0.904297 0.445312 0.906250 0.437500 0.910156 0.435547 0.914062 0.435547 0.917969 0.437500 0.919922 0.437500 0.935547 0.439453 0.937500 0.439453 0.943359 0.441406 0.947266 0.449219 0.953125 0.451172 0.966797 0.460938 0.966797 0.462891 0.964844 0.468750 0.964844 0.476562 0.960938 0.482422 0.960938 0.480469 0.955078 0.484375 0.951172 0.488281 0.951172 0.490234 0.953125 0.488281 0.951172 0.488281 0.941406 0.490234 0.939453 0.490234 0.916016 0.488281 0.914062 0.488281 0.904297
2 0.941406 0.910156 0.931641 0.923828 0.929688 0.945312 0.941406 0.958984 0.939453 0.960938 0.943359 0.966797 0.943359 0.974609 0.939453 0.978516 0.943359 0.998047 0.998047 0.998047 0.998047 0.912109 0.992188 0.914062 0.996094 0.919922 0.994141 0.925781 0.990234 0.927734 0.986328 0.923828 0.986328 0.914062 0.982422 0.910156 0.974609 0.908203
2 0.736328 0.921875 0.736328 0.951172 0.744141 0.974609 0.796875 0.970703 0.812500 0.964844 0.832031 0.962891 0.826172 0.960938 0.837891 0.955078 0.845703 0.957031 0.847656 0.953125 0.859375 0.951172 0.876953 0.953125 0.884766 0.947266 0.880859 0.935547 0.884766 0.927734 0.878906 0.921875 0.861328 0.919922 0.849609 0.914062 0.832031 0.914062 0.818359 0.921875 0.781250 0.921875 0.769531 0.914062 0.748047 0.914062
2 0.373047 0.919922 0.320312 0.935547 0.314453 0.941406 0.320312 0.955078 0.318359 0.966797 0.320312 0.968750 0.324219 0.962891 0.328125 0.970703 0.324219 0.980469 0.318359 0.976562 0.332031 0.986328 0.339844 0.978516 0.343750 0.982422 0.341797 0.984375 0.343750 0.998047 0.388672 0.998047 0.386719 0.984375 0.394531 0.980469 0.394531 0.970703 0.392578 0.974609 0.388672 0.962891 0.376953 0.955078 0.376953 0.949219 0.373047 0.945312 0.375000 0.943359
2 0.570312 0.998047 0.619141 0.998047 0.625000 0.994141 0.634766 0.996094 0.636719 0.994141 0.679688 0.990234 0.685547 0.986328 0.687500 0.980469 0.683594 0.966797 0.683594 0.953125 0.675781 0.949219 0.638672 0.949219 0.632812 0.953125 0.621094 0.951172 0.619141 0.953125 0.609375 0.949219 0.576172 0.951172
5 0.376953 0.000000 0.355469 0.005859 0.343750 0.101562 0.333984 0.333984 0.310547 0.460938 0.322266 0.476562 0.335938 0.458984 0.355469 0.337891 0.353516 0.271484
5 0.550781 0.000000 0.650391 0.060547 0.707031 0.068359 0.808594 0.128906 0.927734 0.175781 0.998047 0.187500 0.998047 0.136719 0.832031 0.078125 0.652344 0.000000
5 0.496094 0.572266 0.537109 0.998047 0.562500 0.986328 0.513672 0.587891 0.541016 0.576172 0.681641 0.603516 0.705078 0.998047 0.732422 0.992188 0.703125 0.609375 0.873047 0.650391 0.917969 0.998047 0.896484 0.660156 0.998047 0.648438 0.574219 0.554688
