0 0.246094 0.003906 0.277344 0.029297 0.386719 0.041016 0.410156 0.056641 0.443359 0.054688 0.474609 0.029297 0.484375 0.050781 0.515625 0.070312 0.593750 0.066406 0.623047 0.080078 0.679688 0.082031 0.710938 0.093750 0.730469 0.093750 0.740234 0.080078 0.720703 0.029297 0.732422 0.013672 0.726562 0.000000
0 0.873047 0.000000 0.878906 0.025391 0.878906 0.046875 0.912109 0.072266 0.914062 0.089844 0.921875 0.105469 0.953125 0.115234 0.968750 0.125000 0.998047 0.125000 0.998047 0.000000
0 0.021484 0.017578 0.000000 0.023438 0.000000 0.378906 0.003906 0.388672 0.083984 0.388672 0.099609 0.371094 0.103516 0.337891 0.119141 0.312500 0.177734 0.263672 0.173828 0.228516 0.185547 0.201172 0.181641 0.130859 0.197266 0.070312 0.191406 0.058594 0.150391 0.039062
0 0.574219 0.111328 0.562500 0.117188 0.554688 0.130859 0.552734 0.160156 0.558594 0.171875 0.552734 0.177734 0.544922 0.167969 0.531250 0.167969 0.515625 0.179688 0.513672 0.234375 0.527344 0.242188 0.556641 0.234375 0.541016 0.259766 0.542969 0.310547 0.550781 0.326172 0.638672 0.337891 0.640625 0.308594 0.667969 0.289062 0.656250 0.261719 0.664062 0.248047 0.656250 0.230469 0.667969 0.201172 0.666016 0.175781 0.656250 0.167969 0.664062 0.154297 0.658203 0.126953 0.636719 0.117188
0 0.171875 0.285156 0.134766 0.306641 0.121094 0.326172 0.125000 0.353516 0.117188 0.371094 0.105469 0.474609 0.117188 0.470703 0.152344 0.478516 0.158203 0.472656 0.162109 0.478516 0.175781 0.478516 0.181641 0.468750 0.183594 0.476562 0.234375 0.482422 0.251953 0.439453 0.244141 0.425781 0.255859 0.423828 0.226562 0.421875 0.207031 0.410156 0.216797 0.402344 0.226562 0.404297 0.230469 0.396484 0.236328 0.408203 0.248047 0.404297 0.236328 0.378906 0.220703 0.380859 0.207031 0.373047 0.207031 0.294922 0.193359 0.285156
0 0.011719 0.406250 0.011719 0.408203 0.013672 0.408203 0.013672 0.406250
0 0.271484 0.433594 0.285156 0.439453 0.285156 0.507812 0.300781 0.521484 0.304688 0.507812 0.318359 0.507812 0.318359 0.562500 0.386719 0.564453 0.400391 0.609375 0.458984 0.638672 0.500000 0.638672 0.679688 0.699219 0.726562 0.685547 0.744141 0.546875 0.705078 0.460938 0.699219 0.482422 0.689453 0.464844 0.687500 0.484375 0.656250 0.484375 0.652344 0.453125 0.591797 0.443359 0.574219 0.414062 0.546875 0.423828 0.544922 0.458984 0.464844 0.468750 0.441406 0.429688 0.408203 0.439453 0.365234 0.421875 0.330078 0.435547 0.312500 0.425781
0 0.263672 0.445312 0.261719 0.445312 0.261719 0.447266 0.259766 0.449219 0.261719 0.451172 0.263672 0.449219
0 0.277344 0.501953 0.277344 0.507812 0.279297 0.507812 0.279297 0.501953
0 0.285156 0.513672 0.285156 0.517578 0.287109 0.517578 0.287109 0.513672
0 0.000000 0.548828 0.001953 0.773438 0.267578 0.759766 0.324219 0.742188 0.328125 0.683594 0.322266 0.673828 0.333984 0.669922 0.337891 0.634766 0.187500 0.599609 0.164062 0.576172 0.111328 0.576172
2 0.244141 0.060547 0.240234 0.062500 0.228516 0.060547 0.216797 0.068359 0.214844 0.066406 0.210938 0.068359 0.210938 0.074219 0.208984 0.076172 0.208984 0.099609 0.205078 0.107422 0.205078 0.119141 0.203125 0.121094 0.205078 0.125000 0.205078 0.134766 0.203125 0.138672 0.210938 0.136719 0.212891 0.132812 0.218750 0.134766 0.250000 0.134766 0.251953 0.132812 0.251953 0.126953 0.253906 0.125000 0.253906 0.082031 0.255859 0.080078 0.255859 0.070312 0.253906 0.066406
2 0.412109 0.101562 0.412109 0.130859 0.414062 0.132812 0.414062 0.144531 0.419922 0.144531 0.421875 0.142578 0.466797 0.142578 0.468750 0.140625 0.468750 0.109375 0.466797 0.107422 0.466797 0.099609 0.414062 0.099609
2 0.525391 0.103516 0.523438 0.105469 0.523438 0.109375 0.521484 0.111328 0.521484 0.128906 0.519531 0.130859 0.519531 0.138672 0.517578 0.140625 0.517578 0.146484 0.519531 0.148438 0.519531 0.152344 0.521484 0.154297 0.521484 0.160156 0.523438 0.162109 0.523438 0.164062 0.533203 0.164062 0.535156 0.162109 0.542969 0.162109 0.544922 0.160156 0.544922 0.156250 0.546875 0.154297 0.546875 0.138672 0.548828 0.136719 0.548828 0.130859 0.550781 0.128906 0.550781 0.117188 0.546875 0.111328 0.541016 0.109375 0.535156 0.103516
2 0.699219 0.138672 0.703125 0.189453 0.707031 0.195312 0.730469 0.195312 0.744141 0.191406 0.787109 0.191406 0.789062 0.193359 0.794922 0.191406 0.794922 0.160156 0.791016 0.154297 0.789062 0.142578 0.779297 0.130859 0.746094 0.130859 0.744141 0.132812 0.728516 0.132812 0.726562 0.134766 0.708984 0.132812
2 0.796875 0.152344 0.800781 0.199219 0.806641 0.203125 0.878906 0.199219 0.882812 0.189453 0.892578 0.195312 0.929688 0.201172 0.953125 0.199219 0.955078 0.164062 0.951172 0.160156 0.916016 0.156250 0.888672 0.148438 0.878906 0.150391 0.876953 0.146484 0.857422 0.142578 0.816406 0.142578 0.800781 0.146484
2 0.394531 0.152344 0.341797 0.154297 0.337891 0.160156 0.339844 0.164062 0.339844 0.171875 0.337891 0.173828 0.339844 0.220703 0.343750 0.222656 0.361328 0.222656 0.363281 0.224609 0.369141 0.224609 0.371094 0.222656 0.382812 0.224609 0.384766 0.222656 0.398438 0.222656 0.404297 0.220703 0.400391 0.218750 0.396484 0.212891 0.396484 0.154297
2 0.726562 0.203125 0.726562 0.238281 0.746094 0.378906 0.750000 0.386719 0.759766 0.388672 0.750000 0.394531 0.748047 0.433594 0.763672 0.443359 0.812500 0.439453 0.820312 0.435547 0.818359 0.386719 0.791016 0.380859 0.814453 0.369141 0.814453 0.339844 0.802734 0.281250 0.802734 0.242188 0.794922 0.232422 0.794922 0.207031 0.769531 0.197266
2 0.433594 0.203125 0.437500 0.300781 0.451172 0.302734 0.439453 0.306641 0.443359 0.335938 0.451172 0.349609 0.470703 0.351562 0.464844 0.355469 0.468750 0.376953 0.478516 0.390625 0.460938 0.400391 0.468750 0.458984 0.537109 0.457031 0.542969 0.417969 0.576172 0.408203 0.570312 0.386719 0.539062 0.382812 0.494141 0.394531 0.478516 0.390625 0.517578 0.376953 0.515625 0.347656 0.478516 0.347656 0.517578 0.341797 0.523438 0.304688 0.480469 0.296875 0.474609 0.205078
2 0.822266 0.212891 0.824219 0.277344 0.882812 0.277344 0.843750 0.283203 0.841797 0.363281 0.861328 0.369141 0.855469 0.373047 0.855469 0.394531 0.841797 0.398438 0.837891 0.410156 0.843750 0.433594 0.841797 0.492188 0.851562 0.515625 0.876953 0.525391 0.910156 0.515625 0.912109 0.458984 0.898438 0.431641 0.892578 0.289062 0.880859 0.279297 0.892578 0.275391 0.890625 0.238281 0.884766 0.224609 0.865234 0.216797 0.867188 0.207031
2 0.189453 0.255859 0.187500 0.277344 0.203125 0.283203 0.218750 0.300781 0.210938 0.312500 0.208984 0.369141 0.218750 0.373047 0.234375 0.373047 0.248047 0.384766 0.279297 0.384766 0.281250 0.351562 0.273438 0.339844 0.275391 0.318359 0.271484 0.314453 0.263672 0.314453 0.255859 0.304688 0.244141 0.302734 0.248047 0.300781 0.244141 0.291016 0.244141 0.271484 0.253906 0.255859 0.253906 0.250000 0.220703 0.248047
2 0.259766 0.294922 0.257812 0.294922 0.257812 0.300781 0.259766 0.298828
2 0.705078 0.316406 0.701172 0.320312 0.701172 0.332031 0.703125 0.333984 0.703125 0.343750 0.707031 0.347656 0.714844 0.347656 0.716797 0.349609 0.728516 0.349609 0.728516 0.333984 0.730469 0.332031 0.730469 0.320312 0.728516 0.318359 0.728516 0.316406
2 0.685547 0.337891 0.675781 0.339844 0.664062 0.349609 0.656250 0.349609 0.650391 0.357422 0.652344 0.410156 0.658203 0.425781 0.664062 0.427734 0.652344 0.435547 0.654297 0.449219 0.658203 0.451172 0.695312 0.449219 0.708984 0.445312 0.710938 0.429688 0.714844 0.427734 0.703125 0.419922 0.689453 0.417969 0.701172 0.416016 0.701172 0.406250 0.697266 0.388672 0.699219 0.380859 0.697266 0.361328
2 0.101562 0.392578 0.093750 0.390625 0.083984 0.396484 0.048828 0.396484 0.039062 0.398438 0.035156 0.402344 0.035156 0.421875 0.021484 0.437500 0.029297 0.455078 0.029297 0.468750 0.035156 0.490234 0.039062 0.488281 0.037109 0.486328 0.039062 0.476562 0.046875 0.478516 0.052734 0.484375 0.056641 0.484375 0.058594 0.488281 0.062500 0.484375 0.089844 0.484375 0.095703 0.480469 0.099609 0.468750 0.099609 0.447266 0.103516 0.425781
2 0.792969 0.449219 0.767578 0.451172 0.759766 0.455078 0.759766 0.472656 0.763672 0.484375 0.763672 0.494141 0.767578 0.498047 0.763672 0.500000 0.765625 0.507812 0.763672 0.521484 0.767578 0.525391 0.769531 0.533203 0.769531 0.556641 0.771484 0.558594 0.794922 0.552734 0.808594 0.544922 0.818359 0.544922 0.826172 0.541016 0.830078 0.535156 0.826172 0.527344 0.828125 0.500000 0.812500 0.498047 0.808594 0.494141 0.810547 0.492188 0.808594 0.460938 0.800781 0.455078 0.800781 0.451172
2 0.162109 0.496094 0.162109 0.529297 0.164062 0.531250 0.162109 0.541016 0.164062 0.542969 0.201172 0.546875 0.220703 0.552734 0.234375 0.552734 0.240234 0.539062 0.255859 0.539062 0.263672 0.535156 0.263672 0.503906 0.244141 0.500000 0.240234 0.496094 0.240234 0.490234 0.236328 0.488281 0.185547 0.482422 0.183594 0.484375 0.167969 0.484375
2 0.755859 0.523438 0.753906 0.523438 0.751953 0.525391 0.751953 0.529297 0.753906 0.529297 0.755859 0.527344
2 0.798828 0.556641 0.792969 0.556641 0.791016 0.558594 0.787109 0.558594 0.785156 0.560547 0.783203 0.560547 0.781250 0.562500 0.779297 0.562500 0.777344 0.564453 0.775391 0.564453 0.769531 0.568359 0.769531 0.574219 0.771484 0.576172 0.771484 0.580078 0.773438 0.582031 0.773438 0.589844 0.777344 0.593750 0.785156 0.593750 0.787109 0.591797 0.792969 0.591797 0.794922 0.589844 0.804688 0.589844 0.806641 0.587891 0.808594 0.587891 0.808594 0.585938 0.806641 0.583984 0.806641 0.578125 0.804688 0.576172 0.804688 0.566406 0.802734 0.564453 0.802734 0.560547
2 0.343750 0.675781 0.337891 0.685547 0.335938 0.697266 0.333984 0.699219 0.330078 0.732422 0.335938 0.736328 0.357422 0.738281 0.359375 0.740234 0.392578 0.740234 0.394531 0.728516 0.396484 0.726562 0.398438 0.701172 0.400391 0.699219 0.400391 0.681641 0.402344 0.679688 0.400391 0.673828 0.375000 0.675781 0.373047 0.673828 0.351562 0.671875
2 0.492188 0.699219 0.488281 0.705078 0.488281 0.722656 0.478516 0.751953 0.486328 0.757812 0.501953 0.761719 0.507812 0.765625 0.525391 0.771484 0.537109 0.771484 0.541016 0.763672 0.542969 0.732422 0.548828 0.716797 0.533203 0.707031 0.519531 0.705078 0.511719 0.699219 0.505859 0.699219 0.503906 0.697266 0.501953 0.699219
2 0.917969 0.734375 0.917969 0.755859 0.916016 0.757812 0.917969 0.759766 0.919922 0.759766 0.921875 0.761719 0.925781 0.761719 0.929688 0.765625 0.941406 0.765625 0.943359 0.767578 0.955078 0.767578 0.955078 0.755859 0.957031 0.753906 0.957031 0.736328 0.955078 0.734375 0.955078 0.732422 0.953125 0.732422 0.947266 0.728516 0.939453 0.728516 0.935547 0.732422 0.919922 0.732422
2 0.568359 0.730469 0.566406 0.732422 0.566406 0.773438 0.560547 0.781250 0.554688 0.781250 0.552734 0.785156 0.552734 0.802734 0.550781 0.806641 0.554688 0.810547 0.589844 0.812500 0.591797 0.808594 0.591797 0.798828 0.593750 0.796875 0.605469 0.796875 0.607422 0.792969 0.607422 0.750000 0.609375 0.748047 0.609375 0.736328 0.601562 0.732422
2 0.634766 0.738281 0.632812 0.740234 0.632812 0.775391 0.630859 0.777344 0.630859 0.800781 0.634766 0.810547 0.632812 0.830078 0.636719 0.833984 0.666016 0.835938 0.667969 0.833984 0.667969 0.812500 0.669922 0.810547 0.671875 0.783203 0.677734 0.779297 0.689453 0.750000 0.683594 0.744141 0.675781 0.742188 0.660156 0.748047
2 0.289062 0.755859 0.285156 0.808594 0.291016 0.847656 0.300781 0.853516 0.330078 0.851562 0.332031 0.853516 0.324219 0.857422 0.324219 0.871094 0.330078 0.880859 0.339844 0.886719 0.351562 0.886719 0.357422 0.904297 0.373047 0.902344 0.371094 0.851562 0.332031 0.851562 0.339844 0.847656 0.337891 0.771484 0.333984 0.753906
2 0.341797 0.773438 0.341797 0.787109 0.343750 0.789062 0.363281 0.789062 0.365234 0.787109 0.365234 0.773438 0.363281 0.771484 0.355469 0.771484 0.353516 0.773438 0.349609 0.773438 0.347656 0.771484 0.345703 0.771484 0.343750 0.773438
2 0.119141 0.777344 0.117188 0.775391 0.083984 0.775391 0.072266 0.779297 0.029297 0.779297 0.027344 0.781250 0.001953 0.779297 0.000000 0.781250 0.000000 0.841797 0.089844 0.837891 0.119141 0.832031 0.121094 0.828125
2 0.746094 0.783203 0.740234 0.810547 0.742188 0.835938 0.761719 0.837891 0.771484 0.832031 0.777344 0.824219 0.779297 0.810547 0.783203 0.828125 0.810547 0.826172 0.833984 0.830078 0.837891 0.853516 0.861328 0.851562 0.867188 0.808594 0.859375 0.804688 0.847656 0.804688 0.843750 0.808594 0.843750 0.789062 0.820312 0.789062 0.798828 0.779297 0.789062 0.779297 0.785156 0.785156 0.783203 0.804688 0.779297 0.787109 0.759766 0.781250
2 0.126953 0.796875 0.128906 0.833984 0.218750 0.832031 0.218750 0.835938 0.205078 0.837891 0.197266 0.843750 0.187500 0.843750 0.189453 0.865234 0.218750 0.867188 0.238281 0.865234 0.244141 0.861328 0.242188 0.839844 0.236328 0.832031 0.240234 0.828125 0.240234 0.796875 0.234375 0.787109 0.216797 0.791016 0.164062 0.787109 0.152344 0.792969
2 0.101562 0.847656 0.097656 0.843750 0.091797 0.843750 0.089844 0.841797 0.087891 0.843750 0.072266 0.843750 0.070312 0.845703 0.058594 0.845703 0.056641 0.847656 0.042969 0.847656 0.039062 0.853516 0.031250 0.857422 0.031250 0.875000 0.029297 0.878906 0.031250 0.882812 0.099609 0.880859 0.105469 0.876953 0.105469 0.869141 0.101562 0.863281
2 0.644531 0.855469 0.642578 0.857422 0.636719 0.857422 0.638672 0.863281 0.634766 0.867188 0.619141 0.867188 0.615234 0.873047 0.615234 0.878906 0.617188 0.880859 0.617188 0.886719 0.621094 0.892578 0.621094 0.896484 0.625000 0.900391 0.626953 0.900391 0.636719 0.910156 0.642578 0.910156 0.644531 0.912109 0.654297 0.912109 0.656250 0.910156 0.664062 0.908203 0.667969 0.902344 0.667969 0.876953 0.669922 0.875000 0.669922 0.865234 0.666016 0.857422 0.658203 0.857422 0.656250 0.855469
2 0.791016 0.878906 0.791016 0.896484 0.792969 0.898438 0.794922 0.910156 0.806641 0.919922 0.814453 0.919922 0.816406 0.921875 0.861328 0.921875 0.867188 0.919922 0.871094 0.916016 0.871094 0.904297 0.873047 0.902344 0.871094 0.882812 0.873047 0.878906 0.867188 0.871094 0.855469 0.869141 0.853516 0.867188 0.841797 0.867188 0.835938 0.869141 0.833984 0.867188 0.824219 0.867188 0.822266 0.865234 0.810547 0.865234 0.802734 0.871094 0.794922 0.873047
2 0.169922 0.906250 0.166016 0.916016 0.166016 0.957031 0.167969 0.958984 0.167969 0.966797 0.171875 0.972656 0.171875 0.998047 0.216797 0.998047 0.224609 0.984375 0.224609 0.972656 0.222656 0.970703 0.222656 0.947266 0.224609 0.945312 0.216797 0.914062 0.210938 0.906250 0.201172 0.906250 0.199219 0.904297 0.177734 0.904297
2 0.349609 0.904297 0.328125 0.904297 0.326172 0.906250 0.318359 0.906250 0.316406 0.908203 0.300781 0.908203 0.296875 0.912109 0.296875 0.914062 0.298828 0.916016 0.298828 0.925781 0.324219 0.925781 0.326172 0.923828 0.349609 0.923828
2 0.089844 0.925781 0.087891 0.931641 0.087891 0.958984 0.091797 0.962891 0.097656 0.964844 0.105469 0.976562 0.154297 0.976562 0.160156 0.974609 0.162109 0.968750 0.162109 0.927734 0.158203 0.921875 0.140625 0.921875 0.119141 0.914062 0.107422 0.914062
2 0.355469 0.947266 0.351562 0.943359 0.326172 0.943359 0.324219 0.945312 0.310547 0.945312 0.308594 0.947266 0.300781 0.947266 0.300781 0.974609 0.302734 0.976562 0.302734 0.982422 0.304688 0.984375 0.312500 0.984375 0.314453 0.982422 0.322266 0.982422 0.324219 0.980469 0.353516 0.980469 0.353516 0.968750 0.355469 0.966797
2 0.865234 0.947266 0.859375 0.943359 0.853516 0.943359 0.843750 0.947266 0.841797 0.953125 0.833984 0.958984 0.826172 0.958984 0.816406 0.962891 0.798828 0.980469 0.796875 0.984375 0.796875 0.998047 0.857422 0.998047 0.859375 0.996094 0.861328 0.984375 0.869141 0.972656 0.869141 0.957031
5 0.050781 0.005859 0.199219 0.048828 0.617188 0.115234 0.835938 0.125000 0.986328 0.154297 0.998047 0.142578 0.871094 0.107422 0.621094 0.093750 0.113281 0.000000
5 0.000000 0.519531 0.000000 0.542969 0.164062 0.574219 0.185547 0.595703 0.437500 0.662109 0.501953 0.695312 0.726562 0.730469 0.884766 0.798828 0.998047 0.822266 0.998047 0.792969 0.904297 0.753906 0.267578 0.597656 0.171875 0.550781
6 0.998047 0.519531 0.988281 0.529297 0.898438 0.570312 0.888672 0.589844 0.884766 0.714844 0.955078 0.728516 0.960938 0.736328 0.962891 0.763672 0.998047 0.759766
6 0.671875 0.841797 0.673828 0.894531 0.669922 0.908203 0.640625 0.939453 0.652344 0.951172 0.630859 0.953125 0.632812 0.962891 0.642578 0.968750 0.632812 0.972656 0.669922 0.986328 0.783203 0.998047 0.808594 0.947266 0.806641 0.927734 0.789062 0.904297 0.787109 0.875000 0.761719 0.875000 0.755859 0.863281 0.746094 0.865234 0.716797 0.857422 0.691406 0.839844
