0 0.707031 0.150391 0.683594 0.136719 0.662109 0.142578 0.621094 0.140625 0.607422 0.144531 0.597656 0.160156 0.597656 0.166016 0.589844 0.167969 0.587891 0.171875 0.589844 0.177734 0.593750 0.177734 0.603516 0.189453 0.607422 0.212891 0.625000 0.228516 0.638672 0.236328 0.683594 0.242188 0.703125 0.228516 0.718750 0.222656 0.722656 0.216797 0.722656 0.210938 0.712891 0.197266 0.712891 0.166016
0 0.591797 0.160156 0.589844 0.160156 0.587891 0.162109 0.583984 0.162109 0.583984 0.166016 0.582031 0.167969 0.582031 0.171875 0.583984 0.173828 0.583984 0.166016 0.587891 0.162109 0.589844 0.164062 0.591797 0.162109
0 0.654297 0.349609 0.652344 0.353516 0.652344 0.371094 0.658203 0.384766 0.664062 0.390625 0.679688 0.394531 0.697266 0.402344 0.740234 0.402344 0.744141 0.398438 0.746094 0.365234 0.736328 0.347656 0.724609 0.337891 0.693359 0.330078 0.679688 0.337891 0.673828 0.337891 0.664062 0.345703
0 0.751953 0.361328 0.751953 0.402344 0.779297 0.433594 0.812500 0.437500 0.822266 0.433594 0.916016 0.435547 0.935547 0.431641 0.927734 0.423828 0.933594 0.417969 0.931641 0.400391 0.943359 0.386719 0.943359 0.367188 0.921875 0.351562 0.900391 0.347656 0.876953 0.349609 0.865234 0.361328 0.835938 0.359375 0.812500 0.365234 0.798828 0.353516 0.773438 0.345703 0.761719 0.347656
0 0.710938 0.417969 0.673828 0.400391 0.619141 0.414062 0.613281 0.427734 0.615234 0.466797 0.632812 0.494141 0.646484 0.496094 0.625000 0.498047 0.621094 0.490234 0.617188 0.498047 0.607422 0.476562 0.597656 0.486328 0.552734 0.490234 0.548828 0.507812 0.529297 0.515625 0.513672 0.511719 0.513672 0.542969 0.544922 0.558594 0.554688 0.587891 0.587891 0.601562 0.609375 0.601562 0.638672 0.585938 0.660156 0.583984 0.666016 0.572266 0.662109 0.542969 0.669922 0.505859 0.664062 0.498047 0.691406 0.492188 0.722656 0.458984 0.722656 0.443359
0 0.246094 0.441406 0.240234 0.445312 0.230469 0.460938 0.230469 0.466797 0.228516 0.468750 0.230469 0.492188 0.234375 0.503906 0.240234 0.509766 0.251953 0.515625 0.257812 0.523438 0.261719 0.525391 0.273438 0.525391 0.283203 0.515625 0.285156 0.517578 0.298828 0.505859 0.296875 0.503906 0.298828 0.498047 0.296875 0.496094 0.298828 0.494141 0.296875 0.490234 0.300781 0.482422 0.298828 0.480469 0.300781 0.476562 0.298828 0.474609 0.300781 0.470703 0.298828 0.468750 0.298828 0.460938 0.283203 0.441406 0.277344 0.441406 0.275391 0.439453 0.253906 0.439453 0.251953 0.441406
0 0.720703 0.533203 0.720703 0.544922 0.736328 0.556641 0.736328 0.566406 0.748047 0.570312 0.750000 0.578125 0.773438 0.593750 0.787109 0.595703 0.802734 0.574219 0.820312 0.564453 0.822266 0.595703 0.832031 0.603516 0.847656 0.603516 0.888672 0.576172 0.945312 0.566406 0.953125 0.525391 0.919922 0.513672 0.875000 0.507812 0.861328 0.511719 0.837891 0.537109 0.833984 0.492188 0.781250 0.488281 0.750000 0.494141 0.746094 0.498047 0.750000 0.501953 0.728516 0.515625
0 0.044922 0.691406 0.044922 0.707031 0.046875 0.708984 0.046875 0.714844 0.048828 0.716797 0.048828 0.724609 0.052734 0.730469 0.068359 0.736328 0.074219 0.742188 0.082031 0.742188 0.083984 0.740234 0.099609 0.736328 0.105469 0.732422 0.107422 0.728516 0.107422 0.714844 0.109375 0.712891 0.109375 0.699219 0.101562 0.691406 0.093750 0.689453 0.082031 0.681641 0.074219 0.681641 0.072266 0.679688 0.062500 0.679688 0.060547 0.681641 0.056641 0.681641
0 0.285156 0.753906 0.263672 0.746094 0.230469 0.748047 0.214844 0.753906 0.205078 0.765625 0.201172 0.775391 0.199219 0.794922 0.193359 0.810547 0.195312 0.835938 0.205078 0.841797 0.218750 0.841797 0.232422 0.835938 0.244141 0.824219 0.271484 0.818359 0.294922 0.800781 0.300781 0.787109
2 0.558594 0.003906 0.537109 0.001953 0.474609 0.015625 0.470703 0.031250 0.478516 0.056641 0.515625 0.060547 0.511719 0.070312 0.509766 0.062500 0.486328 0.062500 0.466797 0.070312 0.470703 0.115234 0.503906 0.115234 0.515625 0.107422 0.517578 0.111328 0.542969 0.115234 0.566406 0.113281 0.566406 0.064453 0.562500 0.060547 0.519531 0.058594 0.566406 0.056641 0.574219 0.052734
2 0.125000 0.064453 0.125000 0.085938 0.132812 0.099609 0.138672 0.101562 0.158203 0.095703 0.179688 0.097656 0.169922 0.105469 0.177734 0.138672 0.183594 0.146484 0.208984 0.146484 0.214844 0.154297 0.224609 0.154297 0.273438 0.140625 0.275391 0.109375 0.271484 0.082031 0.240234 0.083984 0.207031 0.093750 0.205078 0.091797 0.210938 0.085938 0.208984 0.078125 0.181641 0.076172 0.166016 0.046875 0.144531 0.050781 0.138672 0.058594
2 0.072266 0.078125 0.060547 0.089844 0.060547 0.107422 0.068359 0.130859 0.072266 0.132812 0.056641 0.136719 0.052734 0.144531 0.064453 0.183594 0.062500 0.195312 0.115234 0.197266 0.117188 0.193359 0.121094 0.214844 0.126953 0.220703 0.164062 0.212891 0.154297 0.191406 0.152344 0.169922 0.148438 0.166016 0.119141 0.166016 0.115234 0.162109 0.115234 0.136719 0.109375 0.132812 0.128906 0.123047 0.121094 0.082031 0.101562 0.070312 0.089844 0.070312
2 0.384766 0.095703 0.384766 0.105469 0.386719 0.107422 0.386719 0.123047 0.388672 0.125000 0.388672 0.126953 0.406250 0.126953 0.408203 0.128906 0.410156 0.126953 0.431641 0.126953 0.437500 0.123047 0.437500 0.107422 0.435547 0.105469 0.435547 0.089844 0.433594 0.087891 0.406250 0.087891 0.404297 0.089844 0.394531 0.089844 0.392578 0.091797 0.388672 0.091797
2 0.544922 0.167969 0.541016 0.171875 0.539062 0.177734 0.539062 0.183594 0.533203 0.201172 0.533203 0.210938 0.531250 0.212891 0.531250 0.222656 0.535156 0.234375 0.539062 0.238281 0.554688 0.238281 0.556641 0.236328 0.570312 0.236328 0.572266 0.234375 0.603516 0.232422 0.605469 0.230469 0.605469 0.224609 0.601562 0.218750 0.595703 0.218750 0.589844 0.207031 0.587891 0.191406 0.576172 0.181641 0.556641 0.177734 0.550781 0.169922
2 0.460938 0.173828 0.455078 0.177734 0.455078 0.197266 0.460938 0.203125 0.460938 0.207031 0.464844 0.212891 0.464844 0.222656 0.468750 0.228516 0.470703 0.238281 0.476562 0.246094 0.492188 0.248047 0.492188 0.242188 0.490234 0.240234 0.490234 0.230469 0.488281 0.228516 0.488281 0.218750 0.486328 0.216797 0.486328 0.208984 0.484375 0.207031 0.484375 0.179688 0.482422 0.177734 0.482422 0.171875 0.470703 0.171875 0.468750 0.173828 0.466797 0.171875 0.464844 0.173828
2 0.005859 0.212891 0.005859 0.224609 0.007812 0.226562 0.007812 0.234375 0.009766 0.236328 0.009766 0.240234 0.013672 0.246094 0.015625 0.244141 0.023438 0.244141 0.025391 0.242188 0.042969 0.242188 0.042969 0.230469 0.041016 0.228516 0.041016 0.222656 0.039062 0.220703 0.039062 0.218750 0.029297 0.208984 0.019531 0.208984 0.017578 0.207031 0.015625 0.208984 0.013672 0.208984 0.011719 0.210938 0.007812 0.210938
2 0.048828 0.210938 0.048828 0.228516 0.050781 0.230469 0.048828 0.234375 0.050781 0.236328 0.050781 0.244141 0.056641 0.250000 0.058594 0.250000 0.062500 0.255859 0.064453 0.253906 0.070312 0.253906 0.074219 0.250000 0.078125 0.250000 0.085938 0.246094 0.089844 0.246094 0.091797 0.248047 0.093750 0.246094 0.099609 0.246094 0.101562 0.244141 0.101562 0.232422 0.103516 0.230469 0.103516 0.226562 0.101562 0.224609 0.101562 0.212891 0.099609 0.208984 0.087891 0.208984 0.085938 0.207031 0.058594 0.207031 0.056641 0.208984
2 0.582031 0.257812 0.583984 0.261719 0.583984 0.310547 0.585938 0.316406 0.597656 0.330078 0.597656 0.339844 0.601562 0.343750 0.617188 0.343750 0.619141 0.341797 0.642578 0.339844 0.644531 0.337891 0.646484 0.322266 0.644531 0.320312 0.642578 0.285156 0.638672 0.277344 0.634766 0.257812 0.621094 0.251953 0.587891 0.253906
2 0.492188 0.283203 0.470703 0.281250 0.410156 0.291016 0.386719 0.289062 0.328125 0.300781 0.322266 0.306641 0.328125 0.347656 0.333984 0.351562 0.361328 0.341797 0.412109 0.335938 0.416016 0.330078 0.419922 0.335938 0.437500 0.339844 0.437500 0.365234 0.441406 0.369141 0.488281 0.363281 0.490234 0.349609 0.484375 0.328125 0.490234 0.326172 0.494141 0.318359
2 0.406250 0.367188 0.402344 0.363281 0.388672 0.363281 0.386719 0.365234 0.378906 0.365234 0.376953 0.367188 0.371094 0.367188 0.369141 0.369141 0.365234 0.369141 0.363281 0.371094 0.357422 0.371094 0.355469 0.373047 0.353516 0.373047 0.349609 0.378906 0.355469 0.388672 0.353516 0.390625 0.357422 0.394531 0.363281 0.394531 0.365234 0.392578 0.373047 0.392578 0.375000 0.390625 0.380859 0.390625 0.382812 0.388672 0.388672 0.388672 0.390625 0.386719 0.394531 0.386719 0.396484 0.384766 0.402344 0.384766 0.406250 0.380859
2 0.531250 0.382812 0.529297 0.382812 0.527344 0.380859 0.509766 0.380859 0.507812 0.382812 0.498047 0.382812 0.496094 0.384766 0.492188 0.384766 0.490234 0.386719 0.490234 0.419922 0.494141 0.423828 0.509766 0.423828 0.511719 0.421875 0.521484 0.421875 0.523438 0.419922 0.527344 0.419922 0.529297 0.417969 0.531250 0.417969 0.531250 0.416016 0.535156 0.410156 0.535156 0.398438 0.533203 0.398438 0.531250 0.396484 0.531250 0.394531 0.533203 0.392578 0.533203 0.384766
2 0.390625 0.404297 0.386719 0.400391 0.345703 0.402344 0.326172 0.412109 0.326172 0.416016 0.324219 0.417969 0.324219 0.431641 0.326172 0.433594 0.326172 0.441406 0.328125 0.443359 0.326172 0.445312 0.328125 0.447266 0.328125 0.451172 0.330078 0.453125 0.359375 0.453125 0.361328 0.451172 0.373047 0.451172 0.375000 0.449219 0.384766 0.449219 0.386719 0.447266 0.396484 0.445312 0.398438 0.443359 0.398438 0.431641 0.396484 0.429688 0.396484 0.421875 0.390625 0.410156
2 0.363281 0.541016 0.363281 0.582031 0.367188 0.585938 0.373047 0.585938 0.375000 0.587891 0.408203 0.587891 0.416016 0.583984 0.414062 0.560547 0.416016 0.558594 0.416016 0.554688 0.421875 0.548828 0.421875 0.542969 0.427734 0.537109 0.427734 0.531250 0.429688 0.529297 0.421875 0.523438 0.388672 0.523438 0.382812 0.527344 0.382812 0.533203 0.376953 0.539062 0.365234 0.539062
2 0.666016 0.611328 0.630859 0.609375 0.548828 0.628906 0.380859 0.634766 0.351562 0.644531 0.355469 0.769531 0.367188 0.787109 0.400391 0.785156 0.404297 0.753906 0.382812 0.730469 0.402344 0.714844 0.419922 0.726562 0.412109 0.730469 0.425781 0.748047 0.662109 0.740234 0.679688 0.732422 0.685547 0.714844
2 0.414062 0.742188 0.410156 0.742188 0.410156 0.744141 0.406250 0.748047 0.404297 0.746094 0.402344 0.748047 0.402344 0.750000 0.404297 0.750000 0.406250 0.748047 0.408203 0.748047 0.410156 0.750000 0.414062 0.746094
2 0.492188 0.757812 0.488281 0.761719 0.488281 0.779297 0.486328 0.781250 0.486328 0.791016 0.488281 0.792969 0.488281 0.796875 0.490234 0.798828 0.498047 0.798828 0.500000 0.800781 0.529297 0.800781 0.531250 0.798828 0.531250 0.787109 0.529297 0.785156 0.529297 0.759766 0.527344 0.757812
2 0.552734 0.781250 0.550781 0.783203 0.550781 0.822266 0.552734 0.824219 0.566406 0.824219 0.568359 0.826172 0.583984 0.826172 0.587891 0.822266 0.587891 0.800781 0.589844 0.798828 0.589844 0.796875 0.587891 0.794922 0.587891 0.791016 0.576172 0.779297 0.562500 0.779297 0.560547 0.781250
2 0.730469 0.796875 0.730469 0.839844 0.732422 0.841797 0.787109 0.841797 0.789062 0.839844 0.792969 0.839844 0.792969 0.833984 0.791016 0.832031 0.791016 0.826172 0.792969 0.824219 0.792969 0.800781 0.791016 0.798828 0.781250 0.798828 0.779297 0.796875
2 0.810547 0.802734 0.810547 0.828125 0.808594 0.830078 0.808594 0.839844 0.814453 0.843750 0.839844 0.843750 0.841797 0.845703 0.869141 0.845703 0.871094 0.843750 0.871094 0.814453 0.873047 0.812500 0.873047 0.800781 0.869141 0.800781 0.867188 0.798828 0.863281 0.798828 0.861328 0.800781 0.839844 0.800781 0.837891 0.798828 0.824219 0.798828 0.822266 0.800781 0.812500 0.800781
2 0.365234 0.818359 0.365234 0.822266 0.363281 0.824219 0.363281 0.833984 0.361328 0.835938 0.361328 0.841797 0.363281 0.843750 0.363281 0.853516 0.365234 0.855469 0.365234 0.869141 0.367188 0.871094 0.376953 0.871094 0.378906 0.873047 0.394531 0.871094 0.406250 0.857422 0.408203 0.851562 0.412109 0.847656 0.414062 0.847656 0.419922 0.839844 0.419922 0.835938 0.416016 0.828125 0.416016 0.820312 0.414062 0.818359 0.394531 0.818359 0.392578 0.816406 0.371094 0.816406 0.369141 0.818359
2 0.486328 0.820312 0.484375 0.822266 0.484375 0.828125 0.482422 0.830078 0.482422 0.835938 0.480469 0.837891 0.480469 0.851562 0.478516 0.853516 0.478516 0.880859 0.480469 0.884766 0.494141 0.884766 0.496094 0.886719 0.519531 0.888672 0.521484 0.886719 0.521484 0.875000 0.523438 0.873047 0.523438 0.861328 0.525391 0.859375 0.527344 0.837891 0.517578 0.830078 0.517578 0.826172 0.513672 0.822266 0.503906 0.822266 0.501953 0.820312
2 0.576172 0.835938 0.574219 0.837891 0.574219 0.871094 0.576172 0.873047 0.576172 0.875000 0.580078 0.875000 0.582031 0.876953 0.583984 0.876953 0.587891 0.882812 0.607422 0.882812 0.611328 0.878906 0.611328 0.839844 0.609375 0.837891 0.605469 0.837891 0.603516 0.835938
2 0.359375 0.890625 0.359375 0.906250 0.361328 0.908203 0.361328 0.923828 0.365234 0.931641 0.369141 0.933594 0.406250 0.933594 0.406250 0.923828 0.404297 0.921875 0.404297 0.908203 0.406250 0.906250 0.406250 0.896484 0.404297 0.892578 0.396484 0.892578 0.394531 0.890625 0.371094 0.890625 0.369141 0.888672 0.363281 0.888672
2 0.474609 0.925781 0.472656 0.927734 0.472656 0.964844 0.474609 0.966797 0.484375 0.966797 0.486328 0.968750 0.500000 0.968750 0.500000 0.947266 0.501953 0.945312 0.501953 0.927734 0.500000 0.927734 0.498047 0.925781
3 0.998047 0.119141 0.882812 0.123047 0.751953 0.142578 0.748047 0.224609 0.763672 0.328125 0.769531 0.333984 0.789062 0.326172 0.873047 0.330078 0.935547 0.359375 0.998047 0.353516
3 0.271484 0.238281 0.216797 0.238281 0.128906 0.271484 0.085938 0.277344 0.000000 0.318359 0.000000 0.378906 0.064453 0.378906 0.107422 0.343750 0.146484 0.347656 0.173828 0.359375 0.185547 0.341797 0.220703 0.341797 0.230469 0.335938 0.236328 0.339844 0.263672 0.330078 0.275391 0.333984 0.281250 0.326172
4 0.605469 0.003906 0.636719 0.023438 0.636719 0.046875 0.644531 0.056641 0.650391 0.048828 0.681641 0.097656 0.699219 0.103516 0.998047 0.074219 0.998047 0.000000
5 0.996094 0.083984 0.312500 0.152344 0.322266 0.000000 0.294922 0.000000 0.281250 0.171875 0.000000 0.285156 0.001953 0.318359 0.279297 0.201172 0.320312 0.998047 0.347656 0.998047 0.310547 0.177734 0.998047 0.117188
5 0.998047 0.439453 0.980469 0.429688 0.966797 0.441406 0.904297 0.435547 0.822266 0.435547 0.789062 0.443359 0.761719 0.441406 0.748047 0.455078 0.761719 0.468750 0.841797 0.460938 0.990234 0.466797 0.998047 0.462891
6 0.208984 0.347656 0.107422 0.357422 0.035156 0.386719 0.025391 0.406250 0.019531 0.394531 0.000000 0.421875 0.011719 0.728516 0.048828 0.726562 0.041016 0.693359 0.062500 0.677734 0.113281 0.699219 0.103516 0.738281 0.048828 0.736328 0.056641 0.763672 0.029297 0.884766 0.060547 0.931641 0.130859 0.927734 0.148438 0.896484 0.201172 0.873047 0.187500 0.824219 0.199219 0.761719 0.154297 0.730469 0.250000 0.730469 0.289062 0.658203 0.287109 0.533203 0.226562 0.488281 0.244141 0.437500 0.281250 0.435547 0.281250 0.386719
6 0.003906 0.724609 0.003906 0.730469 0.005859 0.730469 0.007812 0.728516 0.007812 0.726562 0.005859 0.724609
6 0.207031 0.751953 0.205078 0.751953 0.205078 0.753906 0.203125 0.755859 0.203125 0.759766 0.207031 0.755859
