0 0.992188 0.000000 0.927734 0.001953 0.941406 0.119141 0.917969 0.199219 0.923828 0.210938 0.945312 0.216797 0.945312 0.240234 0.929688 0.251953 0.925781 0.271484 0.949219 0.365234 0.955078 0.365234 0.955078 0.351562 0.962891 0.357422 0.976562 0.236328 0.986328 0.218750 0.986328 0.166016 0.976562 0.158203 0.980469 0.152344 0.986328 0.162109 0.988281 0.101562 0.978516 0.095703 0.986328 0.091797 0.992188 0.068359
0 0.738281 0.171875 0.703125 0.199219 0.708984 0.212891 0.701172 0.220703 0.693359 0.339844 0.683594 0.359375 0.652344 0.355469 0.646484 0.384766 0.662109 0.396484 0.677734 0.390625 0.677734 0.402344 0.707031 0.427734 0.742188 0.437500 0.763672 0.458984 0.785156 0.460938 0.791016 0.458984 0.792969 0.439453 0.783203 0.433594 0.789062 0.423828 0.779297 0.417969 0.785156 0.416016 0.787109 0.406250 0.779297 0.402344 0.785156 0.400391 0.748047 0.396484 0.722656 0.343750 0.724609 0.330078 0.750000 0.298828 0.724609 0.265625 0.728516 0.193359
0 0.662109 0.492188 0.634766 0.515625 0.628906 0.529297 0.630859 0.556641 0.617188 0.564453 0.589844 0.562500 0.576172 0.582031 0.585938 0.597656 0.576172 0.605469 0.572266 0.634766 0.583984 0.642578 0.574219 0.652344 0.617188 0.662109 0.664062 0.691406 0.726562 0.697266 0.728516 0.679688 0.738281 0.666016 0.744141 0.628906 0.740234 0.566406 0.730469 0.554688 0.722656 0.517578 0.707031 0.492188
0 0.232422 0.539062 0.230469 0.541016 0.224609 0.541016 0.222656 0.542969 0.220703 0.542969 0.216797 0.546875 0.216797 0.548828 0.214844 0.550781 0.214844 0.556641 0.212891 0.558594 0.214844 0.560547 0.214844 0.566406 0.216797 0.568359 0.216797 0.570312 0.220703 0.574219 0.222656 0.574219 0.224609 0.576172 0.230469 0.576172 0.232422 0.578125 0.234375 0.576172 0.240234 0.576172 0.242188 0.574219 0.244141 0.574219 0.248047 0.570312 0.248047 0.568359 0.250000 0.566406 0.250000 0.560547 0.251953 0.558594 0.250000 0.556641 0.250000 0.550781 0.248047 0.548828 0.248047 0.546875 0.244141 0.542969 0.242188 0.542969 0.240234 0.541016 0.234375 0.541016
0 0.771484 0.628906 0.773438 0.654297 0.787109 0.669922 0.798828 0.675781 0.820312 0.677734 0.839844 0.693359 0.861328 0.697266 0.890625 0.695312 0.923828 0.673828 0.943359 0.656250 0.943359 0.636719 0.937500 0.626953 0.906250 0.601562 0.892578 0.597656 0.861328 0.599609 0.841797 0.589844 0.826172 0.589844 0.800781 0.609375 0.779297 0.619141
0 0.167969 0.847656 0.156250 0.851562 0.150391 0.859375 0.140625 0.888672 0.142578 0.900391 0.134766 0.912109 0.121094 0.957031 0.123047 0.958984 0.119141 0.970703 0.121094 0.984375 0.126953 0.992188 0.138672 0.996094 0.150391 0.992188 0.156250 0.984375 0.160156 0.970703 0.158203 0.966797 0.160156 0.957031 0.167969 0.941406 0.171875 0.919922 0.177734 0.912109 0.179688 0.904297 0.177734 0.896484 0.187500 0.871094 0.183594 0.855469
1 0.197266 0.000000 0.064453 0.001953 0.060547 0.283203 0.000000 0.605469 0.000000 0.998047 0.070312 0.984375 0.070312 0.916016 0.091797 0.894531 0.082031 0.863281 0.105469 0.730469 0.128906 0.701172 0.125000 0.650391 0.154297 0.564453 0.158203 0.400391 0.179688 0.388672 0.191406 0.326172 0.177734 0.306641 0.197266 0.287109 0.179688 0.236328 0.181641 0.160156 0.205078 0.109375
2 0.613281 0.160156 0.591797 0.224609 0.591797 0.242188 0.597656 0.246094 0.609375 0.246094 0.630859 0.251953 0.667969 0.267578 0.683594 0.267578 0.683594 0.240234 0.687500 0.226562 0.685547 0.201172 0.691406 0.195312 0.699219 0.193359 0.701172 0.187500 0.683594 0.177734 0.673828 0.177734 0.642578 0.169922 0.621094 0.160156
2 0.326172 0.185547 0.310547 0.228516 0.306641 0.283203 0.634766 0.380859 0.642578 0.376953 0.652344 0.339844 0.666016 0.324219 0.669922 0.285156 0.619141 0.263672 0.566406 0.253906 0.576172 0.220703 0.564453 0.212891 0.425781 0.175781 0.410156 0.177734 0.400391 0.205078
2 0.269531 0.291016 0.269531 0.300781 0.261719 0.326172 0.253906 0.337891 0.253906 0.347656 0.271484 0.361328 0.287109 0.367188 0.320312 0.373047 0.341797 0.373047 0.343750 0.367188 0.335938 0.357422 0.337891 0.335938 0.347656 0.320312 0.347656 0.310547 0.345703 0.308594 0.312500 0.304688 0.285156 0.292969
2 0.871094 0.494141 0.865234 0.505859 0.865234 0.513672 0.875000 0.521484 0.904297 0.525391 0.908203 0.529297 0.904297 0.552734 0.908203 0.556641 0.951172 0.564453 0.998047 0.578125 0.998047 0.507812 0.966797 0.509766 0.947266 0.492188 0.892578 0.484375 0.882812 0.492188
2 0.273438 0.603516 0.269531 0.625000 0.251953 0.660156 0.251953 0.691406 0.261719 0.695312 0.291016 0.699219 0.314453 0.707031 0.324219 0.707031 0.328125 0.701172 0.332031 0.666016 0.341797 0.630859 0.341797 0.611328 0.326172 0.605469
2 0.464844 0.638672 0.462891 0.652344 0.458984 0.660156 0.458984 0.671875 0.457031 0.673828 0.457031 0.707031 0.474609 0.708984 0.476562 0.710938 0.492188 0.710938 0.501953 0.714844 0.513672 0.714844 0.515625 0.701172 0.521484 0.689453 0.523438 0.677734 0.527344 0.669922 0.529297 0.652344 0.496094 0.640625 0.476562 0.638672 0.474609 0.636719
2 0.332031 0.705078 0.330078 0.746094 0.333984 0.753906 0.339844 0.751953 0.357422 0.759766 0.396484 0.765625 0.445312 0.781250 0.503906 0.789062 0.515625 0.769531 0.517578 0.734375 0.509766 0.726562 0.476562 0.722656 0.455078 0.712891 0.392578 0.708984 0.345703 0.691406 0.339844 0.693359
2 0.193359 0.736328 0.185547 0.753906 0.183594 0.773438 0.191406 0.779297 0.214844 0.785156 0.181641 0.787109 0.177734 0.791016 0.173828 0.826172 0.218750 0.837891 0.267578 0.845703 0.277344 0.843750 0.287109 0.808594 0.277344 0.798828 0.285156 0.792969 0.289062 0.781250 0.289062 0.753906 0.281250 0.748047 0.263672 0.748047 0.242188 0.742188 0.234375 0.732422
2 0.957031 0.787109 0.953125 0.794922 0.945312 0.796875 0.939453 0.804688 0.927734 0.943359 0.931641 0.951172 0.998047 0.958984 0.998047 0.798828 0.988281 0.789062
3 0.392578 0.000000 0.386719 0.013672 0.386719 0.035156 0.378906 0.054688 0.378906 0.076172 0.462891 0.101562 0.500000 0.117188 0.529297 0.121094 0.535156 0.115234 0.539062 0.099609 0.554688 0.076172 0.556641 0.054688 0.568359 0.031250 0.570312 0.013672 0.564453 0.009766 0.527344 0.013672 0.503906 0.007812 0.494141 0.000000
3 0.578125 0.000000 0.574219 0.029297 0.566406 0.044922 0.560547 0.082031 0.554688 0.093750 0.552734 0.113281 0.556641 0.123047 0.574219 0.130859 0.601562 0.134766 0.625000 0.152344 0.671875 0.160156 0.699219 0.078125 0.699219 0.048828 0.685547 0.042969 0.693359 0.035156 0.685547 0.023438 0.685547 0.001953
4 0.269531 0.085938 0.267578 0.158203 0.275391 0.164062 0.333984 0.175781 0.390625 0.197266 0.410156 0.173828 0.425781 0.171875 0.507812 0.195312 0.523438 0.193359 0.527344 0.199219 0.527344 0.150391 0.464844 0.126953 0.408203 0.117188 0.380859 0.103516 0.335938 0.093750 0.285156 0.093750
4 0.250000 0.378906 0.251953 0.431641 0.244141 0.466797 0.273438 0.468750 0.308594 0.488281 0.363281 0.486328 0.412109 0.503906 0.494141 0.505859 0.500000 0.500000 0.496094 0.453125 0.501953 0.445312 0.462891 0.417969 0.423828 0.408203 0.400391 0.386719 0.322266 0.382812 0.275391 0.369141 0.255859 0.371094
4 0.517578 0.437500 0.513672 0.443359 0.515625 0.455078 0.505859 0.496094 0.505859 0.513672 0.525391 0.523438 0.531250 0.531250 0.531250 0.539062 0.539062 0.542969 0.552734 0.542969 0.568359 0.548828 0.580078 0.546875 0.585938 0.550781 0.595703 0.548828 0.609375 0.552734 0.611328 0.546875 0.617188 0.548828 0.623047 0.537109 0.623047 0.527344 0.628906 0.519531 0.628906 0.509766 0.634766 0.501953 0.617188 0.494141 0.621094 0.484375 0.615234 0.480469 0.615234 0.468750 0.607422 0.464844 0.613281 0.462891 0.607422 0.457031 0.617188 0.451172 0.582031 0.439453
4 0.730469 0.517578 0.730469 0.535156 0.738281 0.537109 0.738281 0.548828 0.744141 0.554688 0.746094 0.568359 0.806641 0.568359 0.804688 0.542969 0.794922 0.541016 0.791016 0.537109 0.792969 0.533203 0.841797 0.539062 0.841797 0.529297 0.837891 0.525391 0.841797 0.519531 0.833984 0.511719 0.818359 0.513672 0.806641 0.509766 0.802734 0.505859 0.802734 0.490234 0.753906 0.490234 0.744141 0.496094 0.744141 0.509766 0.738281 0.513672 0.742188 0.523438 0.734375 0.527344
4 0.824219 0.556641 0.824219 0.558594 0.826172 0.558594 0.826172 0.556641
4 0.767578 0.726562 0.759766 0.792969 0.748047 0.820312 0.746094 0.929688 0.759766 0.939453 0.847656 0.955078 0.910156 0.951172 0.927734 0.900391 0.933594 0.798828 0.953125 0.783203 0.994141 0.783203 0.998047 0.777344 0.978516 0.763672 0.908203 0.748047 0.892578 0.738281 0.847656 0.742188
4 0.146484 0.998047 0.298828 0.998047 0.312500 0.990234 0.328125 0.968750 0.373047 0.968750 0.382812 0.955078 0.384766 0.912109 0.335938 0.902344 0.279297 0.908203 0.263672 0.900391 0.187500 0.894531 0.171875 0.927734 0.158203 0.984375
5 0.251953 0.000000 0.216797 0.009766 0.226562 0.105469 0.199219 0.316406 0.207031 0.447266 0.082031 0.998047 0.119141 0.994141 0.244141 0.458984 0.238281 0.308594 0.263672 0.113281
6 0.732422 0.000000 0.763672 0.050781 0.726562 0.265625 0.751953 0.294922 0.724609 0.335938 0.746094 0.390625 0.792969 0.398438 0.818359 0.425781 0.851562 0.419922 0.882812 0.435547 0.929688 0.429688 0.941406 0.392578 0.921875 0.257812 0.943359 0.226562 0.916016 0.201172 0.937500 0.125000 0.925781 0.003906
