0 0.650391 0.242188 0.644531 0.224609 0.619141 0.210938 0.601562 0.216797 0.572266 0.248047 0.566406 0.263672 0.527344 0.228516 0.500000 0.218750 0.437500 0.218750 0.421875 0.230469 0.416016 0.248047 0.429688 0.273438 0.458984 0.283203 0.458984 0.306641 0.474609 0.326172 0.505859 0.335938 0.529297 0.363281 0.556641 0.369141 0.583984 0.359375 0.617188 0.330078 0.623047 0.291016 0.644531 0.269531
0 0.199219 0.349609 0.177734 0.328125 0.166016 0.322266 0.146484 0.322266 0.125000 0.341797 0.121094 0.365234 0.099609 0.380859 0.080078 0.369141 0.048828 0.363281 0.027344 0.369141 0.015625 0.384766 0.013672 0.402344 0.000000 0.408203 0.000000 0.458984 0.023438 0.464844 0.050781 0.453125 0.056641 0.466797 0.072266 0.478516 0.083984 0.480469 0.101562 0.474609 0.142578 0.437500 0.158203 0.404297 0.169922 0.406250 0.201172 0.380859 0.205078 0.367188
0 0.701172 0.326172 0.681641 0.328125 0.646484 0.363281 0.626953 0.404297 0.578125 0.410156 0.562500 0.423828 0.562500 0.443359 0.597656 0.501953 0.550781 0.537109 0.546875 0.556641 0.554688 0.572266 0.605469 0.597656 0.750000 0.595703 0.796875 0.587891 0.816406 0.572266 0.806641 0.546875 0.701172 0.535156 0.703125 0.492188 0.685547 0.474609 0.675781 0.437500 0.683594 0.406250 0.708984 0.378906 0.712891 0.343750
0 0.791016 0.347656 0.787109 0.343750 0.777344 0.341797 0.775391 0.339844 0.763672 0.339844 0.761719 0.341797 0.751953 0.343750 0.738281 0.359375 0.722656 0.371094 0.720703 0.380859 0.718750 0.382812 0.720703 0.384766 0.722656 0.394531 0.726562 0.398438 0.736328 0.400391 0.738281 0.402344 0.742188 0.400391 0.750000 0.400391 0.751953 0.402344 0.755859 0.402344 0.757812 0.400391 0.761719 0.402344 0.763672 0.400391 0.765625 0.402344 0.769531 0.402344 0.785156 0.396484 0.789062 0.392578 0.794922 0.376953 0.794922 0.359375 0.792969 0.357422
0 0.003906 0.511719 0.000000 0.632812 0.015625 0.656250 0.048828 0.662109 0.078125 0.652344 0.085938 0.671875 0.103516 0.685547 0.132812 0.685547 0.156250 0.671875 0.205078 0.693359 0.232422 0.687500 0.275391 0.656250 0.281250 0.638672 0.267578 0.613281 0.238281 0.609375 0.207031 0.626953 0.197266 0.621094 0.183594 0.593750 0.158203 0.587891 0.150391 0.564453 0.138672 0.552734 0.097656 0.533203 0.072266 0.529297 0.039062 0.500000 0.019531 0.500000
0 0.062500 0.685547 0.052734 0.685547 0.050781 0.683594 0.048828 0.683594 0.046875 0.685547 0.042969 0.685547 0.041016 0.687500 0.035156 0.689453 0.029297 0.697266 0.029297 0.701172 0.027344 0.703125 0.027344 0.712891 0.029297 0.714844 0.029297 0.722656 0.031250 0.724609 0.031250 0.728516 0.039062 0.738281 0.042969 0.738281 0.044922 0.740234 0.046875 0.740234 0.048828 0.738281 0.054688 0.738281 0.064453 0.730469 0.064453 0.728516 0.068359 0.722656 0.068359 0.716797 0.070312 0.714844 0.070312 0.703125 0.072266 0.701172 0.072266 0.693359 0.066406 0.687500 0.064453 0.687500
1 0.056641 0.857422 0.052734 0.857422 0.041016 0.851562 0.025391 0.851562 0.015625 0.857422 0.009766 0.871094 0.000000 0.882812 0.000000 0.943359 0.003906 0.945312 0.025391 0.943359 0.046875 0.916016 0.050781 0.902344 0.064453 0.878906 0.064453 0.867188
2 0.769531 0.042969 0.767578 0.044922 0.767578 0.052734 0.765625 0.054688 0.765625 0.060547 0.763672 0.062500 0.763672 0.068359 0.761719 0.070312 0.761719 0.076172 0.759766 0.078125 0.759766 0.080078 0.761719 0.082031 0.763672 0.082031 0.765625 0.083984 0.769531 0.083984 0.771484 0.085938 0.781250 0.085938 0.783203 0.083984 0.783203 0.072266 0.785156 0.070312 0.785156 0.062500 0.787109 0.060547 0.787109 0.054688 0.789062 0.052734 0.789062 0.046875 0.787109 0.044922 0.783203 0.044922 0.781250 0.042969
2 0.404297 0.085938 0.394531 0.119141 0.394531 0.144531 0.398438 0.150391 0.421875 0.152344 0.433594 0.148438 0.439453 0.160156 0.453125 0.164062 0.480469 0.160156 0.494141 0.167969 0.517578 0.166016 0.521484 0.150391 0.521484 0.125000 0.517578 0.119141 0.519531 0.103516 0.500000 0.103516 0.500000 0.109375 0.503906 0.103516 0.513672 0.107422 0.515625 0.115234 0.501953 0.117188 0.480469 0.128906 0.474609 0.136719 0.470703 0.132812 0.441406 0.132812 0.439453 0.126953 0.447266 0.089844 0.443359 0.085938 0.417969 0.082031
2 0.197266 0.099609 0.193359 0.117188 0.193359 0.162109 0.218750 0.166016 0.263672 0.166016 0.265625 0.167969 0.318359 0.166016 0.318359 0.158203 0.302734 0.142578 0.296875 0.130859 0.296875 0.113281 0.292969 0.103516 0.253906 0.097656 0.199219 0.097656
2 0.490234 0.105469 0.490234 0.107422 0.494141 0.107422 0.494141 0.105469
2 0.605469 0.109375 0.572266 0.107422 0.566406 0.111328 0.556641 0.175781 0.546875 0.203125 0.541016 0.234375 0.542969 0.244141 0.562500 0.257812 0.566406 0.257812 0.570312 0.248047 0.601562 0.214844 0.619141 0.208984 0.630859 0.212891 0.632812 0.187500 0.615234 0.167969 0.609375 0.154297 0.613281 0.115234
2 0.017578 0.144531 0.015625 0.150391 0.017578 0.187500 0.019531 0.191406 0.042969 0.203125 0.136719 0.210938 0.146484 0.205078 0.150391 0.156250 0.144531 0.148438 0.132812 0.144531 0.107422 0.142578
2 0.773438 0.140625 0.769531 0.144531 0.769531 0.150391 0.767578 0.152344 0.767578 0.158203 0.765625 0.160156 0.765625 0.177734 0.763672 0.179688 0.763672 0.187500 0.769531 0.191406 0.789062 0.191406 0.789062 0.185547 0.791016 0.183594 0.791016 0.175781 0.792969 0.173828 0.792969 0.166016 0.796875 0.162109 0.796875 0.152344 0.798828 0.150391 0.798828 0.148438 0.794922 0.144531 0.791016 0.144531 0.789062 0.142578 0.777344 0.142578 0.775391 0.140625
2 0.871094 0.146484 0.867188 0.152344 0.857422 0.160156 0.855469 0.164062 0.855469 0.171875 0.853516 0.173828 0.855469 0.175781 0.855469 0.179688 0.853516 0.181641 0.855469 0.183594 0.853516 0.185547 0.853516 0.195312 0.851562 0.197266 0.855469 0.201172 0.859375 0.201172 0.861328 0.203125 0.876953 0.203125 0.878906 0.205078 0.906250 0.205078 0.910156 0.201172 0.912109 0.183594 0.906250 0.171875 0.898438 0.167969 0.894531 0.146484 0.890625 0.144531
2 0.945312 0.154297 0.943359 0.156250 0.943359 0.158203 0.941406 0.160156 0.941406 0.171875 0.943359 0.173828 0.945312 0.173828 0.947266 0.175781 0.958984 0.175781 0.960938 0.173828 0.960938 0.158203 0.958984 0.156250 0.953125 0.156250 0.951172 0.154297
2 0.394531 0.251953 0.386719 0.257812 0.380859 0.269531 0.369141 0.279297 0.365234 0.302734 0.406250 0.310547 0.394531 0.314453 0.386719 0.337891 0.386719 0.355469 0.404297 0.361328 0.419922 0.361328 0.421875 0.339844 0.427734 0.324219 0.425781 0.316406 0.445312 0.312500 0.447266 0.281250 0.429688 0.275391 0.419922 0.265625 0.414062 0.265625 0.402344 0.251953
2 0.878906 0.289062 0.878906 0.291016 0.876953 0.292969 0.876953 0.310547 0.878906 0.312500 0.904297 0.312500 0.906250 0.310547 0.908203 0.310547 0.908203 0.308594 0.910156 0.306641 0.910156 0.287109 0.908203 0.285156 0.886719 0.285156 0.884766 0.287109 0.880859 0.287109
2 0.953125 0.304688 0.951172 0.306641 0.951172 0.310547 0.949219 0.312500 0.949219 0.318359 0.947266 0.320312 0.947266 0.333984 0.945312 0.335938 0.947266 0.337891 0.947266 0.339844 0.949219 0.339844 0.951172 0.341797 0.970703 0.341797 0.970703 0.333984 0.974609 0.330078 0.982422 0.330078 0.984375 0.328125 0.984375 0.326172 0.986328 0.324219 0.986328 0.310547 0.980469 0.310547 0.978516 0.308594 0.968750 0.308594 0.966797 0.306641 0.957031 0.306641 0.955078 0.304688
2 0.826172 0.328125 0.824219 0.330078 0.822266 0.330078 0.820312 0.332031 0.820312 0.335938 0.818359 0.337891 0.818359 0.347656 0.816406 0.349609 0.816406 0.357422 0.818359 0.359375 0.837891 0.359375 0.839844 0.357422 0.839844 0.347656 0.841797 0.345703 0.841797 0.330078 0.839844 0.330078 0.837891 0.328125
2 0.894531 0.343750 0.894531 0.355469 0.896484 0.357422 0.896484 0.361328 0.898438 0.363281 0.908203 0.363281 0.910156 0.365234 0.919922 0.365234 0.921875 0.363281 0.921875 0.355469 0.923828 0.353516 0.923828 0.343750 0.921875 0.341797 0.896484 0.341797
2 0.941406 0.349609 0.941406 0.351562 0.939453 0.353516 0.939453 0.357422 0.937500 0.359375 0.937500 0.371094 0.939453 0.373047 0.951172 0.373047 0.953125 0.375000 0.972656 0.375000 0.974609 0.376953 0.982422 0.376953 0.984375 0.375000 0.984375 0.353516 0.982422 0.351562 0.980469 0.351562 0.978516 0.349609 0.964844 0.349609 0.962891 0.347656 0.951172 0.347656 0.949219 0.345703 0.947266 0.345703
2 0.816406 0.376953 0.816406 0.392578 0.822266 0.394531 0.837891 0.394531 0.839844 0.392578 0.841797 0.396484 0.837891 0.400391 0.812500 0.398438 0.810547 0.414062 0.814453 0.417969 0.830078 0.419922 0.832031 0.421875 0.839844 0.419922 0.847656 0.423828 0.873047 0.423828 0.875000 0.425781 0.880859 0.423828 0.882812 0.419922 0.880859 0.408203 0.869141 0.396484 0.861328 0.394531 0.855469 0.388672 0.847656 0.388672 0.845703 0.386719 0.853516 0.384766 0.855469 0.378906 0.824219 0.375000 0.822266 0.373047
2 0.931641 0.414062 0.931641 0.433594 0.933594 0.433594 0.939453 0.437500 0.943359 0.437500 0.945312 0.439453 0.960938 0.439453 0.960938 0.437500 0.962891 0.435547 0.962891 0.431641 0.964844 0.429688 0.964844 0.423828 0.966797 0.421875 0.966797 0.417969 0.964844 0.416016 0.960938 0.416016 0.958984 0.414062
2 0.412109 0.437500 0.408203 0.443359 0.408203 0.449219 0.402344 0.457031 0.402344 0.462891 0.406250 0.470703 0.402344 0.484375 0.402344 0.503906 0.400391 0.505859 0.400391 0.523438 0.398438 0.525391 0.402344 0.535156 0.417969 0.535156 0.433594 0.541016 0.445312 0.541016 0.447266 0.539062 0.447266 0.521484 0.443359 0.509766 0.457031 0.488281 0.460938 0.472656 0.458984 0.462891 0.460938 0.460938 0.460938 0.447266 0.457031 0.443359
2 0.363281 0.484375 0.361328 0.486328 0.361328 0.490234 0.359375 0.492188 0.359375 0.503906 0.357422 0.505859 0.357422 0.519531 0.361328 0.523438 0.378906 0.523438 0.380859 0.525391 0.386719 0.525391 0.388672 0.523438 0.390625 0.523438 0.392578 0.521484 0.392578 0.515625 0.394531 0.513672 0.394531 0.507812 0.396484 0.505859 0.396484 0.494141 0.390625 0.488281 0.388672 0.488281 0.386719 0.486328 0.376953 0.486328 0.375000 0.484375
2 0.546875 0.619141 0.544922 0.634766 0.552734 0.638672 0.582031 0.640625 0.583984 0.642578 0.595703 0.642578 0.597656 0.644531 0.619141 0.644531 0.621094 0.642578 0.619141 0.626953 0.617188 0.625000 0.617188 0.607422 0.615234 0.605469 0.597656 0.605469 0.595703 0.603516 0.583984 0.601562 0.582031 0.599609 0.574219 0.599609 0.572266 0.601562 0.566406 0.601562 0.562500 0.599609 0.558594 0.601562
2 0.347656 0.623047 0.341797 0.632812 0.341797 0.638672 0.335938 0.648438 0.335938 0.654297 0.333984 0.658203 0.341797 0.660156 0.343750 0.662109 0.347656 0.662109 0.359375 0.667969 0.369141 0.667969 0.371094 0.669922 0.388672 0.669922 0.388672 0.664062 0.390625 0.662109 0.390625 0.652344 0.392578 0.650391 0.392578 0.646484 0.396484 0.638672 0.396484 0.632812 0.390625 0.628906 0.380859 0.628906 0.378906 0.626953 0.375000 0.626953 0.367188 0.623047 0.361328 0.623047 0.359375 0.621094 0.351562 0.621094
2 0.179688 0.742188 0.175781 0.744141 0.164062 0.757812 0.162109 0.761719 0.162109 0.767578 0.160156 0.769531 0.160156 0.781250 0.162109 0.785156 0.166016 0.787109 0.173828 0.796875 0.177734 0.798828 0.193359 0.798828 0.195312 0.796875 0.203125 0.794922 0.203125 0.792969 0.207031 0.789062 0.208984 0.781250 0.216797 0.767578 0.216797 0.755859 0.208984 0.751953 0.201172 0.751953 0.195312 0.748047 0.191406 0.748047
2 0.378906 0.742188 0.373047 0.748047 0.373047 0.751953 0.371094 0.753906 0.371094 0.769531 0.375000 0.773438 0.376953 0.773438 0.380859 0.777344 0.382812 0.777344 0.388672 0.783203 0.390625 0.783203 0.392578 0.785156 0.396484 0.785156 0.398438 0.783203 0.404297 0.781250 0.406250 0.779297 0.410156 0.769531 0.416016 0.763672 0.417969 0.763672 0.417969 0.759766 0.408203 0.750000 0.406250 0.750000 0.402344 0.746094 0.400391 0.746094 0.398438 0.744141 0.394531 0.744141 0.392578 0.742188
2 0.525391 0.835938 0.523438 0.839844 0.523438 0.849609 0.525391 0.851562 0.525391 0.871094 0.527344 0.873047 0.537109 0.873047 0.539062 0.875000 0.554688 0.875000 0.556641 0.876953 0.572266 0.876953 0.574219 0.873047 0.574219 0.853516 0.576172 0.851562 0.576172 0.843750 0.566406 0.832031 0.554688 0.832031 0.552734 0.833984 0.548828 0.832031 0.533203 0.832031
2 0.310547 0.837891 0.304688 0.843750 0.304688 0.847656 0.300781 0.851562 0.300781 0.855469 0.296875 0.863281 0.296875 0.871094 0.292969 0.876953 0.296875 0.888672 0.306641 0.896484 0.310547 0.896484 0.318359 0.900391 0.326172 0.900391 0.328125 0.902344 0.341797 0.902344 0.343750 0.898438 0.343750 0.871094 0.345703 0.869141 0.345703 0.851562 0.347656 0.847656 0.345703 0.843750 0.341797 0.841797 0.330078 0.841797 0.328125 0.839844 0.316406 0.839844 0.314453 0.837891
2 0.511719 0.837891 0.509766 0.839844 0.509766 0.845703 0.507812 0.847656 0.507812 0.851562 0.509766 0.853516 0.507812 0.855469 0.509766 0.857422 0.511719 0.855469 0.513672 0.855469 0.517578 0.859375 0.517578 0.861328 0.515625 0.863281 0.515625 0.865234 0.517578 0.867188 0.517578 0.873047 0.521484 0.873047 0.521484 0.871094 0.519531 0.869141 0.519531 0.867188 0.521484 0.865234 0.521484 0.861328 0.515625 0.855469 0.515625 0.853516 0.517578 0.851562 0.519531 0.851562 0.519531 0.849609 0.517578 0.849609 0.513672 0.845703 0.513672 0.837891
2 0.521484 0.878906 0.523438 0.880859 0.529297 0.880859 0.531250 0.882812 0.533203 0.882812 0.535156 0.880859 0.539062 0.880859 0.537109 0.878906 0.535156 0.878906 0.533203 0.876953 0.527344 0.876953 0.525391 0.878906
2 0.578125 0.884766 0.576172 0.886719 0.570312 0.880859 0.562500 0.880859 0.558594 0.884766 0.546875 0.882812 0.548828 0.890625 0.542969 0.894531 0.505859 0.894531 0.503906 0.919922 0.496094 0.931641 0.496094 0.939453 0.484375 0.953125 0.478516 0.998047 0.560547 0.998047 0.564453 0.966797 0.568359 0.958984 0.562500 0.947266 0.572266 0.906250 0.568359 0.890625 0.576172 0.886719 0.578125 0.888672
2 0.416016 0.910156 0.414062 0.914062 0.414062 0.921875 0.412109 0.923828 0.412109 0.943359 0.414062 0.945312 0.414062 0.951172 0.423828 0.962891 0.423828 0.964844 0.427734 0.964844 0.431641 0.968750 0.431641 0.972656 0.435547 0.976562 0.449219 0.978516 0.451172 0.966797 0.457031 0.953125 0.457031 0.947266 0.458984 0.945312 0.458984 0.937500 0.460938 0.935547 0.462891 0.923828 0.458984 0.919922 0.458984 0.917969 0.453125 0.916016 0.449219 0.912109 0.443359 0.912109 0.441406 0.910156 0.425781 0.910156 0.423828 0.908203
4 0.847656 0.578125 0.675781 0.597656 0.660156 0.609375 0.660156 0.705078 0.679688 0.734375 0.630859 0.771484 0.607422 0.822266 0.585938 0.945312 0.589844 0.998047 0.998047 0.998047 0.998047 0.755859 0.832031 0.755859 0.859375 0.699219 0.861328 0.603516
5 0.126953 0.039062 0.380859 0.080078 0.326172 0.476562 0.167969 0.910156 0.199219 0.880859 0.363281 0.998047 0.208984 0.871094 0.330078 0.539062 0.509766 0.578125 0.474609 0.998047 0.527344 0.578125 0.332031 0.525391 0.402344 0.083984 0.841797 0.132812 0.800781 0.408203 0.855469 0.134766 0.998047 0.130859
5 0.337891 0.990234 0.335938 0.990234 0.333984 0.988281 0.332031 0.990234 0.330078 0.990234 0.330078 0.992188 0.328125 0.994141 0.330078 0.996094 0.330078 0.998047 0.337891 0.998047 0.337891 0.996094 0.339844 0.994141 0.337891 0.992188
