0 0.654297 0.000000 0.525391 0.000000 0.531250 0.093750 0.496094 0.123047 0.574219 0.376953 0.539062 0.318359 0.330078 0.277344 0.300781 0.328125 0.375000 0.447266 0.318359 0.466797 0.318359 0.501953 0.183594 0.478516 0.113281 0.503906 0.121094 0.560547 0.164062 0.572266 0.207031 0.650391 0.191406 0.689453 0.257812 0.691406 0.259766 0.990234 0.371094 0.939453 0.337891 0.859375 0.361328 0.794922 0.480469 0.800781 0.546875 0.761719 0.552734 0.716797 0.619141 0.707031 0.597656 0.648438 0.642578 0.515625 0.632812 0.435547 0.587891 0.410156 0.761719 0.419922 0.751953 0.460938 0.785156 0.476562 0.845703 0.455078 0.832031 0.408203 0.775391 0.402344 0.777344 0.322266 0.693359 0.292969
0 0.998047 0.208984 0.951172 0.212891 0.923828 0.236328 0.925781 0.250000 0.914062 0.263672 0.898438 0.269531 0.875000 0.289062 0.865234 0.308594 0.841797 0.316406 0.833984 0.365234 0.843750 0.404297 0.859375 0.410156 0.882812 0.404297 0.923828 0.404297 0.929688 0.378906 0.976562 0.339844 0.998047 0.328125
0 0.000000 0.248047 0.000000 0.289062 0.007812 0.294922 0.017578 0.296875 0.023438 0.302734 0.027344 0.318359 0.039062 0.333984 0.113281 0.335938 0.117188 0.324219 0.115234 0.263672 0.103516 0.248047 0.080078 0.242188 0.052734 0.242188 0.023438 0.255859
0 0.125000 0.626953 0.126953 0.628906 0.126953 0.638672 0.125000 0.640625 0.125000 0.644531 0.126953 0.646484 0.126953 0.654297 0.123047 0.658203 0.123047 0.660156 0.125000 0.662109 0.125000 0.669922 0.123047 0.671875 0.125000 0.673828 0.128906 0.673828 0.130859 0.671875 0.130859 0.626953
0 0.136719 0.640625 0.136719 0.648438 0.138672 0.650391 0.136719 0.652344 0.136719 0.660156 0.138672 0.662109 0.138672 0.667969 0.140625 0.666016 0.144531 0.666016 0.142578 0.666016 0.138672 0.662109 0.138672 0.660156 0.140625 0.658203 0.150391 0.658203 0.154297 0.662109 0.156250 0.660156 0.158203 0.660156 0.160156 0.662109 0.162109 0.662109 0.164062 0.660156 0.169922 0.662109 0.173828 0.658203 0.175781 0.660156 0.177734 0.658203 0.175781 0.656250 0.173828 0.658203 0.171875 0.656250 0.162109 0.656250 0.160156 0.654297 0.158203 0.656250 0.154297 0.652344 0.154297 0.648438 0.152344 0.648438 0.152344 0.654297 0.150391 0.656250 0.148438 0.656250 0.144531 0.652344 0.144531 0.644531 0.146484 0.642578 0.144531 0.640625
0 0.171875 0.671875 0.171875 0.673828 0.175781 0.673828 0.175781 0.671875
0 0.187500 0.689453 0.185547 0.687500 0.183594 0.687500 0.181641 0.689453 0.177734 0.689453 0.177734 0.691406 0.179688 0.689453 0.181641 0.689453 0.183594 0.691406 0.185547 0.691406
0 0.000000 0.701172 0.000000 0.796875 0.013672 0.808594 0.025391 0.814453 0.031250 0.810547 0.042969 0.810547 0.048828 0.792969 0.060547 0.783203 0.068359 0.759766 0.076172 0.751953 0.076172 0.742188 0.070312 0.736328 0.062500 0.718750 0.044922 0.705078 0.033203 0.701172
0 0.248047 0.703125 0.244141 0.703125 0.242188 0.705078 0.246094 0.708984 0.246094 0.720703 0.246094 0.708984 0.248047 0.707031
0 0.179688 0.707031 0.138672 0.710938 0.128906 0.718750 0.117188 0.740234 0.119141 0.759766 0.136719 0.783203 0.132812 0.820312 0.142578 0.830078 0.160156 0.835938 0.171875 0.833984 0.201172 0.804688 0.212891 0.800781 0.226562 0.787109 0.230469 0.777344 0.230469 0.769531 0.226562 0.763672 0.226562 0.734375 0.222656 0.724609 0.207031 0.722656
0 0.246094 0.728516 0.246094 0.730469 0.244141 0.732422 0.238281 0.732422 0.236328 0.734375 0.234375 0.734375 0.232422 0.732422 0.232422 0.738281 0.236328 0.742188 0.236328 0.744141 0.238281 0.746094 0.236328 0.748047 0.234375 0.748047 0.232422 0.750000 0.232422 0.753906 0.242188 0.753906 0.244141 0.751953 0.246094 0.751953 0.246094 0.742188 0.248047 0.740234 0.248047 0.732422 0.246094 0.730469
0 0.351562 0.835938 0.351562 0.837891 0.353516 0.837891 0.353516 0.835938
0 0.378906 0.869141 0.380859 0.871094 0.380859 0.869141
0 0.304688 0.980469 0.304688 0.982422 0.306641 0.984375 0.306641 0.986328 0.304688 0.988281 0.306641 0.990234 0.308594 0.988281 0.312500 0.988281 0.310547 0.986328 0.310547 0.984375 0.312500 0.982422 0.314453 0.982422 0.314453 0.980469 0.312500 0.980469 0.312500 0.982422 0.310547 0.984375 0.308594 0.984375
0 0.326172 0.986328 0.324219 0.984375 0.324219 0.986328 0.322266 0.988281 0.320312 0.988281 0.326172 0.988281
0 0.341797 0.986328 0.339844 0.986328 0.337891 0.988281 0.339844 0.986328
1 0.998047 0.406250 0.867188 0.503906 0.724609 0.642578 0.531250 0.931641 0.503906 0.998047 0.587891 0.994141 0.849609 0.691406 0.851562 0.664062 0.875000 0.664062 0.898438 0.625000 0.943359 0.597656 0.941406 0.576172 0.998047 0.527344
1 0.949219 0.580078 0.949219 0.583984 0.951172 0.583984 0.951172 0.582031
1 0.867188 0.664062 0.867188 0.666016 0.865234 0.667969 0.865234 0.669922 0.871094 0.669922 0.871094 0.666016 0.869141 0.664062
1 0.863281 0.675781 0.863281 0.677734 0.865234 0.677734 0.865234 0.675781
2 0.212891 0.326172 0.208984 0.357422 0.220703 0.382812 0.212891 0.390625 0.197266 0.392578 0.166016 0.388672 0.164062 0.437500 0.195312 0.439453 0.203125 0.451172 0.203125 0.472656 0.224609 0.494141 0.271484 0.496094 0.302734 0.490234 0.294922 0.455078 0.298828 0.451172 0.345703 0.453125 0.349609 0.394531 0.310547 0.382812 0.302734 0.343750 0.281250 0.330078
2 0.931641 0.998047 0.931641 0.994141 0.917969 0.994141 0.923828 0.990234 0.919922 0.978516 0.914062 0.980469 0.908203 0.970703 0.908203 0.933594 0.880859 0.910156 0.855469 0.910156 0.843750 0.916016 0.837891 0.929688 0.818359 0.931641 0.800781 0.939453 0.755859 0.937500 0.757812 0.947266 0.734375 0.980469 0.734375 0.994141 0.740234 0.998047
4 0.390625 0.000000 0.382812 0.041016 0.394531 0.095703 0.388672 0.296875 0.394531 0.302734 0.435547 0.298828 0.484375 0.322266 0.515625 0.320312 0.539062 0.294922 0.541016 0.271484 0.525391 0.187500 0.498047 0.164062 0.490234 0.125000 0.501953 0.107422 0.523438 0.095703 0.519531 0.003906
4 0.666016 0.000000 0.679688 0.138672 0.697266 0.195312 0.693359 0.255859 0.703125 0.292969 0.810547 0.312500 0.849609 0.306641 0.908203 0.259766 0.916016 0.236328 0.945312 0.210938 0.998047 0.203125 0.998047 0.000000
