1 0.998047 0.183594 0.474609 0.183594 0.337891 0.240234 0.326172 0.279297 0.265625 0.292969 0.330078 0.304688 0.253906 0.308594 0.197266 0.349609 0.183594 0.406250 0.105469 0.445312 0.119141 0.476562 0.029297 0.480469 0.189453 0.484375 0.228516 0.439453 0.208984 0.435547 0.273438 0.392578 0.285156 0.339844 0.382812 0.347656 0.474609 0.289062 0.464844 0.271484 0.994141 0.267578
1 0.207031 0.339844 0.207031 0.341797 0.212891 0.341797 0.212891 0.339844
1 0.830078 0.382812 0.841797 0.523438 0.878906 0.529297 0.998047 0.484375 0.998047 0.378906 0.845703 0.378906
1 0.250000 0.421875 0.250000 0.423828 0.251953 0.423828 0.251953 0.421875
1 0.111328 0.501953 0.107422 0.494141 0.103516 0.494141 0.101562 0.492188 0.076172 0.492188 0.072266 0.490234 0.070312 0.492188 0.037109 0.494141 0.033203 0.496094 0.035156 0.500000 0.027344 0.509766 0.027344 0.521484 0.035156 0.529297 0.039062 0.529297 0.041016 0.527344 0.054688 0.529297 0.056641 0.527344 0.087891 0.527344 0.089844 0.525391 0.101562 0.525391 0.111328 0.517578 0.107422 0.513672 0.107422 0.509766
2 0.603516 0.390625 0.609375 0.408203 0.613281 0.412109 0.621094 0.414062 0.617188 0.417969 0.626953 0.453125 0.630859 0.455078 0.646484 0.449219 0.685547 0.441406 0.703125 0.423828 0.703125 0.410156 0.699219 0.404297 0.691406 0.400391 0.673828 0.404297 0.650391 0.404297 0.648438 0.402344 0.648438 0.388672 0.638672 0.382812 0.613281 0.382812
2 0.671875 0.468750 0.671875 0.484375 0.675781 0.492188 0.679688 0.494141 0.699219 0.494141 0.701172 0.496094 0.699219 0.498047 0.687500 0.498047 0.685547 0.501953 0.685547 0.517578 0.689453 0.529297 0.703125 0.529297 0.714844 0.523438 0.742188 0.525391 0.744141 0.511719 0.740234 0.500000 0.730469 0.496094 0.722656 0.496094 0.718750 0.492188 0.705078 0.494141 0.703125 0.492188 0.701172 0.468750 0.697266 0.466797
2 0.677734 0.533203 0.667969 0.533203 0.666016 0.535156 0.644531 0.535156 0.642578 0.537109 0.640625 0.537109 0.640625 0.539062 0.638672 0.541016 0.638672 0.560547 0.636719 0.562500 0.636719 0.574219 0.640625 0.578125 0.644531 0.578125 0.646484 0.580078 0.656250 0.580078 0.656250 0.576172 0.662109 0.568359 0.667969 0.568359 0.669922 0.566406 0.679688 0.566406 0.679688 0.564453 0.681641 0.562500 0.679688 0.560547 0.679688 0.535156
2 0.730469 0.550781 0.728516 0.550781 0.726562 0.548828 0.720703 0.548828 0.718750 0.546875 0.712891 0.546875 0.710938 0.544922 0.707031 0.544922 0.705078 0.546875 0.689453 0.546875 0.687500 0.548828 0.687500 0.568359 0.689453 0.570312 0.689453 0.574219 0.693359 0.578125 0.699219 0.578125 0.701172 0.576172 0.708984 0.576172 0.710938 0.574219 0.714844 0.574219 0.716797 0.572266 0.720703 0.572266 0.722656 0.570312 0.726562 0.570312 0.728516 0.568359 0.730469 0.568359 0.730469 0.566406 0.732422 0.564453 0.732422 0.558594 0.730469 0.556641
2 0.611328 0.582031 0.611328 0.583984 0.609375 0.585938 0.609375 0.589844 0.607422 0.591797 0.607422 0.603516 0.605469 0.605469 0.605469 0.609375 0.607422 0.611328 0.607422 0.613281 0.609375 0.613281 0.611328 0.615234 0.615234 0.615234 0.617188 0.617188 0.626953 0.617188 0.628906 0.615234 0.628906 0.603516 0.630859 0.601562 0.630859 0.583984 0.623047 0.583984 0.621094 0.582031
2 0.748047 0.587891 0.738281 0.587891 0.736328 0.589844 0.732422 0.589844 0.730469 0.591797 0.724609 0.591797 0.722656 0.593750 0.722656 0.603516 0.724609 0.605469 0.724609 0.619141 0.726562 0.621094 0.746094 0.621094 0.748047 0.619141 0.751953 0.619141 0.753906 0.617188 0.753906 0.607422 0.751953 0.605469 0.751953 0.591797
2 0.923828 0.607422 0.923828 0.656250 0.925781 0.658203 0.925781 0.671875 0.931641 0.675781 0.955078 0.675781 0.958984 0.671875 0.970703 0.671875 0.972656 0.669922 0.974609 0.671875 0.998047 0.671875 0.998047 0.605469 0.996094 0.603516 0.984375 0.601562 0.976562 0.603516 0.974609 0.607422 0.968750 0.609375 0.958984 0.609375 0.953125 0.603516 0.947266 0.601562 0.933594 0.601562
2 0.675781 0.625000 0.675781 0.662109 0.697266 0.662109 0.699219 0.660156 0.699219 0.656250 0.697266 0.654297 0.697266 0.632812 0.695312 0.630859 0.695312 0.628906 0.693359 0.628906 0.691406 0.626953 0.687500 0.626953 0.685547 0.625000
2 0.849609 0.636719 0.849609 0.664062 0.851562 0.666016 0.886719 0.666016 0.888672 0.664062 0.888672 0.636719 0.886719 0.634766 0.861328 0.634766 0.859375 0.636719
2 0.712891 0.636719 0.712891 0.660156 0.714844 0.662109 0.714844 0.664062 0.716797 0.664062 0.718750 0.666016 0.742188 0.666016 0.742188 0.664062 0.744141 0.662109 0.744141 0.652344 0.742188 0.650391 0.742188 0.648438 0.732422 0.638672 0.730469 0.638672 0.728516 0.636719
2 0.974609 0.742188 0.943359 0.732422 0.919922 0.734375 0.919922 0.683594 0.888672 0.683594 0.878906 0.720703 0.875000 0.699219 0.843750 0.697266 0.822266 0.703125 0.826172 0.742188 0.921875 0.740234 0.917969 0.757812 0.910156 0.748047 0.849609 0.750000 0.845703 0.773438 0.826172 0.771484 0.828125 0.808594 0.833984 0.814453 0.886719 0.820312 0.898438 0.792969 0.912109 0.785156 0.917969 0.794922 0.949219 0.802734 0.968750 0.785156
2 0.671875 0.695312 0.671875 0.722656 0.673828 0.724609 0.675781 0.724609 0.677734 0.726562 0.703125 0.726562 0.705078 0.724609 0.705078 0.718750 0.703125 0.716797 0.703125 0.712891 0.705078 0.710938 0.705078 0.707031 0.707031 0.705078 0.707031 0.701172 0.708984 0.699219 0.707031 0.697266 0.707031 0.695312
2 0.460938 0.705078 0.449219 0.707031 0.445312 0.716797 0.435547 0.720703 0.429688 0.726562 0.431641 0.734375 0.429688 0.740234 0.425781 0.734375 0.419922 0.734375 0.414062 0.726562 0.396484 0.726562 0.394531 0.738281 0.380859 0.742188 0.380859 0.763672 0.396484 0.765625 0.402344 0.777344 0.423828 0.775391 0.427734 0.763672 0.431641 0.759766 0.431641 0.748047 0.429688 0.746094 0.431641 0.738281 0.437500 0.744141 0.462891 0.742188 0.464844 0.740234 0.464844 0.718750
2 0.658203 0.783203 0.660156 0.802734 0.666016 0.810547 0.685547 0.810547 0.687500 0.812500 0.703125 0.812500 0.705078 0.814453 0.716797 0.814453 0.718750 0.816406 0.730469 0.816406 0.732422 0.814453 0.755859 0.816406 0.757812 0.812500 0.757812 0.785156 0.755859 0.781250 0.701172 0.781250 0.699219 0.783203 0.660156 0.781250
2 0.222656 0.787109 0.214844 0.787109 0.210938 0.789062 0.201172 0.798828 0.201172 0.800781 0.189453 0.810547 0.189453 0.835938 0.197266 0.857422 0.203125 0.861328 0.216797 0.861328 0.220703 0.857422 0.234375 0.851562 0.240234 0.843750 0.251953 0.839844 0.261719 0.828125 0.259766 0.826172 0.257812 0.814453 0.251953 0.806641 0.238281 0.794922
2 0.623047 0.818359 0.621094 0.822266 0.621094 0.865234 0.623047 0.869141 0.626953 0.871094 0.636719 0.871094 0.638672 0.873047 0.669922 0.873047 0.671875 0.871094 0.683594 0.871094 0.685547 0.869141 0.685547 0.830078 0.683594 0.828125 0.683594 0.822266 0.679688 0.818359 0.671875 0.818359 0.669922 0.816406 0.626953 0.816406
2 0.486328 0.828125 0.486328 0.839844 0.488281 0.841797 0.486328 0.843750 0.486328 0.853516 0.488281 0.855469 0.488281 0.861328 0.519531 0.863281 0.521484 0.865234 0.521484 0.880859 0.525391 0.884766 0.541016 0.884766 0.562500 0.869141 0.562500 0.843750 0.558594 0.837891 0.552734 0.835938 0.529297 0.835938 0.525391 0.849609 0.523438 0.847656 0.523438 0.828125 0.521484 0.826172 0.500000 0.824219
2 0.847656 0.845703 0.847656 0.855469 0.845703 0.857422 0.845703 0.871094 0.847656 0.875000 0.859375 0.876953 0.880859 0.884766 0.916016 0.888672 0.917969 0.890625 0.947266 0.892578 0.951172 0.888672 0.951172 0.869141 0.949219 0.863281 0.943359 0.859375 0.927734 0.857422 0.914062 0.851562 0.896484 0.849609 0.888672 0.845703 0.880859 0.845703 0.863281 0.839844 0.851562 0.839844
2 0.685547 0.880859 0.691406 0.902344 0.697266 0.908203 0.701172 0.917969 0.712891 0.917969 0.714844 0.919922 0.738281 0.917969 0.742188 0.921875 0.750000 0.923828 0.771484 0.923828 0.773438 0.921875 0.767578 0.880859 0.759766 0.875000 0.740234 0.878906 0.740234 0.916016 0.738281 0.917969 0.736328 0.916016 0.736328 0.876953 0.730469 0.875000 0.689453 0.876953
2 0.191406 0.882812 0.185547 0.882812 0.183594 0.884766 0.162109 0.890625 0.164062 0.935547 0.167969 0.941406 0.167969 0.945312 0.175781 0.964844 0.205078 0.958984 0.210938 0.955078 0.210938 0.949219 0.208984 0.947266 0.208984 0.943359 0.205078 0.935547 0.205078 0.927734 0.203125 0.925781 0.203125 0.914062 0.197266 0.898438 0.197266 0.886719
2 0.367188 0.896484 0.361328 0.894531 0.359375 0.896484 0.349609 0.896484 0.347656 0.898438 0.322266 0.898438 0.314453 0.904297 0.314453 0.925781 0.316406 0.927734 0.316406 0.937500 0.318359 0.939453 0.318359 0.964844 0.322266 0.966797 0.345703 0.966797 0.347656 0.964844 0.349609 0.951172 0.355469 0.947266 0.355469 0.923828 0.359375 0.919922 0.371094 0.917969 0.373047 0.914062 0.373047 0.904297
4 0.564453 0.376953 0.511719 0.408203 0.494141 0.416016 0.486328 0.416016 0.505859 0.453125 0.511719 0.455078 0.521484 0.466797 0.537109 0.470703 0.552734 0.482422 0.556641 0.490234 0.564453 0.494141 0.574219 0.494141 0.576172 0.470703 0.564453 0.439453 0.566406 0.410156 0.578125 0.394531 0.591797 0.386719 0.587891 0.380859 0.580078 0.376953
5 0.998047 0.296875 0.794922 0.285156 0.781250 0.310547 0.746094 0.263672 0.617188 0.275391 0.060547 0.685547 0.000000 0.792969 0.490234 0.371094 0.623047 0.296875 0.736328 0.285156 0.765625 0.337891 0.794922 0.992188 0.841797 0.998047 0.816406 0.593750 0.996094 0.525391 0.822266 0.550781 0.802734 0.359375 0.992188 0.345703
