0 0.500000 0.136719 0.480469 0.203125 0.490234 0.263672 0.464844 0.281250 0.480469 0.314453 0.773438 0.355469 0.964844 0.398438 0.980469 0.386719 0.990234 0.335938 0.980469 0.294922 0.998047 0.292969 0.998047 0.191406 0.787109 0.169922 0.669922 0.171875 0.583984 0.136719
0 0.421875 0.197266 0.382812 0.166016 0.386719 0.173828 0.371094 0.185547 0.306641 0.181641 0.285156 0.158203 0.265625 0.154297 0.236328 0.169922 0.224609 0.193359 0.207031 0.183594 0.173828 0.189453 0.146484 0.181641 0.117188 0.224609 0.099609 0.214844 0.113281 0.197266 0.078125 0.195312 0.062500 0.179688 0.005859 0.167969 0.000000 0.246094 0.078125 0.263672 0.103516 0.250000 0.166016 0.267578 0.283203 0.263672 0.296875 0.287109 0.337891 0.291016 0.355469 0.251953 0.369141 0.289062 0.400391 0.292969 0.412109 0.273438
0 0.611328 0.527344 0.611328 0.529297 0.621094 0.529297 0.621094 0.527344
0 0.623047 0.544922 0.623047 0.541016 0.621094 0.541016 0.619141 0.542969 0.615234 0.542969 0.617188 0.544922
0 0.628906 0.542969 0.628906 0.544922 0.630859 0.544922 0.630859 0.542969
0 0.628906 0.550781 0.628906 0.552734 0.630859 0.552734 0.630859 0.550781
0 0.832031 0.691406 0.804688 0.658203 0.812500 0.654297 0.738281 0.662109 0.738281 0.625000 0.724609 0.632812 0.689453 0.591797 0.650391 0.589844 0.630859 0.556641 0.632812 0.572266 0.609375 0.580078 0.603516 0.595703 0.542969 0.574219 0.511719 0.576172 0.503906 0.589844 0.498047 0.574219 0.484375 0.580078 0.480469 0.560547 0.470703 0.580078 0.464844 0.560547 0.455078 0.580078 0.449219 0.564453 0.439453 0.580078 0.431641 0.568359 0.410156 0.640625 0.410156 0.697266 0.441406 0.714844 0.441406 0.730469 0.429688 0.710938 0.396484 0.724609 0.406250 0.740234 0.656250 0.777344 0.683594 0.802734 0.716797 0.804688 0.781250 0.777344 0.791016 0.740234 0.830078 0.718750
0 0.496094 0.564453 0.496094 0.568359 0.498047 0.568359 0.498047 0.566406
0 0.582031 0.580078 0.582031 0.582031 0.583984 0.582031
0 0.384766 0.712891 0.384766 0.724609 0.386719 0.726562 0.388672 0.726562 0.392578 0.722656 0.388672 0.718750 0.388672 0.716797
1 0.072266 0.570312 0.070312 0.593750 0.080078 0.613281 0.130859 0.625000 0.154297 0.638672 0.193359 0.650391 0.205078 0.650391 0.228516 0.638672 0.230469 0.630859 0.214844 0.597656 0.218750 0.587891 0.216797 0.570312 0.199219 0.558594 0.142578 0.541016 0.115234 0.541016 0.085938 0.552734
1 0.841797 0.714844 0.832031 0.720703 0.832031 0.732422 0.873047 0.746094 0.873047 0.783203 0.863281 0.832031 0.855469 0.839844 0.822266 0.833984 0.794922 0.822266 0.783203 0.812500 0.787109 0.791016 0.781250 0.781250 0.763672 0.787109 0.751953 0.824219 0.757812 0.833984 0.771484 0.833984 0.814453 0.855469 0.861328 0.861328 0.880859 0.847656 0.886719 0.833984 0.896484 0.742188 0.878906 0.720703
1 0.156250 0.773438 0.156250 0.787109 0.177734 0.810547 0.226562 0.833984 0.322266 0.859375 0.333984 0.857422 0.345703 0.849609 0.345703 0.820312 0.332031 0.810547 0.287109 0.794922 0.248047 0.789062 0.189453 0.767578 0.166016 0.767578
1 0.376953 0.861328 0.384766 0.875000 0.404297 0.876953 0.439453 0.900391 0.470703 0.902344 0.498047 0.912109 0.511719 0.910156 0.541016 0.923828 0.566406 0.919922 0.578125 0.902344 0.576172 0.892578 0.558594 0.878906 0.531250 0.871094 0.513672 0.873047 0.421875 0.843750 0.410156 0.845703 0.396484 0.835938 0.386719 0.841797
1 0.791016 0.888672 0.785156 0.894531 0.769531 0.939453 0.765625 0.958984 0.767578 0.972656 0.804688 0.980469 0.826172 0.988281 0.861328 0.990234 0.867188 0.974609 0.867188 0.958984 0.871094 0.943359 0.871094 0.917969 0.867188 0.908203 0.847656 0.904297 0.820312 0.890625
2 0.724609 0.023438 0.708984 0.023438 0.705078 0.027344 0.699219 0.066406 0.681641 0.101562 0.681641 0.111328 0.683594 0.113281 0.681641 0.128906 0.689453 0.134766 0.699219 0.134766 0.710938 0.138672 0.716797 0.138672 0.718750 0.134766 0.718750 0.111328 0.724609 0.099609 0.724609 0.087891 0.728516 0.076172 0.730469 0.056641 0.736328 0.048828 0.740234 0.037109 0.740234 0.029297 0.736328 0.025391 0.726562 0.025391
2 0.646484 0.031250 0.644531 0.033203 0.642578 0.060547 0.638672 0.070312 0.638672 0.080078 0.636719 0.082031 0.632812 0.109375 0.636719 0.113281 0.642578 0.113281 0.644531 0.115234 0.660156 0.119141 0.667969 0.109375 0.669922 0.093750 0.671875 0.091797 0.671875 0.085938 0.673828 0.083984 0.673828 0.078125 0.675781 0.076172 0.675781 0.070312 0.677734 0.068359 0.677734 0.062500 0.681641 0.052734 0.681641 0.037109 0.673828 0.033203
2 0.800781 0.035156 0.794922 0.041016 0.785156 0.138672 0.779297 0.152344 0.781250 0.158203 0.787109 0.162109 0.847656 0.167969 0.851562 0.164062 0.851562 0.144531 0.867188 0.062500 0.867188 0.046875 0.861328 0.042969 0.828125 0.035156
2 0.000000 0.349609 0.000000 0.416016 0.019531 0.421875 0.000000 0.445312 0.000000 0.482422 0.031250 0.488281 0.019531 0.500000 0.076172 0.490234 0.095703 0.472656 0.093750 0.437500 0.046875 0.423828 0.271484 0.458984 0.242188 0.462891 0.210938 0.496094 0.228516 0.531250 0.279297 0.544922 0.294922 0.527344 0.302734 0.486328 0.292969 0.468750 0.271484 0.462891 0.332031 0.462891 0.332031 0.390625 0.310547 0.406250 0.259766 0.388672 0.156250 0.378906 0.162109 0.361328 0.148438 0.361328 0.134766 0.380859 0.123047 0.367188
2 0.556641 0.369141 0.544922 0.380859 0.552734 0.406250 0.544922 0.425781 0.482422 0.414062 0.484375 0.458984 0.466797 0.486328 0.572266 0.505859 0.546875 0.509766 0.544922 0.578125 0.603516 0.593750 0.609375 0.578125 0.630859 0.570312 0.628906 0.523438 0.583984 0.511719 0.660156 0.523438 0.652344 0.527344 0.658203 0.531250 0.705078 0.525391 0.718750 0.460938 0.703125 0.445312 0.667969 0.437500 0.673828 0.408203 0.683594 0.404297 0.671875 0.388672 0.636719 0.392578
2 0.783203 0.501953 0.783203 0.503906 0.785156 0.505859 0.787109 0.505859 0.789062 0.507812 0.796875 0.507812 0.798828 0.509766 0.824219 0.509766 0.826172 0.511719 0.833984 0.511719 0.833984 0.503906 0.835938 0.501953 0.835938 0.498047 0.830078 0.494141 0.824219 0.494141 0.822266 0.492188 0.791016 0.492188 0.785156 0.498047 0.785156 0.500000
2 0.048828 0.498047 0.056641 0.498047 0.058594 0.496094 0.050781 0.496094
2 0.855469 0.501953 0.855469 0.505859 0.853516 0.507812 0.855469 0.509766 0.855469 0.513672 0.859375 0.517578 0.863281 0.517578 0.865234 0.519531 0.867188 0.517578 0.871094 0.517578 0.873047 0.519531 0.876953 0.519531 0.882812 0.525391 0.886719 0.525391 0.888672 0.527344 0.890625 0.525391 0.894531 0.525391 0.898438 0.521484 0.898438 0.517578 0.900391 0.515625 0.898438 0.513672 0.898438 0.509766 0.894531 0.505859 0.890625 0.505859 0.884766 0.500000 0.880859 0.500000 0.878906 0.498047 0.876953 0.500000 0.873047 0.500000 0.871094 0.498047 0.867188 0.498047 0.865234 0.496094 0.863281 0.498047 0.859375 0.498047
2 0.042969 0.503906 0.048828 0.503906 0.050781 0.505859 0.054688 0.505859 0.052734 0.503906
2 0.138672 0.646484 0.138672 0.666016 0.140625 0.667969 0.177734 0.671875 0.179688 0.673828 0.205078 0.677734 0.228516 0.685547 0.240234 0.685547 0.242188 0.677734 0.250000 0.666016 0.250000 0.654297 0.248047 0.652344 0.244141 0.654297 0.207031 0.654297 0.205078 0.652344 0.193359 0.652344 0.183594 0.648438 0.160156 0.646484 0.148438 0.642578 0.142578 0.642578
5 0.000000 0.250000 0.000000 0.273438 0.986328 0.443359 0.900391 0.998047 0.925781 0.996094 0.998047 0.423828 0.453125 0.316406 0.505859 0.007812 0.427734 0.314453
