0 0.773438 0.447266 0.763672 0.439453 0.724609 0.427734 0.708984 0.427734 0.689453 0.439453 0.660156 0.437500 0.654297 0.443359 0.644531 0.441406 0.638672 0.451172 0.638672 0.484375 0.642578 0.490234 0.666016 0.492188 0.683594 0.498047 0.693359 0.498047 0.693359 0.494141 0.701172 0.490234 0.707031 0.494141 0.707031 0.498047 0.707031 0.492188 0.710938 0.488281 0.728516 0.484375 0.740234 0.476562 0.751953 0.462891 0.769531 0.457031 0.773438 0.453125
0 0.441406 0.498047 0.441406 0.515625 0.449219 0.525391 0.453125 0.525391 0.462891 0.533203 0.470703 0.537109 0.474609 0.537109 0.476562 0.539062 0.496094 0.539062 0.500000 0.537109 0.500000 0.533203 0.503906 0.525391 0.503906 0.519531 0.505859 0.517578 0.505859 0.509766 0.507812 0.507812 0.503906 0.501953 0.498047 0.501953 0.482422 0.492188 0.445312 0.492188
0 0.689453 0.503906 0.689453 0.505859 0.691406 0.507812 0.691406 0.509766 0.693359 0.509766 0.693359 0.505859 0.691406 0.503906
0 0.707031 0.503906 0.703125 0.507812 0.707031 0.507812
0 0.669922 0.582031 0.666016 0.597656 0.667969 0.599609 0.667969 0.607422 0.669922 0.609375 0.669922 0.613281 0.675781 0.621094 0.679688 0.623047 0.691406 0.623047 0.701172 0.619141 0.730469 0.617188 0.730469 0.607422 0.732422 0.605469 0.732422 0.585938 0.730469 0.582031 0.728516 0.582031 0.720703 0.574219 0.720703 0.570312 0.714844 0.564453 0.697266 0.564453 0.687500 0.570312 0.683594 0.570312 0.675781 0.574219 0.675781 0.576172
0 0.859375 0.603516 0.857422 0.601562 0.857422 0.599609 0.843750 0.587891 0.841797 0.587891 0.839844 0.585938 0.835938 0.585938 0.833984 0.583984 0.828125 0.583984 0.828125 0.585938 0.826172 0.587891 0.824219 0.587891 0.822266 0.589844 0.816406 0.589844 0.814453 0.591797 0.808594 0.593750 0.804688 0.597656 0.798828 0.599609 0.794922 0.603516 0.794922 0.613281 0.798828 0.617188 0.804688 0.617188 0.806641 0.619141 0.841797 0.619141 0.843750 0.617188 0.853516 0.617188 0.855469 0.615234 0.857422 0.615234 0.857422 0.607422 0.859375 0.605469
0 0.458984 0.603516 0.458984 0.613281 0.460938 0.615234 0.460938 0.619141 0.462891 0.621094 0.462891 0.623047 0.470703 0.628906 0.474609 0.628906 0.476562 0.630859 0.480469 0.630859 0.482422 0.632812 0.494141 0.632812 0.496094 0.630859 0.503906 0.630859 0.507812 0.626953 0.507812 0.601562 0.505859 0.599609 0.505859 0.589844 0.501953 0.585938 0.480469 0.585938 0.478516 0.587891 0.472656 0.589844
0 0.916016 0.601562 0.916016 0.611328 0.917969 0.615234 0.925781 0.623047 0.933594 0.626953 0.939453 0.626953 0.941406 0.625000 0.947266 0.625000 0.949219 0.623047 0.970703 0.623047 0.974609 0.621094 0.974609 0.619141 0.980469 0.613281 0.982422 0.613281 0.982422 0.601562 0.970703 0.601562 0.968750 0.599609 0.958984 0.599609 0.957031 0.597656 0.951172 0.597656 0.949219 0.595703 0.941406 0.595703 0.939453 0.593750 0.927734 0.593750 0.925781 0.591797 0.923828 0.593750 0.919922 0.593750
0 0.642578 0.685547 0.634766 0.671875 0.611328 0.669922 0.599609 0.654297 0.601562 0.642578 0.591797 0.636719 0.429688 0.644531 0.408203 0.656250 0.382812 0.656250 0.384766 0.667969 0.378906 0.671875 0.382812 0.689453 0.396484 0.693359 0.406250 0.712891 0.404297 0.740234 0.431641 0.744141 0.441406 0.759766 0.451172 0.761719 0.466797 0.755859 0.466797 0.746094 0.476562 0.742188 0.490234 0.746094 0.509766 0.738281 0.531250 0.744141 0.591797 0.732422 0.601562 0.726562 0.603516 0.710938 0.632812 0.707031
0 0.363281 0.654297 0.363281 0.666016 0.365234 0.667969 0.361328 0.679688 0.363281 0.683594 0.355469 0.687500 0.343750 0.687500 0.343750 0.701172 0.345703 0.701172 0.345703 0.691406 0.347656 0.689453 0.355469 0.689453 0.359375 0.691406 0.369141 0.701172 0.367188 0.703125 0.369141 0.705078 0.369141 0.726562 0.373047 0.726562 0.375000 0.720703 0.373047 0.718750 0.373047 0.712891 0.375000 0.710938 0.373047 0.708984 0.375000 0.707031 0.373047 0.701172 0.375000 0.695312 0.373047 0.691406 0.375000 0.689453 0.373047 0.685547 0.369141 0.687500 0.365234 0.685547 0.365234 0.675781 0.369141 0.673828 0.371094 0.677734 0.373047 0.677734 0.375000 0.673828 0.373047 0.669922 0.375000 0.666016 0.373047 0.660156 0.375000 0.658203
0 0.000000 0.865234 0.000000 0.998047 0.480469 0.998047 0.513672 0.976562 0.507812 0.929688 0.457031 0.921875 0.417969 0.898438 0.400391 0.906250 0.394531 0.931641 0.328125 0.933594 0.316406 0.910156 0.236328 0.919922 0.224609 0.908203 0.210938 0.847656 0.193359 0.837891 0.126953 0.835938 0.091797 0.851562
0 0.585938 0.837891 0.583984 0.839844 0.583984 0.851562 0.576172 0.861328 0.576172 0.869141 0.582031 0.873047 0.599609 0.873047 0.601562 0.875000 0.603516 0.875000 0.605469 0.873047 0.615234 0.873047 0.617188 0.871094 0.617188 0.867188 0.619141 0.865234 0.619141 0.847656 0.617188 0.845703 0.617188 0.841797 0.615234 0.839844 0.611328 0.839844 0.609375 0.837891 0.605469 0.837891 0.603516 0.835938 0.593750 0.835938 0.591797 0.837891
2 0.587891 0.412109 0.562500 0.410156 0.560547 0.445312 0.552734 0.433594 0.529297 0.431641 0.515625 0.437500 0.515625 0.474609 0.521484 0.490234 0.513672 0.498047 0.507812 0.521484 0.511719 0.548828 0.576172 0.552734 0.582031 0.548828 0.582031 0.523438 0.609375 0.529297 0.634766 0.527344 0.638672 0.496094 0.632812 0.478516 0.601562 0.478516 0.580078 0.498047 0.529297 0.490234 0.560547 0.478516 0.564453 0.447266 0.589844 0.447266 0.593750 0.416016
2 0.201172 0.494141 0.201172 0.570312 0.203125 0.582031 0.214844 0.599609 0.269531 0.601562 0.335938 0.597656 0.333984 0.546875 0.324219 0.533203 0.328125 0.501953 0.324219 0.492188
2 0.998047 0.554688 0.992188 0.552734 0.990234 0.554688 0.962891 0.554688 0.960938 0.556641 0.941406 0.556641 0.939453 0.558594 0.929688 0.558594 0.921875 0.568359 0.921875 0.587891 0.925781 0.589844 0.931641 0.589844 0.933594 0.591797 0.955078 0.593750 0.957031 0.595703 0.998047 0.597656
2 0.740234 0.634766 0.732422 0.630859 0.728516 0.625000 0.710938 0.625000 0.693359 0.632812 0.644531 0.630859 0.640625 0.632812 0.638672 0.636719 0.638672 0.660156 0.640625 0.664062 0.650391 0.664062 0.652344 0.662109 0.667969 0.662109 0.669922 0.660156 0.675781 0.662109 0.712891 0.662109 0.714844 0.660156 0.736328 0.658203 0.740234 0.656250
2 0.769531 0.634766 0.769531 0.636719 0.767578 0.638672 0.769531 0.640625 0.769531 0.650391 0.767578 0.652344 0.767578 0.654297 0.769531 0.656250 0.769531 0.660156 0.779297 0.662109 0.787109 0.667969 0.800781 0.667969 0.802734 0.669922 0.806641 0.669922 0.808594 0.667969 0.810547 0.667969 0.812500 0.669922 0.814453 0.669922 0.814453 0.667969 0.816406 0.666016 0.812500 0.660156 0.812500 0.638672 0.810547 0.636719 0.808594 0.636719 0.806641 0.634766
2 0.769531 0.683594 0.769531 0.685547 0.767578 0.687500 0.767578 0.701172 0.773438 0.710938 0.777344 0.710938 0.779297 0.712891 0.789062 0.712891 0.791016 0.714844 0.806641 0.714844 0.806641 0.705078 0.808594 0.703125 0.808594 0.697266 0.812500 0.693359 0.812500 0.687500 0.810547 0.685547 0.808594 0.685547 0.806641 0.683594 0.800781 0.683594 0.798828 0.681641 0.773438 0.681641 0.771484 0.683594
2 0.927734 0.691406 0.927734 0.701172 0.925781 0.703125 0.925781 0.708984 0.923828 0.710938 0.923828 0.714844 0.925781 0.716797 0.929688 0.716797 0.931641 0.718750 0.941406 0.718750 0.943359 0.720703 0.968750 0.720703 0.970703 0.718750 0.976562 0.718750 0.980469 0.714844 0.980469 0.691406 0.978516 0.689453 0.964844 0.689453 0.962891 0.687500 0.953125 0.687500 0.951172 0.685547 0.933594 0.685547 0.931641 0.687500 0.929688 0.687500 0.929688 0.689453
2 0.613281 0.753906 0.613281 0.767578 0.615234 0.771484 0.619141 0.773438 0.650391 0.771484 0.652344 0.773438 0.671875 0.773438 0.673828 0.775391 0.679688 0.775391 0.681641 0.773438 0.685547 0.773438 0.689453 0.765625 0.689453 0.738281 0.683594 0.734375 0.662109 0.734375 0.660156 0.732422 0.644531 0.732422 0.642578 0.730469 0.638672 0.730469 0.636719 0.732422 0.625000 0.732422 0.621094 0.738281 0.619141 0.746094
2 0.917969 0.763672 0.916016 0.765625 0.914062 0.787109 0.912109 0.789062 0.910156 0.802734 0.906250 0.810547 0.904297 0.837891 0.933594 0.837891 0.935547 0.835938 0.941406 0.835938 0.945312 0.833984 0.945312 0.830078 0.947266 0.828125 0.947266 0.806641 0.949219 0.804688 0.951172 0.789062 0.953125 0.787109 0.953125 0.767578 0.951172 0.765625 0.937500 0.765625 0.935547 0.763672
2 0.689453 0.787109 0.689453 0.816406 0.779297 0.816406 0.781250 0.812500 0.781250 0.785156 0.777344 0.783203 0.767578 0.783203 0.755859 0.779297 0.695312 0.779297 0.691406 0.781250
2 0.113281 0.806641 0.111328 0.802734 0.103516 0.800781 0.101562 0.802734 0.093750 0.802734 0.083984 0.806641 0.076172 0.806641 0.074219 0.808594 0.052734 0.812500 0.050781 0.814453 0.050781 0.828125 0.046875 0.832031 0.027344 0.832031 0.025391 0.833984 0.019531 0.833984 0.017578 0.835938 0.017578 0.845703 0.019531 0.849609 0.033203 0.853516 0.042969 0.849609 0.085938 0.847656 0.097656 0.841797 0.107422 0.839844 0.115234 0.832031
2 0.675781 0.832031 0.675781 0.845703 0.681641 0.855469 0.710938 0.853516 0.728516 0.871094 0.777344 0.871094 0.796875 0.863281 0.822266 0.863281 0.824219 0.857422 0.824219 0.830078 0.820312 0.824219 0.814453 0.822266 0.701172 0.824219 0.677734 0.828125
2 0.582031 0.839844 0.568359 0.837891 0.521484 0.843750 0.507812 0.839844 0.427734 0.841797 0.421875 0.845703 0.419922 0.886719 0.425781 0.892578 0.451172 0.898438 0.470703 0.914062 0.529297 0.910156 0.544922 0.902344 0.544922 0.898438 0.535156 0.892578 0.542969 0.886719 0.542969 0.875000 0.554688 0.867188 0.572266 0.863281 0.582031 0.851562
2 0.955078 0.845703 0.953125 0.843750 0.929688 0.843750 0.927734 0.845703 0.914062 0.845703 0.912109 0.847656 0.886719 0.849609 0.884766 0.853516 0.884766 0.882812 0.886719 0.886719 0.894531 0.886719 0.896484 0.884766 0.900391 0.884766 0.914062 0.878906 0.951172 0.878906 0.953125 0.876953
2 0.220703 0.851562 0.220703 0.867188 0.232422 0.914062 0.283203 0.912109 0.292969 0.906250 0.306641 0.904297 0.308594 0.898438 0.320312 0.886719 0.318359 0.875000 0.308594 0.863281 0.310547 0.849609 0.306641 0.851562 0.261719 0.853516 0.255859 0.849609 0.228516 0.847656
2 0.724609 0.912109 0.722656 0.935547 0.726562 0.943359 0.746094 0.945312 0.748047 0.947266 0.787109 0.947266 0.791016 0.943359 0.789062 0.939453 0.789062 0.931641 0.791016 0.929688 0.791016 0.921875 0.789062 0.917969 0.785156 0.917969 0.783203 0.916016 0.767578 0.916016 0.765625 0.914062 0.753906 0.914062 0.751953 0.912109 0.744141 0.912109 0.742188 0.910156 0.726562 0.910156
2 0.871094 0.929688 0.871094 0.943359 0.876953 0.955078 0.876953 0.966797 0.882812 0.976562 0.894531 0.978516 0.900391 0.974609 0.923828 0.974609 0.925781 0.972656 0.935547 0.974609 0.939453 0.970703 0.951172 0.968750 0.953125 0.966797 0.953125 0.953125 0.951172 0.951172 0.949219 0.929688 0.947266 0.927734 0.931641 0.925781 0.929688 0.923828 0.888672 0.923828 0.886719 0.925781 0.876953 0.925781
2 0.732422 0.958984 0.732422 0.966797 0.734375 0.968750 0.734375 0.978516 0.736328 0.980469 0.769531 0.980469 0.771484 0.982422 0.777344 0.982422 0.779297 0.980469 0.802734 0.980469 0.804688 0.976562 0.804688 0.960938 0.802734 0.957031 0.798828 0.955078 0.781250 0.955078 0.779297 0.953125 0.751953 0.953125 0.750000 0.955078 0.736328 0.955078
2 0.960938 0.964844 0.962891 0.966797 0.964844 0.964844
2 0.933594 0.988281 0.931641 0.990234 0.931641 0.992188 0.933594 0.990234
4 0.000000 0.000000 0.000000 0.605469 0.046875 0.595703 0.044922 0.410156 0.398438 0.398438 0.408203 0.433594 0.500000 0.449219 0.560547 0.404297 0.683594 0.398438 0.779297 0.449219 0.750000 0.472656 0.769531 0.513672 0.777344 0.494141 0.816406 0.525391 0.851562 0.509766 0.921875 0.000000
4 0.988281 0.000000 0.986328 0.007812 0.990234 0.011719 0.982422 0.037109 0.976562 0.111328 0.968750 0.140625 0.968750 0.169922 0.960938 0.187500 0.960938 0.228516 0.968750 0.257812 0.994141 0.265625 0.998047 0.263672 0.998047 0.000000
4 0.970703 0.267578 0.970703 0.271484 0.972656 0.271484 0.970703 0.269531
4 0.970703 0.279297 0.962891 0.285156 0.960938 0.292969 0.957031 0.298828 0.957031 0.318359 0.958984 0.320312 0.958984 0.328125 0.962891 0.332031 0.960938 0.337891 0.964844 0.341797 0.960938 0.343750 0.962891 0.345703 0.964844 0.345703 0.964844 0.341797 0.968750 0.337891 0.970703 0.330078 0.972656 0.328125 0.978516 0.330078 0.978516 0.326172 0.982422 0.322266 0.982422 0.316406 0.984375 0.314453 0.982422 0.308594 0.988281 0.304688 0.990234 0.304688 0.992188 0.308594 0.994141 0.308594 0.998047 0.304688 0.998047 0.289062 0.986328 0.289062 0.974609 0.283203
4 0.992188 0.312500 0.992188 0.316406 0.994141 0.318359 0.992188 0.320312 0.994141 0.320312 0.994141 0.312500
4 0.966797 0.351562 0.962891 0.351562 0.962891 0.353516 0.964844 0.355469 0.966797 0.353516
4 0.492188 0.449219 0.492188 0.451172 0.494141 0.451172 0.494141 0.449219
4 0.751953 0.490234 0.750000 0.492188 0.751953 0.494141 0.753906 0.494141 0.753906 0.492188
4 0.718750 0.494141 0.720703 0.496094 0.732422 0.496094 0.736328 0.492188 0.726562 0.492188 0.724609 0.494141 0.722656 0.494141 0.720703 0.492188
4 0.751953 0.503906 0.751953 0.509766 0.753906 0.509766 0.753906 0.507812 0.751953 0.505859
4 0.601562 0.761719 0.593750 0.757812 0.576172 0.763672 0.572266 0.757812 0.582031 0.748047 0.578125 0.744141 0.550781 0.744141 0.517578 0.750000 0.482422 0.775391 0.468750 0.777344 0.433594 0.763672 0.421875 0.748047 0.402344 0.746094 0.398438 0.761719 0.380859 0.773438 0.378906 0.812500 0.386719 0.824219 0.400391 0.828125 0.419922 0.828125 0.437500 0.820312 0.470703 0.822266 0.505859 0.806641 0.562500 0.818359 0.601562 0.789062
4 0.986328 0.986328 0.986328 0.990234 0.988281 0.988281 0.992188 0.992188 0.992188 0.994141 0.994141 0.994141 0.994141 0.984375 0.992188 0.984375 0.992188 0.986328 0.990234 0.988281 0.988281 0.988281
5 0.980469 0.000000 0.925781 0.005859 0.886719 0.408203 0.863281 0.464844 0.855469 0.740234 0.822266 0.998047 0.867188 0.998047 0.863281 0.931641 0.949219 0.431641 0.951172 0.197266
