0 0.324219 0.000000 0.324219 0.001953 0.328125 0.005859 0.330078 0.005859 0.343750 0.019531 0.357422 0.019531 0.359375 0.017578 0.367188 0.017578 0.371094 0.013672 0.371094 0.011719 0.373047 0.009766 0.373047 0.000000
0 0.302734 0.033203 0.302734 0.042969 0.304688 0.044922 0.304688 0.046875 0.308594 0.050781 0.310547 0.050781 0.312500 0.048828 0.314453 0.050781 0.318359 0.050781 0.320312 0.052734 0.324219 0.052734 0.326172 0.054688 0.341797 0.054688 0.343750 0.052734 0.343750 0.050781 0.345703 0.048828 0.345703 0.044922 0.347656 0.042969 0.347656 0.033203 0.341797 0.023438 0.320312 0.023438 0.318359 0.025391 0.312500 0.025391 0.310547 0.027344 0.308594 0.027344
0 0.234375 0.060547 0.234375 0.062500 0.232422 0.064453 0.232422 0.076172 0.234375 0.078125 0.238281 0.078125 0.251953 0.091797 0.255859 0.091797 0.257812 0.093750 0.265625 0.093750 0.267578 0.091797 0.273438 0.091797 0.275391 0.089844 0.275391 0.085938 0.277344 0.083984 0.277344 0.056641 0.273438 0.056641 0.271484 0.054688 0.269531 0.054688 0.265625 0.050781 0.250000 0.050781 0.248047 0.052734 0.244141 0.052734 0.242188 0.054688 0.240234 0.054688
0 0.716797 0.103516 0.712891 0.107422 0.714844 0.109375 0.714844 0.121094 0.712891 0.123047 0.712891 0.138672 0.714844 0.142578 0.722656 0.150391 0.726562 0.150391 0.728516 0.152344 0.751953 0.152344 0.755859 0.150391 0.759766 0.142578 0.759766 0.111328 0.757812 0.107422 0.748047 0.101562 0.722656 0.101562 0.720703 0.103516
0 0.480469 0.164062 0.480469 0.167969 0.478516 0.169922 0.480469 0.171875 0.480469 0.181641 0.484375 0.185547 0.486328 0.185547 0.488281 0.187500 0.492188 0.187500 0.494141 0.189453 0.501953 0.189453 0.503906 0.187500 0.507812 0.187500 0.513672 0.183594 0.513672 0.177734 0.515625 0.175781 0.515625 0.169922 0.509766 0.164062 0.507812 0.164062 0.501953 0.160156 0.498047 0.160156 0.496094 0.158203 0.494141 0.160156 0.490234 0.160156 0.488281 0.162109 0.484375 0.162109 0.482422 0.164062
0 0.259766 0.171875 0.248047 0.177734 0.246094 0.181641 0.246094 0.207031 0.250000 0.220703 0.267578 0.222656 0.271484 0.226562 0.271484 0.242188 0.269531 0.251953 0.255859 0.273438 0.253906 0.287109 0.257812 0.294922 0.263672 0.298828 0.281250 0.300781 0.283203 0.296875 0.283203 0.228516 0.279297 0.212891 0.283203 0.208984 0.285156 0.199219 0.273438 0.171875
0 0.916016 0.179688 0.904297 0.179688 0.896484 0.183594 0.882812 0.197266 0.878906 0.197266 0.873047 0.201172 0.873047 0.216797 0.884766 0.228516 0.888672 0.228516 0.896484 0.232422 0.904297 0.232422 0.906250 0.230469 0.910156 0.230469 0.921875 0.224609 0.931641 0.214844 0.931641 0.208984 0.933594 0.207031 0.933594 0.199219 0.929688 0.191406
0 0.378906 0.279297 0.373047 0.283203 0.373047 0.306641 0.376953 0.316406 0.310547 0.351562 0.308594 0.361328 0.330078 0.376953 0.337891 0.398438 0.351562 0.410156 0.363281 0.429688 0.394531 0.435547 0.417969 0.433594 0.435547 0.423828 0.433594 0.394531 0.437500 0.382812 0.449219 0.371094 0.453125 0.335938 0.437500 0.318359 0.404297 0.314453 0.404297 0.287109
0 0.542969 0.302734 0.542969 0.312500 0.541016 0.314453 0.542969 0.318359 0.542969 0.330078 0.544922 0.332031 0.542969 0.335938 0.542969 0.345703 0.552734 0.351562 0.568359 0.351562 0.570312 0.349609 0.576172 0.349609 0.582031 0.353516 0.597656 0.353516 0.609375 0.343750 0.607422 0.310547 0.595703 0.304688 0.583984 0.302734 0.576172 0.296875 0.572266 0.296875 0.570312 0.294922 0.548828 0.294922
0 0.464844 0.314453 0.464844 0.316406 0.462891 0.318359 0.462891 0.328125 0.464844 0.330078 0.464844 0.333984 0.470703 0.343750 0.474609 0.343750 0.476562 0.345703 0.480469 0.345703 0.482422 0.347656 0.496094 0.347656 0.498047 0.345703 0.500000 0.345703 0.505859 0.339844 0.505859 0.332031 0.503906 0.330078 0.503906 0.328125 0.498047 0.322266 0.498047 0.318359 0.496094 0.316406 0.496094 0.312500 0.466797 0.312500
0 0.248047 0.330078 0.244141 0.337891 0.240234 0.339844 0.236328 0.343750 0.236328 0.345703 0.230469 0.349609 0.230469 0.359375 0.236328 0.371094 0.250000 0.384766 0.283203 0.384766 0.294922 0.369141 0.294922 0.357422 0.292969 0.355469 0.292969 0.351562 0.283203 0.341797 0.281250 0.341797 0.275391 0.335938 0.267578 0.332031 0.263672 0.332031 0.261719 0.330078
0 0.537109 0.388672 0.531250 0.388672 0.521484 0.396484 0.521484 0.416016 0.523438 0.417969 0.523438 0.427734 0.521484 0.429688 0.521484 0.447266 0.519531 0.449219 0.519531 0.462891 0.517578 0.464844 0.517578 0.470703 0.519531 0.472656 0.519531 0.478516 0.523438 0.482422 0.527344 0.482422 0.529297 0.484375 0.537109 0.482422 0.542969 0.476562 0.542969 0.470703 0.546875 0.462891 0.546875 0.435547 0.542969 0.427734 0.546875 0.421875 0.548828 0.396484 0.542969 0.390625 0.539062 0.390625
0 0.318359 0.496094 0.324219 0.503906 0.335938 0.509766 0.347656 0.511719 0.361328 0.521484 0.369141 0.521484 0.371094 0.523438 0.373047 0.521484 0.378906 0.521484 0.382812 0.519531 0.382812 0.517578 0.388672 0.511719 0.388672 0.501953 0.384766 0.494141 0.382812 0.474609 0.380859 0.470703 0.376953 0.468750 0.355469 0.468750 0.353516 0.466797 0.345703 0.466797 0.343750 0.468750 0.339844 0.468750 0.337891 0.470703 0.337891 0.484375 0.332031 0.488281 0.324219 0.490234
0 0.523438 0.490234 0.521484 0.492188 0.519531 0.492188 0.515625 0.496094 0.513672 0.496094 0.509766 0.500000 0.509766 0.513672 0.517578 0.521484 0.521484 0.521484 0.523438 0.523438 0.533203 0.523438 0.537109 0.519531 0.537109 0.513672 0.539062 0.511719 0.539062 0.505859 0.537109 0.503906 0.537109 0.496094 0.535156 0.494141 0.535156 0.492188 0.533203 0.492188 0.531250 0.490234
0 0.835938 0.501953 0.835938 0.509766 0.837891 0.511719 0.839844 0.511719 0.845703 0.515625 0.851562 0.515625 0.853516 0.517578 0.857422 0.517578 0.859375 0.519531 0.861328 0.519531 0.867188 0.523438 0.871094 0.523438 0.873047 0.525391 0.878906 0.525391 0.880859 0.523438 0.884766 0.523438 0.886719 0.521484 0.888672 0.521484 0.892578 0.515625 0.892578 0.509766 0.888672 0.503906 0.888672 0.500000 0.886719 0.498047 0.886719 0.496094 0.878906 0.490234 0.865234 0.490234 0.863281 0.492188 0.853516 0.494141 0.847656 0.498047 0.843750 0.498047 0.843750 0.500000 0.841797 0.501953
0 0.800781 0.494141 0.800781 0.498047 0.802734 0.500000 0.826172 0.500000 0.824219 0.498047 0.822266 0.498047 0.818359 0.494141 0.816406 0.494141 0.814453 0.492188 0.802734 0.492188
0 0.486328 0.539062 0.482422 0.542969 0.482422 0.554688 0.494141 0.568359 0.500000 0.583984 0.507812 0.587891 0.515625 0.597656 0.515625 0.611328 0.519531 0.619141 0.527344 0.623047 0.542969 0.623047 0.548828 0.615234 0.550781 0.603516 0.539062 0.587891 0.531250 0.562500 0.521484 0.550781 0.519531 0.541016 0.511719 0.535156 0.494141 0.535156
0 0.796875 0.578125 0.796875 0.585938 0.800781 0.589844 0.802734 0.589844 0.806641 0.585938 0.810547 0.585938 0.814453 0.582031 0.816406 0.583984 0.818359 0.583984 0.822266 0.587891 0.826172 0.587891 0.826172 0.585938 0.828125 0.583984 0.828125 0.580078 0.826172 0.578125 0.818359 0.578125 0.816406 0.580078 0.812500 0.580078 0.810547 0.578125
0 0.806641 0.593750 0.808594 0.595703 0.822266 0.595703 0.824219 0.593750
0 0.570312 0.626953 0.570312 0.634766 0.576172 0.646484 0.587891 0.650391 0.601562 0.650391 0.613281 0.644531 0.634766 0.644531 0.636719 0.646484 0.689453 0.644531 0.691406 0.646484 0.701172 0.642578 0.701172 0.634766 0.695312 0.630859 0.669922 0.625000 0.652344 0.617188 0.640625 0.617188 0.626953 0.611328 0.625000 0.613281 0.587891 0.615234 0.578125 0.619141
0 0.298828 0.638672 0.275391 0.652344 0.251953 0.679688 0.251953 0.697266 0.244141 0.710938 0.242188 0.732422 0.250000 0.750000 0.255859 0.753906 0.267578 0.753906 0.269531 0.755859 0.296875 0.753906 0.306641 0.746094 0.310547 0.738281 0.310547 0.724609 0.304688 0.707031 0.304688 0.683594 0.312500 0.662109 0.310547 0.652344 0.302734 0.640625
0 0.496094 0.658203 0.490234 0.666016 0.492188 0.716797 0.501953 0.736328 0.505859 0.738281 0.537109 0.740234 0.542969 0.724609 0.542969 0.705078 0.550781 0.697266 0.554688 0.687500 0.554688 0.673828 0.546875 0.664062 0.541016 0.664062 0.539062 0.662109 0.517578 0.662109 0.511719 0.658203
0 0.863281 0.664062 0.859375 0.660156 0.857422 0.660156 0.855469 0.658203 0.847656 0.658203 0.845703 0.660156 0.824219 0.660156 0.824219 0.669922 0.826172 0.671875 0.826172 0.673828 0.828125 0.675781 0.828125 0.677734 0.830078 0.677734 0.832031 0.679688 0.837891 0.679688 0.839844 0.681641 0.851562 0.681641 0.853516 0.679688 0.857422 0.679688 0.861328 0.675781 0.861328 0.669922 0.863281 0.667969
0 0.707031 0.673828 0.705078 0.675781 0.705078 0.679688 0.701172 0.685547 0.701172 0.695312 0.703125 0.697266 0.703125 0.701172 0.705078 0.703125 0.707031 0.708984 0.708984 0.710938 0.710938 0.710938 0.714844 0.714844 0.740234 0.714844 0.740234 0.712891 0.742188 0.710938 0.742188 0.699219 0.744141 0.697266 0.744141 0.691406 0.742188 0.689453 0.742188 0.683594 0.740234 0.681641 0.740234 0.679688 0.734375 0.675781 0.728516 0.675781 0.726562 0.673828 0.714844 0.673828 0.712891 0.671875 0.710938 0.673828
0 0.966797 0.695312 0.949219 0.707031 0.949219 0.710938 0.941406 0.726562 0.941406 0.748047 0.955078 0.759766 0.968750 0.761719 0.972656 0.765625 0.972656 0.773438 0.976562 0.781250 0.984375 0.785156 0.998047 0.787109 0.998047 0.691406 0.992188 0.691406 0.984375 0.695312
0 0.160156 0.712891 0.146484 0.720703 0.140625 0.726562 0.140625 0.732422 0.138672 0.734375 0.138672 0.759766 0.154297 0.767578 0.160156 0.773438 0.173828 0.773438 0.183594 0.765625 0.191406 0.763672 0.193359 0.759766 0.193359 0.744141 0.189453 0.736328 0.183594 0.730469 0.177734 0.728516 0.173828 0.724609 0.173828 0.716797 0.171875 0.712891
0 0.708984 0.734375 0.703125 0.740234 0.703125 0.742188 0.701172 0.744141 0.701172 0.759766 0.703125 0.761719 0.703125 0.765625 0.707031 0.771484 0.720703 0.771484 0.722656 0.769531 0.726562 0.769531 0.730469 0.765625 0.730469 0.753906 0.728516 0.751953 0.728516 0.738281 0.726562 0.736328 0.722656 0.736328 0.720703 0.734375
0 0.767578 0.744141 0.767578 0.748047 0.765625 0.750000 0.765625 0.755859 0.767578 0.757812 0.767578 0.765625 0.773438 0.771484 0.777344 0.771484 0.779297 0.773438 0.794922 0.773438 0.798828 0.769531 0.800781 0.769531 0.800781 0.753906 0.796875 0.750000 0.794922 0.750000 0.791016 0.746094 0.789062 0.746094 0.787109 0.744141 0.785156 0.744141 0.781250 0.740234 0.773438 0.740234
0 0.453125 0.750000 0.453125 0.759766 0.460938 0.763672 0.468750 0.771484 0.484375 0.777344 0.500000 0.777344 0.511719 0.783203 0.521484 0.783203 0.533203 0.787109 0.548828 0.787109 0.552734 0.783203 0.554688 0.777344 0.560547 0.773438 0.560547 0.771484 0.548828 0.761719 0.537109 0.759766 0.535156 0.757812 0.525391 0.757812 0.523438 0.755859 0.505859 0.755859 0.503906 0.753906 0.498047 0.753906 0.488281 0.750000 0.478516 0.742188 0.466797 0.742188
0 0.591797 0.787109 0.593750 0.804688 0.597656 0.808594 0.619141 0.812500 0.623047 0.816406 0.625000 0.828125 0.638672 0.841797 0.652344 0.832031 0.671875 0.830078 0.685547 0.837891 0.683594 0.841797 0.687500 0.847656 0.701172 0.849609 0.718750 0.857422 0.724609 0.857422 0.730469 0.849609 0.728516 0.835938 0.718750 0.833984 0.708984 0.826172 0.714844 0.798828 0.707031 0.792969 0.681641 0.791016 0.671875 0.794922 0.652344 0.794922 0.636719 0.783203 0.613281 0.777344 0.599609 0.779297
0 0.748047 0.779297 0.746094 0.781250 0.746094 0.783203 0.732422 0.796875 0.732422 0.800781 0.730469 0.802734 0.730469 0.810547 0.736328 0.820312 0.736328 0.824219 0.742188 0.830078 0.746094 0.830078 0.748047 0.832031 0.765625 0.832031 0.775391 0.824219 0.775391 0.820312 0.777344 0.818359 0.777344 0.812500 0.779297 0.810547 0.779297 0.804688 0.777344 0.802734 0.777344 0.800781 0.769531 0.792969 0.767578 0.787109 0.759766 0.779297
3 0.527344 0.000000 0.400391 0.000000 0.361328 0.029297 0.341797 0.058594 0.306641 0.056641 0.291016 0.062500 0.281250 0.093750 0.283203 0.169922 0.310547 0.193359 0.382812 0.195312 0.466797 0.181641 0.486328 0.154297 0.498047 0.152344 0.527344 0.166016
3 0.546875 0.000000 0.556641 0.056641 0.548828 0.064453 0.554688 0.195312 0.548828 0.275391 0.628906 0.316406 0.716797 0.298828 0.724609 0.283203 0.720703 0.269531 0.685547 0.259766 0.693359 0.203125 0.728516 0.185547 0.732422 0.160156 0.716797 0.152344 0.701172 0.119141 0.730469 0.087891 0.726562 0.078125 0.748047 0.052734 0.748047 0.000000
3 0.767578 0.000000 0.765625 0.230469 0.812500 0.242188 0.867188 0.236328 0.873047 0.230469 0.869141 0.201172 0.912109 0.175781 0.935547 0.195312 0.939453 0.232422 0.998047 0.236328 0.998047 0.025391 0.970703 0.025391 0.958984 0.000000
3 0.523438 0.199219 0.507812 0.191406 0.449219 0.210938 0.369141 0.205078 0.298828 0.210938 0.279297 0.310547 0.283203 0.337891 0.302734 0.345703 0.335938 0.324219 0.363281 0.322266 0.371094 0.306641 0.365234 0.291016 0.376953 0.273438 0.390625 0.271484 0.416016 0.287109 0.441406 0.273438 0.462891 0.271484 0.470703 0.308594 0.494141 0.308594 0.505859 0.324219 0.525391 0.322266 0.533203 0.292969 0.525391 0.273438
3 0.998047 0.244141 0.765625 0.250000 0.750000 0.458984 0.730469 0.453125 0.738281 0.322266 0.630859 0.337891 0.611328 0.359375 0.560547 0.355469 0.544922 0.388672 0.556641 0.472656 0.537109 0.533203 0.550781 0.613281 0.667969 0.607422 0.720703 0.638672 0.755859 0.466797 0.833984 0.496094 0.875000 0.484375 0.898438 0.496094 0.902344 0.458984 0.945312 0.482422 0.998047 0.384766
3 0.279297 0.386719 0.279297 0.433594 0.300781 0.474609 0.316406 0.474609 0.326172 0.464844 0.376953 0.466797 0.390625 0.492188 0.449219 0.505859 0.492188 0.501953 0.511719 0.484375 0.521484 0.388672 0.507812 0.376953 0.478516 0.369141 0.451172 0.371094 0.437500 0.388672 0.437500 0.423828 0.404297 0.437500 0.382812 0.437500 0.349609 0.423828 0.306641 0.369141 0.298828 0.367188
3 0.292969 0.517578 0.291016 0.544922 0.316406 0.580078 0.298828 0.636719 0.312500 0.652344 0.306641 0.707031 0.318359 0.722656 0.396484 0.736328 0.394531 0.701172 0.423828 0.654297 0.447266 0.667969 0.435547 0.734375 0.486328 0.740234 0.496094 0.726562 0.484375 0.650391 0.533203 0.652344 0.556641 0.673828 0.541016 0.757812 0.650391 0.791016 0.689453 0.779297 0.703125 0.736328 0.689453 0.654297 0.587891 0.652344 0.562500 0.632812 0.541016 0.634766 0.500000 0.597656 0.470703 0.517578 0.419922 0.529297 0.328125 0.509766
3 0.308594 0.791016 0.216797 0.728516 0.193359 0.732422 0.195312 0.759766 0.173828 0.775391 0.138672 0.763672 0.136719 0.732422 0.126953 0.728516 0.091797 0.744141 0.060547 0.736328 0.000000 0.740234 0.000000 0.978516 0.130859 0.978516 0.142578 0.943359 0.265625 0.935547 0.269531 0.900391 0.304688 0.880859
4 0.058594 0.015625 0.056641 0.015625 0.054688 0.017578 0.056641 0.019531 0.056641 0.023438 0.058594 0.021484 0.058594 0.019531 0.060547 0.017578
4 0.056641 0.029297 0.056641 0.037109 0.060547 0.041016 0.060547 0.031250 0.058594 0.031250
4 0.058594 0.044922 0.058594 0.052734 0.060547 0.054688 0.062500 0.052734 0.062500 0.046875 0.060547 0.044922
4 0.121094 0.046875 0.119141 0.048828 0.117188 0.048828 0.121094 0.052734 0.121094 0.056641 0.123047 0.056641 0.123047 0.054688 0.121094 0.052734 0.121094 0.050781 0.123047 0.048828
4 0.126953 0.066406 0.125000 0.064453 0.125000 0.062500 0.123047 0.062500 0.121094 0.060547 0.119141 0.062500 0.117188 0.062500 0.115234 0.064453 0.113281 0.064453 0.111328 0.062500 0.101562 0.062500 0.101562 0.064453 0.103516 0.066406 0.103516 0.068359 0.101562 0.070312 0.105469 0.074219 0.109375 0.070312 0.113281 0.070312 0.115234 0.068359 0.119141 0.068359 0.121094 0.070312 0.123047 0.070312
4 0.144531 0.066406 0.140625 0.062500 0.140625 0.064453 0.138672 0.066406 0.136719 0.066406 0.134766 0.064453 0.132812 0.064453 0.132812 0.066406 0.136719 0.066406 0.138672 0.068359 0.142578 0.068359
4 0.148438 0.062500 0.148438 0.066406 0.150391 0.066406 0.152344 0.068359 0.158203 0.068359 0.160156 0.066406 0.158203 0.064453 0.158203 0.062500 0.156250 0.062500 0.154297 0.064453 0.152344 0.064453 0.150391 0.062500
4 0.164062 0.062500 0.164062 0.064453 0.167969 0.064453 0.166016 0.062500
4 0.072266 0.078125 0.068359 0.078125 0.068359 0.082031 0.070312 0.082031 0.072266 0.080078
4 0.080078 0.078125 0.078125 0.080078 0.080078 0.082031 0.080078 0.083984
4 0.085938 0.078125 0.085938 0.080078 0.087891 0.080078 0.087891 0.078125
4 0.154297 0.085938 0.074219 0.109375 0.080078 0.218750 0.142578 0.703125 0.208984 0.722656 0.228516 0.716797 0.281250 0.638672 0.269531 0.484375 0.251953 0.449219 0.263672 0.402344 0.224609 0.361328 0.228516 0.343750 0.263672 0.316406 0.250000 0.291016 0.263672 0.226562 0.244141 0.216797 0.242188 0.181641 0.265625 0.164062 0.265625 0.142578 0.242188 0.125000 0.238281 0.087891
4 0.316406 0.753906 0.324219 0.810547 0.312500 0.890625 0.341797 0.914062 0.425781 0.927734 0.431641 0.939453 0.419922 0.998047 0.714844 0.998047 0.732422 0.955078 0.746094 0.855469 0.714844 0.882812 0.689453 0.882812 0.664062 0.845703 0.630859 0.845703 0.613281 0.818359 0.583984 0.802734 0.562500 0.804688 0.433594 0.759766
4 0.847656 0.984375 0.847656 0.986328 0.849609 0.986328 0.849609 0.984375
4 0.863281 0.984375 0.863281 0.994141 0.865234 0.994141 0.867188 0.996094 0.867188 0.998047 0.873047 0.998047 0.873047 0.994141 0.871094 0.992188 0.867188 0.992188 0.865234 0.990234 0.865234 0.984375
