1 0.285156 0.451172 0.269531 0.423828 0.216797 0.416016 0.000000 0.445312 0.000000 0.550781 0.148438 0.529297 0.283203 0.521484 0.291016 0.513672
2 0.457031 0.013672 0.451172 0.023438 0.451172 0.033203 0.462891 0.044922 0.458984 0.054688 0.458984 0.068359 0.453125 0.074219 0.439453 0.072266 0.435547 0.082031 0.439453 0.085938 0.476562 0.095703 0.546875 0.107422 0.548828 0.091797 0.544922 0.085938 0.544922 0.070312 0.550781 0.052734 0.554688 0.054688 0.554688 0.064453 0.558594 0.060547 0.562500 0.031250 0.552734 0.031250 0.519531 0.017578 0.478516 0.015625 0.468750 0.011719
2 0.998047 0.035156 0.988281 0.035156 0.986328 0.037109 0.984375 0.037109 0.976562 0.044922 0.972656 0.044922 0.966797 0.048828 0.966797 0.050781 0.962891 0.056641 0.962891 0.078125 0.964844 0.080078 0.964844 0.083984 0.966797 0.085938 0.982422 0.085938 0.984375 0.083984 0.998047 0.083984
2 0.412109 0.087891 0.371094 0.113281 0.371094 0.158203 0.355469 0.181641 0.333984 0.294922 0.343750 0.324219 0.333984 0.406250 0.371094 0.427734 0.386719 0.417969 0.390625 0.435547 0.451172 0.445312 0.468750 0.359375 0.404297 0.345703 0.402344 0.355469 0.402344 0.330078 0.431641 0.210938 0.441406 0.222656 0.427734 0.244141 0.435547 0.253906 0.429688 0.283203 0.484375 0.289062 0.496094 0.246094 0.484375 0.234375 0.494141 0.230469 0.494141 0.179688 0.509766 0.169922 0.517578 0.144531 0.464844 0.128906 0.453125 0.136719 0.435547 0.105469 0.441406 0.093750
2 0.417969 0.304688 0.417969 0.308594 0.414062 0.316406 0.414062 0.326172 0.417969 0.328125 0.429688 0.328125 0.431641 0.330078 0.439453 0.330078 0.441406 0.332031 0.447266 0.332031 0.449219 0.333984 0.457031 0.333984 0.458984 0.335938 0.472656 0.335938 0.474609 0.333984 0.474609 0.326172 0.476562 0.324219 0.476562 0.312500 0.474609 0.310547 0.466797 0.310547 0.464844 0.308594 0.455078 0.308594 0.453125 0.306641 0.447266 0.306641 0.445312 0.304688 0.441406 0.304688 0.439453 0.302734 0.431641 0.302734 0.429688 0.300781 0.421875 0.300781
2 0.478516 0.474609 0.476562 0.472656 0.451172 0.472656 0.445312 0.470703 0.443359 0.472656 0.427734 0.472656 0.417969 0.476562 0.371094 0.476562 0.369141 0.478516 0.369141 0.484375 0.371094 0.488281 0.382812 0.498047 0.412109 0.498047 0.414062 0.496094 0.435547 0.496094 0.437500 0.494141 0.476562 0.494141 0.478516 0.492188
2 0.544922 0.521484 0.542969 0.533203 0.541016 0.535156 0.541016 0.544922 0.539062 0.546875 0.539062 0.554688 0.541016 0.556641 0.546875 0.556641 0.560547 0.562500 0.572266 0.562500 0.574219 0.564453 0.585938 0.564453 0.587891 0.566406 0.607422 0.566406 0.607422 0.554688 0.609375 0.552734 0.609375 0.542969 0.611328 0.541016 0.611328 0.533203 0.607422 0.529297 0.601562 0.529297 0.599609 0.527344 0.583984 0.527344 0.582031 0.525391 0.570312 0.525391 0.568359 0.523438 0.562500 0.523438 0.554688 0.519531 0.546875 0.519531
2 0.169922 0.550781 0.169922 0.562500 0.175781 0.566406 0.181641 0.566406 0.183594 0.568359 0.187500 0.568359 0.189453 0.570312 0.201172 0.570312 0.203125 0.572266 0.205078 0.572266 0.207031 0.570312 0.216797 0.570312 0.220703 0.566406 0.220703 0.558594 0.222656 0.556641 0.222656 0.554688 0.220703 0.552734 0.220703 0.548828 0.216797 0.544922 0.187500 0.544922 0.185547 0.546875 0.175781 0.546875
2 0.341797 0.556641 0.341797 0.568359 0.343750 0.570312 0.343750 0.576172 0.347656 0.582031 0.351562 0.582031 0.353516 0.583984 0.365234 0.583984 0.367188 0.585938 0.375000 0.585938 0.376953 0.587891 0.414062 0.587891 0.419922 0.576172 0.419922 0.570312 0.421875 0.568359 0.414062 0.558594 0.406250 0.556641 0.400391 0.552734 0.386719 0.552734 0.384766 0.550781 0.351562 0.550781
2 0.078125 0.566406 0.078125 0.582031 0.080078 0.583984 0.080078 0.595703 0.082031 0.595703 0.083984 0.597656 0.087891 0.597656 0.089844 0.595703 0.113281 0.595703 0.115234 0.593750 0.115234 0.572266 0.113281 0.570312 0.113281 0.568359 0.105469 0.560547 0.085938 0.560547 0.083984 0.562500 0.082031 0.562500
2 0.322266 0.572266 0.277344 0.574219 0.275391 0.576172 0.267578 0.576172 0.263672 0.580078 0.263672 0.591797 0.265625 0.593750 0.265625 0.601562 0.269531 0.611328 0.269531 0.621094 0.273438 0.626953 0.277344 0.628906 0.300781 0.628906 0.302734 0.626953 0.312500 0.626953 0.314453 0.625000 0.316406 0.626953 0.326172 0.626953 0.330078 0.625000 0.328125 0.582031 0.326172 0.580078 0.326172 0.576172
2 0.363281 0.630859 0.363281 0.650391 0.361328 0.652344 0.361328 0.656250 0.369141 0.662109 0.375000 0.662109 0.376953 0.664062 0.390625 0.666016 0.392578 0.667969 0.396484 0.666016 0.398438 0.667969 0.412109 0.667969 0.414062 0.669922 0.441406 0.669922 0.443359 0.667969 0.443359 0.660156 0.441406 0.658203 0.441406 0.644531 0.443359 0.640625 0.427734 0.632812 0.421875 0.625000 0.416016 0.621094 0.376953 0.619141 0.369141 0.623047
2 0.232422 0.656250 0.230469 0.660156 0.230469 0.679688 0.234375 0.683594 0.234375 0.685547 0.238281 0.687500 0.240234 0.691406 0.244141 0.693359 0.255859 0.693359 0.257812 0.695312 0.283203 0.695312 0.287109 0.693359 0.289062 0.689453 0.289062 0.677734 0.291016 0.673828 0.289062 0.671875 0.289062 0.656250 0.285156 0.650391 0.273438 0.650391 0.271484 0.652344 0.269531 0.650391 0.257812 0.650391 0.255859 0.652344 0.240234 0.652344
2 0.257812 0.707031 0.257812 0.710938 0.255859 0.712891 0.255859 0.722656 0.248047 0.730469 0.248047 0.736328 0.246094 0.738281 0.246094 0.742188 0.250000 0.746094 0.261719 0.746094 0.263672 0.748047 0.271484 0.748047 0.273438 0.750000 0.283203 0.750000 0.287109 0.746094 0.287109 0.742188 0.296875 0.724609 0.296875 0.720703 0.298828 0.718750 0.298828 0.710938 0.294922 0.707031 0.285156 0.707031 0.283203 0.705078 0.261719 0.705078 0.259766 0.707031
2 0.320312 0.712891 0.281250 0.830078 0.251953 0.972656 0.263672 0.998047 0.394531 0.998047 0.410156 0.935547 0.410156 0.960938 0.460938 0.970703 0.484375 0.931641 0.505859 0.828125 0.445312 0.814453 0.427734 0.894531 0.433594 0.839844 0.423828 0.830078 0.421875 0.757812
2 0.708984 0.728516 0.705078 0.734375 0.705078 0.738281 0.707031 0.740234 0.707031 0.761719 0.710938 0.765625 0.722656 0.771484 0.730469 0.771484 0.732422 0.773438 0.738281 0.773438 0.740234 0.775391 0.750000 0.777344 0.757812 0.769531 0.757812 0.763672 0.759766 0.761719 0.759766 0.755859 0.761719 0.753906 0.761719 0.746094 0.753906 0.740234 0.750000 0.740234 0.748047 0.738281 0.744141 0.738281 0.742188 0.736328 0.738281 0.736328 0.736328 0.734375 0.732422 0.734375 0.724609 0.730469 0.716797 0.730469 0.714844 0.728516
2 0.218750 0.818359 0.193359 0.814453 0.181641 0.820312 0.177734 0.843750 0.169922 0.865234 0.166016 0.892578 0.162109 0.896484 0.142578 0.894531 0.138672 0.898438 0.134766 0.914062 0.138672 0.931641 0.191406 0.939453 0.193359 0.921875 0.201172 0.912109 0.203125 0.884766 0.210938 0.863281 0.214844 0.839844 0.220703 0.828125
2 0.587891 0.841797 0.539062 0.830078 0.533203 0.832031 0.527344 0.845703 0.517578 0.900391 0.511719 0.912109 0.511719 0.929688 0.503906 0.949219 0.505859 0.955078 0.500000 0.964844 0.505859 0.978516 0.500000 0.998047 0.552734 0.998047
2 0.644531 0.833984 0.632812 0.863281 0.632812 0.896484 0.662109 0.906250 0.632812 0.906250 0.623047 0.914062 0.613281 0.931641 0.599609 0.998047 0.693359 0.998047 0.697266 0.976562 0.693359 0.916016 0.683594 0.912109 0.693359 0.910156 0.705078 0.917969 0.736328 0.910156 0.750000 0.878906 0.748047 0.859375 0.679688 0.837891
2 0.035156 0.835938 0.019531 0.876953 0.001953 0.998047 0.091797 0.998047 0.119141 0.857422
2 0.251953 0.923828 0.251953 0.927734 0.253906 0.925781
