0 0.050781 0.000000 0.050781 0.001953 0.052734 0.001953 0.052734 0.000000
0 0.058594 0.001953 0.068359 0.001953 0.070312 0.000000 0.058594 0.000000
0 0.074219 0.000000 0.089844 0.011719 0.074219 0.048828 0.095703 0.134766 0.072266 0.173828 0.095703 0.230469 0.123047 0.250000 0.177734 0.228516 0.171875 0.171875 0.341797 0.162109 0.414062 0.130859 0.652344 0.140625 0.755859 0.162109 0.777344 0.150391 0.783203 0.121094 0.789062 0.134766 0.837891 0.123047 0.789062 0.111328 0.742188 0.125000 0.525391 0.070312 0.109375 0.021484
0 0.304688 0.000000 0.365234 0.001953 0.470703 0.027344 0.546875 0.029297 0.671875 0.062500 0.691406 0.058594 0.689453 0.048828 0.708984 0.058594 0.728516 0.046875 0.736328 0.056641 0.845703 0.074219 0.869141 0.058594 0.861328 0.039062 0.869141 0.000000
0 0.859375 0.126953 0.859375 0.134766 0.861328 0.136719 0.861328 0.138672 0.859375 0.140625 0.859375 0.146484 0.861328 0.148438 0.863281 0.148438 0.867188 0.144531 0.865234 0.142578 0.867188 0.140625 0.867188 0.134766 0.865234 0.132812 0.865234 0.130859 0.861328 0.126953
0 0.857422 0.160156 0.859375 0.160156 0.861328 0.162109 0.863281 0.162109 0.865234 0.160156 0.867188 0.160156 0.867188 0.156250 0.865234 0.154297 0.861328 0.154297 0.859375 0.156250 0.859375 0.158203
0 0.791016 0.158203 0.792969 0.158203 0.794922 0.156250 0.791016 0.156250
0 0.011719 0.242188 0.000000 0.250000 0.000000 0.710938 0.023438 0.726562 0.058594 0.699219 0.113281 0.699219 0.150391 0.728516 0.210938 0.707031 0.220703 0.681641 0.212891 0.625000 0.199219 0.632812 0.197266 0.617188 0.187500 0.621094 0.189453 0.593750 0.154297 0.589844 0.164062 0.546875 0.152344 0.496094 0.093750 0.484375 0.076172 0.460938 0.076172 0.382812 0.093750 0.347656 0.083984 0.310547 0.042969 0.250000
0 0.173828 0.302734 0.179688 0.341797 0.166016 0.410156 0.195312 0.445312 0.224609 0.455078 0.244141 0.519531 0.267578 0.531250 0.300781 0.531250 0.332031 0.552734 0.369141 0.558594 0.509766 0.523438 0.683594 0.541016 0.673828 0.494141 0.642578 0.470703 0.646484 0.392578 0.675781 0.373047 0.648438 0.345703 0.572266 0.326172 0.531250 0.337891 0.496094 0.308594 0.433594 0.333984 0.361328 0.328125 0.341797 0.310547 0.287109 0.298828
0 0.722656 0.457031 0.716797 0.482422 0.720703 0.507812 0.718750 0.554688 0.738281 0.562500 0.771484 0.560547 0.777344 0.566406 0.789062 0.562500 0.796875 0.576172 0.892578 0.578125 0.898438 0.574219 0.904297 0.548828 0.875000 0.535156 0.869141 0.455078 0.857422 0.458984 0.832031 0.458984 0.828125 0.455078 0.824219 0.460938 0.796875 0.445312 0.771484 0.457031 0.730469 0.451172
0 0.203125 0.617188 0.203125 0.619141 0.205078 0.619141 0.205078 0.617188
0 0.210938 0.617188 0.210938 0.619141 0.212891 0.619141
1 0.039062 0.865234 0.060547 0.871094 0.085938 0.841797 0.101562 0.839844 0.107422 0.876953 0.125000 0.916016 0.146484 0.919922 0.171875 0.873047 0.185547 0.828125 0.197266 0.820312 0.277344 0.818359 0.285156 0.804688 0.292969 0.808594 0.296875 0.755859 0.275391 0.750000 0.248047 0.730469 0.189453 0.720703 0.136719 0.734375 0.111328 0.707031 0.060547 0.705078 0.054688 0.773438 0.039062 0.791016 0.033203 0.816406
1 0.308594 0.765625 0.314453 0.808594 0.433594 0.886719 0.476562 0.900391 0.515625 0.939453 0.736328 0.986328 0.882812 0.992188 0.892578 0.916016 0.779297 0.898438 0.730469 0.916016 0.693359 0.890625 0.550781 0.867188 0.542969 0.888672 0.523438 0.855469 0.470703 0.843750 0.324219 0.759766
1 0.751953 0.876953 0.751953 0.884766 0.750000 0.886719 0.751953 0.888672 0.763672 0.888672 0.763672 0.886719 0.761719 0.884766 0.759766 0.886719 0.757812 0.884766 0.757812 0.882812 0.759766 0.880859 0.755859 0.876953
1 0.767578 0.894531 0.765625 0.894531 0.765625 0.896484
5 0.089844 0.000000 0.894531 0.119141 0.880859 0.261719 0.964844 0.384766 0.896484 0.822266 0.892578 0.994141 0.929688 0.998047 0.998047 0.363281 0.917969 0.250000 0.933594 0.125000 0.998047 0.126953 0.998047 0.091797 0.935547 0.082031 0.939453 0.000000 0.904297 0.000000 0.898438 0.080078 0.349609 0.001953
6 0.281250 0.253906 0.294922 0.259766 0.285156 0.267578 0.296875 0.285156 0.373047 0.320312 0.449219 0.318359 0.480469 0.291016 0.515625 0.304688 0.548828 0.279297 0.568359 0.279297 0.576172 0.255859 0.646484 0.314453 0.777344 0.320312 0.808594 0.265625 0.804688 0.234375 0.783203 0.214844 0.783203 0.187500 0.755859 0.169922 0.619141 0.160156 0.580078 0.195312 0.564453 0.156250 0.572266 0.152344 0.542969 0.146484 0.509766 0.156250 0.392578 0.150391 0.324219 0.169922 0.306641 0.197266 0.310547 0.238281 0.300781 0.234375
6 0.578125 0.152344 0.578125 0.154297 0.580078 0.154297 0.580078 0.152344
6 0.642578 0.152344 0.644531 0.154297 0.646484 0.154297 0.644531 0.152344
6 0.578125 0.160156 0.578125 0.164062 0.580078 0.164062 0.580078 0.160156
6 0.300781 0.201172 0.298828 0.203125 0.298828 0.207031 0.300781 0.208984 0.302734 0.208984 0.302734 0.201172
6 0.339844 0.238281 0.337891 0.240234 0.339844 0.240234
6 0.316406 0.582031 0.308594 0.630859 0.324219 0.677734 0.392578 0.738281 0.433594 0.730469 0.441406 0.742188 0.466797 0.730469 0.472656 0.744141 0.486328 0.732422 0.488281 0.744141 0.544922 0.712891 0.578125 0.736328 0.597656 0.716797 0.650391 0.730469 0.654297 0.718750 0.675781 0.714844 0.693359 0.740234 0.730469 0.753906 0.767578 0.732422 0.775391 0.708984 0.769531 0.638672 0.722656 0.632812 0.722656 0.595703 0.697266 0.576172 0.605469 0.544922 0.519531 0.544922 0.509766 0.576172 0.490234 0.568359 0.501953 0.550781 0.410156 0.558594 0.392578 0.574219 0.347656 0.568359
6 0.656250 0.722656 0.656250 0.724609 0.658203 0.724609 0.658203 0.722656
6 0.453125 0.738281 0.455078 0.740234 0.455078 0.738281
6 0.710938 0.750000 0.710938 0.751953 0.714844 0.751953 0.714844 0.750000
