2 0.339844 0.341797 0.335938 0.335938 0.300781 0.337891 0.292969 0.345703 0.279297 0.349609 0.230469 0.351562 0.142578 0.369141 0.121094 0.376953 0.117188 0.386719 0.132812 0.396484 0.136719 0.419922 0.144531 0.425781 0.189453 0.419922 0.230469 0.404297 0.273438 0.398438 0.330078 0.378906 0.333984 0.375000
2 0.437500 0.341797 0.435547 0.339844 0.429688 0.339844 0.427734 0.341797 0.417969 0.341797 0.416016 0.343750 0.408203 0.343750 0.406250 0.345703 0.390625 0.345703 0.388672 0.347656 0.384766 0.347656 0.376953 0.351562 0.369141 0.351562 0.365234 0.353516 0.365234 0.357422 0.363281 0.359375 0.363281 0.363281 0.365234 0.365234 0.365234 0.373047 0.367188 0.375000 0.386719 0.375000 0.388672 0.373047 0.396484 0.373047 0.398438 0.371094 0.410156 0.369141 0.412109 0.367188 0.423828 0.365234 0.425781 0.363281 0.435547 0.363281 0.439453 0.361328
2 0.869141 0.339844 0.859375 0.339844 0.857422 0.341797 0.847656 0.341797 0.845703 0.343750 0.841797 0.343750 0.839844 0.345703 0.833984 0.347656 0.833984 0.365234 0.835938 0.367188 0.835938 0.375000 0.839844 0.378906 0.847656 0.378906 0.849609 0.376953 0.857422 0.376953 0.861328 0.373047 0.869141 0.373047 0.873047 0.369141 0.873047 0.367188 0.871094 0.365234 0.871094 0.341797
2 0.628906 0.453125 0.628906 0.464844 0.630859 0.466797 0.632812 0.488281 0.634766 0.490234 0.634766 0.509766 0.636719 0.511719 0.654297 0.511719 0.656250 0.509766 0.667969 0.509766 0.669922 0.507812 0.687500 0.507812 0.691406 0.503906 0.689453 0.501953 0.687500 0.464844 0.685547 0.462891 0.685547 0.453125 0.683594 0.451172 0.683594 0.443359 0.681641 0.441406 0.675781 0.441406 0.673828 0.443359 0.669922 0.443359 0.667969 0.441406 0.644531 0.441406 0.636719 0.449219
2 0.683594 0.519531 0.669922 0.519531 0.667969 0.521484 0.662109 0.521484 0.660156 0.523438 0.650391 0.523438 0.648438 0.525391 0.642578 0.525391 0.638672 0.529297 0.638672 0.535156 0.640625 0.537109 0.640625 0.541016 0.642578 0.542969 0.642578 0.548828 0.644531 0.550781 0.644531 0.566406 0.646484 0.570312 0.658203 0.570312 0.660156 0.568359 0.681641 0.566406 0.685547 0.562500 0.685547 0.558594 0.683594 0.556641 0.683594 0.544922 0.681641 0.542969 0.681641 0.533203 0.683594 0.531250 0.683594 0.525391 0.685547 0.523438
2 0.789062 0.564453 0.787109 0.562500 0.777344 0.562500 0.775391 0.564453 0.767578 0.564453 0.765625 0.566406 0.761719 0.566406 0.759766 0.568359 0.755859 0.568359 0.753906 0.570312 0.751953 0.570312 0.750000 0.572266 0.751953 0.574219 0.751953 0.578125 0.753906 0.580078 0.753906 0.589844 0.755859 0.591797 0.755859 0.593750 0.771484 0.593750 0.773438 0.591797 0.787109 0.591797 0.789062 0.589844 0.791016 0.589844 0.791016 0.585938 0.789062 0.583984
2 0.087891 0.572266 0.087891 0.587891 0.085938 0.589844 0.085938 0.591797 0.089844 0.595703 0.140625 0.595703 0.140625 0.582031 0.138672 0.580078 0.132812 0.578125 0.130859 0.576172 0.128906 0.570312 0.126953 0.570312 0.125000 0.568359 0.105469 0.568359 0.103516 0.566406 0.093750 0.566406 0.091797 0.568359 0.089844 0.568359 0.089844 0.570312
2 0.314453 0.589844 0.226562 0.597656 0.224609 0.611328 0.234375 0.623047 0.259766 0.625000 0.189453 0.634766 0.183594 0.664062 0.181641 0.656250 0.162109 0.658203 0.152344 0.650391 0.082031 0.652344 0.076172 0.681641 0.085938 0.685547 0.054688 0.687500 0.048828 0.714844 0.101562 0.718750 0.105469 0.691406 0.085938 0.687500 0.113281 0.677734 0.318359 0.658203 0.318359 0.625000 0.294922 0.621094 0.318359 0.617188
2 0.419922 0.611328 0.392578 0.611328 0.390625 0.613281 0.369141 0.613281 0.367188 0.615234 0.367188 0.650391 0.371094 0.654297 0.382812 0.654297 0.384766 0.652344 0.416016 0.652344 0.421875 0.648438 0.421875 0.615234
2 0.830078 0.621094 0.802734 0.623047 0.794922 0.626953 0.792969 0.634766 0.794922 0.636719 0.796875 0.652344 0.791016 0.660156 0.779297 0.662109 0.769531 0.673828 0.769531 0.687500 0.771484 0.691406 0.775391 0.693359 0.785156 0.693359 0.787109 0.691406 0.804688 0.691406 0.806641 0.689453 0.828125 0.689453 0.830078 0.687500 0.837891 0.687500 0.839844 0.683594 0.833984 0.666016 0.833984 0.640625 0.832031 0.638672 0.832031 0.623047
2 0.697266 0.658203 0.697266 0.667969 0.699219 0.669922 0.699219 0.679688 0.701172 0.681641 0.705078 0.681641 0.707031 0.679688 0.712891 0.679688 0.714844 0.677734 0.726562 0.677734 0.728516 0.675781 0.734375 0.675781 0.740234 0.671875 0.740234 0.667969 0.738281 0.666016 0.738281 0.660156 0.736328 0.658203 0.736328 0.654297 0.734375 0.652344 0.734375 0.650391 0.708984 0.650391 0.707031 0.652344 0.701172 0.652344
2 0.365234 0.658203 0.347656 0.658203 0.341797 0.662109 0.337891 0.662109 0.335938 0.664062 0.333984 0.664062 0.332031 0.666016 0.332031 0.685547 0.333984 0.687500 0.333984 0.689453 0.335938 0.689453 0.337891 0.691406 0.343750 0.691406 0.345703 0.689453 0.359375 0.689453 0.361328 0.687500 0.365234 0.687500 0.367188 0.685547 0.367188 0.660156
2 0.566406 0.699219 0.556641 0.687500 0.554688 0.681641 0.537109 0.681641 0.535156 0.683594 0.523438 0.683594 0.521484 0.685547 0.513672 0.685547 0.511719 0.687500 0.501953 0.687500 0.498047 0.691406 0.498047 0.718750 0.501953 0.726562 0.515625 0.726562 0.517578 0.724609 0.527344 0.724609 0.529297 0.722656 0.542969 0.722656 0.544922 0.720703 0.556641 0.720703 0.558594 0.718750 0.564453 0.718750 0.568359 0.714844
2 0.572266 0.693359 0.572266 0.718750 0.574219 0.720703 0.574219 0.728516 0.576172 0.730469 0.576172 0.742188 0.578125 0.746094 0.582031 0.746094 0.583984 0.748047 0.607422 0.748047 0.609375 0.746094 0.617188 0.746094 0.623047 0.742188 0.623047 0.726562 0.625000 0.724609 0.623047 0.693359 0.619141 0.689453 0.578125 0.689453
2 0.886719 0.703125 0.886719 0.734375 0.890625 0.742188 0.894531 0.742188 0.896484 0.744141 0.935547 0.744141 0.937500 0.746094 0.953125 0.746094 0.957031 0.742188 0.955078 0.726562 0.953125 0.724609 0.953125 0.710938 0.951172 0.708984 0.951172 0.699219 0.949219 0.695312 0.917969 0.695312 0.916016 0.697266 0.906250 0.697266 0.904297 0.699219 0.896484 0.699219
2 0.343750 0.724609 0.318359 0.722656 0.292969 0.728516 0.275391 0.724609 0.261719 0.726562 0.263672 0.736328 0.261719 0.771484 0.265625 0.779297 0.265625 0.794922 0.269531 0.812500 0.273438 0.814453 0.326172 0.812500 0.335938 0.810547 0.347656 0.802734 0.349609 0.798828 0.347656 0.736328
2 0.761719 0.751953 0.759766 0.779297 0.767578 0.787109 0.767578 0.796875 0.773438 0.802734 0.775391 0.820312 0.771484 0.828125 0.771484 0.845703 0.775391 0.849609 0.820312 0.843750 0.833984 0.837891 0.859375 0.833984 0.865234 0.830078 0.865234 0.820312 0.859375 0.802734 0.863281 0.792969 0.863281 0.773438 0.859375 0.763672 0.839844 0.759766 0.824219 0.761719 0.816406 0.757812 0.806641 0.759766 0.794922 0.751953 0.787109 0.757812 0.775391 0.755859 0.771484 0.751953
2 0.812500 0.750000 0.812500 0.751953 0.814453 0.753906 0.814453 0.750000
2 0.738281 0.753906 0.703125 0.755859 0.689453 0.761719 0.691406 0.765625 0.691406 0.794922 0.689453 0.796875 0.691406 0.830078 0.693359 0.833984 0.703125 0.841797 0.718750 0.841797 0.720703 0.839844 0.736328 0.837891 0.750000 0.822266 0.750000 0.816406 0.744141 0.808594 0.744141 0.798828 0.742188 0.796875 0.742188 0.757812
2 0.078125 0.767578 0.074219 0.765625 0.072266 0.767578 0.070312 0.765625 0.060547 0.765625 0.058594 0.763672 0.042969 0.763672 0.041016 0.765625 0.039062 0.787109 0.037109 0.789062 0.037109 0.796875 0.035156 0.798828 0.033203 0.814453 0.031250 0.816406 0.031250 0.824219 0.029297 0.826172 0.029297 0.837891 0.056641 0.837891 0.058594 0.835938 0.064453 0.835938 0.070312 0.832031 0.070312 0.828125 0.072266 0.826172 0.072266 0.806641 0.074219 0.804688 0.076172 0.785156 0.078125 0.783203
2 0.183594 0.783203 0.179688 0.779297 0.173828 0.779297 0.160156 0.769531 0.117188 0.777344 0.117188 0.812500 0.119141 0.814453 0.119141 0.824219 0.121094 0.826172 0.138672 0.826172 0.140625 0.824219 0.156250 0.824219 0.158203 0.822266 0.181641 0.820312 0.183594 0.818359
2 0.656250 0.800781 0.652344 0.802734 0.644531 0.810547 0.644531 0.814453 0.646484 0.816406 0.646484 0.833984 0.648438 0.835938 0.648438 0.851562 0.650391 0.855469 0.656250 0.859375 0.662109 0.859375 0.664062 0.861328 0.675781 0.861328 0.681641 0.853516 0.681641 0.841797 0.683594 0.839844 0.683594 0.830078 0.685547 0.828125 0.683594 0.824219 0.685547 0.820312 0.685547 0.808594 0.681641 0.800781
2 0.427734 0.812500 0.423828 0.816406 0.423828 0.841797 0.425781 0.843750 0.425781 0.851562 0.427734 0.853516 0.457031 0.853516 0.457031 0.851562 0.458984 0.849609 0.458984 0.841797 0.457031 0.839844 0.457031 0.833984 0.458984 0.832031 0.458984 0.818359 0.457031 0.816406 0.455078 0.816406 0.451172 0.812500 0.447266 0.812500 0.445312 0.810547 0.433594 0.810547 0.431641 0.812500
2 0.228516 0.839844 0.226562 0.837891 0.216797 0.837891 0.214844 0.839844 0.201172 0.839844 0.195312 0.841797 0.193359 0.845703 0.189453 0.841797 0.181641 0.845703 0.158203 0.845703 0.158203 0.851562 0.154297 0.857422 0.138672 0.861328 0.140625 0.890625 0.144531 0.898438 0.154297 0.904297 0.156250 0.902344 0.183594 0.900391 0.197266 0.894531 0.203125 0.896484 0.226562 0.896484 0.230469 0.892578
2 0.080078 0.851562 0.074219 0.845703 0.039062 0.847656 0.037109 0.849609 0.017578 0.849609 0.013672 0.851562 0.013672 0.855469 0.011719 0.857422 0.011719 0.869141 0.009766 0.871094 0.011719 0.875000 0.011719 0.880859 0.013672 0.882812 0.023438 0.882812 0.025391 0.880859 0.033203 0.880859 0.035156 0.878906 0.048828 0.878906 0.050781 0.876953 0.064453 0.876953 0.066406 0.878906 0.076172 0.878906 0.078125 0.875000 0.078125 0.857422 0.080078 0.855469
2 0.300781 0.853516 0.300781 0.863281 0.302734 0.865234 0.302734 0.873047 0.304688 0.875000 0.318359 0.875000 0.320312 0.873047 0.330078 0.873047 0.332031 0.871094 0.332031 0.851562 0.330078 0.849609 0.312500 0.849609 0.310547 0.851562 0.302734 0.851562
2 0.234375 0.859375 0.234375 0.882812 0.236328 0.884766 0.236328 0.888672 0.238281 0.890625 0.238281 0.892578 0.253906 0.892578 0.255859 0.890625 0.261719 0.890625 0.265625 0.884766 0.263672 0.882812 0.263672 0.867188 0.261719 0.865234 0.261719 0.857422 0.240234 0.857422 0.238281 0.859375
2 0.546875 0.873047 0.546875 0.896484 0.550781 0.914062 0.589844 0.912109 0.607422 0.919922 0.642578 0.919922 0.644531 0.917969 0.644531 0.898438 0.640625 0.894531 0.626953 0.894531 0.623047 0.890625 0.619141 0.890625 0.615234 0.884766 0.615234 0.876953 0.621094 0.873047 0.621094 0.869141 0.607422 0.861328 0.566406 0.863281 0.564453 0.865234 0.556641 0.865234
2 0.960938 0.908203 0.957031 0.869141 0.951172 0.865234 0.912109 0.873047 0.853516 0.878906 0.822266 0.886719 0.810547 0.894531 0.802734 0.892578 0.802734 0.896484 0.814453 0.898438 0.816406 0.914062 0.826172 0.929688 0.875000 0.925781
2 0.537109 0.873047 0.531250 0.869141 0.507812 0.869141 0.505859 0.871094 0.484375 0.871094 0.482422 0.873047 0.451172 0.875000 0.449219 0.876953 0.449219 0.886719 0.451172 0.888672 0.453125 0.927734 0.455078 0.929688 0.513672 0.927734 0.515625 0.925781 0.527344 0.925781 0.542969 0.921875 0.544922 0.919922 0.544922 0.906250 0.537109 0.888672
2 0.787109 0.886719 0.744141 0.892578 0.720703 0.892578 0.714844 0.898438 0.714844 0.904297 0.703125 0.912109 0.701172 0.929688 0.705078 0.966797 0.714844 0.970703 0.714844 0.976562 0.724609 0.976562 0.734375 0.982422 0.765625 0.978516 0.800781 0.980469 0.818359 0.972656 0.812500 0.919922
2 0.347656 0.906250 0.347656 0.919922 0.349609 0.921875 0.349609 0.947266 0.355469 0.949219 0.357422 0.947266 0.375000 0.947266 0.376953 0.945312 0.398438 0.945312 0.400391 0.943359 0.400391 0.923828 0.398438 0.921875 0.398438 0.906250 0.396484 0.904297 0.390625 0.904297 0.388672 0.902344 0.371094 0.902344 0.369141 0.904297 0.349609 0.904297
2 0.304688 0.916016 0.294922 0.908203 0.267578 0.906250 0.257812 0.914062 0.255859 0.912109 0.224609 0.914062 0.214844 0.917969 0.212891 0.923828 0.210938 0.917969 0.185547 0.916016 0.175781 0.917969 0.171875 0.923828 0.173828 0.962891 0.179688 0.966797 0.195312 0.966797 0.208984 0.960938 0.214844 0.955078 0.218750 0.958984 0.302734 0.955078
2 0.615234 0.927734 0.603516 0.921875 0.593750 0.921875 0.591797 0.923828 0.568359 0.923828 0.566406 0.925781 0.550781 0.927734 0.548828 0.929688 0.548828 0.939453 0.546875 0.941406 0.546875 0.964844 0.554688 0.970703 0.609375 0.970703 0.611328 0.968750 0.615234 0.968750 0.617188 0.964844 0.617188 0.931641
2 0.000000 0.927734 0.000000 0.960938 0.003906 0.966797 0.015625 0.966797 0.017578 0.964844 0.027344 0.964844 0.029297 0.962891 0.064453 0.962891 0.064453 0.960938 0.068359 0.958984 0.068359 0.953125 0.070312 0.951172 0.070312 0.937500 0.070312 0.947266 0.068359 0.949219 0.064453 0.943359 0.062500 0.943359 0.060547 0.947266 0.058594 0.945312 0.058594 0.927734 0.054688 0.925781 0.003906 0.925781
2 0.064453 0.929688 0.064453 0.931641 0.066406 0.933594 0.068359 0.933594 0.068359 0.931641 0.066406 0.929688
3 0.697266 0.000000 0.693359 0.029297 0.720703 0.156250 0.730469 0.292969 0.740234 0.298828 0.900391 0.273438 0.906250 0.232422 0.890625 0.175781 0.890625 0.117188 0.875000 0.113281 0.857422 0.130859 0.808594 0.123047 0.800781 0.095703 0.835938 0.066406 0.794922 0.001953
5 0.054688 0.000000 0.000000 0.791016 0.021484 0.746094 0.134766 0.769531 0.242188 0.708984 0.433594 0.701172 0.427734 0.679688 0.244141 0.685547 0.125000 0.748047 0.025391 0.722656 0.109375 0.000000
5 0.998047 0.810547 0.919922 0.841797 0.781250 0.853516 0.720703 0.867188 0.673828 0.888672 0.667969 0.898438 0.673828 0.990234 0.683594 0.998047 0.712891 0.998047 0.712891 0.986328 0.693359 0.974609 0.691406 0.908203 0.708984 0.896484 0.812500 0.871094 0.923828 0.863281 0.998047 0.835938
