0 0.724609 0.000000 0.728516 0.011719 0.748047 0.015625 0.763672 0.035156 0.771484 0.035156 0.785156 0.021484 0.808594 0.021484 0.816406 0.015625 0.818359 0.041016 0.822266 0.050781 0.841797 0.074219 0.857422 0.072266 0.855469 0.050781 0.845703 0.035156 0.843750 0.023438 0.833984 0.015625 0.832031 0.009766 0.820312 0.009766 0.818359 0.013672 0.816406 0.000000
0 0.822266 0.107422 0.822266 0.117188 0.824219 0.119141 0.824219 0.123047 0.830078 0.134766 0.833984 0.138672 0.835938 0.142578 0.835938 0.146484 0.843750 0.152344 0.855469 0.152344 0.857422 0.150391 0.861328 0.150391 0.869141 0.144531 0.875000 0.142578 0.882812 0.132812 0.882812 0.123047 0.876953 0.117188 0.875000 0.117188 0.861328 0.101562 0.857422 0.099609 0.828125 0.099609
0 0.773438 0.339844 0.779297 0.365234 0.789062 0.382812 0.794922 0.386719 0.806641 0.386719 0.826172 0.376953 0.847656 0.375000 0.871094 0.390625 0.892578 0.392578 0.902344 0.398438 0.914062 0.396484 0.919922 0.388672 0.921875 0.375000 0.917969 0.359375 0.914062 0.355469 0.875000 0.343750 0.859375 0.332031 0.837891 0.332031 0.830078 0.343750 0.822266 0.347656 0.816406 0.345703 0.812500 0.335938 0.804688 0.332031 0.781250 0.332031
0 0.146484 0.347656 0.101562 0.343750 0.089844 0.349609 0.078125 0.363281 0.044922 0.365234 0.039062 0.369141 0.037109 0.375000 0.041016 0.384766 0.058594 0.394531 0.070312 0.419922 0.044922 0.437500 0.037109 0.449219 0.041016 0.472656 0.056641 0.490234 0.074219 0.490234 0.093750 0.468750 0.105469 0.468750 0.126953 0.458984 0.148438 0.439453 0.150391 0.416016 0.146484 0.380859 0.150391 0.369141
0 0.560547 0.501953 0.552734 0.501953 0.550781 0.503906 0.546875 0.503906 0.544922 0.505859 0.541016 0.505859 0.537109 0.509766 0.537109 0.523438 0.539062 0.525391 0.539062 0.531250 0.541016 0.531250 0.542969 0.533203 0.548828 0.533203 0.550781 0.535156 0.556641 0.535156 0.558594 0.533203 0.562500 0.533203 0.564453 0.531250 0.568359 0.531250 0.574219 0.525391 0.574219 0.513672 0.564453 0.503906 0.562500 0.503906
0 0.464844 0.533203 0.464844 0.541016 0.462891 0.542969 0.462891 0.546875 0.474609 0.556641 0.492188 0.556641 0.498047 0.560547 0.511719 0.560547 0.515625 0.556641 0.515625 0.554688 0.519531 0.548828 0.519531 0.533203 0.515625 0.529297 0.509766 0.529297 0.507812 0.527344 0.501953 0.527344 0.500000 0.525391 0.484375 0.525391 0.478516 0.531250 0.468750 0.531250 0.466797 0.533203
0 0.000000 0.628906 0.000000 0.998047 0.064453 0.998047 0.060547 0.757812 0.042969 0.728516 0.041016 0.699219 0.029297 0.691406 0.021484 0.660156
0 0.986328 0.960938 0.984375 0.958984 0.984375 0.957031 0.982422 0.955078 0.980469 0.955078 0.978516 0.953125 0.976562 0.953125 0.974609 0.951172 0.972656 0.951172 0.970703 0.949219 0.968750 0.949219 0.966797 0.951172 0.964844 0.951172 0.962891 0.953125 0.960938 0.953125 0.958984 0.955078 0.957031 0.955078 0.953125 0.958984 0.953125 0.960938 0.951172 0.962891 0.951172 0.972656 0.953125 0.974609 0.955078 0.974609 0.957031 0.976562 0.960938 0.976562 0.962891 0.974609 0.978516 0.974609 0.980469 0.972656 0.984375 0.972656 0.986328 0.970703
1 0.332031 0.419922 0.314453 0.412109 0.244141 0.437500 0.216797 0.457031 0.171875 0.478516 0.164062 0.494141 0.167969 0.507812 0.183594 0.515625 0.197266 0.511719 0.273438 0.466797 0.292969 0.458984 0.302734 0.458984 0.328125 0.447266 0.335938 0.431641
3 0.072266 0.000000 0.000000 0.000000 0.000000 0.107422 0.003906 0.107422 0.011719 0.093750 0.011719 0.089844 0.017578 0.082031 0.017578 0.076172 0.031250 0.050781 0.048828 0.029297 0.056641 0.023438
3 0.044922 0.126953 0.113281 0.205078 0.158203 0.384766 0.238281 0.386719 0.273438 0.361328 0.347656 0.349609 0.824219 0.171875 0.835938 0.148438 0.820312 0.107422 0.853516 0.093750 0.814453 0.023438 0.763672 0.037109 0.720703 0.000000 0.130859 0.000000
3 0.968750 0.363281 0.873047 0.417969 0.669922 0.460938 0.548828 0.552734 0.416016 0.570312 0.251953 0.642578 0.285156 0.669922 0.435547 0.640625 0.439453 0.683594 0.460938 0.656250 0.468750 0.679688 0.544922 0.671875 0.613281 0.873047 0.443359 0.937500 0.255859 0.960938 0.250000 0.998047 0.976562 0.998047 0.949219 0.962891 0.998047 0.953125 0.998047 0.458984
3 0.332031 0.662109 0.330078 0.664062 0.328125 0.664062 0.328125 0.666016 0.332031 0.666016
3 0.251953 0.664062 0.251953 0.666016 0.253906 0.667969 0.255859 0.667969 0.255859 0.664062
3 0.328125 0.693359 0.328125 0.697266 0.333984 0.697266 0.335938 0.695312 0.337891 0.695312 0.333984 0.691406 0.333984 0.689453 0.330078 0.689453 0.330078 0.691406
3 0.341797 0.689453 0.343750 0.691406 0.343750 0.695312 0.345703 0.695312 0.347656 0.693359 0.347656 0.689453
3 0.365234 0.691406 0.363281 0.689453 0.361328 0.689453 0.361328 0.691406 0.359375 0.693359 0.359375 0.695312 0.363281 0.695312 0.365234 0.693359
3 0.380859 0.689453 0.378906 0.687500 0.376953 0.689453 0.375000 0.689453 0.375000 0.693359 0.380859 0.693359
3 0.396484 0.687500 0.392578 0.687500 0.390625 0.689453 0.390625 0.691406 0.392578 0.693359 0.394531 0.693359 0.396484 0.691406
3 0.408203 0.687500 0.408203 0.691406 0.410156 0.691406 0.410156 0.687500
3 0.269531 0.703125 0.267578 0.703125 0.267578 0.705078 0.265625 0.707031 0.269531 0.707031
4 0.849609 0.003906 0.847656 0.015625 0.865234 0.060547 0.867188 0.095703 0.888672 0.121094 0.888672 0.160156 0.912109 0.185547 0.908203 0.210938 0.925781 0.238281 0.957031 0.246094 0.974609 0.281250 0.998047 0.281250 0.998047 0.000000
4 0.044922 0.134766 0.027344 0.146484 0.000000 0.187500 0.000000 0.513672 0.033203 0.509766 0.046875 0.498047 0.029297 0.453125 0.058594 0.421875 0.060547 0.406250 0.037109 0.384766 0.035156 0.369141 0.072266 0.359375 0.095703 0.341797 0.126953 0.339844 0.111328 0.224609 0.068359 0.154297
4 0.960938 0.279297 0.869141 0.195312 0.880859 0.164062 0.857422 0.160156 0.308594 0.367188 0.347656 0.455078 0.140625 0.552734 0.187500 0.630859 0.224609 0.648438 0.451172 0.550781 0.468750 0.525391 0.527344 0.525391 0.541016 0.498047 0.576172 0.503906 0.695312 0.443359 0.878906 0.410156 0.886719 0.396484 0.845703 0.378906 0.789062 0.388672 0.773438 0.333984 0.871094 0.335938 0.886719 0.310547 0.958984 0.302734
4 0.968750 0.291016 0.968750 0.294922 0.966797 0.296875 0.966797 0.298828 0.968750 0.298828 0.970703 0.300781 0.972656 0.300781 0.970703 0.298828 0.970703 0.296875 0.972656 0.294922 0.970703 0.292969 0.970703 0.291016
4 0.003906 0.542969 0.001953 0.626953 0.064453 0.757812 0.076172 0.998047 0.201172 0.998047 0.189453 0.957031 0.429688 0.933594 0.607422 0.867188 0.546875 0.681641 0.232422 0.720703 0.210938 0.767578 0.203125 0.726562 0.175781 0.712891 0.185547 0.644531 0.130859 0.558594 0.099609 0.531250
5 0.113281 0.000000 0.074219 0.000000 0.058594 0.023438 0.033203 0.050781 0.000000 0.115234 0.000000 0.171875 0.011719 0.167969 0.033203 0.138672 0.066406 0.072266 0.111328 0.017578 0.115234 0.005859
