0 0.001953 0.000000 0.000000 0.000000 0.000000 0.005859 0.000000 0.001953
0 0.044922 0.000000 0.060547 0.013672 0.054688 0.027344 0.056641 0.074219 0.093750 0.072266 0.111328 0.082031 0.119141 0.058594 0.130859 0.054688 0.119141 0.044922 0.130859 0.027344 0.138672 0.033203 0.140625 0.054688 0.150391 0.058594 0.146484 0.060547 0.175781 0.066406 0.181641 0.062500 0.177734 0.046875 0.183594 0.035156 0.175781 0.025391 0.162109 0.019531 0.130859 0.019531 0.126953 0.013672 0.130859 0.007812 0.144531 0.011719 0.148438 0.005859 0.158203 0.007812 0.167969 0.000000
0 0.207031 0.000000 0.207031 0.001953 0.214844 0.009766 0.218750 0.011719 0.218750 0.015625 0.222656 0.017578 0.230469 0.017578 0.232422 0.019531 0.240234 0.019531 0.242188 0.015625 0.246094 0.013672 0.248047 0.017578 0.259766 0.017578 0.261719 0.019531 0.271484 0.019531 0.275391 0.021484 0.277344 0.017578 0.283203 0.013672 0.283203 0.003906 0.281250 0.000000 0.253906 0.000000 0.251953 0.001953 0.250000 0.000000 0.246094 0.001953 0.242188 0.000000
0 0.453125 0.000000 0.462891 0.011719 0.472656 0.011719 0.478516 0.017578 0.501953 0.017578 0.509766 0.023438 0.509766 0.037109 0.529297 0.037109 0.544922 0.042969 0.548828 0.048828 0.552734 0.042969 0.554688 0.050781 0.560547 0.052734 0.560547 0.060547 0.554688 0.064453 0.556641 0.072266 0.564453 0.080078 0.587891 0.087891 0.576172 0.080078 0.576172 0.064453 0.583984 0.056641 0.583984 0.046875 0.576172 0.041016 0.574219 0.031250 0.582031 0.023438 0.593750 0.019531 0.609375 0.021484 0.611328 0.011719 0.607422 0.005859 0.599609 0.005859 0.591797 0.000000
0 0.660156 0.074219 0.662109 0.080078 0.671875 0.078125 0.691406 0.087891 0.697266 0.085938 0.714844 0.091797 0.742188 0.089844 0.763672 0.097656 0.753906 0.089844 0.753906 0.080078 0.757812 0.076172 0.769531 0.074219 0.771484 0.070312 0.804688 0.070312 0.804688 0.046875 0.808594 0.046875 0.808594 0.056641 0.814453 0.054688 0.814453 0.048828 0.804688 0.042969 0.806641 0.033203 0.781250 0.009766 0.779297 0.000000 0.748047 0.000000 0.740234 0.005859 0.740234 0.000000 0.701172 0.001953 0.703125 0.005859 0.693359 0.021484 0.693359 0.031250 0.685547 0.035156 0.685547 0.046875 0.667969 0.058594
0 0.992188 0.000000 0.990234 0.001953 0.990234 0.005859 0.992188 0.007812 0.990234 0.009766 0.990234 0.013672 0.992188 0.015625 0.992188 0.017578 0.998047 0.017578 0.998047 0.000000
0 0.378906 0.003906 0.378906 0.005859 0.384766 0.005859 0.384766 0.003906
0 0.931641 0.009766 0.931641 0.011719 0.935547 0.011719 0.933594 0.011719
0 0.925781 0.019531 0.925781 0.017578 0.927734 0.015625 0.929688 0.017578 0.929688 0.019531 0.933594 0.019531 0.933594 0.017578 0.935547 0.015625 0.929688 0.015625 0.927734 0.013672 0.925781 0.013672
0 0.953125 0.039062 0.953125 0.041016 0.957031 0.041016 0.958984 0.042969 0.958984 0.044922 0.957031 0.046875 0.962891 0.052734 0.966797 0.052734 0.968750 0.054688 0.972656 0.054688 0.974609 0.052734 0.986328 0.052734 0.988281 0.054688 0.990234 0.052734 0.992188 0.052734 0.992188 0.044922 0.990234 0.042969 0.990234 0.039062 0.988281 0.039062 0.986328 0.037109 0.982422 0.037109 0.976562 0.033203 0.958984 0.033203 0.957031 0.035156 0.955078 0.035156 0.955078 0.037109
0 0.460938 0.035156 0.455078 0.035156 0.449219 0.039062 0.451172 0.042969 0.449219 0.044922 0.449219 0.052734 0.453125 0.056641 0.451172 0.058594 0.447266 0.058594 0.445312 0.056641 0.441406 0.058594 0.433594 0.058594 0.431641 0.068359 0.427734 0.072266 0.427734 0.078125 0.433594 0.078125 0.435547 0.080078 0.435547 0.082031 0.429688 0.087891 0.431641 0.089844 0.433594 0.087891 0.437500 0.089844 0.439453 0.093750 0.443359 0.093750 0.445312 0.095703 0.449219 0.093750 0.460938 0.093750 0.464844 0.091797 0.462891 0.089844 0.462891 0.076172 0.464844 0.074219 0.464844 0.068359 0.462891 0.064453 0.457031 0.064453 0.451172 0.058594 0.458984 0.052734 0.462891 0.052734 0.462891 0.048828 0.460938 0.046875
0 0.546875 0.054688 0.546875 0.066406 0.548828 0.068359 0.548828 0.066406 0.550781 0.064453 0.548828 0.062500 0.548828 0.054688
0 0.541016 0.062500 0.539062 0.060547 0.537109 0.062500 0.535156 0.062500 0.533203 0.060547 0.531250 0.060547 0.529297 0.062500 0.523438 0.062500 0.523438 0.064453 0.521484 0.066406 0.525391 0.066406 0.527344 0.064453 0.529297 0.064453 0.531250 0.066406 0.541016 0.066406
0 0.855469 0.066406 0.855469 0.068359 0.853516 0.070312 0.853516 0.072266 0.853516 0.070312 0.855469 0.068359
0 0.593750 0.089844 0.593750 0.091797 0.591797 0.093750 0.587891 0.093750 0.587891 0.095703 0.583984 0.099609 0.580078 0.099609 0.582031 0.099609 0.583984 0.101562 0.583984 0.105469 0.585938 0.107422 0.585938 0.109375 0.587891 0.109375 0.589844 0.111328 0.593750 0.111328 0.601562 0.103516 0.601562 0.101562 0.603516 0.099609 0.603516 0.095703 0.599609 0.095703 0.597656 0.097656 0.595703 0.095703 0.595703 0.093750 0.593750 0.091797
0 0.867188 0.099609 0.867188 0.103516 0.873047 0.103516 0.875000 0.105469 0.892578 0.105469 0.894531 0.103516 0.898438 0.103516 0.902344 0.107422 0.900391 0.109375 0.904297 0.109375 0.908203 0.113281 0.908203 0.119141 0.910156 0.121094 0.919922 0.123047 0.921875 0.126953 0.923828 0.125000 0.931641 0.125000 0.933594 0.123047 0.933594 0.117188 0.935547 0.115234 0.933594 0.113281 0.935547 0.111328 0.933594 0.111328 0.929688 0.107422 0.921875 0.105469 0.919922 0.101562 0.916016 0.099609 0.910156 0.099609 0.908203 0.097656 0.908203 0.093750 0.902344 0.091797 0.900391 0.095703 0.894531 0.095703 0.892578 0.091797 0.890625 0.091797 0.892578 0.095703 0.890625 0.097656 0.886719 0.097656 0.884766 0.095703 0.875000 0.095703 0.873047 0.091797 0.873047 0.093750
0 0.083984 0.132812 0.087891 0.132812 0.089844 0.134766 0.093750 0.134766 0.095703 0.136719 0.101562 0.136719 0.103516 0.138672 0.113281 0.138672 0.115234 0.140625 0.115234 0.138672 0.111328 0.134766 0.111328 0.128906 0.103516 0.128906 0.101562 0.126953 0.101562 0.125000 0.097656 0.121094 0.097656 0.119141 0.097656 0.121094 0.091797 0.126953 0.089844 0.126953 0.089844 0.130859 0.087891 0.132812
0 0.128906 0.123047 0.130859 0.125000 0.130859 0.123047
0 0.037109 0.126953 0.031250 0.130859 0.027344 0.130859 0.027344 0.134766 0.029297 0.136719 0.029297 0.146484 0.033203 0.148438 0.033203 0.162109 0.031250 0.164062 0.031250 0.169922 0.027344 0.171875 0.029297 0.171875 0.033203 0.175781 0.037109 0.175781 0.042969 0.183594 0.046875 0.183594 0.050781 0.185547 0.048828 0.183594 0.048828 0.173828 0.046875 0.171875 0.048828 0.169922 0.048828 0.160156 0.050781 0.156250 0.054688 0.154297 0.052734 0.150391 0.052734 0.144531 0.056641 0.142578 0.056641 0.136719 0.052734 0.134766 0.052734 0.130859 0.056641 0.128906 0.046875 0.128906 0.044922 0.126953 0.041016 0.128906
0 0.076172 0.128906 0.076172 0.130859 0.078125 0.130859 0.080078 0.132812
0 0.996094 0.128906 0.996094 0.130859 0.994141 0.132812 0.994141 0.134766 0.996094 0.136719 0.994141 0.138672 0.994141 0.140625 0.996094 0.142578 0.996094 0.148438 0.998047 0.148438 0.998047 0.128906
0 0.128906 0.152344 0.121094 0.187500 0.070312 0.216797 0.042969 0.191406 0.009766 0.197266 0.000000 0.185547 0.000000 0.634766 0.017578 0.654297 0.052734 0.640625 0.078125 0.562500 0.105469 0.546875 0.097656 0.531250 0.054688 0.541016 0.050781 0.580078 0.031250 0.578125 0.019531 0.556641 0.050781 0.451172 0.074219 0.443359 0.060547 0.443359 0.068359 0.427734 0.054688 0.421875 0.066406 0.419922 0.068359 0.365234 0.103516 0.333984 0.167969 0.332031 0.169922 0.302734 0.156250 0.308594 0.148438 0.291016 0.167969 0.261719 0.195312 0.267578 0.181641 0.242188 0.208984 0.224609 0.179688 0.189453 0.130859 0.185547
0 0.294922 0.156250 0.294922 0.177734 0.291016 0.183594 0.279297 0.189453 0.283203 0.191406 0.291016 0.210938 0.304688 0.212891 0.318359 0.222656 0.324219 0.216797 0.330078 0.222656 0.328125 0.226562 0.310547 0.232422 0.308594 0.242188 0.326172 0.246094 0.371094 0.246094 0.371094 0.232422 0.382812 0.230469 0.388672 0.224609 0.392578 0.197266 0.388672 0.195312 0.388672 0.177734 0.376953 0.175781 0.371094 0.169922 0.353516 0.167969 0.351562 0.164062 0.339844 0.164062 0.333984 0.158203 0.332031 0.160156 0.335938 0.162109 0.330078 0.164062 0.324219 0.160156 0.326172 0.156250 0.324219 0.160156 0.320312 0.156250 0.316406 0.160156 0.308594 0.160156 0.308594 0.154297
0 0.541016 0.158203 0.539062 0.158203 0.537109 0.160156 0.535156 0.160156 0.533203 0.158203 0.531250 0.158203 0.529297 0.160156 0.529297 0.162109 0.527344 0.164062 0.525391 0.164062 0.529297 0.167969 0.529297 0.169922 0.527344 0.171875 0.531250 0.175781 0.531250 0.177734 0.529297 0.179688 0.529297 0.183594 0.527344 0.185547 0.527344 0.189453 0.531250 0.193359 0.531250 0.195312 0.533203 0.195312 0.531250 0.193359 0.531250 0.189453 0.535156 0.185547 0.537109 0.187500 0.537109 0.181641 0.535156 0.179688 0.535156 0.177734 0.537109 0.175781 0.542969 0.175781 0.546875 0.171875 0.546875 0.169922 0.548828 0.167969 0.548828 0.164062 0.544922 0.160156 0.542969 0.160156
0 0.523438 0.203125 0.521484 0.203125 0.519531 0.201172 0.519531 0.199219 0.515625 0.199219 0.515625 0.201172 0.511719 0.205078 0.509766 0.203125 0.505859 0.203125 0.503906 0.205078 0.503906 0.210938 0.501953 0.212891 0.492188 0.212891 0.490234 0.214844 0.486328 0.214844 0.484375 0.216797 0.484375 0.220703 0.486328 0.222656 0.488281 0.222656 0.490234 0.224609 0.490234 0.226562 0.492188 0.226562 0.496094 0.230469 0.498047 0.228516 0.500000 0.228516 0.500000 0.226562 0.501953 0.224609 0.507812 0.224609 0.505859 0.222656 0.507812 0.216797 0.509766 0.214844 0.511719 0.214844 0.515625 0.210938 0.517578 0.210938 0.519531 0.208984 0.523438 0.208984
0 0.998047 0.201172 0.996094 0.203125 0.992188 0.203125 0.996094 0.203125 0.998047 0.205078 0.994141 0.208984 0.986328 0.210938 0.988281 0.214844 0.988281 0.218750 0.986328 0.220703 0.988281 0.222656 0.984375 0.224609 0.986328 0.228516 0.982422 0.230469 0.986328 0.232422 0.986328 0.238281 0.984375 0.240234 0.986328 0.246094 0.982422 0.250000 0.982422 0.255859 0.978516 0.259766 0.982422 0.263672 0.982422 0.267578 0.984375 0.267578 0.988281 0.271484 0.988281 0.275391 0.992188 0.275391 0.994141 0.277344 0.998047 0.277344
0 0.416016 0.218750 0.414062 0.220703 0.412109 0.220703 0.412109 0.222656 0.410156 0.224609 0.410156 0.230469 0.408203 0.232422 0.408203 0.236328 0.406250 0.238281 0.406250 0.244141 0.408203 0.246094 0.406250 0.248047 0.408203 0.250000 0.412109 0.250000 0.414062 0.251953 0.416016 0.251953 0.419922 0.255859 0.423828 0.255859 0.425781 0.257812 0.427734 0.255859 0.433594 0.253906 0.433594 0.251953 0.435547 0.250000 0.439453 0.250000 0.439453 0.244141 0.441406 0.242188 0.439453 0.240234 0.441406 0.238281 0.441406 0.234375 0.443359 0.232422 0.439453 0.226562 0.433594 0.226562 0.431641 0.224609 0.431641 0.222656 0.429688 0.222656 0.425781 0.218750
0 0.898438 0.226562 0.898438 0.228516 0.900391 0.230469 0.900391 0.232422 0.898438 0.234375 0.900391 0.234375 0.902344 0.236328 0.904297 0.234375 0.910156 0.234375 0.914062 0.238281 0.927734 0.238281 0.929688 0.240234 0.929688 0.242188 0.931641 0.242188 0.931641 0.240234 0.933594 0.238281 0.931641 0.240234 0.927734 0.236328 0.927734 0.234375 0.904297 0.234375 0.900391 0.230469 0.900391 0.228516
0 0.628906 0.232422 0.626953 0.236328 0.619141 0.240234 0.621094 0.244141 0.615234 0.246094 0.611328 0.267578 0.605469 0.269531 0.597656 0.279297 0.591797 0.281250 0.593750 0.294922 0.599609 0.298828 0.611328 0.298828 0.617188 0.302734 0.625000 0.302734 0.640625 0.314453 0.656250 0.316406 0.658203 0.312500 0.654297 0.308594 0.660156 0.302734 0.662109 0.285156 0.664062 0.283203 0.664062 0.265625 0.667969 0.261719 0.669922 0.250000 0.664062 0.246094 0.666016 0.244141 0.664062 0.240234 0.658203 0.240234 0.654297 0.234375
0 0.710938 0.236328 0.710938 0.240234 0.710938 0.238281 0.712891 0.236328 0.714844 0.236328 0.716797 0.238281 0.716797 0.240234 0.714844 0.242188 0.716797 0.244141 0.720703 0.244141 0.722656 0.242188 0.724609 0.244141 0.748047 0.244141 0.750000 0.246094 0.757812 0.246094 0.761719 0.250000 0.765625 0.250000 0.763672 0.250000 0.759766 0.246094 0.761719 0.244141 0.761719 0.242188 0.755859 0.236328 0.755859 0.234375 0.738281 0.234375 0.736328 0.232422 0.730469 0.232422 0.728516 0.230469 0.722656 0.230469 0.720703 0.232422 0.718750 0.232422 0.714844 0.236328
0 0.466797 0.236328 0.466797 0.238281 0.464844 0.240234 0.466797 0.242188 0.466797 0.246094 0.472656 0.246094 0.476562 0.250000 0.476562 0.248047 0.478516 0.246094 0.480469 0.246094 0.480469 0.236328
0 0.841797 0.236328 0.849609 0.269531 0.855469 0.273438 0.859375 0.269531 0.859375 0.275391 0.865234 0.271484 0.875000 0.273438 0.867188 0.275391 0.876953 0.273438 0.873047 0.261719 0.876953 0.253906 0.888672 0.257812 0.884766 0.261719 0.888672 0.263672 0.884766 0.265625 0.888672 0.275391 0.884766 0.277344 0.890625 0.283203 0.912109 0.289062 0.914062 0.298828 0.937500 0.318359 0.929688 0.322266 0.929688 0.335938 0.937500 0.341797 0.958984 0.341797 0.955078 0.337891 0.960938 0.333984 0.972656 0.337891 0.972656 0.332031 0.980469 0.328125 0.966797 0.318359 0.964844 0.304688 0.955078 0.294922 0.953125 0.298828 0.945312 0.296875 0.927734 0.283203 0.929688 0.279297 0.921875 0.271484 0.927734 0.255859 0.910156 0.257812 0.890625 0.240234 0.863281 0.234375
0 0.794922 0.275391 0.794922 0.277344 0.792969 0.279297 0.794922 0.279297 0.796875 0.281250 0.796875 0.287109 0.798828 0.287109 0.800781 0.285156 0.802734 0.285156 0.802734 0.277344 0.796875 0.277344
0 0.716797 0.291016 0.716797 0.298828 0.728516 0.298828 0.728516 0.294922 0.726562 0.294922 0.724609 0.292969 0.724609 0.289062 0.720703 0.289062 0.718750 0.291016
0 0.947266 0.289062 0.949219 0.291016 0.949219 0.292969 0.949219 0.289062
0 0.869141 0.296875 0.867188 0.294922 0.865234 0.294922 0.863281 0.296875 0.861328 0.296875 0.859375 0.294922 0.861328 0.296875 0.855469 0.302734 0.851562 0.302734 0.849609 0.300781 0.845703 0.300781 0.843750 0.298828 0.839844 0.302734 0.839844 0.304688 0.837891 0.306641 0.837891 0.308594 0.839844 0.310547 0.841797 0.310547 0.845703 0.314453 0.849609 0.314453 0.851562 0.316406 0.851562 0.318359 0.853516 0.318359 0.853516 0.316406 0.855469 0.314453 0.855469 0.312500 0.857422 0.310547 0.859375 0.310547 0.859375 0.308594 0.861328 0.306641 0.867188 0.306641 0.867188 0.304688 0.869141 0.302734 0.869141 0.300781 0.867188 0.298828
0 0.251953 0.316406 0.314453 0.443359 0.410156 0.451172 0.402344 0.587891 0.138672 0.564453 0.148438 0.744141 0.039062 0.898438 0.093750 0.964844 0.335938 0.941406 0.304688 0.849609 0.457031 0.933594 0.546875 0.882812 0.572266 0.998047 0.632812 0.929688 0.642578 0.998047 0.998047 0.998047 0.941406 0.537109 0.998047 0.654297 0.939453 0.603516 0.914062 0.712891 0.658203 0.654297 0.880859 0.746094 0.849609 0.843750 0.677734 0.892578 0.179688 0.796875 0.335938 0.609375 0.902344 0.671875 0.812500 0.552734 0.863281 0.498047 0.730469 0.492188 0.726562 0.384766 0.628906 0.388672 0.615234 0.615234 0.601562 0.494141 0.298828 0.353516 0.417969 0.302734
0 0.474609 0.300781 0.474609 0.302734 0.480469 0.308594 0.482422 0.308594 0.484375 0.310547 0.486328 0.310547 0.484375 0.308594 0.486328 0.306641 0.488281 0.306641 0.488281 0.296875 0.480469 0.296875 0.480469 0.298828 0.478516 0.300781
0 0.589844 0.306641 0.585938 0.306641 0.585938 0.308594 0.582031 0.312500 0.582031 0.314453 0.587891 0.314453 0.587891 0.308594
0 0.791016 0.310547 0.789062 0.312500 0.787109 0.312500 0.785156 0.314453 0.785156 0.316406 0.783203 0.318359 0.783203 0.322266 0.785156 0.324219 0.785156 0.328125 0.787109 0.330078 0.785156 0.332031 0.787109 0.332031 0.789062 0.333984 0.791016 0.332031 0.794922 0.332031 0.796875 0.333984 0.794922 0.332031 0.796875 0.330078 0.798828 0.330078 0.796875 0.328125 0.794922 0.328125 0.792969 0.326172 0.792969 0.324219 0.794922 0.322266 0.798828 0.322266 0.798828 0.320312 0.800781 0.318359 0.798828 0.318359 0.796875 0.316406 0.794922 0.316406 0.792969 0.314453 0.792969 0.310547
0 0.800781 0.312500 0.802734 0.314453 0.802734 0.312500
0 0.865234 0.312500 0.865234 0.314453 0.863281 0.316406 0.863281 0.320312 0.865234 0.320312 0.869141 0.324219 0.869141 0.326172 0.869141 0.324219 0.871094 0.322266 0.873047 0.324219 0.873047 0.328125 0.871094 0.330078 0.873047 0.332031 0.876953 0.332031 0.878906 0.330078 0.878906 0.318359 0.875000 0.314453 0.875000 0.312500 0.873047 0.312500 0.873047 0.314453 0.871094 0.316406 0.869141 0.314453 0.869141 0.312500
0 0.746094 0.333984 0.742188 0.333984 0.740234 0.332031 0.740234 0.330078 0.738281 0.332031 0.728516 0.332031 0.730469 0.333984 0.728516 0.335938 0.728516 0.337891 0.738281 0.337891 0.738281 0.335938 0.740234 0.333984
0 0.998047 0.332031 0.996094 0.333984 0.996094 0.339844 0.998047 0.339844
0 0.541016 0.341797 0.533203 0.337891 0.525391 0.337891 0.529297 0.339844 0.525391 0.343750 0.523438 0.355469 0.521484 0.357422 0.505859 0.357422 0.501953 0.361328 0.500000 0.365234 0.500000 0.378906 0.501953 0.380859 0.501953 0.388672 0.507812 0.392578 0.517578 0.392578 0.521484 0.394531 0.523438 0.390625 0.531250 0.390625 0.537109 0.386719 0.535156 0.384766 0.539062 0.376953 0.537109 0.375000 0.544922 0.371094 0.542969 0.369141 0.544922 0.361328 0.552734 0.355469 0.544922 0.351562 0.546875 0.349609
0 0.992188 0.339844 0.990234 0.339844 0.990234 0.343750 0.992188 0.341797
0 0.632812 0.343750 0.632812 0.351562 0.636719 0.351562 0.638672 0.353516 0.640625 0.351562 0.642578 0.353516 0.640625 0.351562 0.640625 0.349609 0.642578 0.347656 0.642578 0.343750 0.640625 0.345703 0.636719 0.345703 0.634766 0.343750
0 0.167969 0.351562 0.166016 0.349609 0.164062 0.349609 0.164062 0.351562 0.162109 0.353516 0.160156 0.353516 0.158203 0.355469 0.156250 0.355469 0.154297 0.357422 0.152344 0.357422 0.148438 0.361328 0.148438 0.365234 0.146484 0.367188 0.148438 0.367188 0.152344 0.371094 0.154297 0.371094 0.156250 0.369141 0.158203 0.371094 0.158203 0.373047 0.160156 0.371094 0.162109 0.371094 0.164062 0.369141 0.166016 0.369141 0.166016 0.367188 0.167969 0.365234 0.167969 0.357422 0.169922 0.355469 0.167969 0.353516
0 0.572266 0.351562 0.570312 0.349609 0.568359 0.351562 0.564453 0.351562 0.564453 0.353516 0.562500 0.355469 0.568359 0.355469 0.568359 0.353516 0.570312 0.351562 0.572266 0.353516
0 0.978516 0.357422 0.978516 0.359375 0.984375 0.359375 0.982422 0.357422
0 0.630859 0.367188 0.630859 0.371094 0.632812 0.371094 0.632812 0.367188
0 0.150391 0.384766 0.138672 0.384766 0.136719 0.392578 0.140625 0.402344 0.134766 0.406250 0.125000 0.408203 0.117188 0.416016 0.117188 0.421875 0.123047 0.429688 0.121094 0.431641 0.111328 0.431641 0.105469 0.435547 0.103516 0.445312 0.099609 0.447266 0.103516 0.449219 0.099609 0.453125 0.099609 0.464844 0.097656 0.466797 0.099609 0.470703 0.101562 0.468750 0.109375 0.470703 0.111328 0.466797 0.113281 0.468750 0.117188 0.464844 0.117188 0.457031 0.130859 0.447266 0.126953 0.443359 0.128906 0.441406 0.126953 0.435547 0.130859 0.431641 0.146484 0.427734 0.144531 0.423828 0.146484 0.416016 0.142578 0.412109 0.152344 0.402344 0.156250 0.392578 0.156250 0.388672
0 0.958984 0.386719 0.958984 0.388672 0.966797 0.388672 0.966797 0.386719
0 0.291016 0.394531 0.289062 0.394531 0.289062 0.398438 0.291016 0.396484
0 0.955078 0.400391 0.953125 0.402344 0.951172 0.402344 0.951172 0.404297 0.955078 0.404297
0 0.541016 0.410156 0.539062 0.412109 0.527344 0.412109 0.523438 0.416016 0.523438 0.429688 0.535156 0.429688 0.537109 0.427734 0.537109 0.425781 0.539062 0.423828 0.539062 0.419922 0.541016 0.417969
0 0.757812 0.429688 0.759766 0.427734 0.761719 0.427734 0.763672 0.429688 0.773438 0.429688 0.773438 0.425781 0.765625 0.425781 0.763672 0.423828 0.759766 0.423828 0.759766 0.427734
0 0.988281 0.433594 0.992188 0.437500 0.994141 0.437500 0.996094 0.435547 0.998047 0.435547 0.998047 0.431641 0.992188 0.431641 0.990234 0.429688 0.990234 0.431641
0 0.750000 0.433594 0.750000 0.437500 0.751953 0.437500 0.750000 0.435547
0 0.759766 0.435547 0.759766 0.439453 0.761719 0.439453 0.759766 0.437500
0 0.298828 0.492188 0.294922 0.490234 0.292969 0.472656 0.289062 0.470703 0.281250 0.472656 0.271484 0.468750 0.267578 0.462891 0.263672 0.462891 0.261719 0.468750 0.253906 0.468750 0.250000 0.474609 0.244141 0.476562 0.240234 0.486328 0.236328 0.486328 0.230469 0.494141 0.226562 0.494141 0.222656 0.498047 0.203125 0.496094 0.201172 0.492188 0.189453 0.488281 0.179688 0.498047 0.179688 0.503906 0.183594 0.507812 0.199219 0.513672 0.205078 0.511719 0.212891 0.501953 0.238281 0.494141 0.250000 0.509766 0.255859 0.513672 0.261719 0.513672 0.273438 0.501953 0.291016 0.498047
0 0.294922 0.464844 0.292969 0.466797 0.292969 0.468750 0.292969 0.466797
0 0.611328 0.464844 0.611328 0.470703 0.615234 0.470703 0.617188 0.472656 0.615234 0.474609 0.615234 0.476562 0.617188 0.476562 0.619141 0.478516 0.621094 0.476562 0.623047 0.476562 0.625000 0.474609 0.626953 0.476562 0.626953 0.466797 0.625000 0.464844
0 0.382812 0.472656 0.380859 0.474609 0.382812 0.474609
0 0.884766 0.480469 0.882812 0.486328 0.886719 0.490234 0.886719 0.492188 0.884766 0.494141 0.882812 0.494141 0.882812 0.498047 0.880859 0.500000 0.880859 0.501953 0.884766 0.505859 0.884766 0.507812 0.886719 0.507812 0.888672 0.509766 0.888672 0.511719 0.900391 0.511719 0.906250 0.515625 0.912109 0.515625 0.914062 0.517578 0.914062 0.519531 0.914062 0.515625 0.916016 0.513672 0.916016 0.511719 0.914062 0.509766 0.914062 0.503906 0.912109 0.501953 0.910156 0.496094 0.908203 0.496094 0.906250 0.494141 0.908203 0.492188 0.910156 0.492188 0.908203 0.492188 0.904297 0.486328 0.906250 0.484375 0.906250 0.482422 0.904297 0.480469 0.900391 0.480469 0.896484 0.476562 0.894531 0.478516 0.890625 0.478516 0.888672 0.480469
0 0.878906 0.486328 0.873047 0.486328 0.873047 0.488281 0.875000 0.488281 0.876953 0.490234 0.875000 0.492188 0.871094 0.492188 0.871094 0.494141 0.873047 0.492188 0.876953 0.492188 0.878906 0.490234
0 0.998047 0.505859 0.988281 0.505859 0.988281 0.509766 0.980469 0.521484 0.968750 0.519531 0.966797 0.515625 0.966797 0.519531 0.962891 0.523438 0.962891 0.531250 0.966797 0.537109 0.974609 0.533203 0.978516 0.535156 0.984375 0.533203 0.990234 0.537109 0.988281 0.541016 0.990234 0.544922 0.988281 0.546875 0.990234 0.552734 0.984375 0.554688 0.980469 0.550781 0.980469 0.546875 0.976562 0.546875 0.974609 0.550781 0.968750 0.552734 0.968750 0.556641 0.972656 0.558594 0.972656 0.562500 0.984375 0.564453 0.986328 0.560547 0.994141 0.560547 0.992188 0.558594 0.994141 0.554688 0.998047 0.556641
0 0.933594 0.525391 0.933594 0.527344 0.931641 0.529297 0.933594 0.529297
0 0.937500 0.525391 0.937500 0.527344 0.939453 0.529297 0.941406 0.529297 0.941406 0.525391
0 0.955078 0.541016 0.955078 0.542969 0.958984 0.542969 0.960938 0.544922 0.960938 0.541016
0 0.271484 0.546875 0.269531 0.548828 0.267578 0.548828 0.267578 0.550781
0 0.328125 0.566406 0.328125 0.568359 0.330078 0.568359 0.330078 0.566406
0 0.898438 0.619141 0.898438 0.621094 0.904297 0.621094 0.904297 0.617188 0.900391 0.617188
0 0.910156 0.638672 0.910156 0.640625 0.908203 0.642578 0.906250 0.642578 0.904297 0.644531 0.904297 0.646484 0.908203 0.650391 0.908203 0.652344 0.912109 0.652344 0.914062 0.654297 0.912109 0.656250 0.910156 0.656250 0.908203 0.658203 0.908203 0.662109 0.912109 0.662109 0.914062 0.664062 0.912109 0.666016 0.914062 0.664062 0.919922 0.664062 0.919922 0.662109 0.921875 0.660156 0.919922 0.662109 0.917969 0.660156 0.917969 0.658203 0.919922 0.656250 0.919922 0.654297 0.917969 0.652344 0.919922 0.650391 0.917969 0.648438 0.917969 0.642578 0.916016 0.644531 0.914062 0.642578 0.914062 0.640625 0.912109 0.642578 0.910156 0.640625
0 0.626953 0.658203 0.628906 0.660156 0.628906 0.666016 0.632812 0.666016 0.634766 0.667969 0.632812 0.666016 0.634766 0.664062 0.634766 0.662109 0.636719 0.660156 0.638672 0.660156 0.640625 0.662109 0.640625 0.664062 0.642578 0.666016 0.642578 0.669922 0.646484 0.669922 0.648438 0.667969 0.652344 0.667969 0.650391 0.666016 0.650391 0.664062 0.648438 0.662109 0.652344 0.658203 0.646484 0.652344 0.642578 0.652344 0.640625 0.654297 0.636719 0.654297 0.634766 0.652344 0.636719 0.650391 0.638672 0.650391 0.634766 0.650391 0.630859 0.654297 0.628906 0.654297 0.628906 0.656250
0 0.103516 0.722656 0.103516 0.726562 0.107422 0.730469 0.107422 0.732422 0.113281 0.732422 0.115234 0.734375 0.117188 0.732422 0.117188 0.724609 0.115234 0.722656 0.113281 0.722656 0.111328 0.720703 0.109375 0.720703 0.107422 0.722656
0 0.837891 0.736328 0.843750 0.736328 0.845703 0.738281 0.843750 0.736328
0 0.531250 0.929688 0.531250 0.931641 0.533203 0.933594 0.531250 0.931641
0 0.998047 0.937500 0.996094 0.939453 0.998047 0.939453
0 0.179688 0.949219 0.179688 0.951172 0.183594 0.955078 0.183594 0.957031 0.189453 0.957031 0.191406 0.958984 0.193359 0.957031 0.197266 0.957031 0.195312 0.955078 0.197266 0.953125 0.197266 0.949219 0.195312 0.947266 0.189453 0.947266 0.187500 0.945312 0.185547 0.945312 0.183594 0.947266 0.181641 0.947266
0 0.464844 0.945312 0.464844 0.949219 0.470703 0.949219 0.472656 0.951172 0.476562 0.951172 0.478516 0.953125 0.490234 0.953125 0.490234 0.947266 0.488281 0.945312
0 0.037109 0.953125 0.035156 0.955078 0.033203 0.955078 0.031250 0.953125 0.025391 0.957031 0.019531 0.957031 0.017578 0.958984 0.009766 0.958984 0.009766 0.962891 0.007812 0.964844 0.007812 0.970703 0.005859 0.972656 0.009766 0.976562 0.011719 0.976562 0.013672 0.978516 0.013672 0.982422 0.015625 0.984375 0.015625 0.988281 0.017578 0.988281 0.019531 0.990234 0.019531 0.992188 0.027344 0.992188 0.027344 0.990234 0.035156 0.982422 0.035156 0.978516 0.037109 0.976562 0.042969 0.976562 0.041016 0.974609 0.041016 0.970703 0.039062 0.970703 0.037109 0.968750 0.037109 0.964844 0.035156 0.962891 0.035156 0.960938 0.037109 0.958984 0.037109 0.957031 0.035156 0.955078
0 0.298828 0.992188 0.308594 0.994141 0.310547 0.998047 0.310547 0.994141 0.312500 0.992188 0.318359 0.992188 0.322266 0.998047 0.351562 0.998047 0.355469 0.992188 0.359375 0.992188 0.361328 0.990234 0.363281 0.982422 0.369141 0.978516 0.367188 0.974609 0.371094 0.972656 0.369141 0.968750 0.371094 0.964844 0.369141 0.960938 0.367188 0.960938 0.365234 0.964844 0.361328 0.962891 0.355469 0.964844 0.345703 0.957031 0.318359 0.957031 0.318359 0.960938 0.314453 0.966797 0.300781 0.968750 0.300781 0.972656 0.304688 0.974609 0.302734 0.978516 0.298828 0.980469
0 0.392578 0.960938 0.392578 0.968750 0.390625 0.970703 0.390625 0.974609 0.396484 0.974609 0.398438 0.976562 0.431641 0.976562 0.435547 0.980469 0.435547 0.996094 0.433594 0.998047 0.449219 0.998047 0.443359 0.994141 0.443359 0.992188 0.447266 0.990234 0.447266 0.984375 0.443359 0.982422 0.443359 0.978516 0.437500 0.972656 0.433594 0.970703 0.429688 0.970703 0.427734 0.968750 0.423828 0.968750 0.419922 0.966797 0.417969 0.962891 0.416016 0.962891 0.414062 0.966797 0.410156 0.966797 0.406250 0.960938
0 0.375000 0.980469 0.375000 0.982422 0.376953 0.982422 0.376953 0.980469
0 0.142578 0.998047 0.191406 0.998047 0.189453 0.998047 0.187500 0.996094 0.181641 0.996094 0.177734 0.992188 0.171875 0.992188 0.169922 0.990234 0.169922 0.988281 0.166016 0.988281 0.166016 0.990234 0.164062 0.992188 0.162109 0.990234 0.158203 0.994141 0.154297 0.994141 0.152344 0.996094 0.144531 0.996094
1 0.384766 0.000000 0.386719 0.000000 0.390625 0.003906 0.390625 0.005859 0.394531 0.005859 0.396484 0.007812 0.402344 0.007812 0.402344 0.005859 0.404297 0.003906 0.421875 0.003906 0.417969 0.003906 0.416016 0.001953 0.406250 0.001953 0.404297 0.000000
1 0.294922 0.013672 0.292969 0.013672 0.291016 0.011719 0.289062 0.013672 0.287109 0.013672 0.287109 0.015625 0.289062 0.015625 0.291016 0.013672 0.292969 0.015625
1 0.937500 0.017578 0.937500 0.021484 0.937500 0.019531 0.941406 0.015625 0.943359 0.017578 0.951172 0.017578 0.953125 0.019531 0.953125 0.021484 0.955078 0.023438 0.957031 0.023438 0.958984 0.025391 0.962891 0.021484 0.962891 0.019531 0.958984 0.019531 0.955078 0.015625 0.951172 0.015625 0.949219 0.013672 0.947266 0.013672 0.945312 0.015625 0.943359 0.015625 0.941406 0.013672 0.939453 0.013672 0.941406 0.015625 0.939453 0.017578
1 0.236328 0.021484 0.232422 0.021484 0.228516 0.025391 0.226562 0.023438 0.224609 0.023438 0.224609 0.025391 0.228516 0.025391 0.230469 0.023438 0.232422 0.023438 0.234375 0.021484
1 0.265625 0.021484 0.265625 0.025391 0.267578 0.025391 0.269531 0.023438 0.271484 0.023438 0.269531 0.023438 0.267578 0.021484
1 0.796875 0.019531 0.798828 0.021484 0.798828 0.023438 0.802734 0.023438 0.800781 0.021484 0.798828 0.021484
1 0.992188 0.019531 0.992188 0.023438 0.994141 0.023438 0.996094 0.025391 0.998047 0.025391 0.998047 0.019531
1 0.263672 0.033203 0.261719 0.033203 0.259766 0.031250 0.255859 0.035156 0.255859 0.037109 0.259766 0.037109 0.259766 0.035156 0.261719 0.033203
1 0.951172 0.033203 0.947266 0.033203 0.947266 0.037109 0.947266 0.035156 0.949219 0.033203
1 0.255859 0.041016 0.257812 0.042969 0.259766 0.042969 0.259766 0.041016
1 0.427734 0.044922 0.425781 0.044922 0.425781 0.046875 0.423828 0.048828 0.427734 0.048828
1 0.251953 0.046875 0.253906 0.046875 0.255859 0.048828 0.255859 0.046875
1 0.437500 0.046875 0.437500 0.048828 0.439453 0.048828 0.439453 0.046875
1 0.845703 0.046875 0.847656 0.048828 0.849609 0.048828 0.847656 0.046875
1 0.275391 0.050781 0.273438 0.052734 0.275391 0.052734
1 0.861328 0.050781 0.861328 0.052734 0.863281 0.052734 0.863281 0.050781
1 0.246094 0.054688 0.246094 0.056641 0.248047 0.058594 0.251953 0.058594 0.251953 0.054688
1 0.333984 0.058594 0.333984 0.062500 0.335938 0.062500 0.335938 0.058594
1 0.777344 0.062500 0.779297 0.064453 0.781250 0.062500 0.783203 0.062500 0.785156 0.060547 0.787109 0.060547 0.781250 0.060547 0.779297 0.062500
1 0.187500 0.068359 0.195312 0.068359 0.197266 0.070312 0.210938 0.070312 0.205078 0.070312 0.203125 0.068359
1 0.242188 0.068359 0.242188 0.072266 0.244141 0.072266 0.246094 0.070312 0.251953 0.070312 0.248047 0.070312 0.246094 0.068359
1 0.224609 0.072266 0.224609 0.074219 0.228516 0.074219 0.230469 0.076172 0.234375 0.076172 0.234375 0.072266
1 0.875000 0.070312 0.875000 0.074219 0.876953 0.076172 0.880859 0.076172 0.884766 0.080078 0.886719 0.080078 0.884766 0.080078 0.880859 0.076172 0.878906 0.076172 0.876953 0.074219 0.876953 0.072266
1 0.265625 0.082031 0.265625 0.083984 0.269531 0.083984 0.271484 0.085938 0.271484 0.087891 0.271484 0.082031
1 0.326172 0.083984 0.326172 0.085938 0.328125 0.085938
1 0.890625 0.083984 0.890625 0.085938 0.892578 0.085938
1 0.865234 0.085938 0.863281 0.087891 0.865234 0.089844 0.865234 0.095703 0.865234 0.093750 0.867188 0.091797 0.867188 0.087891
1 0.707031 0.089844 0.707031 0.091797 0.710938 0.091797 0.712891 0.093750 0.722656 0.093750 0.724609 0.091797 0.732422 0.091797 0.718750 0.091797 0.716797 0.093750 0.714844 0.093750 0.712891 0.091797 0.708984 0.091797
1 0.902344 0.089844 0.904297 0.089844 0.906250 0.091797 0.908203 0.089844
1 0.339844 0.093750 0.341797 0.095703 0.345703 0.095703 0.347656 0.097656 0.349609 0.097656 0.351562 0.099609 0.351562 0.101562 0.357422 0.101562 0.359375 0.103516 0.363281 0.103516 0.365234 0.105469 0.369141 0.105469 0.371094 0.107422 0.375000 0.107422 0.371094 0.107422 0.367188 0.103516 0.367188 0.101562 0.363281 0.101562 0.361328 0.099609 0.351562 0.099609 0.347656 0.095703 0.343750 0.095703 0.341797 0.093750
1 0.751953 0.093750 0.750000 0.093750 0.746094 0.097656 0.744141 0.097656 0.742188 0.099609 0.742188 0.101562 0.746094 0.101562 0.746094 0.099609
1 0.765625 0.097656 0.767578 0.097656 0.771484 0.101562 0.773438 0.101562 0.775391 0.099609 0.771484 0.099609 0.769531 0.097656
1 0.376953 0.101562 0.376953 0.103516 0.378906 0.103516 0.378906 0.101562
1 0.496094 0.103516 0.501953 0.103516 0.503906 0.105469 0.517578 0.105469 0.503906 0.105469 0.501953 0.103516
1 0.730469 0.105469 0.732422 0.105469 0.734375 0.107422 0.742188 0.107422 0.740234 0.107422 0.738281 0.105469 0.738281 0.103516 0.736328 0.103516 0.734375 0.101562 0.734375 0.103516 0.732422 0.105469
1 0.750000 0.103516 0.750000 0.105469 0.748047 0.107422 0.750000 0.105469
1 0.828125 0.101562 0.826172 0.103516 0.824219 0.103516 0.822266 0.105469 0.816406 0.105469 0.814453 0.107422 0.810547 0.107422 0.812500 0.109375 0.818359 0.109375 0.820312 0.111328 0.822266 0.111328 0.822266 0.105469 0.824219 0.103516 0.828125 0.103516
1 0.708984 0.105469 0.707031 0.105469 0.707031 0.107422
1 0.019531 0.113281 0.019531 0.117188 0.023438 0.117188 0.025391 0.115234 0.027344 0.117188 0.029297 0.117188 0.027344 0.117188 0.023438 0.113281
1 0.744141 0.115234 0.744141 0.117188 0.746094 0.117188
1 0.781250 0.117188 0.781250 0.113281 0.779297 0.115234 0.771484 0.115234 0.775391 0.115234 0.777344 0.117188 0.777344 0.119141 0.779297 0.117188
1 0.935547 0.113281 0.937500 0.115234 0.939453 0.115234 0.939453 0.113281
1 0.255859 0.119141 0.255859 0.121094 0.257812 0.121094 0.257812 0.119141
1 0.398438 0.117188 0.402344 0.121094 0.402344 0.125000 0.404297 0.125000 0.402344 0.123047 0.402344 0.121094
1 0.689453 0.119141 0.689453 0.123047 0.691406 0.123047 0.689453 0.121094
1 0.695312 0.117188 0.695312 0.121094 0.697266 0.123047 0.695312 0.125000 0.695312 0.126953 0.697266 0.125000 0.697266 0.123047 0.695312 0.121094
1 0.716797 0.119141 0.716797 0.123047 0.720703 0.123047 0.720703 0.121094 0.718750 0.121094
1 0.730469 0.119141 0.730469 0.125000 0.732422 0.126953 0.732422 0.128906 0.734375 0.128906 0.732422 0.126953 0.732422 0.121094
1 0.701172 0.121094 0.701172 0.123047 0.703125 0.123047 0.703125 0.121094
1 0.035156 0.125000 0.039062 0.125000 0.041016 0.126953 0.042969 0.126953 0.042969 0.125000
1 0.408203 0.126953 0.410156 0.128906 0.412109 0.128906 0.414062 0.130859 0.417969 0.130859 0.414062 0.130859 0.412109 0.128906 0.410156 0.128906
1 0.707031 0.126953 0.703125 0.130859 0.701172 0.130859 0.701172 0.132812 0.699219 0.134766 0.703125 0.134766 0.703125 0.132812 0.707031 0.128906
1 0.765625 0.125000 0.765625 0.128906 0.767578 0.126953 0.769531 0.128906 0.769531 0.125000
1 0.855469 0.125000 0.853516 0.125000 0.851562 0.126953 0.849609 0.126953 0.851562 0.128906 0.851562 0.132812 0.853516 0.132812 0.851562 0.130859 0.851562 0.126953 0.853516 0.125000
1 0.933594 0.125000 0.929688 0.128906 0.931641 0.130859 0.931641 0.132812 0.933594 0.130859 0.931641 0.128906 0.933594 0.126953
1 0.000000 0.130859 0.000000 0.132812 0.025391 0.132812 0.025391 0.130859 0.007812 0.130859 0.005859 0.132812 0.003906 0.130859
1 0.628906 0.128906 0.628906 0.132812 0.626953 0.134766 0.625000 0.134766 0.625000 0.138672 0.632812 0.138672 0.632812 0.136719 0.630859 0.136719 0.628906 0.134766
1 0.734375 0.134766 0.732422 0.132812 0.734375 0.134766 0.730469 0.138672 0.728516 0.138672 0.732422 0.138672 0.734375 0.136719
1 0.228516 0.138672 0.230469 0.138672 0.232422 0.140625 0.232422 0.142578 0.234375 0.142578 0.234375 0.140625 0.232422 0.138672
1 0.697266 0.138672 0.697266 0.140625 0.695312 0.142578 0.695312 0.146484 0.697266 0.148438 0.697266 0.150391 0.695312 0.152344 0.697266 0.150391 0.701172 0.150391 0.703125 0.148438 0.705078 0.148438 0.699219 0.148438 0.697266 0.146484 0.699219 0.144531 0.703125 0.144531 0.699219 0.144531 0.697266 0.142578
1 0.728516 0.144531 0.740234 0.144531 0.740234 0.142578 0.732422 0.142578 0.730469 0.144531
1 0.777344 0.142578 0.775391 0.142578 0.775391 0.146484 0.775391 0.144531
1 0.619141 0.146484 0.619141 0.148438 0.626953 0.148438 0.628906 0.150391 0.638672 0.150391 0.630859 0.150391 0.628906 0.148438 0.626953 0.148438 0.625000 0.146484
1 0.744141 0.146484 0.746094 0.146484 0.748047 0.148438 0.755859 0.148438 0.757812 0.146484 0.755859 0.146484 0.753906 0.148438 0.751953 0.148438 0.750000 0.146484
1 0.847656 0.144531 0.845703 0.146484 0.843750 0.146484 0.843750 0.152344 0.845703 0.152344 0.845703 0.150391 0.847656 0.148438
1 0.652344 0.152344 0.658203 0.152344 0.660156 0.154297 0.662109 0.152344 0.664062 0.152344 0.662109 0.150391 0.654297 0.150391
1 0.296875 0.152344 0.298828 0.154297 0.306641 0.154297 0.308594 0.156250 0.308594 0.158203 0.316406 0.158203 0.316406 0.156250 0.308594 0.156250 0.306641 0.154297 0.302734 0.154297 0.300781 0.152344
1 0.699219 0.154297 0.699219 0.156250 0.701172 0.158203 0.703125 0.158203 0.708984 0.164062 0.708984 0.166016 0.712891 0.162109 0.714844 0.162109 0.714844 0.156250 0.710938 0.160156 0.707031 0.156250 0.707031 0.154297 0.707031 0.156250 0.705078 0.158203 0.703125 0.156250 0.703125 0.154297
1 0.322266 0.156250 0.322266 0.158203 0.324219 0.158203 0.326172 0.160156 0.328125 0.160156 0.330078 0.162109 0.333984 0.162109 0.332031 0.162109 0.330078 0.160156 0.330078 0.158203 0.328125 0.158203 0.326172 0.160156 0.324219 0.158203 0.324219 0.156250
1 0.478516 0.156250 0.476562 0.156250 0.474609 0.158203 0.470703 0.158203 0.470703 0.160156 0.474609 0.160156 0.474609 0.158203 0.476562 0.156250
1 0.501953 0.156250 0.503906 0.158203 0.505859 0.158203 0.507812 0.160156 0.517578 0.160156 0.519531 0.162109 0.521484 0.160156 0.521484 0.158203 0.519531 0.158203 0.517578 0.160156 0.509766 0.160156 0.507812 0.158203 0.503906 0.158203
1 0.720703 0.164062 0.722656 0.164062 0.724609 0.166016 0.722656 0.164062
1 0.728516 0.167969 0.738281 0.167969 0.740234 0.169922 0.740234 0.167969
1 0.748047 0.169922 0.748047 0.171875 0.751953 0.171875 0.750000 0.169922
1 0.996094 0.177734 0.994141 0.177734 0.992188 0.179688 0.992188 0.185547 0.990234 0.187500 0.990234 0.189453 0.996094 0.189453 0.996094 0.185547 0.998047 0.183594 0.998047 0.181641 0.996094 0.179688
1 0.712891 0.185547 0.708984 0.185547 0.710938 0.187500 0.708984 0.189453 0.708984 0.191406 0.710938 0.191406 0.710938 0.187500
1 0.718750 0.185547 0.718750 0.191406 0.716797 0.193359 0.714844 0.193359 0.716797 0.193359 0.718750 0.191406
1 0.076172 0.197266 0.078125 0.199219 0.083984 0.199219 0.078125 0.199219
1 0.574219 0.195312 0.574219 0.197266 0.580078 0.197266 0.578125 0.197266 0.576172 0.195312
1 0.199219 0.199219 0.201172 0.201172 0.208984 0.201172 0.203125 0.201172 0.201172 0.199219
1 0.408203 0.201172 0.408203 0.203125 0.410156 0.205078 0.412109 0.205078 0.416016 0.208984 0.419922 0.208984 0.421875 0.210938 0.417969 0.207031 0.417969 0.205078 0.416016 0.205078 0.414062 0.207031 0.412109 0.205078 0.410156 0.205078 0.408203 0.203125
1 0.603516 0.205078 0.607422 0.205078 0.609375 0.207031 0.613281 0.207031 0.609375 0.207031 0.607422 0.205078
1 0.623047 0.205078 0.625000 0.205078 0.626953 0.207031 0.630859 0.207031 0.632812 0.208984 0.638672 0.208984 0.640625 0.210938 0.646484 0.210938 0.648438 0.212891 0.648438 0.216797 0.650391 0.218750 0.654297 0.218750 0.652344 0.216797 0.652344 0.212891 0.650391 0.210938 0.642578 0.210938 0.640625 0.208984 0.636719 0.208984 0.634766 0.207031 0.630859 0.207031 0.628906 0.205078
1 0.626953 0.214844 0.628906 0.212891 0.632812 0.212891 0.626953 0.212891
1 0.763672 0.210938 0.761719 0.210938 0.759766 0.212891 0.757812 0.212891 0.757812 0.214844 0.759766 0.212891 0.761719 0.212891
1 0.707031 0.218750 0.707031 0.220703 0.708984 0.222656 0.707031 0.224609 0.712891 0.224609 0.714844 0.222656 0.720703 0.222656 0.722656 0.224609 0.728516 0.224609 0.730469 0.226562 0.736328 0.226562 0.738281 0.228516 0.736328 0.230469 0.730469 0.230469 0.736328 0.230469 0.738281 0.232422 0.748047 0.232422 0.750000 0.230469 0.751953 0.232422 0.761719 0.232422 0.759766 0.232422 0.757812 0.230469 0.753906 0.230469 0.751953 0.228516 0.742188 0.228516 0.740234 0.226562 0.730469 0.226562 0.728516 0.224609 0.724609 0.224609 0.722656 0.222656 0.708984 0.222656 0.707031 0.220703
1 0.664062 0.222656 0.666016 0.224609 0.669922 0.224609 0.671875 0.226562 0.673828 0.226562 0.671875 0.226562 0.669922 0.224609 0.667969 0.224609 0.666016 0.222656
1 0.486328 0.228516 0.490234 0.228516 0.492188 0.230469 0.494141 0.230469 0.492188 0.228516
1 0.677734 0.228516 0.679688 0.228516 0.681641 0.230469 0.683594 0.230469 0.685547 0.228516 0.687500 0.230469 0.687500 0.232422 0.699219 0.232422 0.695312 0.232422 0.693359 0.230469 0.689453 0.230469 0.687500 0.228516
1 0.982422 0.226562 0.982422 0.228516 0.984375 0.228516 0.984375 0.226562
1 0.880859 0.232422 0.882812 0.234375 0.890625 0.234375 0.888672 0.232422 0.886719 0.232422 0.884766 0.234375 0.882812 0.232422
1 0.601562 0.236328 0.599609 0.238281 0.599609 0.240234 0.601562 0.242188 0.603516 0.242188 0.601562 0.240234 0.601562 0.238281 0.603516 0.236328
1 0.902344 0.240234 0.904297 0.242188 0.906250 0.242188 0.906250 0.240234 0.908203 0.238281 0.912109 0.238281 0.910156 0.236328 0.904297 0.236328 0.902344 0.238281
1 0.187500 0.238281 0.183594 0.242188 0.185547 0.244141 0.185547 0.248047 0.189453 0.244141 0.189453 0.242188 0.187500 0.240234
1 0.712891 0.238281 0.712891 0.240234 0.714844 0.240234 0.716797 0.242188 0.714844 0.240234 0.714844 0.238281
1 0.392578 0.257812 0.392578 0.261719 0.394531 0.261719 0.396484 0.263672 0.406250 0.263672 0.412109 0.259766 0.416016 0.259766 0.419922 0.263672 0.425781 0.263672 0.427734 0.265625 0.429688 0.265625 0.427734 0.265625 0.425781 0.263672 0.425781 0.259766 0.423828 0.257812 0.423828 0.259766 0.421875 0.261719 0.419922 0.259766 0.419922 0.257812 0.416016 0.253906 0.414062 0.253906 0.412109 0.255859 0.410156 0.255859 0.406250 0.251953 0.406250 0.250000 0.404297 0.248047 0.406250 0.250000 0.406250 0.259766 0.404297 0.261719 0.396484 0.261719 0.394531 0.259766 0.394531 0.257812
1 0.597656 0.248047 0.597656 0.251953 0.593750 0.255859 0.593750 0.259766 0.595703 0.257812 0.595703 0.255859 0.597656 0.253906
1 0.880859 0.251953 0.882812 0.253906 0.886719 0.253906 0.882812 0.253906
1 0.962891 0.250000 0.962891 0.253906 0.960938 0.255859 0.960938 0.257812 0.962891 0.255859
1 0.179688 0.263672 0.177734 0.261719 0.175781 0.261719 0.173828 0.263672 0.167969 0.263672 0.167969 0.265625 0.169922 0.265625 0.171875 0.267578 0.169922 0.269531 0.166016 0.269531 0.162109 0.273438 0.158203 0.273438 0.166016 0.273438 0.167969 0.271484 0.169922 0.271484 0.175781 0.265625 0.179688 0.265625
1 0.517578 0.267578 0.517578 0.269531 0.519531 0.269531 0.519531 0.267578
1 0.855469 0.271484 0.857422 0.273438 0.859375 0.273438 0.859375 0.271484
1 0.525391 0.273438 0.529297 0.277344 0.531250 0.277344 0.533203 0.279297 0.533203 0.275391 0.529297 0.275391 0.527344 0.273438
1 0.863281 0.275391 0.865234 0.275391 0.867188 0.273438 0.873047 0.273438 0.865234 0.273438
1 0.996094 0.273438 0.994141 0.273438 0.994141 0.275391
1 0.539062 0.279297 0.539062 0.281250 0.541016 0.279297 0.542969 0.281250 0.544922 0.281250 0.546875 0.283203 0.548828 0.283203 0.550781 0.285156 0.550781 0.287109 0.554688 0.287109 0.554688 0.283203 0.546875 0.283203 0.544922 0.281250 0.544922 0.279297
1 0.175781 0.283203 0.167969 0.283203 0.167969 0.285156 0.166016 0.287109 0.166016 0.291016 0.167969 0.292969 0.171875 0.292969 0.171875 0.287109 0.173828 0.285156 0.175781 0.285156
1 0.582031 0.283203 0.580078 0.283203 0.578125 0.285156 0.578125 0.291016 0.578125 0.287109 0.580078 0.285156 0.582031 0.285156
1 0.150391 0.291016 0.152344 0.291016 0.154297 0.292969 0.156250 0.292969 0.158203 0.291016 0.160156 0.291016 0.164062 0.294922 0.164062 0.298828 0.162109 0.300781 0.158203 0.300781 0.156250 0.298828 0.158203 0.300781 0.162109 0.300781 0.164062 0.302734 0.164062 0.304688 0.167969 0.304688 0.167969 0.302734 0.169922 0.300781 0.175781 0.300781 0.171875 0.300781 0.169922 0.298828 0.169922 0.296875 0.166016 0.296875 0.162109 0.292969 0.162109 0.289062 0.156250 0.289062 0.154297 0.291016
1 0.146484 0.294922 0.146484 0.296875 0.148438 0.296875 0.148438 0.294922
1 0.312500 0.294922 0.326172 0.294922 0.328125 0.296875 0.339844 0.296875 0.341797 0.298828 0.345703 0.298828 0.347656 0.296875 0.353516 0.296875 0.341797 0.296875 0.339844 0.294922 0.339844 0.292969 0.339844 0.294922 0.337891 0.296875 0.335938 0.296875 0.333984 0.294922 0.333984 0.292969 0.314453 0.292969
1 0.365234 0.294922 0.365234 0.298828 0.382812 0.298828 0.369141 0.298828 0.367188 0.296875 0.367188 0.294922
1 0.142578 0.296875 0.140625 0.298828 0.142578 0.298828
1 0.009766 0.304688 0.009766 0.306641 0.011719 0.306641 0.011719 0.304688
1 0.488281 0.310547 0.488281 0.312500 0.490234 0.312500 0.492188 0.314453 0.494141 0.314453 0.498047 0.318359 0.501953 0.318359 0.498047 0.318359 0.492188 0.312500 0.490234 0.312500
1 0.015625 0.312500 0.015625 0.314453 0.013672 0.316406 0.009766 0.316406 0.009766 0.318359 0.011719 0.318359 0.015625 0.322266 0.015625 0.324219 0.017578 0.322266 0.017578 0.318359 0.015625 0.316406
1 0.675781 0.312500 0.675781 0.314453 0.681641 0.314453 0.683594 0.316406 0.681641 0.314453 0.681641 0.312500
1 0.875000 0.318359 0.875000 0.320312 0.876953 0.320312 0.876953 0.318359
1 0.152344 0.333984 0.158203 0.333984 0.160156 0.332031 0.160156 0.330078 0.154297 0.330078 0.154297 0.332031
1 0.117188 0.333984 0.111328 0.333984 0.107422 0.337891 0.105469 0.335938 0.103516 0.335938 0.101562 0.337891 0.099609 0.337891 0.099609 0.339844 0.097656 0.341797 0.089844 0.341797 0.085938 0.345703 0.085938 0.347656 0.087891 0.349609 0.087891 0.347656 0.089844 0.345703 0.091797 0.347656 0.091797 0.345703 0.093750 0.343750 0.095703 0.343750 0.097656 0.341797 0.099609 0.341797 0.101562 0.339844 0.105469 0.339844 0.109375 0.335938 0.111328 0.337891 0.111328 0.335938 0.113281 0.333984
1 0.587891 0.349609 0.589844 0.349609 0.591797 0.351562 0.593750 0.351562 0.591797 0.351562 0.589844 0.349609 0.589844 0.347656
1 0.642578 0.355469 0.640625 0.353516 0.640625 0.355469 0.638672 0.357422 0.642578 0.357422
1 0.957031 0.353516 0.955078 0.353516 0.955078 0.357422 0.955078 0.355469
1 0.175781 0.355469 0.171875 0.355469 0.169922 0.357422 0.169922 0.365234 0.167969 0.367188 0.167969 0.369141 0.166016 0.371094 0.164062 0.371094 0.162109 0.373047 0.160156 0.373047 0.158203 0.375000 0.156250 0.375000 0.154297 0.373047 0.150391 0.373047 0.150391 0.375000 0.162109 0.375000 0.164062 0.373047 0.171875 0.373047 0.171875 0.371094 0.173828 0.369141 0.173828 0.365234 0.175781 0.363281 0.173828 0.361328 0.175781 0.359375
1 0.960938 0.355469 0.960938 0.357422 0.957031 0.361328 0.953125 0.361328 0.951172 0.363281 0.949219 0.363281 0.951172 0.365234 0.949219 0.367188 0.947266 0.367188 0.947266 0.371094 0.945312 0.373047 0.945312 0.375000 0.939453 0.380859 0.939453 0.382812 0.941406 0.380859 0.941406 0.378906 0.943359 0.376953 0.945312 0.378906 0.945312 0.380859 0.945312 0.378906 0.947266 0.376953 0.951172 0.376953 0.951172 0.373047 0.953125 0.371094 0.953125 0.365234 0.958984 0.359375 0.960938 0.359375
1 0.474609 0.365234 0.478516 0.369141 0.480469 0.369141 0.478516 0.369141
1 0.691406 0.373047 0.691406 0.375000 0.693359 0.375000 0.695312 0.376953 0.697266 0.376953 0.695312 0.376953 0.693359 0.375000 0.693359 0.373047
1 0.281250 0.376953 0.279297 0.378906 0.279297 0.382812 0.279297 0.380859 0.281250 0.378906
1 0.539062 0.375000 0.541016 0.376953 0.539062 0.378906 0.541016 0.376953 0.542969 0.376953 0.541016 0.375000
1 0.113281 0.384766 0.119141 0.384766 0.121094 0.386719 0.117188 0.390625 0.119141 0.390625 0.121094 0.388672 0.123047 0.388672 0.121094 0.386719 0.121094 0.384766 0.119141 0.382812 0.115234 0.382812
1 0.066406 0.388672 0.062500 0.392578 0.064453 0.392578 0.066406 0.390625
1 0.623047 0.386719 0.623047 0.388672 0.621094 0.390625 0.621094 0.396484 0.619141 0.398438 0.621094 0.396484 0.621094 0.392578 0.623047 0.390625
1 0.937500 0.386719 0.935547 0.386719 0.935547 0.390625 0.935547 0.388672
1 0.101562 0.392578 0.099609 0.394531 0.101562 0.396484 0.101562 0.398438 0.103516 0.398438 0.105469 0.400391 0.105469 0.396484
1 0.283203 0.390625 0.283203 0.392578 0.281250 0.394531 0.281250 0.398438 0.281250 0.396484 0.283203 0.394531
1 0.523438 0.392578 0.523438 0.394531 0.525391 0.396484 0.531250 0.396484 0.529297 0.396484 0.525391 0.392578
1 0.441406 0.396484 0.441406 0.398438 0.443359 0.398438
1 0.507812 0.394531 0.509766 0.396484 0.517578 0.396484 0.517578 0.394531
1 0.103516 0.404297 0.101562 0.406250 0.101562 0.410156 0.099609 0.412109 0.101562 0.412109 0.101562 0.406250
1 0.453125 0.404297 0.455078 0.406250 0.457031 0.406250 0.458984 0.408203 0.460938 0.408203 0.462891 0.410156 0.464844 0.410156 0.462891 0.410156 0.460938 0.408203 0.458984 0.408203 0.457031 0.406250 0.455078 0.406250
1 0.490234 0.406250 0.494141 0.406250 0.496094 0.408203 0.496094 0.406250 0.498047 0.404297 0.492188 0.404297
1 0.066406 0.408203 0.068359 0.410156 0.068359 0.412109 0.068359 0.408203
1 0.435547 0.414062 0.437500 0.416016 0.437500 0.417969 0.441406 0.417969 0.441406 0.416016 0.443359 0.414062 0.445312 0.414062 0.439453 0.414062 0.437500 0.412109
1 0.468750 0.412109 0.470703 0.414062 0.472656 0.414062 0.474609 0.416016 0.476562 0.416016 0.474609 0.416016 0.472656 0.414062 0.470703 0.414062
1 0.603516 0.410156 0.609375 0.410156 0.611328 0.412109 0.619141 0.412109 0.611328 0.412109 0.609375 0.410156
1 0.089844 0.416016 0.089844 0.421875 0.091797 0.419922 0.093750 0.419922 0.095703 0.421875 0.097656 0.421875 0.095703 0.421875 0.093750 0.419922 0.091797 0.419922 0.089844 0.417969
1 0.105469 0.416016 0.105469 0.419922 0.103516 0.421875 0.103516 0.425781 0.105469 0.425781
1 0.431641 0.414062 0.429688 0.416016 0.429688 0.421875 0.429688 0.419922 0.431641 0.417969
1 0.015625 0.421875 0.023438 0.421875 0.025391 0.419922 0.027344 0.419922 0.029297 0.417969 0.031250 0.417969 0.015625 0.417969
1 0.095703 0.425781 0.093750 0.427734 0.095703 0.429688
1 0.130859 0.433594 0.136719 0.433594 0.138672 0.435547 0.140625 0.435547 0.142578 0.433594 0.144531 0.433594 0.144531 0.431641 0.136719 0.431641 0.134766 0.433594
1 0.314453 0.441406 0.316406 0.443359 0.316406 0.445312 0.320312 0.445312 0.318359 0.443359 0.316406 0.443359
1 0.326172 0.447266 0.328125 0.447266 0.330078 0.449219 0.330078 0.451172 0.335938 0.451172 0.335938 0.447266 0.332031 0.447266 0.330078 0.449219 0.328125 0.447266
1 0.359375 0.449219 0.357422 0.447266 0.355469 0.449219 0.353516 0.447266 0.351562 0.447266 0.349609 0.449219 0.339844 0.449219 0.339844 0.451172 0.341797 0.451172 0.343750 0.453125 0.345703 0.453125 0.347656 0.451172 0.349609 0.451172 0.351562 0.449219
1 0.216797 0.451172 0.220703 0.455078 0.224609 0.455078 0.224609 0.453125 0.220703 0.453125 0.218750 0.451172
1 0.498047 0.449219 0.500000 0.451172 0.501953 0.449219 0.503906 0.451172 0.503906 0.453125 0.505859 0.453125 0.507812 0.455078 0.509766 0.455078 0.511719 0.457031 0.511719 0.460938 0.511719 0.458984 0.513672 0.457031 0.511719 0.455078 0.507812 0.455078 0.503906 0.451172 0.503906 0.449219
1 0.126953 0.453125 0.125000 0.453125 0.123047 0.455078 0.121094 0.455078 0.119141 0.457031 0.119141 0.460938 0.121094 0.458984 0.126953 0.458984
1 0.083984 0.462891 0.076172 0.462891 0.078125 0.462891 0.080078 0.464844 0.078125 0.466797 0.076172 0.466797 0.074219 0.468750 0.074219 0.476562 0.074219 0.472656 0.076172 0.470703 0.076172 0.468750 0.078125 0.466797 0.082031 0.466797 0.082031 0.464844
1 0.515625 0.464844 0.517578 0.464844 0.519531 0.466797 0.521484 0.466797 0.525391 0.470703 0.527344 0.470703 0.529297 0.468750 0.533203 0.472656 0.535156 0.472656 0.537109 0.474609 0.537109 0.478516 0.546875 0.478516 0.548828 0.480469 0.548828 0.482422 0.550781 0.484375 0.552734 0.484375 0.544922 0.476562 0.542969 0.476562 0.541016 0.474609 0.539062 0.474609 0.537109 0.472656 0.535156 0.472656 0.533203 0.470703 0.531250 0.470703 0.529297 0.468750 0.523438 0.468750 0.517578 0.462891
1 0.343750 0.464844 0.345703 0.466797 0.347656 0.466797 0.349609 0.468750 0.351562 0.468750 0.351562 0.466797 0.347656 0.466797 0.345703 0.464844
1 0.117188 0.470703 0.113281 0.470703 0.113281 0.476562 0.117188 0.472656
1 0.103516 0.486328 0.101562 0.486328 0.101562 0.488281
1 0.906250 0.486328 0.908203 0.488281 0.908203 0.490234 0.910156 0.490234 0.912109 0.492188 0.914062 0.492188 0.916016 0.494141 0.916016 0.496094 0.919922 0.496094 0.919922 0.490234 0.917969 0.490234 0.916016 0.488281 0.914062 0.488281 0.912109 0.486328
1 0.980469 0.484375 0.978516 0.486328 0.976562 0.486328 0.976562 0.492188 0.980469 0.492188 0.980469 0.488281 0.982422 0.486328
1 0.291016 0.500000 0.292969 0.498047 0.298828 0.498047 0.300781 0.496094 0.302734 0.496094 0.304688 0.498047 0.306641 0.498047 0.308594 0.500000 0.310547 0.500000 0.308594 0.500000 0.306641 0.498047 0.304688 0.498047 0.300781 0.494141 0.296875 0.494141
1 0.826172 0.496094 0.832031 0.496094 0.830078 0.494141 0.828125 0.494141
1 0.099609 0.500000 0.101562 0.501953 0.101562 0.503906 0.105469 0.503906 0.103516 0.503906
1 0.285156 0.500000 0.283203 0.500000 0.281250 0.501953 0.279297 0.501953 0.277344 0.503906 0.273438 0.503906 0.273438 0.505859 0.267578 0.511719 0.263672 0.511719 0.263672 0.513672 0.261719 0.515625 0.259766 0.515625 0.257812 0.517578 0.259766 0.519531 0.261719 0.519531 0.261719 0.517578 0.263672 0.515625 0.263672 0.513672 0.265625 0.511719 0.275391 0.511719 0.277344 0.509766 0.277344 0.507812
1 0.498047 0.503906 0.494141 0.503906 0.492188 0.501953 0.490234 0.503906 0.482422 0.503906 0.480469 0.505859 0.480469 0.507812 0.482422 0.505859 0.492188 0.505859 0.494141 0.503906
1 0.312500 0.503906 0.312500 0.507812 0.314453 0.505859
1 0.318359 0.503906 0.320312 0.505859 0.322266 0.505859 0.322266 0.503906
1 0.330078 0.505859 0.330078 0.509766 0.332031 0.509766 0.333984 0.511719 0.335938 0.511719 0.333984 0.509766 0.333984 0.507812 0.332031 0.505859
1 0.468750 0.509766 0.466797 0.511719 0.464844 0.511719 0.464844 0.513672 0.468750 0.513672
1 0.607422 0.509766 0.611328 0.509766 0.613281 0.511719 0.617188 0.511719 0.615234 0.509766
1 0.343750 0.513672 0.343750 0.517578 0.345703 0.515625 0.349609 0.515625 0.353516 0.519531 0.359375 0.519531 0.361328 0.521484 0.369141 0.521484 0.371094 0.523438 0.369141 0.521484 0.363281 0.521484 0.361328 0.519531 0.359375 0.519531 0.357422 0.517578 0.351562 0.517578 0.349609 0.515625 0.347656 0.515625 0.345703 0.513672
1 0.324219 0.517578 0.322266 0.517578 0.322266 0.519531
1 0.642578 0.517578 0.644531 0.519531 0.646484 0.519531 0.646484 0.517578
1 0.931641 0.515625 0.931641 0.519531 0.935547 0.523438 0.935547 0.527344 0.935547 0.525391 0.939453 0.521484 0.945312 0.521484 0.943359 0.521484 0.941406 0.519531 0.937500 0.519531 0.933594 0.515625
1 0.318359 0.521484 0.316406 0.521484 0.316406 0.523438
1 0.390625 0.535156 0.388672 0.533203 0.388672 0.531250 0.386719 0.529297 0.386719 0.527344 0.388672 0.525391 0.388672 0.523438 0.386719 0.525391 0.375000 0.525391 0.378906 0.525391 0.382812 0.529297 0.384766 0.529297 0.386719 0.531250 0.386719 0.533203 0.388672 0.535156
1 0.306641 0.537109 0.304688 0.539062 0.308594 0.542969 0.308594 0.548828 0.310547 0.546875 0.312500 0.546875 0.314453 0.548828 0.314453 0.550781 0.314453 0.546875 0.312500 0.544922 0.312500 0.542969
1 0.341797 0.537109 0.335938 0.542969 0.335938 0.550781 0.333984 0.552734 0.332031 0.550781 0.332031 0.546875 0.332031 0.550781 0.333984 0.552734 0.335938 0.552734 0.335938 0.544922 0.337891 0.542969 0.337891 0.541016
1 0.585938 0.535156 0.578125 0.542969 0.578125 0.546875 0.578125 0.544922 0.580078 0.542969 0.580078 0.541016 0.582031 0.539062 0.583984 0.539062 0.583984 0.537109
1 0.259766 0.539062 0.259766 0.541016 0.263672 0.541016 0.261719 0.539062
1 0.271484 0.548828 0.273438 0.550781 0.277344 0.550781 0.279297 0.552734 0.283203 0.552734 0.279297 0.552734 0.277344 0.550781 0.275391 0.550781 0.273438 0.548828
1 0.101562 0.550781 0.099609 0.550781 0.097656 0.552734 0.093750 0.552734 0.093750 0.554688 0.095703 0.556641 0.097656 0.556641 0.099609 0.554688 0.101562 0.554688
1 0.457031 0.554688 0.457031 0.556641 0.458984 0.558594 0.460938 0.558594 0.462891 0.560547 0.468750 0.560547 0.470703 0.558594 0.472656 0.558594 0.474609 0.560547 0.474609 0.562500 0.478516 0.566406 0.482422 0.566406 0.480469 0.564453 0.480469 0.562500 0.476562 0.562500 0.470703 0.556641 0.470703 0.554688 0.472656 0.552734 0.472656 0.550781 0.468750 0.550781 0.466797 0.552734 0.462891 0.552734 0.460938 0.554688
1 0.324219 0.554688 0.326172 0.554688 0.328125 0.556641 0.332031 0.556641 0.328125 0.556641 0.326172 0.554688
1 0.570312 0.556641 0.570312 0.558594 0.572266 0.556641 0.574219 0.556641 0.576172 0.558594 0.576172 0.556641
1 0.087891 0.558594 0.085938 0.560547 0.082031 0.560547 0.080078 0.562500 0.080078 0.564453 0.082031 0.564453 0.083984 0.562500 0.085938 0.562500 0.085938 0.560547
1 0.324219 0.564453 0.326172 0.566406 0.326172 0.568359 0.326172 0.566406
1 0.378906 0.564453 0.384766 0.564453 0.386719 0.562500 0.378906 0.562500
1 0.388672 0.568359 0.390625 0.570312 0.390625 0.572266 0.388672 0.574219 0.388672 0.576172 0.390625 0.578125 0.390625 0.576172 0.392578 0.574219 0.392578 0.570312 0.390625 0.568359
1 0.896484 0.566406 0.894531 0.566406 0.894531 0.568359
1 0.681641 0.574219 0.679688 0.572266 0.675781 0.572266 0.675781 0.576172 0.673828 0.578125 0.669922 0.578125 0.669922 0.580078 0.671875 0.580078 0.673828 0.578125 0.679688 0.578125 0.681641 0.576172
1 0.953125 0.572266 0.974609 0.572266 0.976562 0.574219 0.984375 0.574219 0.986328 0.572266 0.982422 0.572266 0.980469 0.574219 0.978516 0.572266 0.964844 0.572266 0.962891 0.570312 0.958984 0.570312 0.957031 0.572266
1 0.515625 0.576172 0.511719 0.576172 0.511719 0.578125 0.509766 0.580078 0.507812 0.580078 0.509766 0.580078 0.511719 0.582031 0.513672 0.582031 0.515625 0.580078
1 0.371094 0.580078 0.371094 0.583984 0.375000 0.580078 0.376953 0.582031 0.380859 0.582031 0.382812 0.583984 0.386719 0.583984 0.388672 0.585938 0.392578 0.585938 0.394531 0.587891 0.400391 0.587891 0.400391 0.585938 0.398438 0.583984 0.394531 0.583984 0.392578 0.585938 0.388672 0.582031 0.384766 0.582031 0.382812 0.580078
1 0.541016 0.589844 0.542969 0.589844 0.544922 0.591797 0.556641 0.591797 0.558594 0.593750 0.558594 0.597656 0.558594 0.591797 0.556641 0.591797 0.554688 0.589844
1 0.056641 0.605469 0.058594 0.607422 0.058594 0.611328 0.058594 0.609375 0.060547 0.607422 0.070312 0.607422 0.070312 0.603516 0.060547 0.603516 0.058594 0.605469
1 0.429688 0.607422 0.429688 0.609375 0.433594 0.609375 0.435547 0.607422 0.443359 0.607422 0.445312 0.609375 0.453125 0.609375 0.451172 0.609375 0.449219 0.607422 0.447266 0.607422 0.445312 0.605469 0.443359 0.605469 0.441406 0.603516 0.437500 0.603516 0.435547 0.601562 0.433594 0.603516 0.433594 0.605469 0.431641 0.607422
1 0.175781 0.771484 0.179688 0.794922 0.205078 0.787109 0.236328 0.812500 0.351562 0.812500 0.421875 0.843750 0.675781 0.882812 0.849609 0.841797 0.906250 0.789062 0.880859 0.748047 0.783203 0.689453 0.677734 0.683594 0.638672 0.662109 0.630859 0.675781 0.566406 0.652344 0.539062 0.666016 0.369141 0.611328 0.326172 0.613281 0.281250 0.638672 0.220703 0.757812
1 0.488281 0.613281 0.482422 0.613281 0.480469 0.611328 0.474609 0.617188 0.468750 0.617188 0.466797 0.615234 0.464844 0.615234 0.462891 0.613281 0.462891 0.615234 0.466797 0.615234 0.470703 0.619141 0.478516 0.619141 0.480469 0.617188 0.486328 0.617188 0.486328 0.615234
1 0.494141 0.611328 0.496094 0.613281 0.503906 0.613281 0.500000 0.613281 0.498047 0.611328
1 0.900391 0.611328 0.906250 0.611328 0.908203 0.613281 0.910156 0.613281 0.912109 0.611328 0.916016 0.615234 0.917969 0.613281 0.923828 0.613281 0.914062 0.613281 0.912109 0.611328
1 0.517578 0.621094 0.521484 0.621094 0.523438 0.623047 0.527344 0.623047 0.529297 0.625000 0.537109 0.625000 0.539062 0.626953 0.542969 0.626953 0.539062 0.626953 0.537109 0.625000 0.531250 0.625000 0.529297 0.623047 0.523438 0.623047 0.521484 0.621094
1 0.617188 0.623047 0.617188 0.626953 0.619141 0.626953 0.617188 0.625000
1 0.056641 0.625000 0.054688 0.626953 0.056641 0.628906 0.056641 0.630859 0.058594 0.630859 0.058594 0.628906 0.060547 0.626953 0.058594 0.626953
1 0.605469 0.632812 0.599609 0.632812 0.599609 0.634766 0.597656 0.636719 0.595703 0.636719 0.595703 0.638672 0.601562 0.638672 0.603516 0.636719 0.605469 0.636719
1 0.052734 0.642578 0.050781 0.644531 0.052734 0.646484
1 0.982422 0.648438 0.982422 0.646484 0.984375 0.644531 0.990234 0.644531 0.984375 0.644531 0.982422 0.642578
1 0.685547 0.646484 0.685547 0.648438 0.687500 0.648438 0.687500 0.646484
1 0.029297 0.656250 0.033203 0.656250 0.035156 0.658203 0.037109 0.658203 0.041016 0.662109 0.041016 0.666016 0.042969 0.664062 0.044922 0.664062 0.044922 0.662109 0.042969 0.662109 0.041016 0.660156 0.041016 0.658203 0.042969 0.656250 0.044922 0.656250 0.044922 0.652344 0.041016 0.652344 0.041016 0.654297 0.039062 0.656250 0.037109 0.656250 0.035156 0.654297 0.037109 0.652344 0.033203 0.656250
1 0.759766 0.662109 0.765625 0.662109 0.767578 0.664062 0.777344 0.664062 0.779297 0.666016 0.783203 0.666016 0.785156 0.667969 0.789062 0.667969 0.789062 0.666016 0.785156 0.666016 0.783203 0.664062 0.783203 0.662109 0.781250 0.664062 0.767578 0.664062 0.763672 0.660156 0.761719 0.662109
1 0.835938 0.664062 0.835938 0.666016 0.837891 0.666016
1 0.041016 0.671875 0.039062 0.669922 0.037109 0.671875 0.035156 0.671875 0.035156 0.673828 0.039062 0.673828
1 0.064453 0.673828 0.066406 0.675781 0.064453 0.677734 0.064453 0.679688 0.066406 0.679688 0.066406 0.673828
1 0.798828 0.671875 0.798828 0.673828 0.802734 0.673828 0.804688 0.675781 0.812500 0.675781 0.814453 0.677734 0.822266 0.677734 0.824219 0.679688 0.837891 0.679688 0.833984 0.679688 0.832031 0.677734 0.822266 0.677734 0.820312 0.675781 0.820312 0.673828 0.814453 0.673828 0.812500 0.675781 0.804688 0.675781 0.802734 0.673828 0.802734 0.671875
1 0.031250 0.677734 0.029297 0.679688 0.025391 0.679688 0.031250 0.679688
1 0.039062 0.679688 0.037109 0.677734 0.035156 0.679688 0.035156 0.681641 0.039062 0.681641
1 0.099609 0.703125 0.099609 0.705078 0.101562 0.707031 0.109375 0.707031 0.111328 0.708984 0.117188 0.708984 0.119141 0.710938 0.119141 0.712891 0.121094 0.712891 0.121094 0.710938 0.123047 0.708984 0.125000 0.708984 0.125000 0.707031 0.123047 0.707031 0.121094 0.705078 0.117188 0.705078 0.115234 0.707031 0.109375 0.707031 0.107422 0.705078 0.101562 0.705078
1 0.839844 0.726562 0.841797 0.728516 0.843750 0.726562 0.847656 0.726562
1 0.007812 0.851562 0.009766 0.851562 0.013672 0.855469 0.017578 0.855469 0.015625 0.855469 0.013672 0.853516 0.011719 0.853516 0.009766 0.851562
1 0.009766 0.869141 0.007812 0.869141 0.007812 0.875000 0.007812 0.871094
1 0.001953 0.880859 0.001953 0.882812 0.005859 0.882812 0.005859 0.880859
1 0.292969 0.906250 0.292969 0.912109 0.294922 0.912109 0.296875 0.914062 0.296875 0.912109 0.298828 0.910156 0.296875 0.910156 0.294922 0.908203 0.294922 0.906250
1 0.052734 0.917969 0.046875 0.917969 0.046875 0.919922 0.044922 0.921875 0.044922 0.927734 0.044922 0.925781 0.046875 0.923828 0.048828 0.923828 0.048828 0.919922 0.050781 0.917969
1 0.058594 0.919922 0.058594 0.923828 0.060547 0.923828 0.060547 0.921875
1 0.306641 0.917969 0.306641 0.919922 0.310547 0.919922 0.310547 0.917969
1 0.855469 0.923828 0.857422 0.923828 0.861328 0.919922 0.855469 0.919922
1 0.474609 0.927734 0.474609 0.929688 0.476562 0.929688 0.476562 0.927734
1 0.339844 0.933594 0.341797 0.935547 0.341797 0.933594
1 0.390625 0.941406 0.390625 0.943359 0.392578 0.943359 0.394531 0.945312 0.398438 0.945312 0.400391 0.947266 0.408203 0.947266 0.410156 0.949219 0.412109 0.947266 0.414062 0.947266 0.416016 0.949219 0.425781 0.949219 0.427734 0.951172 0.437500 0.951172 0.435547 0.949219 0.435547 0.945312 0.437500 0.943359 0.435547 0.943359 0.435547 0.945312 0.431641 0.949219 0.429688 0.949219 0.427734 0.947266 0.419922 0.947266 0.417969 0.945312 0.417969 0.943359 0.417969 0.945312 0.416016 0.947266 0.414062 0.945312 0.414062 0.943359 0.404297 0.943359 0.402344 0.941406
1 0.669922 0.943359 0.673828 0.947266 0.677734 0.947266 0.679688 0.949219 0.681641 0.949219 0.683594 0.951172 0.681641 0.953125 0.683594 0.955078 0.685547 0.955078 0.687500 0.953125 0.693359 0.953125 0.693359 0.949219 0.689453 0.949219 0.687500 0.947266 0.679688 0.947266 0.677734 0.945312 0.677734 0.943359
2 0.003906 0.000000 0.000000 0.128906 0.070312 0.126953 0.054688 0.130859 0.050781 0.187500 0.025391 0.171875 0.027344 0.136719 0.000000 0.134766 0.003906 0.191406 0.042969 0.189453 0.070312 0.214844 0.080078 0.195312 0.119141 0.187500 0.128906 0.150391 0.130859 0.183594 0.175781 0.185547 0.208984 0.222656 0.300781 0.000000 0.283203 0.000000 0.267578 0.027344 0.246094 0.015625 0.230469 0.025391 0.205078 0.000000 0.130859 0.009766 0.175781 0.023438 0.183594 0.062500 0.146484 0.062500 0.130859 0.029297 0.121094 0.044922 0.132812 0.054688 0.111328 0.083984 0.037109 0.076172 0.054688 0.072266 0.058594 0.013672
2 0.675781 0.000000 0.593750 0.000000 0.613281 0.013672 0.576172 0.031250 0.582031 0.085938 0.554688 0.072266 0.552734 0.044922 0.451172 0.000000 0.339844 0.000000 0.140625 0.560547 0.164062 0.558594 0.167969 0.529297 0.199219 0.529297 0.185547 0.488281 0.222656 0.496094 0.289062 0.433594 0.310547 0.435547 0.292969 0.394531 0.328125 0.386719 0.294922 0.349609 0.242188 0.341797 0.250000 0.316406 0.314453 0.291016 0.417969 0.306641 0.466797 0.271484 0.582031 0.140625 0.578125 0.099609 0.626953 0.080078
2 0.701172 0.000000 0.703125 0.000000 0.705078 0.001953 0.708984 0.001953 0.710938 0.000000 0.712891 0.000000
2 0.738281 0.000000 0.740234 0.001953 0.740234 0.003906 0.742188 0.005859 0.742188 0.009766 0.746094 0.009766 0.746094 0.003906 0.744141 0.001953 0.746094 0.000000 0.742188 0.000000 0.740234 0.001953
2 0.693359 0.017578 0.582031 0.197266 0.369141 0.384766 0.601562 0.492188 0.568359 0.595703 0.617188 0.613281 0.644531 0.472656 0.679688 0.472656 0.626953 0.388672 0.726562 0.382812 0.759766 0.416016 0.728516 0.494141 0.763672 0.445312 0.865234 0.498047 0.814453 0.552734 0.892578 0.568359 0.904297 0.671875 0.669922 0.652344 0.646484 0.615234 0.583984 0.664062 0.914062 0.710938 0.939453 0.601562 0.941406 0.652344 0.996094 0.654297 0.908203 0.544922 0.998047 0.570312 0.960938 0.531250 0.998047 0.503906 0.990234 0.000000 0.781250 0.000000 0.816406 0.054688 0.773438 0.103516 0.660156 0.080078
2 0.455078 0.078125 0.457031 0.080078 0.460938 0.080078 0.458984 0.080078 0.457031 0.078125
2 0.189453 0.207031 0.189453 0.210938 0.187500 0.212891 0.189453 0.214844 0.191406 0.214844 0.193359 0.216797 0.195312 0.216797 0.195312 0.212891 0.193359 0.210938 0.193359 0.207031
2 0.359375 0.216797 0.359375 0.218750 0.357422 0.220703 0.357422 0.222656 0.355469 0.224609 0.353516 0.224609 0.351562 0.222656 0.351562 0.224609 0.353516 0.226562 0.353516 0.228516 0.351562 0.230469 0.351562 0.232422 0.353516 0.234375 0.355469 0.234375 0.357422 0.232422 0.357422 0.226562 0.359375 0.224609
2 0.208984 0.226562 0.189453 0.238281 0.185547 0.253906 0.197266 0.267578 0.162109 0.279297 0.158203 0.296875 0.177734 0.300781 0.166016 0.308594 0.171875 0.330078 0.101562 0.341797 0.085938 0.361328 0.070312 0.365234 0.070312 0.412109 0.064453 0.423828 0.056641 0.421875 0.070312 0.427734 0.062500 0.443359 0.076172 0.443359 0.054688 0.453125 0.046875 0.496094 0.021484 0.548828 0.031250 0.576172 0.054688 0.576172 0.052734 0.541016 0.097656 0.529297 0.107422 0.542969 0.148438 0.455078 0.171875 0.376953 0.150391 0.376953 0.144531 0.367188 0.164062 0.347656 0.179688 0.349609
2 0.718750 0.236328 0.720703 0.238281 0.720703 0.242188 0.720703 0.236328
2 0.408203 0.251953 0.410156 0.253906 0.412109 0.253906 0.412109 0.251953
2 0.156250 0.302734 0.156250 0.306641 0.162109 0.306641 0.160156 0.304688 0.160156 0.302734
2 0.300781 0.353516 0.310547 0.361328 0.312500 0.357422 0.316406 0.365234 0.326172 0.365234 0.324219 0.361328 0.330078 0.359375 0.332031 0.349609 0.343750 0.349609 0.349609 0.343750 0.359375 0.343750 0.367188 0.355469 0.390625 0.341797 0.414062 0.314453 0.404297 0.322266 0.386719 0.312500 0.380859 0.312500 0.378906 0.318359 0.373047 0.314453 0.369141 0.320312 0.367188 0.314453 0.339844 0.312500 0.332031 0.304688 0.326172 0.310547 0.318359 0.310547 0.306641 0.318359 0.320312 0.320312 0.330078 0.316406 0.335938 0.333984 0.332031 0.335938 0.330078 0.332031 0.326172 0.335938 0.320312 0.332031 0.318359 0.339844 0.298828 0.335938 0.296875 0.337891 0.306641 0.337891 0.312500 0.345703 0.302734 0.353516 0.300781 0.349609
2 0.332031 0.384766 0.333984 0.384766 0.335938 0.386719 0.335938 0.388672 0.339844 0.392578 0.339844 0.396484 0.343750 0.400391 0.345703 0.400391 0.347656 0.402344 0.349609 0.402344 0.351562 0.400391 0.355469 0.400391 0.357422 0.398438 0.357422 0.392578 0.359375 0.390625 0.355469 0.394531 0.351562 0.394531 0.349609 0.396484 0.347656 0.394531 0.343750 0.394531 0.337891 0.388672 0.337891 0.384766 0.335938 0.384766 0.333984 0.382812
2 0.724609 0.417969 0.724609 0.419922 0.726562 0.419922 0.726562 0.417969
2 0.705078 0.429688 0.705078 0.435547 0.703125 0.437500 0.701172 0.437500 0.701172 0.439453 0.699219 0.441406 0.699219 0.443359 0.697266 0.445312 0.697266 0.449219 0.699219 0.451172 0.699219 0.453125 0.703125 0.453125 0.703125 0.451172 0.705078 0.449219 0.707031 0.451172 0.707031 0.453125 0.707031 0.451172 0.708984 0.449219 0.708984 0.441406 0.710938 0.439453 0.708984 0.437500 0.708984 0.435547 0.707031 0.433594 0.707031 0.431641
2 0.230469 0.498047 0.242188 0.511719 0.224609 0.535156 0.306641 0.572266 0.298828 0.558594 0.285156 0.554688 0.306641 0.548828 0.306641 0.535156 0.320312 0.562500 0.332031 0.566406 0.318359 0.572266 0.333984 0.574219 0.333984 0.562500 0.343750 0.554688 0.359375 0.552734 0.373047 0.562500 0.386719 0.552734 0.388672 0.537109 0.369141 0.523438 0.375000 0.521484 0.359375 0.503906 0.357422 0.488281 0.369141 0.482422 0.365234 0.478516 0.386719 0.482422 0.386719 0.472656 0.408203 0.458984 0.414062 0.470703 0.421875 0.470703 0.406250 0.449219 0.394531 0.460938 0.388672 0.453125 0.367188 0.458984 0.312500 0.445312 0.289062 0.468750 0.302734 0.498047 0.287109 0.500000 0.261719 0.521484 0.238281 0.496094
2 0.503906 0.455078 0.503906 0.457031 0.505859 0.458984 0.505859 0.460938 0.505859 0.457031
2 0.390625 0.529297 0.390625 0.533203 0.396484 0.533203 0.396484 0.531250 0.398438 0.529297 0.400391 0.529297 0.402344 0.531250 0.402344 0.533203 0.402344 0.529297 0.400391 0.529297 0.398438 0.527344 0.392578 0.527344
2 0.742188 0.548828 0.742188 0.556641 0.744141 0.554688 0.746094 0.556641 0.746094 0.558594 0.750000 0.558594 0.751953 0.556641 0.753906 0.556641 0.751953 0.556641 0.750000 0.554688 0.750000 0.552734 0.751953 0.550781 0.751953 0.548828 0.750000 0.546875 0.746094 0.546875 0.744141 0.548828
2 0.099609 0.556641 0.078125 0.570312 0.072266 0.607422 0.054688 0.613281 0.062500 0.626953 0.054688 0.632812 0.054688 0.646484 0.042969 0.644531 0.037109 0.654297 0.046875 0.652344 0.044922 0.666016 0.015625 0.656250 0.000000 0.636719 0.000000 0.898438 0.000000 0.880859 0.029297 0.839844 0.066406 0.681641 0.062500 0.673828 0.068359 0.677734
2 0.429688 0.599609 0.453125 0.607422 0.453125 0.611328 0.441406 0.609375 0.470703 0.623047 0.488281 0.623047 0.488281 0.615234 0.498047 0.609375 0.523438 0.621094 0.517578 0.625000 0.537109 0.626953 0.554688 0.621094 0.558594 0.626953 0.566406 0.626953 0.562500 0.607422 0.556641 0.611328 0.554688 0.609375 0.558594 0.601562 0.556641 0.593750 0.541016 0.591797 0.541016 0.587891 0.537109 0.587891 0.529297 0.578125 0.517578 0.578125 0.511719 0.583984 0.505859 0.580078 0.505859 0.576172 0.478516 0.568359 0.472656 0.560547 0.455078 0.560547 0.455078 0.568359 0.443359 0.578125 0.443359 0.583984
2 0.378906 0.566406 0.376953 0.568359 0.376953 0.576172 0.378906 0.578125 0.382812 0.578125 0.384766 0.580078 0.388672 0.580078 0.392578 0.583984 0.394531 0.582031 0.394531 0.580078 0.392578 0.578125 0.390625 0.580078 0.386719 0.576172 0.386719 0.574219 0.388672 0.572266 0.388672 0.570312 0.386719 0.568359 0.386719 0.564453 0.384766 0.566406
2 0.654297 0.585938 0.656250 0.591797 0.662109 0.593750 0.664062 0.587891 0.669922 0.595703 0.667969 0.597656 0.669922 0.599609 0.679688 0.601562 0.685547 0.605469 0.705078 0.601562 0.707031 0.603516 0.705078 0.609375 0.701172 0.611328 0.699219 0.615234 0.701172 0.617188 0.697266 0.619141 0.705078 0.619141 0.703125 0.617188 0.705078 0.611328 0.710938 0.611328 0.716797 0.617188 0.714844 0.603516 0.720703 0.599609 0.714844 0.593750 0.716797 0.591797 0.720703 0.593750 0.718750 0.589844 0.722656 0.587891 0.720703 0.583984 0.724609 0.580078 0.720703 0.580078 0.716797 0.576172 0.718750 0.578125 0.716797 0.580078 0.707031 0.576172 0.701172 0.580078 0.695312 0.576172 0.683594 0.574219 0.679688 0.580078 0.669922 0.582031 0.667969 0.578125 0.673828 0.576172 0.673828 0.574219 0.666016 0.574219 0.662109 0.578125 0.666016 0.582031
2 0.373047 0.585938 0.373047 0.591797 0.375000 0.593750 0.392578 0.593750 0.392578 0.587891 0.388672 0.587891 0.386719 0.585938 0.382812 0.585938 0.380859 0.583984 0.375000 0.583984
2 0.744141 0.582031 0.740234 0.582031 0.740234 0.583984 0.734375 0.589844 0.734375 0.591797 0.736328 0.591797 0.738281 0.593750 0.738281 0.597656 0.742188 0.593750 0.750000 0.593750 0.750000 0.587891 0.748047 0.585938 0.746094 0.585938 0.744141 0.583984
2 0.562500 0.595703 0.562500 0.597656 0.564453 0.597656
2 0.728516 0.595703 0.728516 0.597656 0.732422 0.597656 0.732422 0.595703
2 0.304688 0.623047 0.304688 0.625000 0.308594 0.625000 0.308594 0.623047
2 0.667969 0.621094 0.666016 0.623047 0.666016 0.628906 0.667969 0.630859 0.667969 0.634766 0.671875 0.634766 0.673828 0.636719 0.679688 0.636719 0.683594 0.632812 0.683594 0.626953 0.681641 0.626953 0.679688 0.625000 0.677734 0.625000 0.675781 0.623047 0.673828 0.623047 0.671875 0.621094
2 0.121094 0.626953 0.119141 0.626953 0.119141 0.632812 0.117188 0.634766 0.117188 0.640625 0.113281 0.644531 0.115234 0.646484 0.113281 0.648438 0.113281 0.654297 0.111328 0.656250 0.111328 0.660156 0.109375 0.662109 0.109375 0.666016 0.121094 0.666016 0.121094 0.664062 0.123047 0.662109 0.123047 0.650391 0.125000 0.648438 0.125000 0.632812 0.121094 0.628906
2 0.572266 0.632812 0.574219 0.634766 0.574219 0.632812
2 0.576172 0.662109 0.576172 0.664062 0.578125 0.664062
2 0.750000 0.685547 0.750000 0.687500 0.753906 0.687500 0.751953 0.687500
2 0.099609 0.701172 0.101562 0.703125 0.107422 0.703125 0.109375 0.705078 0.115234 0.705078 0.117188 0.703125 0.111328 0.703125 0.109375 0.701172 0.107422 0.703125 0.105469 0.703125 0.103516 0.701172
2 0.148438 0.699219 0.126953 0.705078 0.121094 0.714844 0.097656 0.705078 0.072266 0.804688 0.064453 0.853516 0.087891 0.851562 0.089844 0.843750 0.074219 0.830078 0.085938 0.822266 0.091797 0.824219 0.083984 0.816406 0.083984 0.802734 0.089844 0.798828 0.087891 0.791016 0.091797 0.789062 0.095703 0.767578 0.099609 0.763672 0.115234 0.763672 0.117188 0.759766 0.107422 0.748047 0.107422 0.742188 0.121094 0.736328 0.146484 0.744141 0.140625 0.740234 0.146484 0.738281 0.140625 0.732422 0.146484 0.734375 0.146484 0.722656 0.152344 0.716797
2 0.232422 0.730469 0.234375 0.730469 0.236328 0.732422 0.236328 0.730469
2 0.197266 0.791016 0.197266 0.794922 0.203125 0.794922 0.205078 0.796875 0.205078 0.789062 0.201172 0.789062 0.199219 0.791016
2 0.976562 0.820312 0.976562 0.824219 0.980469 0.824219 0.982422 0.826172 0.982422 0.828125 0.984375 0.828125 0.984375 0.820312 0.982422 0.818359 0.980469 0.820312
2 0.142578 0.839844 0.158203 0.845703 0.162109 0.853516 0.169922 0.843750 0.181641 0.847656 0.181641 0.861328 0.177734 0.863281 0.175781 0.859375 0.171875 0.859375 0.169922 0.851562 0.167969 0.861328 0.181641 0.865234 0.185547 0.869141 0.187500 0.880859 0.199219 0.880859 0.203125 0.873047 0.210938 0.869141 0.212891 0.876953 0.220703 0.876953 0.220703 0.873047 0.226562 0.871094 0.228516 0.876953 0.224609 0.878906 0.232422 0.882812 0.228516 0.884766 0.234375 0.884766 0.236328 0.880859 0.232422 0.871094 0.226562 0.867188 0.222656 0.867188 0.220703 0.871094 0.212891 0.865234 0.212891 0.853516 0.208984 0.857422 0.197266 0.857422 0.193359 0.851562 0.185547 0.849609 0.181641 0.845703 0.181641 0.830078 0.171875 0.832031 0.166016 0.826172 0.160156 0.835938 0.150391 0.835938
2 0.285156 0.849609 0.285156 0.853516 0.287109 0.851562 0.289062 0.851562 0.291016 0.853516 0.292969 0.853516 0.292969 0.851562 0.291016 0.851562 0.289062 0.849609
2 0.570312 0.958984 0.529297 0.916016 0.546875 0.884766 0.457031 0.935547 0.423828 0.898438 0.371094 0.894531 0.337891 0.871094 0.345703 0.859375 0.302734 0.851562 0.324219 0.886719 0.316406 0.921875 0.296875 0.925781 0.347656 0.935547 0.335938 0.943359 0.132812 0.923828 0.142578 0.957031 0.111328 0.972656 0.085938 0.955078 0.087891 0.929688 0.039062 0.900391 0.017578 0.957031 0.035156 0.953125 0.044922 0.976562 0.019531 0.994141 0.000000 0.958984 0.000000 0.998047 0.308594 0.998047 0.298828 0.968750 0.318359 0.955078 0.371094 0.960938 0.353516 0.998047 0.433594 0.996094 0.431641 0.978516 0.390625 0.976562 0.392578 0.958984 0.437500 0.970703 0.451172 0.998047 0.568359 0.998047 0.546875 0.962891
2 0.984375 0.853516 0.984375 0.855469 0.986328 0.857422 0.988281 0.857422 0.990234 0.859375 0.990234 0.857422 0.992188 0.855469 0.996094 0.855469 0.998047 0.857422 0.998047 0.853516 0.994141 0.853516 0.992188 0.851562 0.986328 0.851562
2 0.128906 0.867188 0.115234 0.859375 0.101562 0.859375 0.093750 0.863281 0.093750 0.867188 0.089844 0.869141 0.087891 0.875000 0.091797 0.878906 0.087891 0.882812 0.087891 0.888672 0.083984 0.890625 0.083984 0.892578 0.087891 0.890625 0.091797 0.896484 0.093750 0.894531 0.095703 0.898438 0.099609 0.900391 0.093750 0.912109 0.103516 0.912109 0.103516 0.906250 0.109375 0.902344 0.119141 0.902344 0.121094 0.900391 0.128906 0.902344 0.125000 0.896484 0.126953 0.894531 0.125000 0.886719 0.128906 0.884766
2 0.251953 0.865234 0.246094 0.865234 0.244141 0.867188 0.240234 0.867188 0.248047 0.867188 0.250000 0.865234
2 0.990234 0.863281 0.982422 0.869141 0.984375 0.878906 0.978516 0.884766 0.980469 0.886719 0.978516 0.894531 0.972656 0.898438 0.976562 0.902344 0.970703 0.906250 0.962891 0.904297 0.957031 0.898438 0.953125 0.902344 0.955078 0.910156 0.953125 0.912109 0.953125 0.921875 0.947266 0.931641 0.947266 0.941406 0.953125 0.949219 0.953125 0.953125 0.957031 0.955078 0.957031 0.958984 0.990234 0.957031 0.986328 0.945312 0.988281 0.943359 0.990234 0.947266 0.994141 0.941406 0.998047 0.941406 0.994141 0.939453 0.998047 0.935547 0.998047 0.865234
2 0.677734 0.890625 0.689453 0.890625 0.689453 0.888672 0.693359 0.884766 0.683594 0.884766 0.683594 0.886719 0.681641 0.888672 0.677734 0.888672
2 0.769531 0.900391 0.769531 0.902344 0.767578 0.904297 0.767578 0.910156 0.773438 0.910156 0.773438 0.906250 0.769531 0.902344
2 0.759766 0.910156 0.757812 0.910156 0.755859 0.908203 0.755859 0.904297 0.753906 0.904297 0.753906 0.906250 0.751953 0.908203 0.746094 0.908203 0.744141 0.910156 0.742188 0.910156 0.742188 0.912109 0.740234 0.914062 0.740234 0.917969 0.742188 0.916016 0.744141 0.917969 0.750000 0.917969 0.750000 0.916016 0.751953 0.914062 0.753906 0.916016 0.753906 0.917969 0.755859 0.917969 0.757812 0.916016 0.759766 0.916016
2 0.732422 0.919922 0.732422 0.923828 0.734375 0.923828 0.734375 0.919922
2 0.582031 0.927734 0.582031 0.929688 0.583984 0.929688 0.585938 0.931641 0.593750 0.931641 0.595703 0.933594 0.595703 0.935547 0.595703 0.933594 0.597656 0.931641 0.599609 0.933594 0.599609 0.935547 0.601562 0.935547 0.601562 0.929688 0.599609 0.927734
2 0.681641 0.958984 0.671875 0.949219 0.662109 0.951172 0.650391 0.945312 0.648438 0.933594 0.632812 0.931641 0.626953 0.941406 0.642578 0.947266 0.636719 0.955078 0.632812 0.955078 0.630859 0.947266 0.617188 0.943359 0.615234 0.947266 0.611328 0.941406 0.601562 0.939453 0.595703 0.941406 0.593750 0.962891 0.599609 0.966797 0.597656 0.970703 0.601562 0.976562 0.601562 0.986328 0.613281 0.990234 0.619141 0.998047 0.640625 0.998047 0.638672 0.988281 0.642578 0.982422 0.623047 0.976562 0.626953 0.964844 0.632812 0.964844 0.634766 0.960938 0.638672 0.966797 0.636719 0.970703 0.650391 0.968750 0.654297 0.972656 0.667969 0.974609 0.673828 0.966797 0.679688 0.966797
2 0.312500 0.994141 0.312500 0.998047 0.320312 0.998047 0.320312 0.996094 0.318359 0.994141
5 0.337891 0.000000 0.302734 0.000000 0.214844 0.210938 0.160156 0.429688 0.087891 0.593750 0.031250 0.839844 0.000000 0.900391 0.000000 0.957031 0.023438 0.949219 0.062500 0.855469 0.125000 0.591797 0.193359 0.439453 0.238281 0.250000
5 0.699219 0.000000 0.677734 0.000000 0.666016 0.009766 0.628906 0.080078 0.593750 0.113281 0.583984 0.140625 0.517578 0.230469 0.423828 0.302734 0.390625 0.343750 0.345703 0.367188 0.337891 0.382812 0.343750 0.392578 0.404297 0.361328 0.439453 0.320312 0.480469 0.291016 0.484375 0.269531 0.498047 0.259766 0.513672 0.263672 0.546875 0.232422 0.679688 0.029297 0.699219 0.011719
5 0.310547 0.437500 0.306641 0.433594 0.302734 0.433594 0.300781 0.431641 0.289062 0.435547 0.285156 0.439453 0.285156 0.441406 0.283203 0.443359 0.281250 0.443359 0.271484 0.451172 0.271484 0.455078 0.269531 0.457031 0.269531 0.458984 0.271484 0.460938 0.271484 0.464844 0.275391 0.468750 0.279297 0.468750 0.281250 0.470703 0.283203 0.468750 0.287109 0.468750 0.291016 0.464844 0.296875 0.462891 0.300781 0.458984 0.300781 0.457031 0.302734 0.455078 0.304688 0.455078 0.310547 0.449219 0.310547 0.445312 0.312500 0.443359 0.310547 0.441406
5 0.234375 0.501953 0.230469 0.501953 0.228516 0.500000 0.226562 0.500000 0.224609 0.501953 0.222656 0.500000 0.220703 0.501953 0.216797 0.501953 0.214844 0.503906 0.212891 0.503906 0.208984 0.507812 0.208984 0.511719 0.207031 0.513672 0.207031 0.517578 0.205078 0.519531 0.205078 0.521484 0.201172 0.525391 0.201172 0.529297 0.199219 0.531250 0.201172 0.533203 0.201172 0.537109 0.205078 0.541016 0.208984 0.541016 0.210938 0.542969 0.212891 0.541016 0.216797 0.541016 0.222656 0.535156 0.222656 0.533203 0.224609 0.531250 0.226562 0.525391 0.230469 0.521484 0.234375 0.521484 0.238281 0.517578 0.238281 0.513672 0.240234 0.511719 0.238281 0.509766 0.238281 0.505859
