0 0.568359 0.564453 0.562500 0.568359 0.574219 0.589844 0.542969 0.595703 0.550781 0.603516 0.527344 0.609375 0.539062 0.619141 0.521484 0.630859 0.541016 0.652344 0.541016 0.679688 0.501953 0.722656 0.480469 0.722656 0.480469 0.732422 0.464844 0.738281 0.472656 0.812500 0.519531 0.853516 0.593750 0.859375 0.613281 0.867188 0.611328 0.878906 0.617188 0.865234 0.628906 0.869141 0.626953 0.878906 0.640625 0.865234 0.646484 0.876953 0.652344 0.861328 0.681641 0.845703 0.693359 0.791016 0.677734 0.763672 0.681641 0.691406 0.691406 0.699219 0.693359 0.685547 0.679688 0.662109 0.677734 0.611328 0.662109 0.603516 0.666016 0.593750 0.646484 0.589844 0.646484 0.578125 0.640625 0.589844 0.636719 0.580078 0.593750 0.578125
0 0.677734 0.593750 0.673828 0.593750 0.671875 0.595703 0.669922 0.595703 0.675781 0.601562 0.675781 0.603516 0.677734 0.601562
0 0.687500 0.734375 0.687500 0.736328 0.689453 0.736328
0 0.115234 0.824219 0.111328 0.826172 0.107422 0.820312 0.087891 0.818359 0.068359 0.832031 0.060547 0.847656 0.052734 0.855469 0.048828 0.863281 0.048828 0.886719 0.052734 0.892578 0.052734 0.898438 0.060547 0.910156 0.066406 0.912109 0.095703 0.910156 0.101562 0.908203 0.119141 0.894531 0.123047 0.882812 0.121094 0.880859 0.121094 0.873047 0.117188 0.869141 0.117188 0.857422 0.115234 0.855469
0 0.525391 0.859375 0.527344 0.861328 0.531250 0.861328 0.533203 0.859375
0 0.539062 0.859375 0.539062 0.861328 0.541016 0.861328 0.541016 0.859375
0 0.162109 0.884766 0.160156 0.927734 0.166016 0.943359 0.179688 0.957031 0.191406 0.962891 0.210938 0.964844 0.234375 0.958984 0.244141 0.953125 0.250000 0.943359 0.251953 0.923828 0.250000 0.921875 0.248047 0.900391 0.238281 0.888672 0.220703 0.878906 0.203125 0.875000 0.201172 0.876953 0.197266 0.875000 0.177734 0.875000 0.167969 0.878906
2 0.878906 0.052734 0.859375 0.095703 0.853516 0.121094 0.855469 0.125000 0.927734 0.150391 0.951172 0.162109 0.953125 0.181641 0.978516 0.191406 0.982422 0.189453 0.988281 0.167969 0.998047 0.154297 0.998047 0.101562 0.912109 0.062500
2 0.642578 0.083984 0.587891 0.060547 0.585938 0.068359 0.607422 0.070312 0.609375 0.076172 0.576172 0.080078 0.570312 0.074219 0.580078 0.068359 0.576172 0.058594 0.568359 0.072266 0.548828 0.070312 0.451172 0.179688 0.431641 0.214844 0.488281 0.265625 0.503906 0.267578 0.611328 0.148438 0.644531 0.097656
2 0.855469 0.146484 0.843750 0.160156 0.832031 0.195312 0.833984 0.210938 0.857422 0.228516 0.925781 0.251953 0.962891 0.269531 0.970703 0.269531 0.974609 0.244141 0.990234 0.203125 0.966797 0.199219 0.923828 0.179688 0.912109 0.164062 0.871094 0.146484
2 0.083984 0.513672 0.076172 0.513672 0.074219 0.515625 0.070312 0.515625 0.066406 0.519531 0.062500 0.531250 0.052734 0.539062 0.052734 0.546875 0.056641 0.550781 0.058594 0.550781 0.068359 0.560547 0.068359 0.562500 0.072266 0.566406 0.074219 0.566406 0.076172 0.568359 0.078125 0.566406 0.080078 0.566406 0.097656 0.548828 0.099609 0.548828 0.105469 0.539062 0.105469 0.531250 0.103516 0.529297 0.101562 0.523438 0.093750 0.517578 0.091797 0.517578 0.089844 0.515625 0.085938 0.515625
2 0.103516 0.552734 0.095703 0.558594 0.093750 0.558594 0.093750 0.560547 0.089844 0.566406 0.089844 0.570312 0.087891 0.572266 0.087891 0.578125 0.085938 0.580078 0.085938 0.583984 0.089844 0.589844 0.091797 0.589844 0.097656 0.595703 0.099609 0.595703 0.101562 0.597656 0.101562 0.599609 0.105469 0.603516 0.105469 0.605469 0.107422 0.605469 0.109375 0.607422 0.117188 0.607422 0.119141 0.605469 0.121094 0.599609 0.132812 0.587891 0.134766 0.587891 0.134766 0.585938 0.138672 0.580078 0.138672 0.576172 0.125000 0.562500 0.125000 0.560547 0.123047 0.560547 0.115234 0.552734
2 0.025391 0.560547 0.003906 0.580078 0.003906 0.582031 0.001953 0.583984 0.001953 0.591797 0.003906 0.593750 0.003906 0.595703 0.021484 0.613281 0.031250 0.613281 0.035156 0.609375 0.037109 0.609375 0.042969 0.603516 0.044922 0.597656 0.052734 0.589844 0.054688 0.589844 0.056641 0.587891 0.056641 0.583984 0.054688 0.582031 0.054688 0.580078 0.035156 0.562500 0.033203 0.562500 0.031250 0.560547
2 0.064453 0.599609 0.062500 0.601562 0.060547 0.601562 0.046875 0.615234 0.046875 0.617188 0.042969 0.623047 0.042969 0.628906 0.044922 0.630859 0.048828 0.640625 0.052734 0.644531 0.054688 0.644531 0.060547 0.650391 0.062500 0.650391 0.064453 0.652344 0.070312 0.652344 0.083984 0.640625 0.085938 0.634766 0.093750 0.626953 0.095703 0.626953 0.099609 0.623047 0.099609 0.621094 0.097656 0.619141 0.097656 0.617188 0.095703 0.617188 0.091797 0.613281 0.078125 0.607422 0.070312 0.599609
2 0.201172 0.605469 0.189453 0.605469 0.187500 0.603516 0.183594 0.603516 0.175781 0.607422 0.175781 0.609375 0.160156 0.625000 0.160156 0.626953 0.156250 0.630859 0.156250 0.646484 0.175781 0.664062 0.183594 0.664062 0.187500 0.662109 0.193359 0.656250 0.193359 0.654297 0.199219 0.648438 0.199219 0.646484 0.210938 0.636719 0.210938 0.625000 0.208984 0.623047 0.207031 0.613281
2 0.013672 0.634766 0.013672 0.636719 0.007812 0.642578 0.007812 0.644531 0.003906 0.646484 0.003906 0.648438 0.000000 0.652344 0.000000 0.679688 0.001953 0.681641 0.005859 0.681641 0.021484 0.697266 0.027344 0.697266 0.033203 0.689453 0.033203 0.685547 0.041016 0.669922 0.044922 0.666016 0.046875 0.666016 0.046875 0.658203 0.033203 0.644531
2 0.146484 0.648438 0.142578 0.648438 0.138672 0.652344 0.138672 0.654297 0.132812 0.664062 0.132812 0.669922 0.130859 0.671875 0.130859 0.677734 0.128906 0.679688 0.130859 0.685547 0.128906 0.687500 0.125000 0.687500 0.125000 0.691406 0.130859 0.697266 0.132812 0.697266 0.138672 0.705078 0.142578 0.705078 0.144531 0.703125 0.146484 0.703125 0.154297 0.695312 0.156250 0.689453 0.160156 0.685547 0.162109 0.685547 0.169922 0.677734 0.169922 0.673828 0.162109 0.667969 0.162109 0.666016
2 0.101562 0.707031 0.093750 0.710938 0.089844 0.714844 0.087891 0.714844 0.074219 0.728516 0.070312 0.736328 0.070312 0.746094 0.074219 0.750000 0.078125 0.750000 0.083984 0.753906 0.093750 0.755859 0.099609 0.761719 0.107422 0.761719 0.119141 0.751953 0.121094 0.748047 0.121094 0.744141 0.123047 0.742188 0.123047 0.738281 0.126953 0.732422 0.126953 0.726562 0.121094 0.718750 0.113281 0.714844 0.105469 0.707031
2 0.039062 0.771484 0.031250 0.779297 0.029297 0.785156 0.023438 0.791016 0.023438 0.792969 0.017578 0.798828 0.017578 0.800781 0.029297 0.812500 0.029297 0.814453 0.031250 0.814453 0.042969 0.824219 0.046875 0.824219 0.048828 0.822266 0.050781 0.822266 0.060547 0.812500 0.062500 0.812500 0.064453 0.810547 0.068359 0.800781 0.074219 0.792969 0.072266 0.791016 0.072266 0.789062 0.064453 0.781250 0.064453 0.779297 0.062500 0.779297 0.058594 0.775391 0.056641 0.775391 0.050781 0.771484
2 0.007812 0.808594 0.000000 0.808594 0.000000 0.869141 0.003906 0.869141 0.007812 0.865234 0.007812 0.863281 0.011719 0.859375 0.011719 0.857422 0.013672 0.855469 0.015625 0.855469 0.023438 0.847656 0.025391 0.841797 0.029297 0.837891 0.029297 0.835938 0.031250 0.833984 0.031250 0.830078
2 0.386719 0.810547 0.373047 0.824219 0.375000 0.845703 0.349609 0.849609 0.341797 0.867188 0.343750 0.878906 0.367188 0.896484 0.363281 0.898438 0.343750 0.884766 0.330078 0.884766 0.318359 0.900391 0.320312 0.914062 0.326172 0.919922 0.306641 0.916016 0.294922 0.927734 0.294922 0.949219 0.320312 0.968750 0.333984 0.968750 0.347656 0.949219 0.343750 0.937500 0.357422 0.935547 0.373047 0.914062 0.373047 0.904297 0.365234 0.898438 0.382812 0.898438 0.400391 0.876953 0.398438 0.869141 0.376953 0.849609 0.380859 0.847656 0.402344 0.865234 0.416016 0.849609 0.410156 0.832031
