0 0.000000 0.000000 0.000000 0.687500 0.056641 0.597656 0.214844 0.617188 0.304688 0.484375 0.193359 0.625000 0.185547 0.742188 0.255859 0.755859 0.281250 0.621094 0.281250 0.759766 0.392578 0.785156 0.277344 0.785156 0.238281 0.998047 0.998047 0.998047 0.998047 0.720703 0.927734 0.650391 0.960938 0.605469 0.785156 0.531250 0.833984 0.484375 0.744141 0.472656 0.863281 0.482422 0.896484 0.558594 0.998047 0.433594 0.998047 0.236328 0.873047 0.103516 0.855469 0.000000
0 0.349609 0.337891 0.351562 0.339844 0.349609 0.341797 0.349609 0.345703 0.353516 0.345703 0.355469 0.347656 0.355469 0.345703 0.357422 0.343750 0.357422 0.339844 0.351562 0.339844
0 0.720703 0.396484 0.718750 0.398438 0.718750 0.400391 0.720703 0.402344
0 0.750000 0.394531 0.750000 0.396484 0.751953 0.396484 0.751953 0.394531
0 0.726562 0.421875 0.726562 0.423828 0.728516 0.423828 0.728516 0.421875
0 0.742188 0.421875 0.742188 0.423828 0.744141 0.425781 0.744141 0.421875
0 0.992188 0.451172 0.990234 0.453125 0.990234 0.455078 0.992188 0.457031 0.992188 0.458984 0.990234 0.460938 0.990234 0.462891 0.992188 0.464844 0.992188 0.466797 0.994141 0.466797 0.996094 0.464844 0.994141 0.464844 0.990234 0.460938 0.992188 0.458984 0.998047 0.458984 0.998047 0.453125 0.996094 0.453125 0.994141 0.451172
0 0.976562 0.453125 0.972656 0.453125 0.972656 0.455078 0.970703 0.457031 0.968750 0.457031 0.968750 0.458984 0.970703 0.458984 0.972656 0.460938 0.972656 0.462891 0.970703 0.464844 0.968750 0.464844 0.968750 0.466797 0.970703 0.466797 0.972656 0.468750 0.972656 0.470703 0.974609 0.470703 0.974609 0.468750 0.976562 0.466797 0.978516 0.466797 0.978516 0.464844 0.976562 0.464844 0.974609 0.462891 0.974609 0.460938 0.976562 0.458984 0.978516 0.458984 0.980469 0.457031 0.980469 0.455078 0.978516 0.455078
0 0.970703 0.474609 0.972656 0.476562 0.972656 0.478516 0.970703 0.480469 0.968750 0.480469 0.972656 0.484375 0.972656 0.486328 0.974609 0.486328 0.974609 0.484375 0.976562 0.482422 0.978516 0.482422 0.974609 0.478516 0.974609 0.476562 0.972656 0.476562
0 0.992188 0.480469 0.992188 0.482422 0.994141 0.482422 0.994141 0.480469
0 0.970703 0.490234 0.972656 0.492188 0.972656 0.494141 0.970703 0.496094 0.968750 0.496094 0.972656 0.500000 0.972656 0.501953 0.970703 0.503906 0.970703 0.505859 0.972656 0.507812 0.972656 0.509766 0.970703 0.511719 0.968750 0.511719 0.968750 0.513672 0.970703 0.513672 0.970703 0.511719 0.972656 0.509766 0.974609 0.509766 0.976562 0.511719 0.976562 0.513672 0.974609 0.515625 0.974609 0.517578 0.974609 0.515625 0.976562 0.513672 0.978516 0.513672 0.978516 0.511719 0.976562 0.511719 0.974609 0.509766 0.974609 0.507812 0.972656 0.507812 0.970703 0.505859 0.970703 0.503906 0.972656 0.501953 0.974609 0.501953 0.978516 0.498047 0.978516 0.496094 0.976562 0.496094 0.974609 0.494141 0.974609 0.492188 0.972656 0.492188
0 0.992188 0.496094 0.992188 0.498047 0.994141 0.498047 0.994141 0.496094
0 0.789062 0.511719 0.789062 0.515625 0.787109 0.517578 0.787109 0.521484 0.796875 0.521484 0.796875 0.519531 0.791016 0.513672 0.791016 0.511719
0 0.820312 0.511719 0.820312 0.513672 0.822266 0.513672 0.822266 0.511719
0 0.937500 0.535156 0.937500 0.544922 0.941406 0.548828 0.937500 0.552734 0.941406 0.554688 0.949219 0.550781 0.955078 0.552734 0.958984 0.548828 0.960938 0.550781 0.958984 0.548828 0.962891 0.544922 0.970703 0.544922 0.972656 0.548828 0.968750 0.550781 0.968750 0.560547 0.974609 0.562500 0.978516 0.568359 0.978516 0.562500 0.982422 0.560547 0.984375 0.568359 0.998047 0.570312 0.998047 0.533203 0.994141 0.527344 0.990234 0.525391 0.992188 0.527344 0.990234 0.531250 0.992188 0.535156 0.990234 0.537109 0.986328 0.535156 0.980469 0.537109 0.976562 0.533203 0.978516 0.529297 0.970703 0.519531 0.968750 0.521484 0.972656 0.523438 0.968750 0.527344 0.972656 0.531250 0.970703 0.535156 0.962891 0.529297 0.953125 0.535156 0.945312 0.531250 0.941406 0.531250
0 0.835938 0.533203 0.837891 0.535156 0.837891 0.537109 0.837891 0.533203
0 0.929688 0.544922 0.927734 0.546875 0.927734 0.548828 0.929688 0.550781 0.931641 0.550781 0.931641 0.544922
0 0.910156 0.564453 0.912109 0.564453 0.914062 0.566406 0.916016 0.566406 0.917969 0.564453 0.919922 0.564453 0.921875 0.566406 0.921875 0.568359 0.923828 0.568359 0.925781 0.570312 0.923828 0.568359 0.923828 0.566406 0.925781 0.564453 0.927734 0.564453 0.927734 0.562500 0.925781 0.562500 0.925781 0.564453 0.923828 0.566406 0.921875 0.566406 0.916016 0.560547 0.914062 0.562500 0.912109 0.562500
0 0.996094 0.574219 0.992188 0.574219 0.992188 0.578125 0.994141 0.578125 0.996094 0.576172
0 0.925781 0.578125 0.925781 0.580078 0.927734 0.580078 0.927734 0.578125
0 0.992188 0.582031 0.992188 0.583984 0.994141 0.583984 0.994141 0.582031
0 0.953125 0.589844 0.953125 0.591797 0.955078 0.591797 0.955078 0.589844
0 0.994141 0.589844 0.992188 0.589844 0.992188 0.591797 0.990234 0.593750 0.992188 0.595703 0.992188 0.599609 0.990234 0.601562 0.988281 0.601562 0.986328 0.599609 0.986328 0.597656 0.984375 0.599609 0.986328 0.599609 0.988281 0.601562 0.988281 0.603516 0.986328 0.605469 0.984375 0.605469 0.984375 0.607422 0.986328 0.607422 0.988281 0.609375 0.988281 0.611328 0.986328 0.613281 0.984375 0.613281 0.984375 0.615234 0.986328 0.617188 0.984375 0.619141 0.984375 0.623047 0.988281 0.623047 0.990234 0.625000 0.992188 0.630859 0.998047 0.625000 0.998047 0.607422 0.996094 0.605469 0.994141 0.605469 0.990234 0.601562 0.992188 0.599609 0.996094 0.599609 0.996094 0.597656 0.998047 0.595703 0.998047 0.593750 0.996094 0.593750 0.994141 0.591797
0 0.146484 0.615234 0.144531 0.611328 0.142578 0.615234 0.138672 0.609375 0.125000 0.607422 0.121094 0.603516 0.117188 0.603516 0.115234 0.601562 0.111328 0.603516 0.089844 0.603516 0.087891 0.605469 0.085938 0.603516 0.080078 0.603516 0.078125 0.605469 0.070312 0.605469 0.066406 0.603516 0.062500 0.607422 0.054688 0.611328 0.062500 0.607422 0.076172 0.607422 0.078125 0.605469 0.089844 0.605469 0.091797 0.603516 0.111328 0.603516 0.113281 0.605469 0.123047 0.607422 0.136719 0.615234
0 0.968750 0.605469 0.968750 0.607422 0.970703 0.607422 0.970703 0.605469
0 0.978516 0.609375 0.976562 0.611328 0.978516 0.611328
0 0.968750 0.613281 0.968750 0.615234 0.970703 0.617188 0.970703 0.619141 0.968750 0.621094 0.968750 0.623047 0.974609 0.623047 0.976562 0.625000 0.976562 0.630859 0.978516 0.630859 0.978516 0.628906 0.980469 0.626953 0.978516 0.625000 0.978516 0.621094 0.976562 0.621094 0.974609 0.619141 0.974609 0.617188 0.972656 0.617188 0.970703 0.615234 0.970703 0.613281
0 0.050781 0.617188 0.050781 0.621094 0.048828 0.623047 0.048828 0.634766 0.046875 0.636719 0.048828 0.634766 0.048828 0.630859 0.050781 0.628906
0 0.984375 0.638672 0.986328 0.638672 0.988281 0.636719 0.990234 0.636719 0.992188 0.638672 0.994141 0.638672 0.996094 0.636719 0.992188 0.636719 0.990234 0.634766 0.988281 0.634766 0.986328 0.636719 0.984375 0.636719
0 0.970703 0.636719 0.968750 0.636719 0.968750 0.638672
0 0.962891 0.642578 0.960938 0.644531 0.962891 0.644531
0 0.039062 0.671875 0.039062 0.675781 0.041016 0.677734 0.041016 0.703125 0.039062 0.705078 0.039062 0.707031 0.033203 0.712891 0.023438 0.712891 0.025391 0.712891 0.027344 0.714844 0.031250 0.714844 0.035156 0.710938 0.041016 0.710938 0.044922 0.707031 0.046875 0.707031 0.042969 0.703125 0.042969 0.683594 0.041016 0.681641 0.041016 0.677734 0.039062 0.675781
0 0.060547 0.687500 0.058594 0.687500 0.058594 0.691406 0.060547 0.689453
0 0.910156 0.695312 0.910156 0.697266 0.912109 0.697266 0.912109 0.695312
0 0.166016 0.707031 0.164062 0.708984 0.166016 0.708984
0 0.001953 0.736328 0.000000 0.937500 0.033203 0.923828 0.134766 0.931641 0.154297 0.947266 0.146484 0.998047 0.214844 0.998047 0.224609 0.902344 0.250000 0.781250 0.193359 0.773438 0.117188 0.750000 0.042969 0.748047
0 0.921875 0.753906 0.921875 0.755859 0.923828 0.755859 0.925781 0.757812 0.925781 0.759766 0.923828 0.761719 0.925781 0.759766 0.927734 0.759766 0.929688 0.761719 0.929688 0.763672 0.929688 0.761719 0.927734 0.759766 0.927734 0.757812 0.925781 0.757812 0.923828 0.755859 0.923828 0.753906
0 0.910156 0.757812 0.910156 0.759766 0.912109 0.759766 0.912109 0.757812
0 0.939453 0.769531 0.937500 0.771484 0.939453 0.771484 0.941406 0.773438 0.941406 0.775391 0.939453 0.777344 0.939453 0.779297 0.939453 0.777344 0.941406 0.775391 0.943359 0.775391 0.945312 0.777344 0.945312 0.779297 0.943359 0.781250 0.943359 0.783203 0.945312 0.785156 0.945312 0.787109 0.943359 0.789062 0.941406 0.789062 0.939453 0.787109 0.939453 0.785156 0.937500 0.785156 0.937500 0.787109 0.939453 0.787109 0.941406 0.789062 0.941406 0.791016 0.939453 0.792969 0.941406 0.791016 0.943359 0.791016 0.945312 0.792969 0.945312 0.794922 0.943359 0.796875 0.945312 0.794922 0.947266 0.794922 0.947266 0.792969 0.945312 0.792969 0.943359 0.791016 0.943359 0.789062 0.947266 0.785156 0.945312 0.785156 0.943359 0.783203 0.943359 0.781250 0.945312 0.779297 0.947266 0.779297 0.947266 0.777344 0.945312 0.777344 0.943359 0.775391 0.943359 0.773438 0.941406 0.773438 0.939453 0.771484
0 0.953125 0.800781 0.953125 0.802734 0.955078 0.802734 0.957031 0.804688 0.958984 0.804688 0.960938 0.802734 0.962891 0.802734 0.962891 0.800781 0.960938 0.800781 0.960938 0.802734 0.958984 0.804688 0.957031 0.804688 0.955078 0.802734 0.955078 0.800781
2 0.052734 0.615234 0.052734 0.628906 0.041016 0.656250 0.044922 0.703125 0.048828 0.707031 0.031250 0.716797 0.052734 0.722656 0.095703 0.720703 0.146484 0.730469 0.171875 0.740234 0.187500 0.740234 0.189453 0.710938 0.197266 0.695312 0.205078 0.644531 0.199219 0.628906 0.136719 0.617188 0.111328 0.605469 0.062500 0.609375
2 0.337891 0.677734 0.330078 0.699219 0.330078 0.724609 0.333984 0.726562 0.326172 0.736328 0.328125 0.746094 0.472656 0.767578 0.480469 0.761719 0.480469 0.748047 0.441406 0.744141 0.490234 0.740234 0.494141 0.708984 0.492188 0.673828 0.478516 0.673828 0.445312 0.660156 0.371094 0.658203
2 0.023438 0.785156 0.019531 0.796875 0.019531 0.843750 0.023438 0.857422 0.095703 0.863281 0.130859 0.875000 0.160156 0.876953 0.164062 0.873047 0.171875 0.826172 0.160156 0.814453 0.156250 0.804688 0.095703 0.796875 0.050781 0.781250
2 0.310547 0.875000 0.312500 0.878906 0.326172 0.878906 0.382812 0.890625 0.421875 0.892578 0.431641 0.884766 0.437500 0.865234 0.449219 0.851562 0.445312 0.847656 0.394531 0.841797 0.355469 0.832031 0.316406 0.828125 0.312500 0.832031 0.310547 0.841797
2 0.000000 0.939453 0.000000 0.998047 0.144531 0.998047 0.142578 0.978516 0.152344 0.955078 0.152344 0.947266 0.140625 0.935547 0.087891 0.927734 0.033203 0.925781 0.021484 0.927734 0.009766 0.939453
5 0.281250 0.623047 0.269531 0.634766 0.255859 0.757812 0.000000 0.710938 0.000000 0.734375 0.117188 0.748047 0.251953 0.781250 0.216797 0.998047 0.240234 0.990234 0.275391 0.785156 0.371094 0.796875 0.390625 0.785156 0.279297 0.759766 0.292969 0.669922
