0 0.794922 0.048828 0.792969 0.048828 0.792969 0.062500 0.792969 0.056641 0.794922 0.054688
0 0.832031 0.056641 0.830078 0.056641 0.828125 0.058594 0.832031 0.058594
0 0.677734 0.074219 0.667969 0.074219 0.662109 0.078125 0.644531 0.080078 0.632812 0.087891 0.615234 0.089844 0.621094 0.121094 0.642578 0.142578 0.644531 0.181641 0.646484 0.189453 0.654297 0.195312 0.675781 0.193359 0.683594 0.189453 0.687500 0.181641 0.687500 0.164062 0.683594 0.156250 0.683594 0.144531 0.689453 0.130859 0.699219 0.087891
0 0.839844 0.103516 0.808594 0.123047 0.779297 0.167969 0.779297 0.187500 0.785156 0.199219 0.785156 0.269531 0.789062 0.279297 0.816406 0.287109 0.828125 0.308594 0.902344 0.306641 0.908203 0.296875 0.906250 0.289062 0.890625 0.271484 0.917969 0.253906 0.923828 0.236328 0.933594 0.230469 0.925781 0.220703 0.933594 0.199219 0.933594 0.175781 0.923828 0.152344 0.892578 0.142578 0.855469 0.105469
0 0.587891 0.269531 0.582031 0.267578 0.558594 0.269531 0.546875 0.281250 0.539062 0.298828 0.541016 0.322266 0.535156 0.335938 0.535156 0.353516 0.537109 0.359375 0.541016 0.361328 0.568359 0.359375 0.593750 0.349609 0.597656 0.345703 0.597656 0.332031 0.595703 0.330078 0.597656 0.326172 0.597656 0.292969 0.595703 0.291016 0.593750 0.277344
0 0.933594 0.312500 0.902344 0.335938 0.904297 0.371094 0.916016 0.396484 0.941406 0.402344 0.964844 0.400391 0.970703 0.406250 0.966797 0.490234 0.984375 0.517578 0.998047 0.521484 0.998047 0.316406 0.958984 0.328125 0.945312 0.314453
0 0.878906 0.431641 0.863281 0.423828 0.830078 0.421875 0.826172 0.427734 0.826172 0.433594 0.822266 0.439453 0.822266 0.443359 0.814453 0.453125 0.808594 0.466797 0.808594 0.474609 0.810547 0.476562 0.812500 0.488281 0.818359 0.492188 0.832031 0.492188 0.835938 0.490234 0.849609 0.474609 0.875000 0.460938 0.880859 0.447266 0.880859 0.435547
0 0.998047 0.535156 0.955078 0.544922 0.943359 0.541016 0.923828 0.544922 0.914062 0.554688 0.906250 0.574219 0.892578 0.589844 0.892578 0.605469 0.898438 0.621094 0.910156 0.626953 0.919922 0.626953 0.939453 0.640625 0.945312 0.640625 0.951172 0.636719 0.947266 0.626953 0.953125 0.621094 0.966797 0.619141 0.970703 0.623047 0.968750 0.638672 0.972656 0.642578 0.968750 0.652344 0.982422 0.654297 0.998047 0.650391
0 0.957031 0.628906 0.957031 0.630859 0.958984 0.630859
0 0.949219 0.648438 0.947266 0.648438 0.945312 0.650391 0.945312 0.652344 0.949219 0.652344
0 0.412109 0.675781 0.398438 0.689453 0.396484 0.695312 0.398438 0.707031 0.404297 0.712891 0.412109 0.726562 0.414062 0.742188 0.419922 0.753906 0.425781 0.757812 0.439453 0.757812 0.445312 0.755859 0.462891 0.736328 0.460938 0.714844 0.464844 0.707031 0.464844 0.699219 0.458984 0.691406 0.453125 0.689453 0.443359 0.679688 0.429688 0.673828
0 0.818359 0.695312 0.814453 0.707031 0.830078 0.728516 0.859375 0.738281 0.861328 0.761719 0.884766 0.791016 0.898438 0.796875 0.945312 0.800781 0.953125 0.832031 0.978516 0.853516 0.994141 0.855469 0.982422 0.849609 0.982422 0.843750 0.994141 0.835938 0.984375 0.835938 0.980469 0.830078 0.998047 0.824219 0.998047 0.673828 0.839844 0.679688
1 0.460938 0.382812 0.400391 0.392578 0.429688 0.541016 0.431641 0.605469 0.437500 0.615234 0.482422 0.607422 0.476562 0.554688 0.464844 0.542969 0.447266 0.443359 0.439453 0.425781 0.443359 0.419922 0.464844 0.414062
2 0.839844 0.003906 0.843750 0.048828 0.861328 0.062500 0.878906 0.064453 0.865234 0.070312 0.869141 0.095703 0.900391 0.091797 0.896484 0.064453 0.886719 0.064453 0.886719 0.060547 0.962891 0.052734 0.978516 0.060547 0.998047 0.062500 0.998047 0.000000 0.841797 0.000000
2 0.386719 0.017578 0.382812 0.023438 0.382812 0.029297 0.388672 0.037109 0.390625 0.058594 0.396484 0.064453 0.396484 0.076172 0.404297 0.076172 0.406250 0.078125 0.433594 0.078125 0.435547 0.080078 0.437500 0.078125 0.445312 0.078125 0.449219 0.074219 0.449219 0.068359 0.447266 0.066406 0.449219 0.062500 0.447266 0.044922 0.443359 0.037109 0.441406 0.025391 0.433594 0.017578 0.429688 0.015625 0.390625 0.015625
2 0.271484 0.031250 0.242188 0.029297 0.187500 0.041016 0.173828 0.041016 0.166016 0.044922 0.166016 0.078125 0.177734 0.103516 0.193359 0.125000 0.205078 0.126953 0.218750 0.123047 0.242188 0.123047 0.283203 0.113281 0.283203 0.101562 0.273438 0.087891
2 0.337891 0.037109 0.335938 0.039062 0.335938 0.041016 0.333984 0.042969 0.333984 0.046875 0.332031 0.048828 0.333984 0.050781 0.333984 0.056641 0.343750 0.068359 0.343750 0.072266 0.345703 0.074219 0.345703 0.076172 0.347656 0.076172 0.349609 0.078125 0.355469 0.078125 0.357422 0.076172 0.363281 0.076172 0.365234 0.074219 0.371094 0.072266 0.376953 0.066406 0.376953 0.039062 0.373047 0.033203 0.345703 0.033203 0.343750 0.035156
2 0.691406 0.044922 0.679688 0.041016 0.482422 0.048828 0.480469 0.054688 0.482422 0.087891 0.550781 0.087891 0.566406 0.082031 0.626953 0.085938 0.669922 0.070312 0.689453 0.072266
2 0.109375 0.060547 0.039062 0.062500 0.011719 0.068359 0.007812 0.072266 0.015625 0.103516 0.015625 0.119141 0.023438 0.134766 0.029297 0.138672 0.037109 0.136719 0.068359 0.138672 0.076172 0.130859 0.091797 0.130859 0.097656 0.117188 0.103516 0.117188 0.117188 0.103516 0.123047 0.101562 0.119141 0.080078 0.115234 0.076172
2 0.998047 0.068359 0.996094 0.070312 0.970703 0.072266 0.968750 0.074219 0.957031 0.074219 0.941406 0.078125 0.923828 0.078125 0.919922 0.082031 0.919922 0.093750 0.925781 0.103516 0.933594 0.148438 0.953125 0.148438 0.984375 0.140625 0.998047 0.140625
2 0.583984 0.136719 0.583984 0.148438 0.585938 0.150391 0.585938 0.167969 0.591797 0.171875 0.593750 0.169922 0.597656 0.171875 0.607422 0.171875 0.617188 0.177734 0.636719 0.177734 0.640625 0.173828 0.638672 0.171875 0.638672 0.162109 0.636719 0.160156 0.636719 0.150391 0.638672 0.148438 0.638672 0.144531 0.636719 0.142578 0.636719 0.138672 0.632812 0.134766 0.628906 0.134766 0.626953 0.132812 0.617188 0.132812 0.615234 0.134766 0.585938 0.134766
2 0.294922 0.138672 0.255859 0.136719 0.236328 0.144531 0.222656 0.146484 0.220703 0.150391 0.218750 0.148438 0.195312 0.150391 0.193359 0.181641 0.201172 0.222656 0.207031 0.224609 0.230469 0.222656 0.234375 0.218750 0.232422 0.214844 0.234375 0.208984 0.242188 0.210938 0.253906 0.207031 0.302734 0.201172 0.300781 0.158203 0.296875 0.154297
2 0.000000 0.177734 0.000000 0.246094 0.005859 0.248047 0.000000 0.250000 0.000000 0.328125 0.009766 0.328125 0.015625 0.333984 0.000000 0.343750 0.052734 0.339844 0.080078 0.332031 0.085938 0.320312 0.064453 0.314453 0.099609 0.310547 0.101562 0.300781 0.097656 0.298828 0.107422 0.294922 0.097656 0.244141 0.085938 0.240234 0.046875 0.246094 0.046875 0.242188 0.068359 0.234375 0.068359 0.228516 0.058594 0.226562 0.050781 0.212891 0.042969 0.208984 0.037109 0.181641 0.027344 0.173828
2 0.154297 0.175781 0.123047 0.179688 0.121094 0.181641 0.111328 0.181641 0.109375 0.183594 0.093750 0.185547 0.091797 0.187500 0.091797 0.210938 0.093750 0.212891 0.097656 0.234375 0.101562 0.238281 0.107422 0.240234 0.113281 0.238281 0.132812 0.238281 0.134766 0.236328 0.158203 0.234375 0.164062 0.230469 0.164062 0.214844 0.162109 0.212891 0.162109 0.201172 0.160156 0.199219 0.160156 0.185547 0.158203 0.179688
2 0.601562 0.208984 0.601562 0.271484 0.654297 0.269531 0.658203 0.302734 0.673828 0.304688 0.601562 0.312500 0.603516 0.343750 0.615234 0.349609 0.583984 0.359375 0.585938 0.378906 0.632812 0.384766 0.617188 0.390625 0.611328 0.416016 0.595703 0.417969 0.607422 0.388672 0.539062 0.390625 0.539062 0.419922 0.591797 0.419922 0.597656 0.451172 0.685547 0.451172 0.685547 0.421875 0.666016 0.414062 0.687500 0.410156 0.687500 0.384766 0.656250 0.382812 0.687500 0.376953 0.687500 0.349609 0.646484 0.345703 0.685547 0.339844 0.675781 0.302734 0.683594 0.275391 0.662109 0.267578 0.681641 0.259766 0.673828 0.240234 0.685547 0.216797
2 0.527344 0.214844 0.515625 0.216797 0.501953 0.224609 0.490234 0.222656 0.488281 0.220703 0.472656 0.222656 0.472656 0.291016 0.474609 0.292969 0.486328 0.292969 0.488281 0.291016 0.515625 0.291016 0.523438 0.287109 0.523438 0.279297 0.525391 0.277344 0.525391 0.240234 0.527344 0.238281 0.527344 0.228516 0.529297 0.226562 0.529297 0.216797
2 0.386719 0.232422 0.382812 0.242188 0.384766 0.244141 0.384766 0.275391 0.386719 0.277344 0.384766 0.296875 0.386719 0.298828 0.390625 0.363281 0.396484 0.367188 0.398438 0.365234 0.429688 0.365234 0.427734 0.298828 0.423828 0.279297 0.423828 0.234375 0.419922 0.230469
2 0.480469 0.302734 0.476562 0.310547 0.476562 0.328125 0.478516 0.330078 0.478516 0.347656 0.482422 0.353516 0.492188 0.353516 0.494141 0.351562 0.519531 0.351562 0.521484 0.347656 0.521484 0.328125 0.519531 0.326172 0.519531 0.302734 0.492188 0.302734 0.490234 0.300781 0.486328 0.302734
2 0.779297 0.316406 0.777344 0.353516 0.783203 0.435547 0.787109 0.439453 0.792969 0.435547 0.822266 0.433594 0.830078 0.419922 0.861328 0.419922 0.865234 0.388672 0.857422 0.380859 0.843750 0.382812 0.835938 0.376953 0.833984 0.369141 0.841797 0.361328 0.863281 0.359375 0.863281 0.322266 0.859375 0.318359 0.828125 0.314453
2 0.466797 0.375000 0.468750 0.410156 0.478516 0.425781 0.484375 0.427734 0.492188 0.435547 0.498047 0.472656 0.500000 0.474609 0.525391 0.474609 0.537109 0.470703 0.539062 0.466797 0.539062 0.427734 0.535156 0.421875 0.535156 0.390625 0.529297 0.376953 0.519531 0.373047 0.500000 0.373047 0.498047 0.371094 0.480469 0.371094
2 0.130859 0.408203 0.126953 0.412109 0.125000 0.425781 0.132812 0.435547 0.134766 0.447266 0.146484 0.455078 0.154297 0.455078 0.162109 0.472656 0.166016 0.474609 0.175781 0.474609 0.179688 0.470703 0.193359 0.464844 0.195312 0.460938 0.195312 0.435547 0.187500 0.421875 0.173828 0.404297 0.169922 0.404297 0.156250 0.416016 0.146484 0.416016 0.142578 0.412109 0.140625 0.406250
2 0.966797 0.421875 0.947266 0.419922 0.921875 0.431641 0.923828 0.468750 0.917969 0.474609 0.900391 0.478516 0.859375 0.474609 0.824219 0.501953 0.787109 0.509766 0.787109 0.564453 0.830078 0.562500 0.980469 0.521484 0.980469 0.513672 0.968750 0.501953 0.960938 0.484375 0.966797 0.460938
2 0.554688 0.498047 0.554688 0.501953 0.556641 0.503906 0.556641 0.507812 0.558594 0.509766 0.558594 0.515625 0.558594 0.501953 0.556641 0.500000 0.556641 0.498047
2 0.548828 0.509766 0.548828 0.511719 0.552734 0.511719 0.550781 0.509766
2 0.242188 0.533203 0.232422 0.533203 0.226562 0.537109 0.222656 0.537109 0.220703 0.539062 0.216797 0.539062 0.214844 0.541016 0.205078 0.542969 0.199219 0.546875 0.201172 0.552734 0.205078 0.556641 0.205078 0.558594 0.214844 0.576172 0.218750 0.576172 0.220703 0.574219 0.224609 0.574219 0.226562 0.572266 0.236328 0.570312 0.246094 0.564453 0.255859 0.562500 0.255859 0.554688 0.253906 0.552734 0.251953 0.546875 0.248047 0.542969 0.246094 0.537109
2 0.699219 0.533203 0.666016 0.531250 0.646484 0.539062 0.628906 0.539062 0.617188 0.544922 0.566406 0.542969 0.566406 0.556641 0.560547 0.564453 0.562500 0.589844 0.576172 0.605469 0.609375 0.601562 0.619141 0.593750 0.630859 0.599609 0.648438 0.595703 0.658203 0.589844 0.683594 0.585938 0.687500 0.582031 0.687500 0.562500 0.695312 0.560547
2 0.148438 0.541016 0.142578 0.544922 0.144531 0.562500 0.154297 0.576172 0.164062 0.601562 0.175781 0.611328 0.183594 0.613281 0.175781 0.617188 0.175781 0.630859 0.179688 0.648438 0.199219 0.650391 0.212891 0.644531 0.216797 0.640625 0.216797 0.630859 0.205078 0.609375 0.195312 0.605469 0.199219 0.603516 0.199219 0.599609 0.195312 0.591797 0.193359 0.578125 0.177734 0.550781 0.177734 0.542969 0.171875 0.537109
2 0.287109 0.552734 0.285156 0.564453 0.279297 0.576172 0.281250 0.595703 0.285156 0.599609 0.292969 0.599609 0.308594 0.605469 0.312500 0.609375 0.310547 0.619141 0.322266 0.636719 0.333984 0.638672 0.357422 0.630859 0.369141 0.630859 0.376953 0.626953 0.378906 0.617188 0.375000 0.587891 0.365234 0.570312 0.353516 0.558594 0.343750 0.542969 0.322266 0.539062 0.296875 0.544922
2 0.050781 0.626953 0.048828 0.628906 0.042969 0.628906 0.041016 0.630859 0.037109 0.630859 0.035156 0.632812 0.033203 0.632812 0.021484 0.642578 0.021484 0.646484 0.023438 0.646484 0.027344 0.650391 0.027344 0.654297 0.029297 0.656250 0.029297 0.667969 0.031250 0.669922 0.031250 0.677734 0.033203 0.677734 0.039062 0.681641 0.050781 0.681641 0.066406 0.671875 0.066406 0.658203 0.064453 0.656250 0.060547 0.646484 0.056641 0.642578 0.056641 0.640625 0.054688 0.638672 0.054688 0.634766 0.052734 0.632812 0.052734 0.628906
2 0.541016 0.640625 0.537109 0.644531 0.537109 0.648438 0.535156 0.650391 0.535156 0.656250 0.533203 0.658203 0.533203 0.667969 0.535156 0.669922 0.535156 0.695312 0.539062 0.699219 0.560547 0.699219 0.562500 0.697266 0.562500 0.689453 0.560547 0.687500 0.560547 0.666016 0.558594 0.664062 0.558594 0.644531 0.552734 0.640625
2 0.570312 0.642578 0.564453 0.654297 0.564453 0.660156 0.566406 0.662109 0.566406 0.693359 0.568359 0.697266 0.572266 0.699219 0.601562 0.699219 0.603516 0.697266 0.607422 0.697266 0.607422 0.691406 0.599609 0.677734 0.599609 0.664062 0.601562 0.660156 0.599609 0.658203 0.599609 0.646484 0.595703 0.640625 0.574219 0.640625
2 0.689453 0.650391 0.666016 0.650391 0.667969 0.697266 0.664062 0.701172 0.537109 0.705078 0.533203 0.708984 0.533203 0.728516 0.541016 0.732422 0.605469 0.732422 0.607422 0.728516 0.611328 0.738281 0.638672 0.740234 0.634766 0.748047 0.646484 0.757812 0.703125 0.755859 0.703125 0.742188 0.697266 0.740234
2 0.333984 0.671875 0.287109 0.679688 0.287109 0.689453 0.294922 0.712891 0.300781 0.722656 0.308594 0.757812 0.316406 0.771484 0.320312 0.773438 0.328125 0.773438 0.357422 0.761719 0.357422 0.746094 0.355469 0.744141 0.353516 0.724609 0.349609 0.712891 0.339844 0.699219
2 0.193359 0.705078 0.191406 0.710938 0.199219 0.726562 0.203125 0.761719 0.216797 0.773438 0.214844 0.779297 0.216797 0.794922 0.220703 0.798828 0.240234 0.800781 0.261719 0.792969 0.259766 0.779297 0.250000 0.767578 0.242188 0.763672 0.244141 0.761719 0.244141 0.751953 0.238281 0.740234 0.240234 0.714844 0.234375 0.705078 0.234375 0.699219 0.230469 0.695312 0.212891 0.695312
2 0.166016 0.718750 0.162109 0.720703 0.162109 0.738281 0.166016 0.746094 0.166016 0.753906 0.167969 0.755859 0.169922 0.769531 0.171875 0.771484 0.179688 0.771484 0.197266 0.761719 0.197266 0.742188 0.195312 0.740234 0.195312 0.734375 0.189453 0.728516 0.189453 0.726562 0.187500 0.726562 0.187500 0.740234 0.183594 0.742188 0.181641 0.740234 0.181641 0.728516 0.177734 0.720703 0.173828 0.720703 0.171875 0.718750
2 0.498047 0.738281 0.494141 0.742188 0.494141 0.746094 0.492188 0.748047 0.492188 0.765625 0.494141 0.767578 0.494141 0.769531 0.496094 0.771484 0.501953 0.771484 0.503906 0.773438 0.511719 0.773438 0.513672 0.771484 0.519531 0.771484 0.523438 0.767578 0.523438 0.765625 0.525391 0.763672 0.525391 0.746094 0.523438 0.744141 0.521484 0.738281 0.517578 0.738281 0.515625 0.736328 0.503906 0.736328 0.501953 0.738281
2 0.568359 0.740234 0.568359 0.742188 0.566406 0.744141 0.566406 0.750000 0.564453 0.751953 0.564453 0.767578 0.566406 0.769531 0.566406 0.771484 0.605469 0.771484 0.607422 0.769531 0.607422 0.761719 0.609375 0.759766 0.607422 0.757812 0.607422 0.750000 0.603516 0.746094 0.603516 0.744141 0.601562 0.744141 0.595703 0.740234 0.591797 0.740234 0.589844 0.738281 0.572266 0.738281 0.570312 0.740234
2 0.000000 0.765625 0.000000 0.791016 0.003906 0.796875 0.003906 0.800781 0.007812 0.804688 0.007812 0.808594 0.011719 0.812500 0.019531 0.828125 0.029297 0.835938 0.039062 0.835938 0.041016 0.833984 0.046875 0.833984 0.050781 0.832031 0.056641 0.824219 0.054688 0.810547 0.041016 0.794922 0.037109 0.787109 0.033203 0.763672 0.031250 0.761719 0.023438 0.761719 0.021484 0.763672 0.003906 0.763672
2 0.705078 0.767578 0.693359 0.765625 0.652344 0.765625 0.632812 0.771484 0.621094 0.771484 0.617188 0.775391 0.615234 0.792969 0.625000 0.802734 0.619141 0.806641 0.615234 0.841797 0.626953 0.847656 0.638672 0.845703 0.640625 0.828125 0.646484 0.810547 0.640625 0.804688 0.642578 0.802734 0.705078 0.804688 0.714844 0.800781 0.714844 0.783203
2 0.521484 0.779297 0.519531 0.781250 0.519531 0.787109 0.517578 0.789062 0.517578 0.806641 0.519531 0.808594 0.525391 0.808594 0.527344 0.810547 0.544922 0.810547 0.546875 0.808594 0.546875 0.781250 0.544922 0.779297 0.539062 0.779297 0.537109 0.777344 0.533203 0.777344 0.531250 0.779297
2 0.316406 0.812500 0.306641 0.812500 0.289062 0.818359 0.281250 0.824219 0.283203 0.841797 0.298828 0.861328 0.304688 0.876953 0.304688 0.886719 0.298828 0.896484 0.300781 0.902344 0.291016 0.908203 0.298828 0.914062 0.298828 0.917969 0.304688 0.923828 0.294922 0.927734 0.300781 0.933594 0.316406 0.927734 0.318359 0.921875 0.339844 0.902344 0.353516 0.902344 0.359375 0.896484 0.351562 0.886719 0.351562 0.876953 0.337891 0.851562 0.333984 0.837891
2 0.480469 0.828125 0.480469 0.832031 0.478516 0.833984 0.478516 0.855469 0.482422 0.859375 0.500000 0.859375 0.501953 0.857422 0.503906 0.857422 0.505859 0.855469 0.505859 0.839844 0.503906 0.837891 0.503906 0.828125 0.500000 0.828125 0.498047 0.826172 0.486328 0.826172 0.484375 0.828125
2 0.708984 0.833984 0.679688 0.837891 0.660156 0.863281 0.648438 0.898438 0.646484 0.951172 0.640625 0.970703 0.640625 0.982422 0.644531 0.984375 0.724609 0.982422 0.724609 0.935547 0.718750 0.916016 0.710938 0.912109 0.712891 0.837891
2 0.050781 0.843750 0.044922 0.843750 0.035156 0.849609 0.023438 0.851562 0.011719 0.859375 0.007812 0.859375 0.005859 0.861328 0.005859 0.865234 0.007812 0.867188 0.007812 0.880859 0.001953 0.890625 0.003906 0.900391 0.009766 0.906250 0.017578 0.908203 0.031250 0.916016 0.041016 0.912109 0.044922 0.908203 0.046875 0.902344 0.060547 0.884766 0.060547 0.875000 0.058594 0.873047 0.060547 0.853516 0.058594 0.849609
2 0.630859 0.853516 0.623047 0.849609 0.611328 0.849609 0.603516 0.855469 0.595703 0.886719 0.595703 0.906250 0.597656 0.908203 0.595703 0.910156 0.583984 0.908203 0.562500 0.910156 0.560547 0.914062 0.560547 0.945312 0.568359 0.949219 0.570312 0.947266 0.574219 0.949219 0.576172 0.947266 0.615234 0.949219 0.619141 0.945312 0.626953 0.921875 0.625000 0.910156 0.628906 0.902344 0.628906 0.892578 0.636719 0.871094 0.636719 0.859375
2 0.488281 0.876953 0.488281 0.882812 0.486328 0.884766 0.486328 0.900391 0.490234 0.908203 0.519531 0.908203 0.521484 0.906250 0.541016 0.906250 0.544922 0.908203 0.546875 0.906250 0.556641 0.906250 0.558594 0.904297 0.558594 0.876953 0.556641 0.875000 0.550781 0.875000 0.548828 0.873047 0.529297 0.875000 0.525391 0.876953 0.523438 0.880859 0.521484 0.880859 0.519531 0.876953 0.515625 0.875000 0.505859 0.875000 0.503906 0.873047 0.501953 0.875000 0.500000 0.873047 0.492188 0.873047
2 0.113281 0.888672 0.087891 0.890625 0.083984 0.894531 0.072266 0.898438 0.068359 0.902344 0.066406 0.908203 0.068359 0.912109 0.068359 0.941406 0.070312 0.943359 0.070312 0.951172 0.076172 0.958984 0.091797 0.968750 0.099609 0.966797 0.107422 0.960938 0.123047 0.958984 0.134766 0.947266 0.134766 0.941406 0.126953 0.931641 0.126953 0.927734 0.123047 0.921875 0.121094 0.902344
2 0.285156 0.917969 0.287109 0.919922 0.292969 0.919922 0.294922 0.917969 0.292969 0.917969 0.291016 0.916016 0.289062 0.916016 0.287109 0.917969
2 0.322266 0.953125 0.322266 0.962891 0.328125 0.974609 0.333984 0.978516 0.341797 0.978516 0.343750 0.980469 0.361328 0.980469 0.367188 0.974609 0.396484 0.976562 0.400391 0.972656 0.400391 0.966797 0.398438 0.964844 0.398438 0.958984 0.396484 0.957031 0.394531 0.947266 0.388672 0.935547 0.384766 0.931641 0.357422 0.931641 0.355469 0.933594 0.343750 0.933594 0.335938 0.937500
2 0.617188 0.972656 0.611328 0.960938 0.607422 0.957031 0.597656 0.957031 0.589844 0.960938 0.562500 0.960938 0.560547 0.958984 0.554688 0.958984 0.548828 0.962891 0.548828 0.978516 0.550781 0.980469 0.550781 0.990234 0.554688 0.994141 0.615234 0.994141 0.617188 0.992188
4 0.468750 0.119141 0.451172 0.119141 0.398438 0.126953 0.388672 0.132812 0.390625 0.146484 0.388672 0.166016 0.392578 0.175781 0.392578 0.189453 0.380859 0.203125 0.382812 0.208984 0.410156 0.210938 0.464844 0.203125 0.476562 0.191406 0.476562 0.175781 0.472656 0.167969 0.472656 0.138672
4 0.443359 0.421875 0.466797 0.539062 0.480469 0.552734 0.486328 0.605469 0.492188 0.609375 0.529297 0.607422 0.544922 0.601562 0.548828 0.585938 0.537109 0.564453 0.535156 0.541016 0.556641 0.537109 0.558594 0.517578 0.539062 0.472656 0.541016 0.429688 0.539062 0.470703 0.525391 0.476562 0.500000 0.476562 0.494141 0.468750 0.490234 0.435547 0.470703 0.417969
4 0.833984 0.839844 0.826172 0.855469 0.826172 0.884766 0.818359 0.896484 0.824219 0.925781 0.820312 0.968750 0.826172 0.998047 0.998047 0.998047 0.996094 0.863281 0.978516 0.859375 0.937500 0.830078 0.894531 0.826172 0.876953 0.832031 0.845703 0.832031
