0 0.167969 0.000000 0.164062 0.037109 0.199219 0.083984 0.193359 0.126953 0.205078 0.128906 0.201172 0.107422 0.205078 0.103516 0.214844 0.115234 0.208984 0.105469 0.218750 0.099609 0.222656 0.105469 0.226562 0.101562 0.240234 0.109375 0.242188 0.136719 0.251953 0.144531 0.304688 0.146484 0.316406 0.041016 0.351562 0.000000
0 0.593750 0.070312 0.597656 0.105469 0.617188 0.107422 0.630859 0.140625 0.656250 0.164062 0.679688 0.173828 0.707031 0.175781 0.748047 0.140625 0.792969 0.142578 0.804688 0.154297 0.845703 0.171875 0.878906 0.158203 0.857422 0.085938 0.822266 0.056641 0.830078 0.015625 0.822266 0.000000 0.757812 0.000000 0.750000 0.025391 0.724609 0.048828 0.683594 0.029297 0.656250 0.039062 0.625000 0.062500
0 0.886719 0.000000 0.886719 0.011719 0.890625 0.017578 0.892578 0.029297 0.898438 0.041016 0.908203 0.044922 0.953125 0.050781 0.962891 0.044922 0.998047 0.042969 0.998047 0.000000
0 0.683594 0.015625 0.683594 0.017578 0.685547 0.017578 0.685547 0.015625
0 0.138672 0.078125 0.136719 0.080078 0.136719 0.085938 0.138672 0.083984
0 0.123047 0.101562 0.123047 0.107422 0.121094 0.109375 0.121094 0.111328 0.119141 0.113281 0.121094 0.115234 0.121094 0.117188 0.123047 0.119141 0.123047 0.121094 0.126953 0.125000 0.126953 0.126953 0.130859 0.126953 0.130859 0.111328 0.123047 0.103516
0 0.140625 0.111328 0.140625 0.123047 0.146484 0.123047 0.148438 0.121094 0.162109 0.121094 0.164062 0.119141 0.162109 0.117188 0.160156 0.117188 0.156250 0.113281 0.156250 0.111328 0.148438 0.111328 0.146484 0.113281 0.142578 0.109375
0 0.000000 0.134766 0.000000 0.222656 0.033203 0.240234 0.050781 0.240234 0.072266 0.234375 0.068359 0.224609 0.070312 0.218750 0.078125 0.210938 0.085938 0.208984 0.089844 0.203125 0.089844 0.191406 0.082031 0.179688 0.074219 0.154297 0.044922 0.138672
0 0.742188 0.291016 0.742188 0.308594 0.748047 0.314453 0.804688 0.320312 0.814453 0.324219 0.824219 0.318359 0.861328 0.320312 0.873047 0.310547 0.873047 0.298828 0.863281 0.281250 0.857422 0.275391 0.847656 0.271484 0.781250 0.269531 0.775391 0.275391 0.761719 0.275391 0.751953 0.279297
0 0.888672 0.287109 0.882812 0.322266 0.884766 0.343750 0.890625 0.355469 0.916016 0.361328 0.931641 0.369141 0.955078 0.369141 0.974609 0.363281 0.994141 0.380859 0.998047 0.380859 0.998047 0.279297 0.980469 0.296875 0.958984 0.285156 0.935547 0.277344 0.892578 0.283203
0 0.828125 0.388672 0.826172 0.396484 0.837891 0.414062 0.841797 0.425781 0.853516 0.435547 0.859375 0.435547 0.861328 0.437500 0.888672 0.435547 0.904297 0.427734 0.912109 0.421875 0.921875 0.406250 0.921875 0.394531 0.919922 0.390625 0.908203 0.384766 0.904297 0.384766 0.878906 0.371094 0.865234 0.371094 0.863281 0.373047 0.853516 0.373047 0.835938 0.378906
0 0.158203 0.380859 0.154297 0.386719 0.152344 0.398438 0.150391 0.400391 0.150391 0.408203 0.146484 0.416016 0.146484 0.423828 0.154297 0.439453 0.164062 0.447266 0.169922 0.449219 0.205078 0.449219 0.207031 0.447266 0.212891 0.447266 0.226562 0.431641 0.226562 0.423828 0.218750 0.406250 0.218750 0.398438 0.212891 0.380859 0.210938 0.378906 0.197266 0.378906 0.185547 0.375000 0.167969 0.375000
0 0.171875 0.455078 0.167969 0.462891 0.158203 0.472656 0.167969 0.498047 0.171875 0.501953 0.177734 0.501953 0.183594 0.505859 0.191406 0.505859 0.199219 0.509766 0.214844 0.509766 0.220703 0.505859 0.222656 0.498047 0.228516 0.492188 0.226562 0.490234 0.226562 0.480469 0.224609 0.478516 0.222656 0.470703 0.208984 0.457031 0.208984 0.455078 0.205078 0.455078 0.203125 0.453125 0.175781 0.453125
0 0.998047 0.501953 0.921875 0.503906 0.904297 0.509766 0.906250 0.531250 0.921875 0.556641 0.925781 0.572266 0.919922 0.601562 0.904297 0.613281 0.904297 0.630859 0.886719 0.654297 0.886719 0.666016 0.894531 0.681641 0.931641 0.691406 0.998047 0.691406
0 0.117188 0.542969 0.119141 0.562500 0.121094 0.566406 0.128906 0.570312 0.142578 0.572266 0.150391 0.568359 0.162109 0.568359 0.181641 0.582031 0.195312 0.582031 0.205078 0.585938 0.207031 0.583984 0.208984 0.585938 0.210938 0.583984 0.212891 0.585938 0.214844 0.583984 0.228516 0.583984 0.232422 0.576172 0.230469 0.562500 0.214844 0.541016 0.183594 0.531250 0.167969 0.515625 0.148438 0.515625 0.140625 0.519531 0.134766 0.529297
0 0.148438 0.644531 0.144531 0.664062 0.158203 0.677734 0.162109 0.689453 0.167969 0.693359 0.208984 0.695312 0.230469 0.703125 0.246094 0.703125 0.257812 0.695312 0.261719 0.695312 0.265625 0.689453 0.267578 0.656250 0.238281 0.630859 0.214844 0.628906 0.203125 0.625000 0.181641 0.625000 0.164062 0.630859 0.152344 0.638672
0 0.332031 0.664062 0.332031 0.689453 0.335938 0.697266 0.353516 0.714844 0.359375 0.714844 0.369141 0.718750 0.388672 0.718750 0.390625 0.716797 0.416016 0.714844 0.419922 0.710938 0.419922 0.705078 0.417969 0.703125 0.408203 0.703125 0.400391 0.695312 0.402344 0.677734 0.392578 0.667969 0.384766 0.656250 0.373047 0.652344 0.353516 0.652344 0.337891 0.658203
0 0.443359 0.667969 0.441406 0.669922 0.441406 0.679688 0.457031 0.705078 0.457031 0.708984 0.462891 0.714844 0.470703 0.714844 0.476562 0.718750 0.490234 0.718750 0.498047 0.710938 0.505859 0.710938 0.511719 0.707031 0.513672 0.687500 0.515625 0.685547 0.511719 0.664062 0.501953 0.662109 0.496094 0.658203 0.494141 0.660156 0.492188 0.658203 0.488281 0.660156 0.480469 0.656250 0.478516 0.658203 0.476562 0.656250 0.472656 0.656250 0.464844 0.662109 0.458984 0.662109
0 0.562500 0.675781 0.562500 0.679688 0.560547 0.681641 0.562500 0.683594 0.562500 0.691406 0.560547 0.693359 0.560547 0.699219 0.558594 0.701172 0.558594 0.707031 0.562500 0.710938 0.566406 0.712891 0.574219 0.712891 0.576172 0.714844 0.585938 0.714844 0.587891 0.716797 0.591797 0.716797 0.599609 0.726562 0.621094 0.726562 0.625000 0.722656 0.625000 0.716797 0.628906 0.708984 0.628906 0.701172 0.625000 0.693359 0.621094 0.691406 0.613281 0.691406 0.611328 0.689453 0.601562 0.689453 0.582031 0.677734 0.576172 0.677734 0.574219 0.675781
0 0.679688 0.695312 0.677734 0.695312 0.675781 0.693359 0.662109 0.693359 0.660156 0.695312 0.654297 0.695312 0.652344 0.697266 0.646484 0.699219 0.644531 0.701172 0.642578 0.707031 0.638672 0.710938 0.638672 0.714844 0.640625 0.716797 0.640625 0.718750 0.644531 0.722656 0.646484 0.728516 0.652344 0.734375 0.652344 0.736328 0.654297 0.738281 0.664062 0.738281 0.666016 0.736328 0.675781 0.736328 0.677734 0.734375 0.681641 0.734375 0.687500 0.728516 0.687500 0.724609 0.689453 0.722656 0.689453 0.720703 0.687500 0.718750 0.687500 0.710938 0.685547 0.708984 0.685547 0.703125
0 0.720703 0.718750 0.718750 0.722656 0.718750 0.736328 0.732422 0.736328 0.736328 0.738281 0.738281 0.742188 0.746094 0.750000 0.751953 0.751953 0.755859 0.755859 0.765625 0.755859 0.779297 0.742188 0.781250 0.742188 0.783203 0.740234 0.785156 0.728516 0.787109 0.726562 0.787109 0.720703 0.779297 0.710938 0.773438 0.710938 0.771484 0.708984 0.767578 0.708984 0.765625 0.707031 0.757812 0.707031 0.755859 0.705078 0.746094 0.705078 0.744141 0.707031 0.734375 0.708984 0.726562 0.712891
0 0.810547 0.724609 0.810547 0.757812 0.777344 0.839844 0.779297 0.880859 0.796875 0.902344 0.812500 0.904297 0.835938 0.888672 0.847656 0.888672 0.867188 0.898438 0.951172 0.910156 0.980469 0.902344 0.986328 0.892578 0.998047 0.888672 0.996094 0.751953 0.859375 0.714844 0.822266 0.716797
0 0.365234 0.820312 0.365234 0.822266 0.363281 0.824219 0.363281 0.835938 0.365234 0.837891 0.365234 0.839844 0.373047 0.847656 0.373047 0.849609 0.380859 0.857422 0.400391 0.857422 0.402344 0.859375 0.406250 0.859375 0.408203 0.857422 0.416016 0.857422 0.416016 0.841797 0.414062 0.839844 0.414062 0.826172 0.410156 0.822266 0.408203 0.822266 0.406250 0.820312 0.402344 0.820312 0.398438 0.816406 0.394531 0.816406 0.392578 0.814453 0.380859 0.814453 0.378906 0.816406 0.371094 0.816406
0 0.373047 0.894531 0.369141 0.898438 0.367188 0.908203 0.363281 0.912109 0.359375 0.919922 0.359375 0.933594 0.361328 0.937500 0.369141 0.945312 0.378906 0.949219 0.386719 0.957031 0.394531 0.957031 0.396484 0.955078 0.414062 0.955078 0.421875 0.945312 0.421875 0.919922 0.414062 0.912109 0.404297 0.896484 0.384766 0.896484 0.382812 0.894531
2 0.373047 0.078125 0.371094 0.115234 0.478516 0.136719 0.582031 0.150391 0.601562 0.146484 0.597656 0.115234 0.587891 0.103516 0.570312 0.103516 0.544922 0.091797 0.445312 0.080078 0.421875 0.070312 0.417969 0.052734 0.431641 0.037109 0.427734 0.039062 0.419922 0.031250 0.402344 0.031250 0.392578 0.066406
2 0.685547 0.222656 0.691406 0.248047 0.837891 0.263672 0.882812 0.277344 0.933594 0.267578 0.953125 0.279297 0.968750 0.279297 0.966797 0.257812 0.972656 0.242188 0.966797 0.234375 0.925781 0.232422 0.916016 0.222656 0.917969 0.214844 0.898438 0.208984 0.892578 0.222656 0.886719 0.197266 0.839844 0.181641 0.832031 0.171875 0.787109 0.152344 0.751953 0.150391 0.732422 0.158203 0.708984 0.179688
2 0.375000 0.177734 0.375000 0.197266 0.382812 0.208984 0.437500 0.212891 0.556641 0.232422 0.589844 0.230469 0.591797 0.187500 0.583984 0.171875 0.531250 0.162109 0.511719 0.166016 0.484375 0.154297 0.435547 0.166016 0.419922 0.166016 0.410156 0.160156 0.390625 0.162109
2 0.466797 0.343750 0.460938 0.343750 0.457031 0.339844 0.462891 0.335938 0.462891 0.328125 0.457031 0.335938 0.449219 0.333984 0.447266 0.328125 0.429688 0.320312 0.417969 0.294922 0.417969 0.298828 0.414062 0.302734 0.412109 0.300781 0.404297 0.310547 0.388672 0.308594 0.384766 0.312500 0.373047 0.314453 0.367188 0.322266 0.365234 0.332031 0.353516 0.347656 0.353516 0.357422 0.363281 0.363281 0.388672 0.369141 0.453125 0.375000 0.466797 0.369141 0.458984 0.369141 0.458984 0.363281 0.466797 0.359375 0.457031 0.359375 0.460938 0.351562 0.466797 0.353516 0.460938 0.349609
2 0.429688 0.300781 0.429688 0.306641 0.431641 0.306641 0.431641 0.300781
2 0.552734 0.339844 0.535156 0.339844 0.529297 0.382812 0.519531 0.419922 0.517578 0.447266 0.515625 0.449219 0.517578 0.457031 0.535156 0.457031 0.537109 0.455078 0.535156 0.433594 0.542969 0.423828 0.544922 0.408203 0.554688 0.373047 0.554688 0.361328 0.556641 0.359375 0.556641 0.341797
2 0.505859 0.351562 0.503906 0.353516 0.505859 0.353516
2 0.000000 0.419922 0.000000 0.498047 0.007812 0.500000 0.009766 0.498047 0.015625 0.498047 0.023438 0.494141 0.027344 0.449219 0.029297 0.447266 0.029297 0.439453 0.033203 0.435547 0.035156 0.427734 0.027344 0.427734 0.021484 0.421875
2 0.681641 0.472656 0.681641 0.488281 0.679688 0.490234 0.681641 0.500000 0.685547 0.501953 0.705078 0.501953 0.726562 0.507812 0.746094 0.507812 0.750000 0.503906 0.763672 0.503906 0.767578 0.500000 0.765625 0.494141 0.765625 0.474609 0.761719 0.468750 0.761719 0.453125 0.757812 0.445312 0.746094 0.441406 0.730469 0.441406 0.728516 0.439453 0.714844 0.439453 0.712891 0.437500 0.699219 0.437500
2 0.888672 0.441406 0.886719 0.482422 0.884766 0.484375 0.884766 0.500000 0.886719 0.501953 0.927734 0.500000 0.933594 0.498047 0.947266 0.484375 0.951172 0.484375 0.957031 0.480469 0.958984 0.474609 0.958984 0.447266 0.953125 0.445312 0.941406 0.445312 0.939453 0.443359 0.923828 0.441406 0.921875 0.439453 0.912109 0.439453 0.910156 0.437500 0.892578 0.437500
2 0.261719 0.443359 0.257812 0.445312 0.255859 0.457031 0.244141 0.468750 0.242188 0.503906 0.240234 0.505859 0.240234 0.529297 0.253906 0.535156 0.259766 0.542969 0.263672 0.541016 0.283203 0.541016 0.289062 0.531250 0.294922 0.527344 0.294922 0.511719 0.296875 0.509766 0.294922 0.500000 0.306641 0.462891 0.306641 0.449219 0.291016 0.445312
2 0.308594 0.535156 0.312500 0.544922 0.404297 0.562500 0.515625 0.574219 0.519531 0.570312 0.521484 0.537109 0.529297 0.529297 0.531250 0.500000 0.498047 0.486328 0.457031 0.484375 0.412109 0.468750 0.343750 0.464844 0.333984 0.470703 0.326172 0.501953 0.322266 0.505859 0.312500 0.501953
2 0.613281 0.515625 0.615234 0.531250 0.623047 0.541016 0.617188 0.570312 0.619141 0.580078 0.650391 0.580078 0.675781 0.587891 0.691406 0.587891 0.730469 0.597656 0.769531 0.615234 0.775391 0.611328 0.779297 0.560547 0.783203 0.550781 0.775391 0.535156 0.761719 0.531250 0.697266 0.527344 0.664062 0.517578 0.623047 0.511719
2 0.263672 0.546875 0.259766 0.546875 0.259766 0.548828 0.257812 0.550781 0.257812 0.556641 0.255859 0.558594 0.255859 0.572266 0.253906 0.574219 0.253906 0.585938 0.255859 0.587891 0.257812 0.585938 0.261719 0.585938 0.263672 0.583984 0.263672 0.580078 0.265625 0.578125 0.265625 0.566406 0.267578 0.564453 0.267578 0.562500 0.269531 0.560547 0.269531 0.548828 0.265625 0.548828
2 0.013672 0.617188 0.011719 0.621094 0.011719 0.650391 0.009766 0.652344 0.017578 0.660156 0.037109 0.660156 0.039062 0.662109 0.050781 0.660156 0.052734 0.662109 0.058594 0.662109 0.060547 0.664062 0.070312 0.664062 0.080078 0.652344 0.080078 0.644531 0.076172 0.640625 0.072266 0.632812 0.072266 0.625000 0.068359 0.619141 0.064453 0.619141 0.062500 0.617188 0.041016 0.617188 0.039062 0.615234 0.031250 0.615234 0.029297 0.613281 0.019531 0.613281
2 0.113281 0.664062 0.113281 0.671875 0.111328 0.673828 0.111328 0.677734 0.113281 0.679688 0.117188 0.679688 0.119141 0.681641 0.126953 0.681641 0.128906 0.683594 0.138672 0.683594 0.140625 0.681641 0.140625 0.671875 0.138672 0.669922 0.138672 0.667969 0.136719 0.667969 0.134766 0.666016 0.132812 0.666016 0.130859 0.664062 0.128906 0.664062 0.126953 0.662109 0.115234 0.662109
2 0.679688 0.843750 0.679688 0.865234 0.681641 0.869141 0.685547 0.869141 0.687500 0.871094 0.701172 0.871094 0.703125 0.873047 0.736328 0.875000 0.738281 0.876953 0.748047 0.876953 0.750000 0.878906 0.763672 0.878906 0.767578 0.859375 0.759766 0.847656 0.732422 0.845703 0.730469 0.843750 0.712891 0.843750 0.710938 0.841797 0.697266 0.841797 0.695312 0.839844 0.681641 0.839844
2 0.736328 0.900391 0.726562 0.900391 0.724609 0.898438 0.710938 0.898438 0.707031 0.900391 0.705078 0.904297 0.705078 0.919922 0.703125 0.921875 0.701172 0.943359 0.699219 0.945312 0.697266 0.958984 0.687500 0.976562 0.685547 0.998047 0.716797 0.998047 0.718750 0.984375 0.724609 0.970703 0.726562 0.951172 0.728516 0.949219 0.728516 0.931641 0.738281 0.917969 0.740234 0.904297
2 0.648438 0.906250 0.644531 0.908203 0.642578 0.935547 0.638672 0.945312 0.638672 0.955078 0.636719 0.957031 0.632812 0.984375 0.636719 0.988281 0.642578 0.988281 0.650391 0.992188 0.660156 0.992188 0.664062 0.990234 0.667969 0.984375 0.669922 0.966797 0.673828 0.958984 0.673828 0.951172 0.675781 0.949219 0.677734 0.935547 0.681641 0.927734 0.681641 0.912109 0.673828 0.908203
5 0.078125 0.212891 0.605469 0.318359 0.542969 0.640625 0.000000 0.558594 0.533203 0.666016 0.472656 0.998047 0.564453 0.669922 0.998047 0.732422 0.570312 0.642578 0.632812 0.320312 0.884766 0.345703 0.640625 0.296875 0.648438 0.156250 0.607422 0.292969
