0 0.646484 0.126953 0.656250 0.162109 0.667969 0.177734 0.673828 0.193359 0.677734 0.195312 0.712891 0.197266 0.736328 0.187500 0.750000 0.185547 0.759766 0.169922 0.773438 0.156250 0.773438 0.146484 0.769531 0.136719 0.763672 0.138672 0.750000 0.136719 0.736328 0.126953 0.734375 0.117188 0.730469 0.113281 0.699219 0.107422 0.662109 0.105469 0.652344 0.111328 0.652344 0.117188
0 0.146484 0.501953 0.140625 0.597656 0.257812 0.716797 0.318359 0.730469 0.416016 0.691406 0.439453 0.646484 0.458984 0.931641 0.498047 0.888672 0.562500 0.894531 0.572266 0.955078 0.644531 0.962891 0.658203 0.992188 0.998047 0.998047 0.998047 0.634766 0.916016 0.611328 0.890625 0.564453 0.880859 0.609375 0.808594 0.640625 0.857422 0.546875 0.833984 0.509766 0.638672 0.484375 0.623047 0.416016 0.490234 0.339844 0.337891 0.365234 0.328125 0.412109 0.371094 0.503906 0.324219 0.468750
0 0.000000 0.433594 0.000000 0.494141 0.007812 0.496094 0.015625 0.501953 0.023438 0.501953 0.041016 0.507812 0.068359 0.505859 0.076172 0.490234 0.085938 0.480469 0.103516 0.451172 0.101562 0.439453 0.070312 0.416016 0.046875 0.416016 0.017578 0.421875
0 0.771484 0.457031 0.775391 0.457031 0.777344 0.458984 0.781250 0.458984 0.783203 0.460938 0.779297 0.457031
0 0.351562 0.490234 0.357422 0.490234 0.355469 0.488281 0.353516 0.488281
0 0.367188 0.519531 0.367188 0.521484 0.369141 0.521484 0.369141 0.519531
0 0.000000 0.873047 0.000000 0.998047 0.158203 0.998047 0.181641 0.988281 0.189453 0.960938 0.171875 0.945312 0.148438 0.941406 0.111328 0.949219 0.093750 0.939453 0.095703 0.923828 0.089844 0.902344 0.099609 0.886719 0.083984 0.857422 0.056641 0.855469 0.052734 0.882812 0.046875 0.886719 0.021484 0.884766
0 0.429688 0.884766 0.429688 0.888672 0.433594 0.888672 0.433594 0.886719 0.431641 0.884766
0 0.439453 0.923828 0.439453 0.925781 0.443359 0.925781 0.443359 0.923828
0 0.466797 0.939453 0.460938 0.939453 0.457031 0.935547 0.457031 0.937500 0.455078 0.939453 0.449219 0.939453 0.447266 0.941406 0.466797 0.941406
0 0.644531 0.984375 0.644531 0.986328 0.646484 0.986328 0.646484 0.984375
2 0.052734 0.000000 0.054688 0.001953 0.054688 0.005859 0.058594 0.009766 0.060547 0.009766 0.062500 0.011719 0.066406 0.011719 0.068359 0.013672 0.072266 0.013672 0.074219 0.015625 0.078125 0.015625 0.080078 0.017578 0.101562 0.017578 0.105469 0.011719 0.105469 0.000000
2 0.218750 0.017578 0.216797 0.042969 0.203125 0.046875 0.199219 0.056641 0.193359 0.052734 0.193359 0.046875 0.189453 0.060547 0.193359 0.058594 0.193359 0.062500 0.199219 0.062500 0.222656 0.085938 0.224609 0.105469 0.242188 0.109375 0.236328 0.132812 0.251953 0.144531 0.275391 0.148438 0.281250 0.142578 0.308594 0.083984 0.294922 0.074219 0.265625 0.070312 0.250000 0.041016 0.240234 0.035156 0.224609 0.033203 0.220703 0.027344 0.222656 0.019531
2 0.054688 0.066406 0.044922 0.076172 0.044922 0.083984 0.046875 0.085938 0.046875 0.087891 0.048828 0.087891 0.050781 0.089844 0.052734 0.089844 0.054688 0.091797 0.056641 0.091797 0.058594 0.093750 0.060547 0.093750 0.062500 0.095703 0.070312 0.095703 0.074219 0.091797 0.074219 0.089844 0.076172 0.087891 0.076172 0.082031 0.078125 0.080078 0.078125 0.074219 0.076172 0.072266 0.074219 0.072266 0.072266 0.070312 0.068359 0.070312 0.066406 0.068359 0.062500 0.068359 0.060547 0.066406
2 0.414062 0.089844 0.410156 0.093750 0.404297 0.109375 0.404297 0.115234 0.400391 0.125000 0.400391 0.142578 0.406250 0.148438 0.423828 0.158203 0.449219 0.162109 0.447266 0.156250 0.453125 0.150391 0.457031 0.150391 0.458984 0.148438 0.458984 0.142578 0.466797 0.125000 0.468750 0.111328 0.462891 0.103516 0.453125 0.101562 0.447266 0.093750 0.441406 0.093750 0.431641 0.089844
2 0.828125 0.111328 0.828125 0.144531 0.833984 0.152344 0.849609 0.156250 0.880859 0.156250 0.884766 0.150391 0.888672 0.158203 0.914062 0.160156 0.916016 0.146484 0.917969 0.160156 0.931641 0.162109 0.945312 0.169922 0.962891 0.167969 0.962891 0.150391 0.972656 0.132812 0.970703 0.128906 0.947266 0.125000 0.935547 0.119141 0.927734 0.121094 0.925781 0.119141 0.931641 0.115234 0.902344 0.109375 0.888672 0.126953 0.886719 0.134766 0.876953 0.109375 0.845703 0.107422
2 0.074219 0.111328 0.060547 0.130859 0.058594 0.154297 0.093750 0.171875 0.080078 0.175781 0.076172 0.189453 0.060547 0.199219 0.058594 0.208984 0.070312 0.232422 0.091797 0.246094 0.103516 0.238281 0.113281 0.216797 0.109375 0.259766 0.144531 0.271484 0.160156 0.216797 0.138672 0.203125 0.117188 0.212891 0.109375 0.181641 0.130859 0.181641 0.164062 0.208984 0.197266 0.210938 0.203125 0.199219 0.205078 0.158203 0.179688 0.140625 0.156250 0.140625 0.146484 0.128906 0.115234 0.128906
2 0.244141 0.189453 0.244141 0.191406 0.248047 0.191406 0.246094 0.189453
2 0.257812 0.195312 0.224609 0.238281 0.226562 0.300781 0.230469 0.304688 0.253906 0.306641 0.261719 0.316406 0.269531 0.320312 0.310547 0.320312 0.318359 0.310547 0.333984 0.263672 0.318359 0.242188 0.294922 0.220703 0.281250 0.216797 0.275391 0.210938 0.277344 0.207031 0.265625 0.195312
2 0.906250 0.238281 0.859375 0.232422 0.857422 0.259766 0.835938 0.279297 0.837891 0.224609 0.791016 0.220703 0.773438 0.273438 0.638672 0.234375 0.630859 0.302734 0.658203 0.310547 0.640625 0.355469 0.666016 0.359375 0.671875 0.341797 0.677734 0.359375 0.708984 0.353516 0.726562 0.308594 0.767578 0.314453 0.779297 0.294922 0.830078 0.292969 0.832031 0.310547 0.904297 0.322266 0.919922 0.283203 0.857422 0.261719 0.900391 0.261719
2 0.021484 0.257812 0.021484 0.259766 0.019531 0.261719 0.019531 0.269531 0.017578 0.271484 0.017578 0.275391 0.015625 0.277344 0.015625 0.289062 0.017578 0.291016 0.021484 0.291016 0.023438 0.292969 0.031250 0.292969 0.031250 0.291016 0.033203 0.289062 0.033203 0.287109 0.035156 0.285156 0.035156 0.277344 0.037109 0.275391 0.037109 0.265625 0.035156 0.263672 0.035156 0.259766 0.027344 0.259766 0.025391 0.257812
2 0.103516 0.291016 0.093750 0.287109 0.076172 0.291016 0.074219 0.294922 0.072266 0.273438 0.058594 0.269531 0.046875 0.310547 0.050781 0.322266 0.048828 0.324219 0.035156 0.314453 0.025391 0.312500 0.011719 0.335938 0.011719 0.359375 0.037109 0.365234 0.041016 0.361328 0.050781 0.326172 0.056641 0.322266 0.056641 0.314453 0.070312 0.300781 0.072266 0.304688 0.066406 0.320312 0.066406 0.330078 0.074219 0.335938 0.085938 0.337891 0.101562 0.308594
2 0.767578 0.333984 0.765625 0.369141 0.767578 0.373047 0.773438 0.375000 0.796875 0.375000 0.800781 0.369141 0.804688 0.373047 0.814453 0.375000 0.847656 0.375000 0.867188 0.367188 0.869141 0.363281 0.871094 0.343750 0.841797 0.330078 0.828125 0.330078 0.816406 0.337891 0.808594 0.337891 0.806641 0.335938 0.810547 0.322266 0.808594 0.318359 0.792969 0.318359 0.791016 0.320312 0.779297 0.318359
2 0.226562 0.341797 0.212891 0.341797 0.207031 0.347656 0.207031 0.349609 0.208984 0.351562 0.208984 0.382812 0.210938 0.382812 0.212891 0.380859 0.214844 0.380859 0.218750 0.376953 0.218750 0.375000 0.222656 0.371094 0.222656 0.367188 0.224609 0.365234 0.224609 0.363281 0.228516 0.357422 0.228516 0.343750
2 0.056641 0.355469 0.044922 0.365234 0.042969 0.369141 0.042969 0.376953 0.037109 0.384766 0.035156 0.394531 0.031250 0.400391 0.031250 0.406250 0.033203 0.408203 0.046875 0.408203 0.048828 0.410156 0.070312 0.410156 0.072266 0.412109 0.082031 0.412109 0.085938 0.408203 0.087891 0.388672 0.091797 0.384766 0.093750 0.386719 0.093750 0.376953 0.095703 0.375000 0.095703 0.369141 0.091797 0.365234 0.085938 0.365234 0.083984 0.363281 0.078125 0.363281 0.076172 0.361328 0.066406 0.361328
2 0.263672 0.365234 0.263672 0.402344 0.261719 0.404297 0.261719 0.408203 0.263672 0.410156 0.275391 0.412109 0.289062 0.417969 0.294922 0.417969 0.296875 0.419922 0.308594 0.419922 0.308594 0.414062 0.310547 0.410156 0.320312 0.400391 0.320312 0.396484 0.322266 0.394531 0.322266 0.386719 0.324219 0.384766 0.324219 0.376953 0.316406 0.373047 0.310547 0.367188 0.300781 0.363281 0.298828 0.359375 0.291016 0.355469 0.283203 0.355469
2 0.123047 0.365234 0.119141 0.369141 0.117188 0.373047 0.117188 0.378906 0.109375 0.388672 0.109375 0.392578 0.107422 0.394531 0.109375 0.398438 0.109375 0.408203 0.113281 0.410156 0.119141 0.410156 0.121094 0.412109 0.136719 0.414062 0.150391 0.419922 0.158203 0.417969 0.164062 0.412109 0.167969 0.404297 0.167969 0.398438 0.169922 0.396484 0.169922 0.369141 0.164062 0.365234 0.156250 0.365234 0.154297 0.367188 0.148438 0.367188 0.146484 0.365234 0.130859 0.365234 0.128906 0.363281
2 0.498047 0.894531 0.494141 0.908203 0.492188 0.910156 0.492188 0.919922 0.503906 0.935547 0.537109 0.937500 0.539062 0.939453 0.544922 0.939453 0.548828 0.941406 0.550781 0.939453 0.556641 0.939453 0.564453 0.933594 0.564453 0.921875 0.562500 0.919922 0.564453 0.902344 0.562500 0.900391 0.542969 0.900391 0.541016 0.898438 0.521484 0.896484 0.519531 0.894531 0.511719 0.894531 0.509766 0.892578 0.500000 0.892578
3 0.058594 0.583984 0.056641 0.582031 0.054688 0.583984
3 0.007812 0.597656 0.000000 0.869141 0.046875 0.884766 0.056641 0.853516 0.083984 0.855469 0.101562 0.886719 0.095703 0.939453 0.167969 0.941406 0.191406 0.960938 0.183594 0.988281 0.166016 0.996094 0.367188 0.994141 0.371094 0.966797 0.398438 0.960938 0.414062 0.931641 0.414062 0.863281 0.376953 0.822266 0.384766 0.796875 0.414062 0.777344 0.408203 0.718750 0.388672 0.720703 0.376953 0.703125 0.320312 0.736328 0.291016 0.718750 0.261719 0.724609 0.138672 0.613281 0.066406 0.605469 0.060547 0.589844
3 0.408203 0.697266 0.408203 0.699219 0.406250 0.701172 0.406250 0.712891 0.408203 0.714844 0.408203 0.712891 0.412109 0.708984 0.412109 0.707031 0.410156 0.705078 0.410156 0.701172 0.408203 0.699219
3 0.425781 0.830078 0.425781 0.832031 0.427734 0.832031 0.427734 0.830078
3 0.375000 0.984375 0.375000 0.986328 0.373047 0.988281 0.375000 0.990234 0.375000 0.992188 0.378906 0.992188 0.380859 0.990234 0.380859 0.984375
3 0.390625 0.984375 0.390625 0.986328 0.392578 0.986328 0.392578 0.984375
5 0.005859 0.000000 0.343750 0.248047 0.304688 0.328125 0.001953 0.251953 0.298828 0.351562 0.361328 0.261719 0.998047 0.615234 0.863281 0.496094 0.998047 0.160156 0.839844 0.478516 0.517578 0.330078 0.634766 0.000000 0.585938 0.041016 0.488281 0.017578 0.585938 0.064453 0.496094 0.316406
