0 0.000000 0.300781 0.044922 0.316406 0.042969 0.306641 0.089844 0.292969 0.138672 0.302734 0.230469 0.275391 0.277344 0.283203 0.472656 0.248047 0.517578 0.212891 0.513672 0.144531 0.570312 0.148438 0.605469 0.109375 0.595703 0.005859 0.000000 0.000000
0 0.052734 0.312500 0.052734 0.314453 0.054688 0.316406 0.060547 0.316406 0.060547 0.312500
0 0.085938 0.312500 0.085938 0.318359 0.087891 0.320312 0.089844 0.320312 0.091797 0.318359 0.091797 0.314453 0.089844 0.314453 0.087891 0.312500
0 0.101562 0.316406 0.103516 0.318359 0.121094 0.318359 0.121094 0.316406 0.123047 0.314453 0.121094 0.312500 0.119141 0.314453 0.109375 0.314453 0.107422 0.312500 0.105469 0.312500
0 0.107422 0.330078 0.105469 0.328125 0.089844 0.328125 0.087891 0.326172 0.085938 0.326172 0.083984 0.328125 0.070312 0.328125 0.068359 0.330078 0.062500 0.330078 0.060547 0.328125 0.054688 0.328125 0.052734 0.330078 0.046875 0.330078 0.044922 0.328125 0.041016 0.328125 0.039062 0.330078 0.039062 0.333984 0.046875 0.333984 0.048828 0.332031 0.050781 0.332031 0.052734 0.333984 0.070312 0.333984 0.072266 0.335938 0.076172 0.335938 0.078125 0.333984 0.091797 0.333984 0.093750 0.332031 0.105469 0.332031
0 0.009766 0.330078 0.009766 0.332031 0.011719 0.333984 0.011719 0.341797 0.009766 0.343750 0.009766 0.347656 0.011719 0.349609 0.013672 0.349609 0.013672 0.341797 0.011719 0.339844 0.011719 0.337891 0.013672 0.335938 0.013672 0.330078
0 0.023438 0.330078 0.023438 0.332031 0.025391 0.333984 0.029297 0.333984 0.031250 0.332031 0.031250 0.330078
0 0.025391 0.343750 0.025391 0.347656 0.027344 0.349609 0.029297 0.347656 0.031250 0.347656 0.031250 0.345703 0.029297 0.343750
0 0.046875 0.345703 0.044922 0.343750 0.041016 0.343750 0.037109 0.347656 0.035156 0.347656 0.039062 0.347656 0.041016 0.349609 0.044922 0.349609 0.046875 0.347656
0 0.009766 0.359375 0.009766 0.361328 0.013672 0.361328 0.013672 0.359375
0 0.892578 0.525391 0.884766 0.525391 0.878906 0.539062 0.857422 0.556641 0.818359 0.570312 0.810547 0.570312 0.789062 0.544922 0.789062 0.533203 0.759766 0.529297 0.751953 0.535156 0.751953 0.548828 0.765625 0.572266 0.765625 0.591797 0.771484 0.609375 0.785156 0.621094 0.787109 0.636719 0.789062 0.630859 0.796875 0.630859 0.841797 0.658203 0.853516 0.654297 0.873047 0.656250 0.906250 0.632812 0.904297 0.625000 0.910156 0.617188 0.914062 0.582031 0.896484 0.564453 0.896484 0.539062 0.902344 0.537109
0 0.326172 0.652344 0.371094 0.740234 0.562500 0.775391 0.523438 0.816406 0.460938 0.816406 0.451172 0.867188 0.416016 0.873047 0.419922 0.921875 0.386719 0.933594 0.443359 0.992188 0.994141 0.992188 0.978516 0.679688 0.892578 0.707031 0.882812 0.750000 0.833984 0.718750 0.787109 0.746094 0.812500 0.751953 0.781250 0.755859 0.873047 0.779297 0.865234 0.843750 0.658203 0.818359 0.630859 0.787109 0.638672 0.855469 0.535156 0.656250 0.591797 0.652344 0.570312 0.605469 0.445312 0.589844
0 0.535156 0.585938 0.533203 0.587891 0.537109 0.591797 0.537109 0.589844 0.539062 0.587891 0.537109 0.587891
0 0.890625 0.689453 0.890625 0.701172 0.898438 0.701172 0.898438 0.699219 0.896484 0.699219 0.894531 0.697266 0.894531 0.693359 0.892578 0.691406 0.892578 0.689453
0 0.324219 0.691406 0.326172 0.693359 0.326172 0.691406
0 0.867188 0.724609 0.865234 0.722656 0.865234 0.720703 0.863281 0.720703 0.859375 0.724609
0 0.937500 0.722656 0.937500 0.724609 0.945312 0.724609 0.947266 0.722656 0.949219 0.724609 0.951172 0.724609 0.951172 0.720703 0.949219 0.720703 0.947266 0.722656 0.945312 0.722656 0.943359 0.720703 0.939453 0.720703
0 0.957031 0.722656 0.957031 0.724609 0.958984 0.724609 0.958984 0.722656
0 0.966797 0.722656 0.964844 0.722656 0.964844 0.724609
0 0.361328 0.730469 0.361328 0.732422 0.365234 0.732422 0.365234 0.730469
0 0.871094 0.730469 0.871094 0.732422 0.873047 0.732422
0 0.966797 0.736328 0.964844 0.738281 0.964844 0.740234 0.966797 0.740234
0 0.957031 0.738281 0.958984 0.740234 0.958984 0.738281
0 0.511719 0.769531 0.509766 0.769531 0.507812 0.771484 0.507812 0.775391 0.509766 0.775391 0.511719 0.773438
0 0.638672 0.775391 0.634766 0.775391 0.634766 0.777344 0.636719 0.779297 0.636719 0.781250 0.638672 0.779297
0 0.650391 0.775391 0.650391 0.779297 0.652344 0.781250 0.654297 0.779297 0.654297 0.777344 0.652344 0.775391
0 0.496094 0.785156 0.494141 0.785156 0.494141 0.789062 0.496094 0.787109
0 0.460938 0.800781 0.460938 0.802734 0.462891 0.804688 0.462891 0.810547 0.466797 0.810547 0.466797 0.808594 0.464844 0.808594 0.462891 0.806641 0.462891 0.800781
0 0.507812 0.800781 0.507812 0.804688 0.509766 0.804688 0.509766 0.800781
0 0.480469 0.808594 0.480469 0.810547 0.482422 0.810547 0.482422 0.808594
0 0.425781 0.839844 0.425781 0.841797 0.427734 0.841797 0.427734 0.839844
0 0.410156 0.855469 0.410156 0.857422 0.412109 0.859375 0.414062 0.859375 0.416016 0.861328 0.414062 0.863281 0.412109 0.863281 0.412109 0.865234 0.427734 0.865234 0.427734 0.863281 0.425781 0.863281 0.423828 0.865234 0.419922 0.861328 0.419922 0.859375 0.421875 0.857422 0.423828 0.857422 0.425781 0.859375 0.427734 0.859375 0.431641 0.855469 0.433594 0.855469 0.431641 0.855469 0.427734 0.851562 0.427734 0.849609 0.425781 0.849609 0.423828 0.851562 0.421875 0.851562 0.419922 0.849609 0.417969 0.849609 0.412109 0.855469
0 0.439453 0.855469 0.439453 0.859375 0.437500 0.861328 0.437500 0.865234 0.443359 0.865234 0.445312 0.863281 0.443359 0.861328 0.443359 0.857422 0.441406 0.855469
0 0.628906 0.890625 0.628906 0.900391 0.630859 0.900391 0.630859 0.898438 0.632812 0.896484 0.634766 0.896484 0.636719 0.898438 0.638672 0.896484 0.638672 0.894531 0.636719 0.892578 0.634766 0.894531 0.630859 0.890625
0 0.382812 0.933594 0.380859 0.931641 0.380859 0.929688 0.376953 0.933594 0.371094 0.933594 0.373047 0.935547 0.375000 0.933594 0.376953 0.935547 0.380859 0.935547
0 0.402344 0.941406 0.400391 0.943359 0.402344 0.945312 0.402344 0.949219 0.404297 0.949219 0.402344 0.947266 0.402344 0.945312 0.404297 0.943359 0.404297 0.941406
0 0.396484 0.945312 0.394531 0.947266 0.394531 0.955078 0.394531 0.953125 0.396484 0.951172
2 0.267578 0.417969 0.263672 0.410156 0.253906 0.402344 0.251953 0.396484 0.248047 0.392578 0.240234 0.392578 0.230469 0.400391 0.226562 0.400391 0.218750 0.404297 0.207031 0.416016 0.205078 0.419922 0.205078 0.437500 0.207031 0.441406 0.212891 0.441406 0.218750 0.445312 0.224609 0.445312 0.226562 0.443359 0.230469 0.443359 0.242188 0.431641 0.244141 0.431641 0.248047 0.427734 0.251953 0.425781 0.255859 0.425781 0.257812 0.423828 0.261719 0.423828 0.265625 0.421875
2 0.359375 0.425781 0.349609 0.416016 0.343750 0.416016 0.337891 0.419922 0.332031 0.419922 0.330078 0.421875 0.312500 0.421875 0.306641 0.423828 0.302734 0.433594 0.296875 0.431641 0.279297 0.443359 0.279297 0.451172 0.291016 0.480469 0.300781 0.480469 0.310547 0.474609 0.318359 0.472656 0.322266 0.468750 0.324219 0.462891 0.328125 0.464844 0.332031 0.460938 0.347656 0.457031 0.363281 0.439453
2 0.123047 0.441406 0.121094 0.439453 0.117188 0.439453 0.115234 0.441406 0.107422 0.433594 0.105469 0.427734 0.101562 0.423828 0.097656 0.421875 0.087891 0.421875 0.085938 0.423828 0.082031 0.423828 0.076172 0.427734 0.072266 0.427734 0.064453 0.431641 0.054688 0.441406 0.052734 0.445312 0.052734 0.460938 0.054688 0.462891 0.054688 0.466797 0.062500 0.474609 0.068359 0.474609 0.076172 0.468750 0.087891 0.462891 0.091797 0.462891 0.103516 0.457031 0.107422 0.453125 0.121094 0.447266
2 0.189453 0.425781 0.185547 0.423828 0.175781 0.425781 0.164062 0.431641 0.150391 0.443359 0.128906 0.453125 0.123047 0.468750 0.121094 0.466797 0.101562 0.468750 0.074219 0.482422 0.070312 0.486328 0.072266 0.498047 0.083984 0.511719 0.087891 0.511719 0.121094 0.494141 0.130859 0.486328 0.132812 0.478516 0.134766 0.484375 0.142578 0.484375 0.193359 0.458984 0.199219 0.453125 0.199219 0.447266
2 0.919922 0.421875 0.912109 0.421875 0.910156 0.423828 0.884766 0.423828 0.880859 0.425781 0.878906 0.433594 0.875000 0.437500 0.871094 0.437500 0.863281 0.443359 0.863281 0.451172 0.876953 0.468750 0.880859 0.482422 0.888672 0.494141 0.906250 0.496094 0.914062 0.492188 0.921875 0.480469 0.925781 0.478516 0.935547 0.478516 0.945312 0.474609 0.945312 0.464844 0.931641 0.441406 0.927734 0.427734
2 0.230469 0.472656 0.226562 0.474609 0.220703 0.474609 0.212891 0.478516 0.208984 0.478516 0.205078 0.482422 0.203125 0.482422 0.191406 0.494141 0.199219 0.509766 0.199219 0.515625 0.201172 0.517578 0.201172 0.527344 0.210938 0.527344 0.212891 0.525391 0.216797 0.525391 0.230469 0.517578 0.240234 0.515625 0.250000 0.509766 0.250000 0.498047 0.246094 0.494141 0.244141 0.488281 0.238281 0.482422 0.238281 0.480469
2 0.962891 0.488281 0.947266 0.488281 0.945312 0.490234 0.929688 0.494141 0.917969 0.500000 0.916016 0.503906 0.916016 0.515625 0.919922 0.523438 0.921875 0.523438 0.935547 0.539062 0.935547 0.562500 0.941406 0.570312 0.947266 0.570312 0.957031 0.562500 0.968750 0.556641 0.972656 0.552734 0.972656 0.548828 0.974609 0.546875 0.974609 0.539062 0.976562 0.537109 0.974609 0.535156 0.974609 0.509766 0.968750 0.494141
2 0.876953 0.521484 0.873047 0.517578 0.857422 0.519531 0.855469 0.517578 0.849609 0.517578 0.843750 0.513672 0.832031 0.513672 0.822266 0.521484 0.812500 0.523438 0.806641 0.529297 0.792969 0.531250 0.791016 0.537109 0.792969 0.539062 0.792969 0.544922 0.798828 0.550781 0.804688 0.562500 0.816406 0.568359 0.837891 0.558594 0.855469 0.554688 0.863281 0.546875 0.869141 0.544922 0.875000 0.539062
2 0.085938 0.541016 0.085938 0.550781 0.093750 0.568359 0.101562 0.574219 0.107422 0.570312 0.111328 0.572266 0.101562 0.580078 0.109375 0.607422 0.119141 0.605469 0.138672 0.589844 0.152344 0.585938 0.166016 0.576172 0.191406 0.564453 0.205078 0.550781 0.201172 0.537109 0.197266 0.533203 0.177734 0.535156 0.171875 0.542969 0.142578 0.556641 0.136719 0.539062 0.119141 0.525391
2 0.953125 0.632812 0.949219 0.630859 0.931641 0.630859 0.917969 0.636719 0.906250 0.638672 0.886719 0.650391 0.882812 0.656250 0.882812 0.664062 0.890625 0.673828 0.898438 0.691406 0.904297 0.697266 0.908203 0.697266 0.919922 0.691406 0.925781 0.691406 0.941406 0.683594 0.955078 0.673828 0.972656 0.669922 0.970703 0.658203
2 0.156250 0.800781 0.152344 0.796875 0.132812 0.796875 0.123047 0.802734 0.097656 0.806641 0.072266 0.820312 0.062500 0.822266 0.054688 0.828125 0.048828 0.837891 0.050781 0.859375 0.056641 0.865234 0.068359 0.863281 0.070312 0.859375 0.082031 0.857422 0.093750 0.849609 0.113281 0.845703 0.130859 0.845703 0.140625 0.839844 0.144531 0.839844 0.150391 0.833984 0.156250 0.833984 0.158203 0.832031
2 0.314453 0.828125 0.291016 0.832031 0.285156 0.837891 0.291016 0.943359 0.298828 0.951172 0.320312 0.949219 0.328125 0.943359 0.351562 0.937500 0.359375 0.929688 0.359375 0.914062 0.349609 0.892578 0.341797 0.861328 0.326172 0.833984
2 0.070312 0.875000 0.060547 0.871094 0.056641 0.873047 0.050781 0.873047 0.044922 0.880859 0.044922 0.890625 0.042969 0.892578 0.041016 0.888672 0.037109 0.888672 0.035156 0.886719 0.019531 0.888672 0.015625 0.892578 0.015625 0.900391 0.021484 0.914062 0.021484 0.919922 0.029297 0.927734 0.039062 0.927734 0.041016 0.925781 0.044922 0.925781 0.046875 0.921875 0.048828 0.923828 0.062500 0.923828 0.064453 0.921875 0.078125 0.917969 0.082031 0.910156 0.082031 0.898438 0.080078 0.896484 0.080078 0.890625
2 0.175781 0.945312 0.175781 0.949219 0.177734 0.951172 0.177734 0.953125 0.179688 0.955078 0.179688 0.958984 0.181641 0.960938 0.181641 0.962891 0.183594 0.964844 0.195312 0.964844 0.197266 0.962891 0.201172 0.962891 0.203125 0.960938 0.208984 0.960938 0.212891 0.957031 0.212891 0.953125 0.210938 0.951172 0.210938 0.945312 0.205078 0.939453 0.189453 0.939453 0.187500 0.941406 0.181641 0.941406 0.179688 0.943359 0.177734 0.943359
3 0.998047 0.121094 0.970703 0.099609 0.949219 0.113281 0.875000 0.123047 0.884766 0.126953 0.853516 0.146484 0.794922 0.160156 0.703125 0.216797 0.640625 0.296875 0.656250 0.300781 0.638672 0.304688 0.656250 0.326172 0.763672 0.306641 0.779297 0.292969 0.802734 0.296875 0.851562 0.267578 0.873047 0.292969 0.871094 0.271484 0.900391 0.261719 0.892578 0.259766 0.904297 0.242188 0.919922 0.238281 0.921875 0.224609 0.998047 0.207031
5 0.998047 0.304688 0.974609 0.308594 0.914062 0.337891 0.835938 0.390625 0.824219 0.386719 0.814453 0.375000 0.792969 0.310547 0.779297 0.308594 0.775391 0.322266 0.798828 0.388672 0.808594 0.400391 0.830078 0.410156 0.863281 0.398438 0.925781 0.353516 0.972656 0.330078 0.998047 0.326172
5 0.001953 0.386719 0.000000 0.408203 0.074219 0.585938 0.093750 0.660156 0.171875 0.810547 0.236328 0.998047 0.255859 0.998047 0.185547 0.794922 0.109375 0.648438 0.089844 0.572266 0.021484 0.406250
6 0.638672 0.392578 0.595703 0.384766 0.587891 0.402344 0.580078 0.394531 0.574219 0.402344 0.525391 0.400391 0.488281 0.414062 0.457031 0.441406 0.460938 0.449219 0.421875 0.460938 0.423828 0.496094 0.371094 0.490234 0.359375 0.498047 0.361328 0.519531 0.414062 0.527344 0.439453 0.517578 0.447266 0.500000 0.488281 0.494141 0.464844 0.511719 0.466797 0.544922 0.556641 0.550781 0.572266 0.525391 0.566406 0.505859 0.552734 0.503906 0.554688 0.496094 0.507812 0.494141 0.509766 0.460938 0.468750 0.457031 0.462891 0.447266 0.546875 0.457031 0.550781 0.478516 0.585938 0.455078 0.601562 0.460938 0.609375 0.482422 0.623047 0.472656 0.644531 0.478516
6 0.771484 0.644531 0.757812 0.628906 0.746094 0.644531 0.705078 0.642578 0.697266 0.636719 0.667969 0.644531 0.666016 0.652344 0.652344 0.650391 0.642578 0.667969 0.636719 0.654297 0.632812 0.697266 0.621094 0.707031 0.630859 0.710938 0.632812 0.720703 0.621094 0.722656 0.632812 0.726562 0.632812 0.746094 0.646484 0.750000 0.634766 0.753906 0.644531 0.753906 0.648438 0.761719 0.652344 0.755859 0.662109 0.755859 0.664062 0.763672 0.667969 0.755859 0.675781 0.755859 0.679688 0.763672 0.708984 0.763672 0.710938 0.771484 0.728516 0.771484 0.734375 0.763672 0.744141 0.763672 0.746094 0.755859 0.763672 0.750000 0.777344 0.734375 0.771484 0.705078 0.779297 0.701172 0.773438 0.695312 0.781250 0.691406 0.777344 0.658203 0.785156 0.652344
6 0.621094 0.738281 0.623047 0.740234 0.625000 0.738281
6 0.697266 0.769531 0.701172 0.769531 0.703125 0.771484 0.705078 0.769531
