0 0.585938 0.488281 0.578125 0.474609 0.566406 0.470703 0.533203 0.466797 0.500000 0.472656 0.494141 0.478516 0.478516 0.482422 0.466797 0.490234 0.464844 0.517578 0.468750 0.533203 0.486328 0.544922 0.511719 0.542969 0.527344 0.548828 0.566406 0.546875 0.572266 0.542969 0.578125 0.523438 0.583984 0.513672
2 0.076172 0.000000 0.072266 0.003906 0.058594 0.009766 0.054688 0.013672 0.052734 0.017578 0.054688 0.031250 0.056641 0.033203 0.056641 0.037109 0.060547 0.044922 0.064453 0.048828 0.076172 0.048828 0.082031 0.056641 0.093750 0.056641 0.101562 0.052734 0.109375 0.044922 0.109375 0.031250 0.105469 0.025391 0.105469 0.019531 0.103516 0.017578 0.103516 0.007812 0.093750 0.000000
2 0.121094 0.013672 0.119141 0.021484 0.117188 0.023438 0.117188 0.039062 0.119141 0.041016 0.119141 0.044922 0.128906 0.044922 0.130859 0.046875 0.134766 0.046875 0.142578 0.050781 0.150391 0.050781 0.152344 0.052734 0.166016 0.052734 0.167969 0.050781 0.173828 0.050781 0.177734 0.046875 0.177734 0.003906 0.175781 0.000000 0.138672 0.000000 0.138672 0.001953 0.134766 0.005859 0.128906 0.007812
2 0.285156 0.087891 0.236328 0.099609 0.203125 0.101562 0.205078 0.119141 0.201172 0.126953 0.195312 0.126953 0.175781 0.105469 0.126953 0.113281 0.132812 0.167969 0.148438 0.169922 0.287109 0.148438 0.291016 0.134766
2 0.560547 0.089844 0.552734 0.111328 0.552734 0.123047 0.554688 0.126953 0.566406 0.132812 0.576172 0.132812 0.578125 0.130859 0.617188 0.132812 0.626953 0.128906 0.628906 0.117188 0.626953 0.115234 0.626953 0.103516 0.625000 0.101562 0.625000 0.091797 0.623047 0.089844 0.601562 0.087891 0.591797 0.093750 0.589844 0.101562 0.585938 0.107422 0.582031 0.105469 0.582031 0.101562 0.572266 0.087891 0.562500 0.087891
2 0.095703 0.117188 0.085938 0.119141 0.083984 0.117188 0.080078 0.119141 0.078125 0.117188 0.076172 0.119141 0.064453 0.117188 0.054688 0.121094 0.050781 0.119141 0.048828 0.121094 0.046875 0.119141 0.042969 0.121094 0.041016 0.119141 0.039062 0.121094 0.037109 0.119141 0.033203 0.121094 0.031250 0.119141 0.029297 0.121094 0.027344 0.119141 0.007812 0.121094 0.007812 0.138672 0.003906 0.142578 0.003906 0.173828 0.007812 0.179688 0.042969 0.177734 0.076172 0.166016 0.105469 0.160156 0.107422 0.152344 0.103516 0.128906
2 0.357422 0.125000 0.347656 0.125000 0.345703 0.123047 0.337891 0.123047 0.335938 0.125000 0.310547 0.125000 0.308594 0.126953 0.308594 0.132812 0.302734 0.144531 0.300781 0.171875 0.306641 0.181641 0.304688 0.185547 0.310547 0.191406 0.330078 0.191406 0.332031 0.183594 0.335938 0.179688 0.369141 0.177734 0.369141 0.169922 0.371094 0.167969 0.369141 0.148438 0.365234 0.140625 0.365234 0.130859
2 0.728516 0.306641 0.712891 0.296875 0.626953 0.302734 0.621094 0.306641 0.619141 0.333984 0.615234 0.312500 0.599609 0.308594 0.570312 0.310547 0.562500 0.316406 0.562500 0.357422 0.568359 0.365234 0.580078 0.367188 0.589844 0.365234 0.595703 0.357422 0.623047 0.353516 0.623047 0.335938 0.634766 0.341797 0.632812 0.355469 0.636719 0.359375 0.720703 0.355469 0.730469 0.339844
2 0.529297 0.316406 0.515625 0.316406 0.513672 0.318359 0.505859 0.318359 0.503906 0.320312 0.490234 0.320312 0.480469 0.324219 0.480469 0.328125 0.478516 0.330078 0.478516 0.376953 0.480469 0.378906 0.505859 0.378906 0.507812 0.376953 0.515625 0.376953 0.517578 0.375000 0.531250 0.375000 0.533203 0.373047 0.537109 0.373047 0.537109 0.353516 0.535156 0.351562 0.535156 0.341797 0.533203 0.339844 0.533203 0.333984 0.529297 0.324219
2 0.869141 0.361328 0.865234 0.363281 0.859375 0.363281 0.849609 0.371094 0.841797 0.375000 0.841797 0.382812 0.843750 0.384766 0.843750 0.392578 0.845703 0.394531 0.845703 0.408203 0.847656 0.410156 0.847656 0.417969 0.853516 0.423828 0.863281 0.423828 0.865234 0.421875 0.871094 0.421875 0.873047 0.419922 0.882812 0.419922 0.886719 0.416016 0.886719 0.412109 0.884766 0.410156 0.884766 0.382812 0.882812 0.380859 0.882812 0.376953 0.876953 0.365234
2 0.546875 0.412109 0.539062 0.404297 0.529297 0.404297 0.527344 0.406250 0.523438 0.404297 0.515625 0.408203 0.511719 0.406250 0.509766 0.408203 0.503906 0.408203 0.501953 0.410156 0.498047 0.408203 0.488281 0.412109 0.482422 0.410156 0.480469 0.412109 0.480469 0.427734 0.482422 0.429688 0.480469 0.464844 0.482422 0.466797 0.494141 0.466797 0.496094 0.464844 0.507812 0.464844 0.509766 0.462891 0.529297 0.462891 0.531250 0.460938 0.537109 0.460938 0.544922 0.453125 0.542969 0.451172 0.542969 0.445312 0.546875 0.443359
2 0.908203 0.421875 0.906250 0.429688 0.908203 0.431641 0.910156 0.455078 0.916016 0.466797 0.916016 0.480469 0.923828 0.494141 0.937500 0.494141 0.982422 0.484375 0.982422 0.472656 0.990234 0.466797 0.998047 0.466797 0.998047 0.414062 0.984375 0.417969 0.970703 0.417969 0.962891 0.414062 0.949219 0.414062 0.947266 0.416016 0.939453 0.414062 0.937500 0.416016 0.923828 0.416016
2 0.847656 0.503906 0.833984 0.478516 0.832031 0.439453 0.828125 0.437500 0.781250 0.441406 0.777344 0.445312 0.777344 0.476562 0.763672 0.464844 0.763672 0.455078 0.755859 0.453125 0.728516 0.455078 0.712891 0.462891 0.710938 0.472656 0.714844 0.496094 0.740234 0.513672 0.753906 0.513672 0.765625 0.503906 0.777344 0.501953 0.779297 0.474609 0.785156 0.498047 0.796875 0.505859 0.800781 0.515625 0.826172 0.513672
2 0.980469 0.525391 0.972656 0.519531 0.916016 0.531250 0.900391 0.541016 0.898438 0.550781 0.892578 0.544922 0.869141 0.542969 0.826172 0.550781 0.830078 0.576172 0.839844 0.593750 0.865234 0.593750 0.898438 0.587891 0.904297 0.580078 0.900391 0.568359 0.902344 0.562500 0.910156 0.574219 0.980469 0.572266 0.988281 0.566406
2 0.769531 0.531250 0.755859 0.531250 0.724609 0.539062 0.716797 0.546875 0.716797 0.556641 0.726562 0.587891 0.740234 0.597656 0.753906 0.601562 0.746094 0.603516 0.742188 0.611328 0.742188 0.644531 0.748047 0.652344 0.750000 0.666016 0.757812 0.667969 0.769531 0.666016 0.783203 0.654297 0.796875 0.652344 0.800781 0.648438 0.796875 0.632812 0.783203 0.621094 0.781250 0.611328 0.769531 0.601562 0.751953 0.599609 0.771484 0.595703 0.779297 0.583984 0.777344 0.535156
2 0.644531 0.546875 0.642578 0.550781 0.642578 0.558594 0.644531 0.560547 0.642578 0.576172 0.644531 0.578125 0.644531 0.601562 0.648438 0.605469 0.654297 0.603516 0.662109 0.603516 0.664062 0.605469 0.681641 0.605469 0.689453 0.599609 0.701172 0.599609 0.710938 0.595703 0.710938 0.560547 0.712891 0.558594 0.712891 0.552734 0.707031 0.548828 0.695312 0.548828 0.689453 0.544922 0.667969 0.544922 0.666016 0.546875 0.654297 0.546875 0.648438 0.544922
2 0.998047 0.589844 0.986328 0.589844 0.982422 0.583984 0.978516 0.582031 0.968750 0.582031 0.966797 0.580078 0.923828 0.585938 0.916016 0.597656 0.916016 0.603516 0.919922 0.613281 0.919922 0.623047 0.925781 0.632812 0.925781 0.636719 0.927734 0.638672 0.933594 0.638672 0.935547 0.636719 0.951172 0.634766 0.953125 0.632812 0.984375 0.630859 0.986328 0.628906 0.994141 0.628906 0.998047 0.626953
2 0.537109 0.613281 0.531250 0.617188 0.525391 0.630859 0.527344 0.634766 0.523438 0.658203 0.562500 0.666016 0.552734 0.669922 0.550781 0.689453 0.552734 0.710938 0.560547 0.716797 0.574219 0.718750 0.578125 0.716797 0.576172 0.671875 0.582031 0.669922 0.585938 0.673828 0.591797 0.666016 0.595703 0.623047 0.580078 0.619141 0.576172 0.621094 0.568359 0.617188 0.560547 0.619141 0.552734 0.615234 0.548828 0.617188
2 0.650391 0.638672 0.650391 0.642578 0.648438 0.644531 0.648438 0.662109 0.650391 0.664062 0.650391 0.679688 0.660156 0.679688 0.662109 0.681641 0.679688 0.681641 0.683594 0.677734 0.683594 0.640625 0.677734 0.640625 0.675781 0.638672
2 0.935547 0.652344 0.931641 0.652344 0.929688 0.650391 0.912109 0.650391 0.896484 0.656250 0.890625 0.656250 0.873047 0.667969 0.873047 0.685547 0.876953 0.691406 0.880859 0.689453 0.884766 0.689453 0.886719 0.691406 0.888672 0.708984 0.892578 0.712891 0.912109 0.708984 0.925781 0.703125 0.937500 0.703125 0.939453 0.701172 0.943359 0.701172 0.941406 0.658203
2 0.753906 0.673828 0.761719 0.697266 0.763672 0.712891 0.767578 0.724609 0.771484 0.726562 0.812500 0.724609 0.814453 0.726562 0.824219 0.726562 0.826172 0.728516 0.832031 0.728516 0.837891 0.718750 0.837891 0.710938 0.835938 0.705078 0.832031 0.701172 0.828125 0.687500 0.820312 0.685547 0.814453 0.679688 0.810547 0.679688 0.808594 0.675781 0.802734 0.671875 0.777344 0.671875 0.775391 0.673828 0.771484 0.671875 0.759766 0.671875 0.757812 0.673828 0.755859 0.671875
2 0.998047 0.695312 0.976562 0.703125 0.968750 0.703125 0.966797 0.726562 0.958984 0.722656 0.957031 0.710938 0.951172 0.707031 0.919922 0.710938 0.886719 0.722656 0.882812 0.728516 0.882812 0.740234 0.886719 0.750000 0.888672 0.771484 0.900391 0.773438 0.914062 0.767578 0.943359 0.761719 0.980469 0.759766 0.998047 0.755859
2 0.500000 0.732422 0.503906 0.736328 0.503906 0.761719 0.496094 0.765625 0.496094 0.771484 0.507812 0.796875 0.500000 0.818359 0.500000 0.837891 0.550781 0.845703 0.589844 0.845703 0.603516 0.849609 0.630859 0.847656 0.634766 0.826172 0.634766 0.802734 0.630859 0.794922 0.636719 0.771484 0.632812 0.751953 0.583984 0.740234 0.564453 0.740234 0.542969 0.732422
2 0.765625 0.742188 0.765625 0.753906 0.771484 0.761719 0.775391 0.775391 0.787109 0.779297 0.783203 0.781250 0.783203 0.792969 0.785156 0.798828 0.791016 0.802734 0.798828 0.802734 0.826172 0.794922 0.835938 0.794922 0.845703 0.791016 0.845703 0.781250 0.841797 0.773438 0.839844 0.751953 0.833984 0.736328 0.818359 0.736328 0.812500 0.732422 0.800781 0.732422
2 0.712891 0.751953 0.705078 0.755859 0.701172 0.763672 0.701172 0.785156 0.699219 0.787109 0.699219 0.796875 0.697266 0.798828 0.697266 0.816406 0.705078 0.818359 0.718750 0.830078 0.744141 0.832031 0.748047 0.830078 0.751953 0.824219 0.751953 0.818359 0.753906 0.816406 0.753906 0.800781 0.755859 0.798828 0.753906 0.785156 0.748047 0.777344 0.748047 0.757812 0.740234 0.755859 0.734375 0.751953 0.732422 0.753906 0.728516 0.751953
2 0.947266 0.796875 0.929688 0.794922 0.916016 0.798828 0.904297 0.798828 0.890625 0.804688 0.896484 0.822266 0.898438 0.837891 0.908203 0.859375 0.912109 0.875000 0.916016 0.878906 0.923828 0.873047 0.947266 0.871094 0.949219 0.869141 0.966797 0.869141 0.970703 0.865234 0.974609 0.832031 0.968750 0.822266 0.972656 0.818359 0.964844 0.814453 0.960938 0.804688
2 0.802734 0.812500 0.798828 0.871094 0.806641 0.873047 0.810547 0.882812 0.798828 0.884766 0.794922 0.925781 0.820312 0.929688 0.835938 0.951172 0.867188 0.949219 0.833984 0.958984 0.835938 0.998047 0.884766 0.998047 0.882812 0.986328 0.890625 0.972656 0.888672 0.951172 0.865234 0.947266 0.878906 0.935547 0.880859 0.912109 0.875000 0.898438 0.861328 0.902344 0.875000 0.892578 0.875000 0.878906 0.863281 0.851562 0.859375 0.820312
2 0.607422 0.882812 0.601562 0.890625 0.601562 0.898438 0.605469 0.908203 0.611328 0.914062 0.615234 0.914062 0.617188 0.916016 0.609375 0.921875 0.609375 0.951172 0.615234 0.951172 0.617188 0.953125 0.632812 0.953125 0.634766 0.951172 0.634766 0.933594 0.638672 0.925781 0.638672 0.921875 0.636719 0.919922 0.638672 0.917969 0.642578 0.917969 0.646484 0.912109 0.646484 0.890625 0.634766 0.884766 0.630859 0.880859 0.615234 0.880859 0.613281 0.882812
2 0.755859 0.935547 0.755859 0.941406 0.753906 0.943359 0.753906 0.968750 0.755859 0.970703 0.755859 0.978516 0.761719 0.982422 0.771484 0.994141 0.806641 0.994141 0.810547 0.990234 0.808594 0.986328 0.808594 0.968750 0.810547 0.966797 0.808594 0.935547 0.804688 0.935547 0.802734 0.933594 0.789062 0.933594 0.787109 0.931641 0.761719 0.931641
5 0.000000 0.078125 0.054688 0.119141 0.443359 0.064453 0.400391 0.996094 0.439453 0.998047 0.470703 0.863281 0.787109 0.882812 0.468750 0.841797 0.478516 0.730469 0.705078 0.750000 0.474609 0.712891 0.466797 0.605469 0.697266 0.630859 0.460938 0.589844 0.464844 0.412109 0.986328 0.326172 0.470703 0.392578 0.484375 0.000000
5 0.976562 0.496094 0.789062 0.541016 0.855469 0.759766 0.880859 0.898438 0.917969 0.998047 0.935547 0.992188 0.900391 0.898438 0.869141 0.738281 0.812500 0.552734 0.982422 0.513672
6 0.144531 0.183594 0.146484 0.185547 0.146484 0.183594
6 0.210938 0.183594 0.210938 0.185547 0.212891 0.185547 0.212891 0.183594
6 0.037109 0.199219 0.066406 0.205078 0.035156 0.214844 0.039062 0.255859 0.126953 0.275391 0.037109 0.281250 0.007812 0.320312 0.029297 0.339844 0.003906 0.437500 0.003906 0.978516 0.062500 0.998047 0.287109 0.994141 0.314453 0.964844 0.300781 0.935547 0.351562 0.904297 0.367188 0.773438 0.347656 0.761719 0.341797 0.613281 0.367188 0.515625 0.347656 0.425781 0.322266 0.410156 0.339844 0.384766 0.343750 0.404297 0.398438 0.333984 0.388672 0.238281 0.375000 0.261719 0.371094 0.214844 0.337891 0.199219
6 0.132812 0.191406 0.132812 0.193359 0.134766 0.193359 0.134766 0.191406
6 0.363281 0.207031 0.363281 0.208984 0.371094 0.208984 0.371094 0.207031 0.369141 0.205078 0.365234 0.205078
6 0.378906 0.222656 0.378906 0.224609 0.386719 0.224609 0.384766 0.222656
6 0.042969 0.265625 0.039062 0.269531 0.041016 0.271484 0.044922 0.271484 0.044922 0.267578
6 0.076172 0.267578 0.074219 0.267578 0.072266 0.269531 0.072266 0.271484 0.074219 0.271484 0.076172 0.269531
6 0.009766 0.330078 0.009766 0.332031 0.011719 0.333984 0.013672 0.333984 0.013672 0.332031 0.011719 0.332031
6 0.330078 0.958984 0.330078 0.960938 0.328125 0.962891 0.328125 0.964844 0.330078 0.964844
6 0.306641 0.974609 0.304688 0.974609 0.304688 0.980469 0.306641 0.978516
