0 0.826172 0.150391 0.796875 0.158203 0.769531 0.156250 0.750000 0.166016 0.736328 0.183594 0.732422 0.214844 0.716797 0.238281 0.718750 0.275391 0.708984 0.283203 0.675781 0.275391 0.660156 0.283203 0.658203 0.298828 0.669922 0.332031 0.664062 0.353516 0.679688 0.376953 0.677734 0.402344 0.685547 0.412109 0.712891 0.414062 0.728516 0.400391 0.753906 0.396484 0.773438 0.367188 0.798828 0.357422 0.802734 0.328125 0.816406 0.300781 0.798828 0.271484 0.824219 0.267578 0.853516 0.236328 0.845703 0.183594
0 0.208984 0.306641 0.207031 0.310547 0.207031 0.318359 0.205078 0.320312 0.205078 0.339844 0.207031 0.341797 0.207031 0.345703 0.218750 0.359375 0.224609 0.363281 0.240234 0.363281 0.244141 0.359375 0.248047 0.359375 0.250000 0.357422 0.259766 0.359375 0.269531 0.351562 0.271484 0.347656 0.267578 0.337891 0.269531 0.324219 0.267578 0.322266 0.265625 0.312500 0.255859 0.306641 0.248047 0.298828 0.244141 0.296875 0.224609 0.296875
0 0.851562 0.431641 0.845703 0.443359 0.845703 0.462891 0.837891 0.474609 0.837891 0.500000 0.835938 0.501953 0.835938 0.509766 0.847656 0.529297 0.861328 0.541016 0.878906 0.546875 0.898438 0.546875 0.927734 0.539062 0.933594 0.527344 0.931641 0.500000 0.927734 0.490234 0.914062 0.472656 0.890625 0.458984 0.865234 0.433594
0 0.320312 0.501953 0.322266 0.505859 0.330078 0.507812 0.332031 0.509766 0.351562 0.511719 0.353516 0.513672 0.361328 0.513672 0.363281 0.515625 0.375000 0.515625 0.388672 0.505859 0.390625 0.500000 0.396484 0.494141 0.398438 0.494141 0.398438 0.488281 0.388672 0.474609 0.380859 0.474609 0.378906 0.472656 0.365234 0.472656 0.363281 0.470703 0.332031 0.470703 0.324219 0.474609 0.324219 0.478516 0.322266 0.480469 0.322266 0.488281 0.320312 0.490234
0 0.906250 0.671875 0.902344 0.667969 0.902344 0.660156 0.900391 0.660156 0.898438 0.658203 0.890625 0.658203 0.884766 0.662109 0.882812 0.660156 0.876953 0.660156 0.875000 0.662109 0.869141 0.662109 0.867188 0.664062 0.863281 0.664062 0.861328 0.666016 0.861328 0.669922 0.859375 0.671875 0.859375 0.677734 0.861328 0.679688 0.863281 0.677734 0.865234 0.677734 0.867188 0.679688 0.875000 0.679688 0.878906 0.683594 0.880859 0.683594 0.878906 0.683594 0.876953 0.681641 0.876953 0.679688 0.878906 0.677734 0.886719 0.677734 0.890625 0.673828 0.892578 0.673828 0.894531 0.675781 0.900391 0.673828 0.906250 0.679688
0 0.841797 0.673828 0.822266 0.673828 0.820312 0.675781 0.820312 0.681641 0.818359 0.683594 0.818359 0.718750 0.820312 0.720703 0.820312 0.722656 0.824219 0.722656 0.826172 0.720703 0.826172 0.718750 0.824219 0.716797 0.822266 0.718750 0.818359 0.714844 0.818359 0.712891 0.820312 0.710938 0.824219 0.710938 0.826172 0.708984 0.826172 0.707031 0.828125 0.705078 0.828125 0.695312 0.830078 0.693359 0.841797 0.693359 0.841797 0.691406 0.843750 0.689453 0.841797 0.687500 0.832031 0.687500 0.830078 0.685547 0.830078 0.683594 0.832031 0.681641 0.839844 0.681641 0.841797 0.679688
0 0.865234 0.689453 0.863281 0.687500 0.859375 0.687500 0.857422 0.689453 0.851562 0.689453
0 0.841797 0.703125 0.839844 0.703125 0.837891 0.705078 0.841797 0.705078
0 0.853516 0.705078 0.855469 0.705078 0.857422 0.707031 0.865234 0.707031 0.865234 0.705078 0.863281 0.703125 0.857422 0.703125 0.855469 0.705078
0 0.873047 0.718750 0.853516 0.720703 0.857422 0.732422 0.847656 0.736328 0.855469 0.746094 0.837891 0.751953 0.841797 0.755859 0.828125 0.769531 0.824219 0.792969 0.800781 0.822266 0.806641 0.882812 0.814453 0.892578 0.812500 0.966797 0.802734 0.998047 0.902344 0.994141 0.894531 0.968750 0.904297 0.933594 0.898438 0.908203 0.906250 0.855469 0.898438 0.787109 0.888672 0.777344 0.894531 0.767578 0.888672 0.763672 0.882812 0.732422 0.875000 0.728516
0 0.826172 0.734375 0.822266 0.734375 0.820312 0.736328 0.822266 0.738281 0.822266 0.740234 0.826172 0.736328
0 0.894531 0.738281 0.894531 0.740234 0.896484 0.740234 0.896484 0.738281
1 0.998047 0.000000 0.958984 0.003906 0.968750 0.544922 0.998047 0.541016
1 0.998047 0.626953 0.966797 0.632812 0.947266 0.652344 0.941406 0.667969 0.939453 0.998047 0.998047 0.998047
2 0.099609 0.062500 0.095703 0.091797 0.103516 0.119141 0.089844 0.130859 0.121094 0.154297 0.119141 0.169922 0.130859 0.173828 0.119141 0.177734 0.115234 0.212891 0.132812 0.232422 0.208984 0.226562 0.220703 0.193359 0.292969 0.207031 0.298828 0.167969 0.267578 0.156250 0.257812 0.140625 0.181641 0.123047 0.111328 0.121094 0.302734 0.113281 0.306641 0.087891 0.289062 0.072266 0.283203 0.050781 0.130859 0.050781
2 0.027344 0.060547 0.017578 0.068359 0.019531 0.078125 0.017578 0.101562 0.011719 0.125000 0.011719 0.140625 0.003906 0.169922 0.009766 0.173828 0.070312 0.181641 0.078125 0.144531 0.083984 0.136719 0.091797 0.113281 0.091797 0.072266 0.082031 0.068359 0.066406 0.068359 0.048828 0.062500
2 0.351562 0.064453 0.351562 0.113281 0.439453 0.119141 0.486328 0.119141 0.498047 0.115234 0.498047 0.072266 0.494141 0.068359
2 0.636719 0.080078 0.642578 0.107422 0.792969 0.107422 0.792969 0.111328 0.779297 0.115234 0.773438 0.125000 0.775391 0.146484 0.791016 0.152344 0.828125 0.142578 0.826172 0.132812 0.824219 0.138672 0.820312 0.136719 0.818359 0.117188 0.808594 0.107422 0.843750 0.105469 0.830078 0.093750 0.820312 0.068359 0.794922 0.064453 0.748047 0.076172 0.722656 0.076172 0.714844 0.072266 0.714844 0.066406 0.662109 0.064453 0.642578 0.068359
2 0.843750 0.111328 0.841797 0.113281 0.837891 0.113281 0.833984 0.117188 0.833984 0.123047 0.832031 0.125000 0.832031 0.156250 0.833984 0.158203 0.835938 0.164062 0.837891 0.164062 0.841797 0.167969 0.843750 0.167969 0.845703 0.169922 0.857422 0.169922 0.857422 0.167969 0.859375 0.166016 0.859375 0.156250 0.857422 0.154297 0.857422 0.132812 0.855469 0.130859 0.855469 0.117188 0.851562 0.113281 0.849609 0.113281 0.847656 0.111328
2 0.658203 0.128906 0.658203 0.140625 0.671875 0.158203 0.683594 0.162109 0.691406 0.175781 0.701172 0.179688 0.720703 0.181641 0.732422 0.179688 0.736328 0.175781 0.736328 0.169922 0.740234 0.164062 0.755859 0.158203 0.761719 0.144531 0.757812 0.134766 0.763672 0.126953 0.769531 0.130859 0.769531 0.134766 0.769531 0.121094 0.757812 0.117188 0.669922 0.115234 0.664062 0.119141
2 0.404297 0.138672 0.400391 0.140625 0.392578 0.242188 0.386719 0.250000 0.376953 0.242188 0.376953 0.234375 0.369141 0.269531 0.373047 0.277344 0.390625 0.279297 0.396484 0.285156 0.421875 0.283203 0.427734 0.287109 0.431641 0.283203 0.455078 0.283203 0.458984 0.279297 0.458984 0.265625 0.445312 0.248047 0.451172 0.224609 0.445312 0.197266 0.451172 0.187500 0.451172 0.160156 0.443359 0.154297 0.441406 0.140625
2 0.376953 0.140625 0.376953 0.142578 0.378906 0.142578
2 0.185547 0.251953 0.183594 0.287109 0.187500 0.291016 0.248047 0.292969 0.259766 0.298828 0.257812 0.300781 0.271484 0.314453 0.271484 0.318359 0.279297 0.324219 0.285156 0.318359 0.285156 0.302734 0.296875 0.291016 0.296875 0.267578 0.289062 0.257812 0.246094 0.250000 0.240234 0.251953 0.187500 0.250000
2 0.035156 0.291016 0.035156 0.310547 0.039062 0.316406 0.035156 0.320312 0.035156 0.328125 0.033203 0.330078 0.033203 0.347656 0.037109 0.351562 0.042969 0.351562 0.060547 0.359375 0.072266 0.359375 0.082031 0.353516 0.083984 0.326172 0.078125 0.322266 0.074219 0.322266 0.070312 0.318359 0.070312 0.312500 0.072266 0.310547 0.072266 0.287109 0.046875 0.287109 0.044922 0.289062
2 0.425781 0.292969 0.423828 0.291016 0.421875 0.292969
2 0.095703 0.296875 0.095703 0.333984 0.093750 0.335938 0.095703 0.339844 0.099609 0.341797 0.146484 0.341797 0.150391 0.337891 0.148438 0.333984 0.148438 0.300781 0.144531 0.294922 0.097656 0.294922
2 0.160156 0.294922 0.160156 0.298828 0.158203 0.300781 0.158203 0.326172 0.160156 0.328125 0.201172 0.328125 0.203125 0.326172 0.203125 0.316406 0.205078 0.314453 0.205078 0.310547 0.207031 0.308594 0.207031 0.306641 0.212891 0.300781 0.214844 0.300781 0.214844 0.296875 0.212891 0.294922 0.185547 0.294922 0.183594 0.292969 0.167969 0.292969 0.166016 0.294922
2 0.359375 0.312500 0.355469 0.316406 0.355469 0.320312 0.353516 0.322266 0.353516 0.357422 0.386719 0.357422 0.386719 0.333984 0.388672 0.332031 0.388672 0.316406 0.386719 0.314453 0.375000 0.314453 0.373047 0.312500
2 0.406250 0.339844 0.412109 0.367188 0.421875 0.376953 0.423828 0.384766 0.429688 0.390625 0.535156 0.392578 0.539062 0.386719 0.537109 0.369141 0.527344 0.361328 0.525391 0.341797 0.527344 0.328125 0.523438 0.324219 0.509766 0.320312 0.447266 0.320312 0.435547 0.324219 0.423828 0.333984
2 0.064453 0.367188 0.052734 0.412109 0.052734 0.417969 0.056641 0.421875 0.070312 0.425781 0.080078 0.417969 0.093750 0.417969 0.134766 0.433594 0.142578 0.433594 0.148438 0.437500 0.158203 0.437500 0.162109 0.433594 0.167969 0.406250 0.166016 0.394531 0.146484 0.386719 0.138672 0.378906 0.097656 0.365234
2 0.001953 0.376953 0.000000 0.378906 0.000000 0.388672 0.001953 0.390625 0.000000 0.392578 0.000000 0.410156 0.003906 0.414062 0.003906 0.416016 0.007812 0.416016 0.013672 0.419922 0.025391 0.419922 0.027344 0.421875 0.041016 0.421875 0.048828 0.412109 0.048828 0.402344 0.052734 0.394531 0.052734 0.378906 0.042969 0.378906 0.041016 0.376953 0.033203 0.376953 0.031250 0.375000 0.021484 0.375000 0.019531 0.376953
2 0.349609 0.416016 0.349609 0.423828 0.347656 0.425781 0.347656 0.445312 0.345703 0.447266 0.345703 0.464844 0.347656 0.466797 0.353516 0.466797 0.355469 0.468750 0.380859 0.468750 0.382812 0.470703 0.388672 0.470703 0.400391 0.460938 0.404297 0.460938 0.410156 0.457031 0.410156 0.433594 0.398438 0.419922 0.390625 0.417969 0.388672 0.416016 0.363281 0.416016 0.361328 0.414062 0.351562 0.414062
2 0.179688 0.417969 0.173828 0.423828 0.173828 0.425781 0.171875 0.427734 0.171875 0.431641 0.169922 0.433594 0.169922 0.437500 0.167969 0.439453 0.167969 0.460938 0.169922 0.462891 0.169922 0.466797 0.171875 0.468750 0.179688 0.468750 0.181641 0.470703 0.199219 0.470703 0.201172 0.468750 0.201172 0.464844 0.203125 0.462891 0.203125 0.451172 0.205078 0.449219 0.205078 0.445312 0.207031 0.443359 0.207031 0.439453 0.208984 0.437500 0.208984 0.433594 0.210938 0.431641 0.210938 0.429688 0.208984 0.427734 0.208984 0.425781 0.207031 0.425781 0.197266 0.419922 0.191406 0.419922 0.189453 0.417969
2 0.226562 0.423828 0.222656 0.429688 0.222656 0.443359 0.218750 0.457031 0.218750 0.482422 0.224609 0.486328 0.234375 0.498047 0.242188 0.496094 0.246094 0.484375 0.251953 0.498047 0.277344 0.500000 0.277344 0.482422 0.275391 0.480469 0.275391 0.472656 0.277344 0.470703 0.277344 0.445312 0.275391 0.443359 0.255859 0.443359 0.253906 0.445312 0.248047 0.429688 0.244141 0.429688 0.240234 0.425781
2 0.480469 0.464844 0.476562 0.460938 0.468750 0.457031 0.464844 0.457031 0.462891 0.455078 0.453125 0.455078 0.451172 0.457031 0.431641 0.457031 0.429688 0.458984 0.423828 0.458984 0.419922 0.460938 0.419922 0.462891 0.412109 0.472656 0.412109 0.484375 0.419922 0.494141 0.425781 0.494141 0.433594 0.498047 0.441406 0.498047 0.443359 0.500000 0.466797 0.498047 0.474609 0.494141 0.476562 0.480469 0.480469 0.474609
2 0.791016 0.470703 0.789062 0.472656 0.777344 0.472656 0.775391 0.474609 0.775391 0.482422 0.777344 0.484375 0.777344 0.486328 0.775391 0.488281 0.775391 0.513672 0.777344 0.515625 0.792969 0.515625 0.792969 0.472656
2 0.615234 0.527344 0.613281 0.566406 0.619141 0.570312 0.751953 0.576172 0.751953 0.550781 0.755859 0.533203 0.751953 0.529297 0.681641 0.527344 0.648438 0.523438 0.621094 0.523438
2 0.210938 0.544922 0.207031 0.548828 0.207031 0.560547 0.205078 0.562500 0.205078 0.599609 0.218750 0.607422 0.222656 0.607422 0.230469 0.615234 0.242188 0.615234 0.244141 0.617188 0.277344 0.615234 0.279297 0.611328 0.277344 0.570312 0.279297 0.568359 0.273438 0.556641 0.257812 0.548828 0.244141 0.546875 0.242188 0.544922
2 0.300781 0.552734 0.304688 0.589844 0.410156 0.595703 0.316406 0.605469 0.318359 0.677734 0.371094 0.685547 0.296875 0.724609 0.304688 0.769531 0.332031 0.791016 0.451172 0.738281 0.490234 0.703125 0.527344 0.691406 0.541016 0.673828 0.566406 0.673828 0.560547 0.666016 0.576172 0.658203 0.558594 0.619141 0.500000 0.615234 0.496094 0.632812 0.427734 0.650391 0.380859 0.677734 0.421875 0.646484 0.421875 0.619141 0.433594 0.615234 0.419922 0.595703 0.429688 0.591797 0.431641 0.552734 0.351562 0.542969
2 0.630859 0.585938 0.630859 0.593750 0.632812 0.597656 0.638672 0.603516 0.640625 0.603516 0.644531 0.609375 0.642578 0.621094 0.646484 0.625000 0.652344 0.625000 0.669922 0.615234 0.675781 0.615234 0.685547 0.609375 0.691406 0.609375 0.705078 0.601562 0.710938 0.601562 0.712891 0.599609 0.708984 0.593750 0.708984 0.589844 0.712891 0.587891 0.705078 0.587891 0.697266 0.583984 0.687500 0.583984 0.685547 0.582031 0.636719 0.582031
2 0.005859 0.593750 0.000000 0.669922 0.041016 0.677734 0.050781 0.671875 0.062500 0.683594 0.058594 0.722656 0.117188 0.728516 0.126953 0.740234 0.152344 0.746094 0.173828 0.738281 0.287109 0.736328 0.281250 0.732422 0.287109 0.707031 0.207031 0.705078 0.277344 0.701172 0.277344 0.667969 0.193359 0.673828 0.189453 0.701172 0.201172 0.708984 0.123047 0.708984 0.117188 0.693359 0.132812 0.638672 0.126953 0.607422 0.060547 0.599609 0.058594 0.613281 0.056641 0.597656
2 0.806641 0.681641 0.755859 0.675781 0.693359 0.705078 0.679688 0.722656 0.642578 0.738281 0.599609 0.744141 0.542969 0.775391 0.554688 0.816406 0.580078 0.816406 0.599609 0.804688 0.601562 0.794922 0.613281 0.833984 0.660156 0.832031 0.644531 0.767578 0.648438 0.751953 0.660156 0.796875 0.667969 0.800781 0.701172 0.792969 0.693359 0.777344 0.708984 0.783203 0.775391 0.767578 0.781250 0.775391 0.808594 0.771484
2 0.166016 0.775391 0.156250 0.771484 0.097656 0.800781 0.033203 0.800781 0.001953 0.814453 0.000000 0.904297 0.019531 0.902344 0.044922 0.890625 0.066406 0.886719 0.083984 0.873047 0.109375 0.869141 0.111328 0.855469 0.130859 0.867188 0.142578 0.867188 0.146484 0.861328 0.167969 0.855469 0.191406 0.833984 0.185547 0.820312 0.171875 0.808594
2 0.226562 0.781250 0.226562 0.794922 0.232422 0.806641 0.236328 0.810547 0.238281 0.816406 0.246094 0.824219 0.246094 0.826172 0.251953 0.828125 0.253906 0.826172 0.257812 0.826172 0.261719 0.822266 0.269531 0.818359 0.273438 0.818359 0.281250 0.814453 0.281250 0.808594 0.283203 0.806641 0.283203 0.789062 0.277344 0.783203 0.267578 0.783203 0.265625 0.781250 0.244141 0.781250 0.242188 0.779297 0.230469 0.779297
2 0.744141 0.783203 0.757812 0.783203 0.759766 0.781250 0.746094 0.781250
2 0.480469 0.812500 0.476562 0.812500 0.474609 0.810547 0.470703 0.812500 0.460938 0.812500 0.453125 0.816406 0.447266 0.816406 0.443359 0.820312 0.443359 0.824219 0.441406 0.826172 0.441406 0.835938 0.443359 0.837891 0.443359 0.869141 0.445312 0.871094 0.445312 0.880859 0.447266 0.882812 0.457031 0.882812 0.468750 0.876953 0.480469 0.876953 0.484375 0.873047 0.482422 0.869141 0.482422 0.847656 0.484375 0.845703 0.484375 0.835938 0.482422 0.833984
2 0.722656 0.833984 0.718750 0.849609 0.724609 0.917969 0.730469 0.904297 0.726562 0.896484 0.734375 0.863281 0.740234 0.875000 0.740234 0.910156 0.732422 0.986328 0.716797 0.998047 0.720703 0.994141 0.722656 0.998047 0.726562 0.994141 0.730469 0.998047 0.798828 0.998047 0.802734 0.970703 0.796875 0.953125 0.806641 0.888672 0.798828 0.843750 0.794922 0.837891 0.771484 0.832031
2 0.402344 0.847656 0.388672 0.843750 0.380859 0.845703 0.355469 0.859375 0.345703 0.861328 0.330078 0.871094 0.335938 0.890625 0.339844 0.925781 0.343750 0.935547 0.400391 0.931641 0.404297 0.927734 0.404297 0.849609
2 0.675781 0.884766 0.632812 0.888672 0.605469 0.898438 0.609375 0.916016 0.609375 0.941406 0.615234 0.953125 0.617188 0.980469 0.623047 0.998047 0.693359 0.998047 0.683594 0.949219 0.681641 0.925781 0.683594 0.896484
2 0.181641 0.953125 0.171875 0.947266 0.158203 0.947266 0.121094 0.962891 0.113281 0.962891 0.085938 0.970703 0.074219 0.978516 0.074219 0.982422 0.068359 0.990234 0.068359 0.998047 0.187500 0.998047
5 0.998047 0.560547 0.906250 0.572266 0.476562 0.726562 0.248047 0.847656 0.001953 0.941406 0.000000 0.978516 0.097656 0.964844 0.453125 0.798828 0.642578 0.736328 0.753906 0.671875 0.996094 0.615234
