0 0.476562 0.000000 0.476562 0.003906 0.482422 0.009766 0.484375 0.029297 0.498047 0.046875 0.498047 0.058594 0.488281 0.070312 0.488281 0.083984 0.482422 0.101562 0.484375 0.111328 0.496094 0.119141 0.507812 0.121094 0.525391 0.119141 0.529297 0.115234 0.531250 0.031250 0.535156 0.021484 0.531250 0.000000
0 0.978516 0.177734 0.968750 0.177734 0.945312 0.187500 0.937500 0.207031 0.925781 0.220703 0.919922 0.240234 0.906250 0.250000 0.902344 0.281250 0.916016 0.292969 0.919922 0.302734 0.941406 0.326172 0.943359 0.335938 0.949219 0.339844 0.945312 0.343750 0.949219 0.351562 0.953125 0.347656 0.964844 0.349609 0.998047 0.324219 0.998047 0.187500
0 0.705078 0.300781 0.666016 0.333984 0.660156 0.347656 0.662109 0.355469 0.681641 0.369141 0.705078 0.369141 0.712891 0.373047 0.718750 0.382812 0.746094 0.400391 0.759766 0.398438 0.771484 0.376953 0.773438 0.359375 0.753906 0.345703 0.746094 0.312500 0.736328 0.302734 0.716797 0.298828
0 0.648438 0.400391 0.648438 0.427734 0.652344 0.431641 0.671875 0.431641 0.673828 0.429688 0.693359 0.433594 0.707031 0.431641 0.712891 0.443359 0.728516 0.451172 0.738281 0.462891 0.751953 0.457031 0.757812 0.437500 0.757812 0.421875 0.753906 0.414062 0.748047 0.412109 0.724609 0.414062 0.712891 0.421875 0.708984 0.429688 0.705078 0.425781 0.701172 0.412109 0.689453 0.404297 0.658203 0.396484 0.652344 0.396484
0 0.941406 0.404297 0.941406 0.406250 0.937500 0.410156 0.937500 0.423828 0.943359 0.435547 0.957031 0.451172 0.964844 0.453125 0.966797 0.455078 0.980469 0.455078 0.988281 0.451172 0.998047 0.443359 0.998047 0.410156 0.992188 0.408203 0.984375 0.400391 0.980469 0.400391 0.978516 0.398438 0.970703 0.398438 0.968750 0.396484 0.951172 0.396484
0 0.867188 0.458984 0.869141 0.478516 0.873047 0.486328 0.888672 0.500000 0.900391 0.501953 0.902344 0.503906 0.921875 0.503906 0.931641 0.498047 0.933594 0.494141 0.933594 0.486328 0.921875 0.470703 0.919922 0.464844 0.910156 0.455078 0.902344 0.453125 0.900391 0.451172 0.894531 0.451172 0.892578 0.449219 0.882812 0.449219 0.875000 0.455078 0.871094 0.455078
0 0.718750 0.507812 0.714844 0.515625 0.714844 0.525391 0.712891 0.527344 0.714844 0.531250 0.714844 0.544922 0.718750 0.552734 0.730469 0.560547 0.738281 0.562500 0.740234 0.560547 0.748047 0.560547 0.755859 0.556641 0.769531 0.556641 0.771484 0.554688 0.777344 0.554688 0.781250 0.550781 0.787109 0.539062 0.787109 0.525391 0.773438 0.509766 0.763672 0.505859 0.751953 0.496094 0.736328 0.496094 0.730469 0.501953
0 0.945312 0.501953 0.941406 0.513672 0.933594 0.523438 0.933594 0.537109 0.941406 0.552734 0.945312 0.554688 0.953125 0.554688 0.982422 0.572266 0.998047 0.574219 0.998047 0.511719 0.982422 0.505859 0.970703 0.496094 0.955078 0.496094
0 0.646484 0.740234 0.638672 0.744141 0.638672 0.750000 0.634766 0.753906 0.628906 0.773438 0.621094 0.783203 0.619141 0.802734 0.617188 0.804688 0.617188 0.822266 0.628906 0.835938 0.638672 0.835938 0.640625 0.837891 0.656250 0.835938 0.658203 0.837891 0.669922 0.835938 0.669922 0.828125 0.671875 0.826172 0.673828 0.775391 0.666016 0.763672 0.667969 0.746094 0.662109 0.742188
2 0.972656 0.000000 0.972656 0.054688 0.974609 0.056641 0.998047 0.056641 0.998047 0.000000
2 0.658203 0.015625 0.656250 0.021484 0.660156 0.033203 0.660156 0.042969 0.658203 0.044922 0.658203 0.060547 0.656250 0.062500 0.656250 0.068359 0.662109 0.085938 0.664062 0.087891 0.685547 0.087891 0.687500 0.089844 0.697266 0.089844 0.699219 0.091797 0.703125 0.087891 0.703125 0.068359 0.705078 0.066406 0.707031 0.050781 0.708984 0.048828 0.708984 0.039062 0.714844 0.021484 0.707031 0.017578
2 0.792969 0.025391 0.789062 0.027344 0.783203 0.035156 0.785156 0.039062 0.783203 0.042969 0.783203 0.066406 0.777344 0.080078 0.773438 0.083984 0.771484 0.097656 0.775391 0.107422 0.781250 0.113281 0.791016 0.113281 0.792969 0.115234 0.822266 0.113281 0.826172 0.109375 0.826172 0.072266 0.822266 0.060547 0.822266 0.027344 0.818359 0.025391
2 0.839844 0.046875 0.835938 0.050781 0.833984 0.074219 0.832031 0.076172 0.832031 0.093750 0.833984 0.095703 0.833984 0.111328 0.835938 0.117188 0.843750 0.121094 0.894531 0.121094 0.900391 0.109375 0.898438 0.105469 0.898438 0.054688 0.900391 0.048828 0.898438 0.046875 0.851562 0.046875 0.849609 0.044922
2 0.998047 0.064453 0.994141 0.064453 0.992188 0.066406 0.968750 0.066406 0.966797 0.068359 0.966797 0.113281 0.968750 0.115234 0.968750 0.117188 0.998047 0.117188
2 0.646484 0.171875 0.642578 0.208984 0.646484 0.212891 0.693359 0.220703 0.714844 0.220703 0.720703 0.216797 0.730469 0.191406 0.732422 0.199219 0.728516 0.222656 0.732422 0.232422 0.763672 0.234375 0.769531 0.207031 0.767578 0.197266 0.773438 0.183594 0.767578 0.164062 0.738281 0.162109 0.734375 0.169922 0.732422 0.160156 0.660156 0.154297
2 0.041016 0.160156 0.042969 0.164062 0.042969 0.189453 0.044922 0.191406 0.099609 0.191406 0.101562 0.189453 0.123047 0.189453 0.125000 0.187500 0.125000 0.179688 0.123047 0.177734 0.123047 0.166016 0.125000 0.164062 0.121094 0.158203 0.113281 0.158203 0.111328 0.156250 0.070312 0.156250 0.068359 0.158203 0.044922 0.156250
2 0.919922 0.195312 0.910156 0.191406 0.886719 0.189453 0.880859 0.185547 0.859375 0.187500 0.853516 0.197266 0.845703 0.228516 0.839844 0.220703 0.808594 0.218750 0.806641 0.257812 0.818359 0.263672 0.841797 0.263672 0.847656 0.251953 0.851562 0.259766 0.898438 0.263672 0.900391 0.246094 0.904297 0.242188 0.916016 0.240234 0.917969 0.234375 0.916016 0.207031
2 0.531250 0.208984 0.529297 0.210938 0.529297 0.257812 0.537109 0.257812 0.539062 0.259766 0.523438 0.263672 0.523438 0.281250 0.525391 0.285156 0.535156 0.292969 0.572266 0.292969 0.583984 0.289062 0.585938 0.285156 0.585938 0.269531 0.582031 0.263672 0.576172 0.261719 0.582031 0.257812 0.582031 0.248047 0.578125 0.242188 0.578125 0.212891 0.560547 0.208984
2 0.632812 0.220703 0.630859 0.224609 0.630859 0.253906 0.628906 0.255859 0.628906 0.281250 0.630859 0.285156 0.646484 0.285156 0.648438 0.287109 0.662109 0.287109 0.664062 0.289062 0.683594 0.289062 0.685547 0.285156 0.685547 0.250000 0.687500 0.248047 0.687500 0.230469 0.689453 0.226562 0.685547 0.224609 0.658203 0.222656 0.656250 0.220703
2 0.251953 0.267578 0.255859 0.281250 0.255859 0.333984 0.275391 0.361328 0.277344 0.380859 0.281250 0.384766 0.291016 0.386719 0.310547 0.384766 0.310547 0.333984 0.308594 0.332031 0.310547 0.273438 0.304688 0.265625 0.298828 0.263672 0.263672 0.263672
2 0.470703 0.263672 0.470703 0.271484 0.472656 0.273438 0.472656 0.294922 0.468750 0.298828 0.468750 0.306641 0.472656 0.306641 0.474609 0.308594 0.476562 0.306641 0.501953 0.306641 0.503906 0.308594 0.507812 0.308594 0.509766 0.306641 0.519531 0.306641 0.521484 0.304688 0.521484 0.289062 0.519531 0.287109 0.519531 0.263672 0.515625 0.263672 0.513672 0.261719 0.478516 0.261719 0.476562 0.263672
2 0.759766 0.294922 0.763672 0.300781 0.767578 0.300781 0.769531 0.302734 0.835938 0.304688 0.851562 0.298828 0.857422 0.279297 0.853516 0.275391 0.847656 0.275391 0.845703 0.273438 0.830078 0.273438 0.824219 0.269531 0.802734 0.269531 0.800781 0.271484 0.791016 0.271484 0.789062 0.269531 0.767578 0.269531 0.763672 0.273438
2 0.427734 0.388672 0.429688 0.439453 0.568359 0.439453 0.568359 0.417969 0.556641 0.404297 0.554688 0.378906 0.548828 0.375000 0.529297 0.371094 0.464844 0.373047 0.455078 0.375000 0.449219 0.382812 0.433594 0.384766
2 0.357422 0.390625 0.000000 0.398438 0.000000 0.462891 0.093750 0.462891 0.357422 0.443359
2 0.634766 0.439453 0.634766 0.458984 0.636719 0.462891 0.677734 0.464844 0.679688 0.466797 0.695312 0.466797 0.697266 0.468750 0.728516 0.468750 0.732422 0.466797 0.732422 0.458984 0.722656 0.451172 0.714844 0.449219 0.707031 0.441406 0.707031 0.439453 0.701172 0.435547 0.669922 0.433594 0.667969 0.435547 0.648438 0.435547 0.646484 0.437500
2 0.576172 0.525391 0.568359 0.500000 0.537109 0.492188 0.488281 0.498047 0.484375 0.552734 0.480469 0.494141 0.000000 0.513672 0.000000 0.578125 0.011719 0.580078 0.013672 0.570312 0.066406 0.582031 0.261719 0.572266 0.277344 0.560547 0.316406 0.568359 0.337891 0.558594 0.367188 0.566406 0.480469 0.550781 0.484375 0.560547 0.572266 0.560547
2 0.386719 0.515625 0.386719 0.525391 0.388672 0.527344 0.388672 0.529297 0.386719 0.531250 0.386719 0.539062 0.388672 0.541016 0.388672 0.539062 0.390625 0.537109 0.390625 0.535156 0.388672 0.533203 0.388672 0.531250 0.392578 0.527344 0.390625 0.525391 0.390625 0.521484 0.388672 0.519531 0.388672 0.515625
2 0.896484 0.554688 0.886719 0.558594 0.828125 0.615234 0.822266 0.630859 0.830078 0.646484 0.839844 0.650391 0.849609 0.664062 0.847656 0.673828 0.837891 0.683594 0.851562 0.695312 0.853516 0.707031 0.865234 0.705078 0.892578 0.722656 0.912109 0.722656 0.966797 0.675781 0.976562 0.660156 0.976562 0.640625 0.982422 0.632812 0.992188 0.630859 0.996094 0.615234 0.992188 0.601562 0.986328 0.597656 0.982422 0.613281 0.978516 0.603516 0.935547 0.560547
2 0.636719 0.578125 0.632812 0.607422 0.634766 0.636719 0.638672 0.640625 0.634766 0.722656 0.638672 0.726562 0.685547 0.726562 0.695312 0.660156 0.699219 0.585938 0.697266 0.582031 0.666016 0.583984
2 0.556641 0.722656 0.554688 0.718750 0.550781 0.716797 0.501953 0.718750 0.490234 0.722656 0.460938 0.722656 0.457031 0.724609 0.453125 0.730469 0.453125 0.748047 0.455078 0.750000 0.552734 0.748047 0.556641 0.744141
2 0.742188 0.892578 0.730469 0.875000 0.695312 0.875000 0.693359 0.876953 0.671875 0.876953 0.669922 0.878906 0.666016 0.876953 0.638672 0.880859 0.625000 0.890625 0.623047 0.900391 0.628906 0.927734 0.634766 0.935547 0.720703 0.937500 0.728516 0.935547 0.740234 0.925781
2 0.962891 0.884766 0.970703 0.890625 0.976562 0.890625 0.978516 0.888672 0.988281 0.888672 0.992188 0.892578 0.992188 0.894531 0.988281 0.898438 0.984375 0.898438 0.982422 0.896484 0.978516 0.898438 0.972656 0.898438 0.968750 0.896484 0.962891 0.904297 0.960938 0.916016 0.962891 0.917969 0.972656 0.917969 0.974609 0.919922 0.998047 0.919922 0.998047 0.896484 0.994141 0.894531 0.994141 0.892578 0.998047 0.888672 0.998047 0.884766 0.996094 0.882812 0.968750 0.882812 0.966797 0.884766
2 0.746094 0.890625 0.746094 0.919922 0.751953 0.923828 0.765625 0.923828 0.767578 0.921875 0.802734 0.921875 0.822266 0.929688 0.830078 0.929688 0.832031 0.927734 0.832031 0.912109 0.830078 0.910156 0.830078 0.904297 0.826172 0.900391 0.818359 0.900391 0.808594 0.894531 0.796875 0.892578 0.794922 0.890625 0.777344 0.890625 0.775391 0.888672 0.750000 0.888672
2 0.556641 0.927734 0.554688 0.925781 0.533203 0.925781 0.531250 0.927734 0.521484 0.927734 0.519531 0.929688 0.494141 0.929688 0.492188 0.931641 0.482422 0.931641 0.480469 0.933594 0.468750 0.935547 0.462891 0.939453 0.462891 0.945312 0.466797 0.953125 0.466797 0.966797 0.470703 0.970703 0.482422 0.970703 0.484375 0.968750 0.529297 0.966797 0.546875 0.960938 0.556641 0.960938 0.558594 0.958984
4 0.556641 0.753906 0.095703 0.787109 0.076172 0.810547 0.166016 0.789062 0.154297 0.796875 0.181641 0.798828 0.167969 0.810547 0.185547 0.816406 0.003906 0.832031 0.003906 0.984375 0.009766 0.972656 0.011719 0.988281 0.058594 0.986328 0.103516 0.964844 0.134766 0.978516 0.560547 0.921875 0.570312 0.902344 0.558594 0.890625
4 0.099609 0.777344 0.097656 0.775391 0.091797 0.775391 0.087891 0.779297 0.085938 0.777344 0.080078 0.775391 0.078125 0.777344 0.050781 0.777344 0.048828 0.779297 0.042969 0.779297 0.048828 0.779297 0.050781 0.781250 0.052734 0.781250 0.054688 0.779297 0.062500 0.779297 0.064453 0.781250 0.074219 0.781250 0.080078 0.785156 0.082031 0.783203 0.083984 0.783203 0.083984 0.781250 0.085938 0.779297 0.093750 0.779297 0.095703 0.781250 0.097656 0.781250 0.099609 0.779297
4 0.003906 0.781250 0.003906 0.783203 0.005859 0.785156 0.007812 0.783203 0.011719 0.783203 0.015625 0.787109 0.013672 0.789062 0.015625 0.791016 0.015625 0.794922 0.013672 0.796875 0.017578 0.800781 0.019531 0.798828 0.035156 0.798828 0.037109 0.796875 0.035156 0.794922 0.033203 0.794922 0.031250 0.792969 0.031250 0.791016 0.027344 0.791016 0.027344 0.794922 0.025391 0.796875 0.017578 0.787109 0.021484 0.783203 0.021484 0.781250 0.023438 0.779297 0.037109 0.779297 0.009766 0.779297 0.007812 0.781250
4 0.080078 0.789062 0.078125 0.791016 0.078125 0.796875 0.083984 0.796875 0.083984 0.792969 0.082031 0.792969 0.080078 0.791016
4 0.003906 0.796875 0.003906 0.798828 0.005859 0.798828 0.005859 0.796875
4 0.156250 0.808594 0.156250 0.810547 0.162109 0.810547 0.162109 0.808594
5 0.634766 0.000000 0.582031 0.455078 0.000000 0.472656 0.582031 0.474609 0.582031 0.998047 0.603516 0.871094 0.998047 0.843750 0.601562 0.849609
