0 0.390625 0.021484 0.373047 0.113281 0.480469 0.134766 0.468750 0.230469 0.480469 0.269531 0.794922 0.365234 0.853516 0.361328 0.876953 0.386719 0.933594 0.373047 0.998047 0.316406 0.992188 0.255859 0.888672 0.181641 0.923828 0.136719 0.998047 0.181641 0.998047 0.000000 0.941406 0.000000 0.900391 0.070312 0.851562 0.054688 0.876953 0.000000 0.785156 0.000000 0.777344 0.015625 0.746094 0.000000 0.433594 0.000000 0.419922 0.021484
0 0.199219 0.166016 0.197266 0.167969 0.197266 0.169922 0.189453 0.177734 0.185547 0.177734 0.183594 0.179688 0.183594 0.185547 0.185547 0.187500 0.185547 0.191406 0.187500 0.193359 0.191406 0.193359 0.193359 0.195312 0.197266 0.195312 0.199219 0.193359 0.205078 0.193359 0.208984 0.189453 0.208984 0.179688 0.207031 0.177734 0.207031 0.175781 0.203125 0.171875 0.203125 0.169922
0 0.251953 0.242188 0.193359 0.220703 0.171875 0.244141 0.060547 0.474609 0.181641 0.484375 0.046875 0.484375 0.000000 0.576172 0.001953 0.658203 0.126953 0.677734 0.216797 0.677734 0.199219 0.589844 0.210938 0.492188 0.179688 0.482422 0.201172 0.478516 0.218750 0.449219 0.257812 0.271484
0 0.312500 0.453125 0.300781 0.458984 0.296875 0.466797 0.296875 0.474609 0.300781 0.480469 0.304688 0.498047 0.294922 0.507812 0.294922 0.515625 0.296875 0.517578 0.298828 0.531250 0.306641 0.541016 0.310547 0.550781 0.333984 0.550781 0.337891 0.541016 0.339844 0.505859 0.343750 0.494141 0.341797 0.462891 0.326172 0.453125
0 0.636719 0.548828 0.636719 0.556641 0.646484 0.568359 0.644531 0.591797 0.648438 0.603516 0.656250 0.609375 0.671875 0.607422 0.693359 0.593750 0.703125 0.593750 0.718750 0.599609 0.734375 0.599609 0.750000 0.583984 0.751953 0.546875 0.734375 0.539062 0.716797 0.535156 0.691406 0.517578 0.681641 0.517578 0.671875 0.537109 0.664062 0.541016 0.654297 0.541016 0.650391 0.544922
0 0.300781 0.558594 0.298828 0.568359 0.300781 0.570312 0.302734 0.580078 0.306641 0.587891 0.312500 0.593750 0.312500 0.595703 0.328125 0.613281 0.335938 0.617188 0.339844 0.617188 0.341797 0.619141 0.349609 0.615234 0.353516 0.609375 0.353516 0.597656 0.349609 0.591797 0.347656 0.580078 0.339844 0.564453 0.339844 0.560547 0.332031 0.554688 0.306641 0.554688
0 0.384766 0.724609 0.384766 0.732422 0.382812 0.734375 0.382812 0.736328 0.384766 0.738281 0.384766 0.740234 0.386719 0.740234 0.388672 0.742188 0.392578 0.742188 0.394531 0.740234 0.410156 0.740234 0.414062 0.736328 0.414062 0.728516 0.408203 0.722656 0.406250 0.722656 0.404297 0.720703 0.396484 0.720703 0.394531 0.722656 0.390625 0.722656 0.388672 0.720703
0 0.404297 0.785156 0.400391 0.789062 0.398438 0.794922 0.400391 0.796875 0.400391 0.798828 0.404297 0.802734 0.404297 0.804688 0.408203 0.808594 0.408203 0.810547 0.412109 0.814453 0.412109 0.816406 0.416016 0.820312 0.416016 0.822266 0.419922 0.826172 0.431641 0.826172 0.433594 0.824219 0.435547 0.824219 0.441406 0.818359 0.441406 0.814453 0.439453 0.812500 0.439453 0.796875 0.437500 0.794922 0.437500 0.792969 0.433594 0.789062 0.431641 0.789062 0.421875 0.783203 0.414062 0.783203 0.412109 0.785156
1 0.939453 0.000000 0.878906 0.000000 0.873047 0.013672 0.865234 0.025391 0.865234 0.029297 0.855469 0.041016 0.853516 0.046875 0.855469 0.058594 0.867188 0.068359 0.900391 0.068359 0.906250 0.062500 0.906250 0.058594 0.919922 0.042969 0.927734 0.019531 0.937500 0.007812
1 0.662109 0.037109 0.662109 0.041016 0.660156 0.042969 0.660156 0.060547 0.662109 0.062500 0.664062 0.062500 0.666016 0.064453 0.671875 0.064453 0.679688 0.070312 0.689453 0.070312 0.691406 0.072266 0.701172 0.072266 0.703125 0.070312 0.707031 0.070312 0.708984 0.068359 0.708984 0.066406 0.710938 0.064453 0.710938 0.058594 0.712891 0.056641 0.712891 0.048828 0.714844 0.046875 0.714844 0.041016 0.708984 0.035156 0.705078 0.035156 0.703125 0.033203 0.691406 0.033203 0.689453 0.031250 0.667969 0.031250
1 0.919922 0.140625 0.894531 0.173828 0.890625 0.181641 0.892578 0.187500 0.912109 0.199219 0.925781 0.201172 0.937500 0.214844 0.970703 0.240234 0.982422 0.244141 0.998047 0.259766 0.998047 0.183594 0.990234 0.179688 0.974609 0.164062 0.955078 0.162109 0.941406 0.144531 0.929688 0.138672
1 0.134766 0.867188 0.132812 0.875000 0.123047 0.894531 0.117188 0.900391 0.113281 0.908203 0.109375 0.927734 0.113281 0.929688 0.136719 0.929688 0.138672 0.931641 0.158203 0.931641 0.160156 0.933594 0.164062 0.933594 0.169922 0.921875 0.169922 0.906250 0.171875 0.904297 0.171875 0.898438 0.173828 0.896484 0.175781 0.886719 0.167969 0.876953 0.162109 0.876953 0.146484 0.869141
2 0.134766 0.000000 0.134766 0.015625 0.132812 0.017578 0.134766 0.023438 0.136719 0.023438 0.142578 0.027344 0.152344 0.027344 0.154297 0.029297 0.175781 0.029297 0.177734 0.031250 0.185547 0.031250 0.187500 0.029297 0.189453 0.029297 0.189453 0.023438 0.191406 0.021484 0.191406 0.007812 0.193359 0.005859 0.193359 0.000000
2 0.748047 0.000000 0.750000 0.001953 0.750000 0.005859 0.751953 0.005859 0.753906 0.007812 0.755859 0.007812 0.757812 0.009766 0.761719 0.009766 0.763672 0.011719 0.767578 0.011719 0.769531 0.013672 0.777344 0.013672 0.781250 0.009766 0.781250 0.005859 0.783203 0.003906 0.783203 0.000000
2 0.482422 0.015625 0.478516 0.017578 0.474609 0.023438 0.474609 0.029297 0.476562 0.031250 0.476562 0.035156 0.474609 0.037109 0.474609 0.058594 0.472656 0.060547 0.472656 0.064453 0.468750 0.068359 0.468750 0.076172 0.476562 0.082031 0.498047 0.087891 0.505859 0.083984 0.509766 0.070312 0.511719 0.068359 0.511719 0.064453 0.513672 0.062500 0.515625 0.042969 0.517578 0.041016 0.517578 0.023438 0.513672 0.019531 0.507812 0.019531 0.505859 0.017578 0.488281 0.017578 0.486328 0.015625
2 0.080078 0.021484 0.080078 0.039062 0.078125 0.041016 0.078125 0.044922 0.082031 0.048828 0.087891 0.048828 0.097656 0.056641 0.105469 0.060547 0.117188 0.062500 0.119141 0.064453 0.125000 0.064453 0.126953 0.066406 0.134766 0.064453 0.134766 0.062500 0.138672 0.058594 0.144531 0.058594 0.148438 0.056641 0.148438 0.042969 0.134766 0.027344 0.130859 0.027344 0.128906 0.025391 0.121094 0.025391 0.119141 0.023438 0.113281 0.023438 0.111328 0.021484 0.095703 0.021484 0.093750 0.019531 0.082031 0.019531
2 0.072266 0.671875 0.064453 0.666016 0.052734 0.662109 0.031250 0.662109 0.029297 0.664062 0.021484 0.664062 0.017578 0.667969 0.007812 0.664062 0.000000 0.664062 0.000000 0.720703 0.009766 0.720703 0.015625 0.716797 0.017578 0.693359 0.021484 0.685547 0.031250 0.691406 0.037109 0.691406 0.039062 0.693359 0.070312 0.697266 0.072266 0.695312 0.072266 0.679688 0.074219 0.677734
2 0.171875 0.691406 0.169922 0.693359 0.169922 0.703125 0.167969 0.705078 0.167969 0.718750 0.166016 0.720703 0.166016 0.740234 0.169922 0.744141 0.193359 0.744141 0.195312 0.746094 0.205078 0.746094 0.207031 0.748047 0.216797 0.746094 0.218750 0.742188 0.218750 0.714844 0.220703 0.712891 0.220703 0.699219 0.210938 0.699219 0.208984 0.697266 0.195312 0.697266 0.193359 0.695312 0.185547 0.695312 0.183594 0.693359
2 0.226562 0.826172 0.224609 0.830078 0.224609 0.871094 0.226562 0.875000 0.232422 0.878906 0.277344 0.878906 0.279297 0.876953 0.279297 0.841797 0.277344 0.839844 0.267578 0.837891 0.263672 0.833984 0.263672 0.828125 0.261719 0.826172
4 0.238281 0.005859 0.232422 0.019531 0.228516 0.042969 0.228516 0.056641 0.232422 0.062500 0.273438 0.066406 0.285156 0.064453 0.320312 0.072266 0.359375 0.072266 0.363281 0.068359 0.367188 0.019531 0.359375 0.009766 0.345703 0.003906 0.310547 0.003906 0.294922 0.000000 0.244141 0.000000
4 0.230469 0.070312 0.220703 0.111328 0.220703 0.140625 0.259766 0.146484 0.283203 0.154297 0.349609 0.160156 0.357422 0.130859 0.357422 0.083984 0.333984 0.078125
4 0.386719 0.132812 0.367188 0.244141 0.445312 0.261719 0.359375 0.261719 0.343750 0.558594 0.445312 0.835938 0.392578 0.839844 0.392578 0.755859 0.333984 0.769531 0.382812 0.712891 0.333984 0.708984 0.361328 0.667969 0.285156 0.568359 0.292969 0.460938 0.224609 0.464844 0.205078 0.554688 0.304688 0.859375 0.369141 0.847656 0.363281 0.994141 0.998047 0.998047 0.998047 0.328125 0.849609 0.427734 0.833984 0.726562 0.841797 0.396484 0.740234 0.402344 0.710938 0.349609 0.447266 0.265625 0.476562 0.140625
4 0.214844 0.154297 0.212891 0.189453 0.203125 0.199219 0.203125 0.216797 0.273438 0.244141 0.343750 0.242188 0.351562 0.214844 0.351562 0.169922 0.347656 0.166016 0.320312 0.166016 0.287109 0.158203 0.263672 0.158203 0.226562 0.152344
4 0.337891 0.259766 0.269531 0.253906 0.263672 0.259766 0.250000 0.320312 0.251953 0.343750 0.304688 0.351562 0.246094 0.351562 0.228516 0.455078 0.294922 0.453125 0.322266 0.441406 0.330078 0.357422 0.304688 0.353516 0.328125 0.351562 0.332031 0.345703
4 0.353516 0.916016 0.355469 0.916016 0.357422 0.914062 0.353516 0.914062
4 0.257812 0.958984 0.261719 0.962891 0.261719 0.960938 0.259766 0.958984
4 0.359375 0.970703 0.371094 0.970703 0.369141 0.968750 0.361328 0.968750
4 0.369141 0.976562 0.369141 0.978516 0.371094 0.978516 0.371094 0.976562
4 0.353516 0.990234 0.351562 0.992188 0.351562 0.994141 0.353516 0.994141 0.355469 0.996094 0.355469 0.998047 0.357422 0.998047 0.357422 0.996094 0.359375 0.994141 0.359375 0.992188 0.357422 0.992188 0.355469 0.990234
5 0.226562 0.000000 0.203125 0.000000 0.201172 0.003906 0.203125 0.042969 0.193359 0.074219 0.195312 0.080078 0.189453 0.111328 0.181641 0.136719 0.167969 0.164062 0.169922 0.169922 0.181641 0.177734 0.195312 0.169922 0.214844 0.121094 0.220703 0.089844 0.218750 0.080078 0.226562 0.064453 0.228516 0.048828
5 0.175781 0.185547 0.169922 0.183594 0.162109 0.185547 0.156250 0.191406 0.152344 0.207031 0.142578 0.218750 0.136719 0.240234 0.132812 0.244141 0.113281 0.287109 0.115234 0.289062 0.113281 0.291016 0.115234 0.298828 0.121094 0.304688 0.126953 0.306641 0.132812 0.304688 0.138672 0.298828 0.148438 0.271484 0.152344 0.267578 0.156250 0.255859 0.162109 0.250000 0.164062 0.244141 0.162109 0.242188 0.166016 0.232422 0.175781 0.220703 0.183594 0.197266 0.181641 0.191406
