0 0.576172 0.478516 0.564453 0.617188 0.574219 0.644531 0.650391 0.636719 0.644531 0.654297 0.654297 0.662109 0.642578 0.673828 0.685547 0.683594 0.716797 0.705078 0.718750 0.724609 0.738281 0.718750 0.753906 0.736328 0.777344 0.732422 0.833984 0.748047 0.882812 0.744141 0.853516 0.738281 0.849609 0.703125 0.865234 0.687500 0.910156 0.689453 0.921875 0.671875 0.933594 0.597656 0.923828 0.533203 0.783203 0.500000 0.726562 0.496094 0.701172 0.507812 0.599609 0.466797
0 0.636719 0.664062 0.634766 0.666016 0.636719 0.667969 0.638672 0.667969 0.638672 0.664062
0 0.574219 0.695312 0.572266 0.697266 0.574219 0.699219
0 0.701172 0.718750 0.697266 0.718750 0.695312 0.720703 0.695312 0.722656 0.697266 0.722656 0.699219 0.724609 0.701172 0.722656
0 0.707031 0.720703 0.707031 0.722656 0.708984 0.722656 0.708984 0.720703
0 0.671875 0.722656 0.673828 0.724609 0.675781 0.724609 0.675781 0.722656
0 0.886719 0.740234 0.886719 0.744141 0.888672 0.744141 0.888672 0.742188
1 0.669922 0.011719 0.640625 0.009766 0.636719 0.005859 0.634766 0.007812 0.628906 0.007812 0.626953 0.009766 0.599609 0.009766 0.597656 0.011719 0.583984 0.011719 0.582031 0.013672 0.619141 0.013672 0.623047 0.015625 0.625000 0.013672 0.656250 0.013672 0.658203 0.011719 0.667969 0.013672
1 0.765625 0.048828 0.705078 0.037109 0.703125 0.029297 0.732422 0.027344 0.556641 0.019531 0.236328 0.060547 0.232422 0.171875 0.275391 0.179688 0.332031 0.156250 0.328125 0.115234 0.546875 0.111328 0.609375 0.095703 0.630859 0.078125 0.664062 0.085938 0.720703 0.072266
1 0.144531 0.068359 0.126953 0.064453 0.087891 0.068359 0.000000 0.093750 0.000000 0.218750 0.056641 0.208984 0.078125 0.199219 0.115234 0.199219 0.134766 0.191406 0.142578 0.179688
1 0.335938 0.128906 0.349609 0.128906 0.351562 0.130859 0.375000 0.130859 0.376953 0.128906 0.378906 0.128906 0.380859 0.126953 0.382812 0.126953 0.382812 0.125000 0.365234 0.125000 0.363281 0.126953 0.361328 0.125000 0.359375 0.125000 0.357422 0.126953 0.355469 0.126953 0.353516 0.125000 0.351562 0.125000 0.351562 0.126953 0.349609 0.128906 0.347656 0.128906 0.345703 0.126953 0.335938 0.126953
2 0.787109 0.166016 0.785156 0.167969 0.785156 0.205078 0.789062 0.205078 0.791016 0.207031 0.796875 0.207031 0.798828 0.205078 0.810547 0.205078 0.814453 0.201172 0.814453 0.193359 0.812500 0.191406 0.812500 0.177734 0.814453 0.175781 0.814453 0.169922 0.812500 0.167969 0.812500 0.166016
2 0.908203 0.164062 0.900391 0.167969 0.896484 0.173828 0.896484 0.195312 0.898438 0.197266 0.898438 0.205078 0.900391 0.207031 0.898438 0.210938 0.896484 0.234375 0.900391 0.240234 0.904297 0.240234 0.906250 0.242188 0.927734 0.244141 0.931641 0.238281 0.931641 0.199219 0.933594 0.197266 0.933594 0.185547 0.935547 0.183594 0.935547 0.166016 0.933594 0.164062
2 0.677734 0.187500 0.693359 0.234375 0.718750 0.224609 0.728516 0.226562 0.732422 0.248047 0.728516 0.271484 0.736328 0.287109 0.771484 0.285156 0.773438 0.263672 0.769531 0.253906 0.773438 0.232422 0.779297 0.265625 0.822266 0.265625 0.826172 0.224609 0.814453 0.212891 0.781250 0.210938 0.775391 0.216797 0.771484 0.203125 0.751953 0.201172 0.744141 0.183594 0.720703 0.181641
2 0.849609 0.187500 0.847656 0.189453 0.847656 0.195312 0.845703 0.197266 0.845703 0.224609 0.843750 0.226562 0.845703 0.228516 0.845703 0.232422 0.847656 0.232422 0.849609 0.234375 0.869141 0.234375 0.871094 0.236328 0.873047 0.234375 0.878906 0.234375 0.880859 0.232422 0.880859 0.191406 0.878906 0.189453 0.875000 0.189453 0.873047 0.187500
2 0.457031 0.208984 0.455078 0.210938 0.457031 0.251953 0.458984 0.255859 0.466797 0.255859 0.468750 0.257812 0.460938 0.261719 0.460938 0.265625 0.464844 0.265625 0.468750 0.269531 0.466797 0.273438 0.466797 0.281250 0.472656 0.285156 0.492188 0.285156 0.498047 0.281250 0.498047 0.261719 0.496094 0.255859 0.501953 0.248047 0.501953 0.234375 0.505859 0.222656 0.496094 0.214844 0.494141 0.207031 0.464844 0.207031 0.462891 0.208984
2 0.441406 0.216797 0.447266 0.216797 0.447266 0.214844 0.443359 0.214844
2 0.431641 0.220703 0.419922 0.232422 0.416016 0.234375 0.412109 0.234375 0.404297 0.244141 0.404297 0.253906 0.406250 0.255859 0.406250 0.263672 0.408203 0.265625 0.410156 0.275391 0.414062 0.279297 0.435547 0.279297 0.437500 0.277344 0.447266 0.277344 0.449219 0.279297 0.451172 0.277344 0.451172 0.259766 0.449219 0.257812 0.449219 0.234375 0.447266 0.232422 0.439453 0.232422 0.435547 0.230469 0.431641 0.226562
2 0.511719 0.228516 0.507812 0.236328 0.507812 0.251953 0.509766 0.253906 0.509766 0.263672 0.511719 0.265625 0.511719 0.271484 0.517578 0.275391 0.523438 0.275391 0.525391 0.273438 0.535156 0.273438 0.537109 0.271484 0.544922 0.271484 0.546875 0.269531 0.558594 0.269531 0.562500 0.265625 0.564453 0.253906 0.562500 0.251953 0.562500 0.228516 0.560547 0.226562 0.556641 0.226562 0.554688 0.224609 0.517578 0.224609
2 0.623047 0.222656 0.623047 0.259766 0.640625 0.259766 0.642578 0.257812 0.650391 0.257812 0.652344 0.255859 0.654297 0.255859 0.654297 0.234375 0.652344 0.232422 0.652344 0.224609 0.650391 0.224609 0.648438 0.222656
2 0.933594 0.250000 0.929688 0.261719 0.927734 0.277344 0.935547 0.283203 0.929688 0.285156 0.919922 0.298828 0.919922 0.318359 0.943359 0.326172 0.964844 0.328125 0.966797 0.324219 0.964844 0.320312 0.964844 0.308594 0.968750 0.302734 0.968750 0.294922 0.966797 0.292969 0.970703 0.289062 0.972656 0.281250 0.982422 0.265625 0.982422 0.261719 0.978516 0.257812 0.966797 0.257812 0.941406 0.250000
2 0.376953 0.255859 0.375000 0.255859 0.373047 0.253906 0.369141 0.253906 0.367188 0.255859 0.361328 0.255859 0.359375 0.257812 0.355469 0.257812 0.353516 0.259766 0.349609 0.259766 0.347656 0.261719 0.341797 0.261719 0.337891 0.267578 0.337891 0.269531 0.339844 0.271484 0.339844 0.277344 0.341797 0.279297 0.351562 0.279297 0.353516 0.281250 0.355469 0.281250 0.359375 0.277344 0.361328 0.277344 0.363281 0.275391 0.371094 0.275391 0.378906 0.267578 0.378906 0.259766 0.376953 0.257812
2 0.236328 0.273438 0.236328 0.277344 0.238281 0.279297 0.238281 0.283203 0.263672 0.283203 0.265625 0.285156 0.279297 0.285156 0.281250 0.283203 0.285156 0.283203 0.287109 0.281250 0.289062 0.281250 0.289062 0.265625 0.287109 0.263672 0.257812 0.263672 0.255859 0.265625 0.250000 0.265625 0.248047 0.267578 0.244141 0.267578 0.242188 0.269531 0.240234 0.269531
2 0.777344 0.269531 0.777344 0.287109 0.783203 0.296875 0.761719 0.300781 0.755859 0.328125 0.750000 0.341797 0.750000 0.349609 0.755859 0.355469 0.763672 0.355469 0.791016 0.365234 0.802734 0.365234 0.806641 0.314453 0.794922 0.304688 0.798828 0.302734 0.806641 0.308594 0.820312 0.310547 0.822266 0.306641 0.822266 0.273438 0.818359 0.269531
2 0.705078 0.273438 0.699219 0.279297 0.699219 0.281250 0.695312 0.285156 0.695312 0.289062 0.693359 0.291016 0.693359 0.314453 0.695312 0.316406 0.697266 0.322266 0.703125 0.328125 0.728516 0.328125 0.730469 0.326172 0.730469 0.320312 0.728516 0.318359 0.728516 0.300781 0.726562 0.298828 0.726562 0.294922 0.728516 0.292969 0.728516 0.291016 0.726562 0.289062 0.726562 0.285156 0.724609 0.283203 0.724609 0.281250 0.718750 0.275391 0.714844 0.275391 0.712891 0.273438
2 0.039062 0.281250 0.037109 0.279297 0.025391 0.279297 0.023438 0.281250 0.013672 0.281250 0.011719 0.283203 0.001953 0.283203 0.000000 0.285156 0.000000 0.314453 0.001953 0.312500 0.037109 0.312500 0.041016 0.308594 0.041016 0.287109 0.039062 0.285156
2 0.390625 0.300781 0.310547 0.308594 0.208984 0.339844 0.197266 0.492188 0.355469 0.490234 0.357422 0.406250 0.365234 0.417969 0.429688 0.388672 0.425781 0.363281 0.367188 0.373047 0.355469 0.384766 0.281250 0.384766 0.261719 0.371094 0.242188 0.371094 0.402344 0.332031
2 0.605469 0.296875 0.601562 0.300781 0.599609 0.314453 0.591797 0.322266 0.585938 0.333984 0.585938 0.347656 0.587891 0.351562 0.599609 0.359375 0.615234 0.361328 0.625000 0.365234 0.644531 0.365234 0.648438 0.363281 0.650391 0.359375 0.650391 0.349609 0.652344 0.347656 0.654297 0.318359 0.656250 0.316406 0.654297 0.302734 0.652344 0.300781 0.623047 0.302734 0.617188 0.298828
2 0.828125 0.306641 0.826172 0.308594 0.826172 0.318359 0.824219 0.320312 0.824219 0.335938 0.830078 0.339844 0.837891 0.339844 0.839844 0.341797 0.849609 0.341797 0.849609 0.335938 0.851562 0.333984 0.851562 0.328125 0.853516 0.326172 0.853516 0.318359 0.855469 0.316406 0.855469 0.314453 0.851562 0.310547 0.849609 0.310547 0.843750 0.306641
2 0.435547 0.320312 0.437500 0.326172 0.455078 0.341797 0.455078 0.355469 0.457031 0.359375 0.472656 0.371094 0.496094 0.378906 0.505859 0.378906 0.507812 0.376953 0.513672 0.355469 0.521484 0.349609 0.527344 0.337891 0.525391 0.330078 0.509766 0.320312 0.494141 0.318359 0.492188 0.316406 0.462891 0.314453 0.460938 0.316406 0.437500 0.318359
2 0.884766 0.318359 0.880859 0.322266 0.880859 0.333984 0.878906 0.335938 0.876953 0.357422 0.875000 0.359375 0.875000 0.367188 0.873047 0.369141 0.873047 0.382812 0.882812 0.386719 0.902344 0.386719 0.906250 0.388672 0.910156 0.386719 0.910156 0.382812 0.912109 0.380859 0.912109 0.361328 0.914062 0.359375 0.914062 0.351562 0.923828 0.339844 0.925781 0.330078 0.916016 0.324219 0.910156 0.324219 0.908203 0.322266 0.902344 0.322266 0.892578 0.318359
2 0.929688 0.333984 0.927734 0.337891 0.927734 0.345703 0.925781 0.347656 0.925781 0.355469 0.921875 0.365234 0.921875 0.376953 0.925781 0.378906 0.933594 0.378906 0.935547 0.380859 0.972656 0.384766 0.982422 0.388672 0.998047 0.390625 0.998047 0.341797 0.978516 0.341797 0.970703 0.335938 0.958984 0.333984 0.957031 0.332031 0.941406 0.332031 0.937500 0.330078
2 0.593750 0.365234 0.580078 0.390625 0.582031 0.410156 0.601562 0.427734 0.619141 0.431641 0.628906 0.421875 0.634766 0.396484 0.638672 0.406250 0.673828 0.419922 0.673828 0.423828 0.658203 0.423828 0.640625 0.443359 0.642578 0.458984 0.662109 0.470703 0.673828 0.472656 0.679688 0.445312 0.687500 0.431641 0.685547 0.423828 0.675781 0.421875 0.681641 0.419922 0.687500 0.388672 0.662109 0.375000 0.644531 0.373047 0.640625 0.376953 0.632812 0.369141 0.601562 0.363281
2 0.039062 0.371094 0.033203 0.373047 0.000000 0.373047 0.000000 0.474609 0.005859 0.472656 0.048828 0.474609 0.060547 0.468750 0.060547 0.453125 0.052734 0.441406 0.052734 0.431641 0.044922 0.419922 0.046875 0.417969 0.046875 0.380859 0.044922 0.375000
2 0.277344 0.371094 0.273438 0.371094 0.271484 0.373047 0.269531 0.373047 0.277344 0.373047
2 0.466797 0.390625 0.464844 0.390625 0.462891 0.388672 0.451172 0.388672 0.449219 0.390625 0.443359 0.390625 0.433594 0.396484 0.429688 0.396484 0.427734 0.398438 0.425781 0.398438 0.421875 0.402344 0.421875 0.404297 0.431641 0.412109 0.431641 0.414062 0.433594 0.416016 0.433594 0.421875 0.435547 0.423828 0.435547 0.425781 0.447266 0.425781 0.451172 0.421875 0.453125 0.421875 0.455078 0.419922 0.458984 0.419922 0.460938 0.417969 0.466797 0.417969 0.468750 0.416016 0.470703 0.416016 0.470703 0.398438 0.468750 0.396484
2 0.820312 0.404297 0.816406 0.429688 0.820312 0.437500 0.914062 0.457031 0.896484 0.468750 0.884766 0.505859 0.886719 0.515625 0.927734 0.527344 0.951172 0.527344 0.964844 0.519531 0.972656 0.488281 0.968750 0.480469 0.976562 0.472656 0.986328 0.443359 0.998047 0.449219 0.998047 0.400391 0.976562 0.398438 0.962891 0.429688 0.958984 0.421875 0.898438 0.404297 0.845703 0.396484
2 0.529297 0.443359 0.517578 0.433594 0.503906 0.433594 0.501953 0.429688 0.505859 0.425781 0.501953 0.423828 0.466797 0.429688 0.451172 0.439453 0.371094 0.455078 0.367188 0.458984 0.367188 0.468750 0.375000 0.480469 0.439453 0.466797 0.439453 0.492188 0.476562 0.492188 0.494141 0.488281 0.501953 0.480469 0.525391 0.480469 0.525391 0.460938 0.513672 0.457031 0.527344 0.451172
2 0.236328 0.501953 0.238281 0.523438 0.232422 0.544922 0.236328 0.552734 0.318359 0.552734 0.337891 0.556641 0.343750 0.539062 0.359375 0.542969 0.402344 0.541016 0.404297 0.507812 0.398438 0.503906 0.347656 0.505859 0.345703 0.521484 0.343750 0.505859 0.335938 0.501953
2 0.197266 0.546875 0.197266 0.548828 0.201172 0.548828 0.201172 0.546875
2 0.199219 0.642578 0.197266 0.679688 0.201172 0.685547 0.207031 0.685547 0.208984 0.683594 0.214844 0.683594 0.216797 0.685547 0.218750 0.683594 0.259766 0.683594 0.261719 0.685547 0.267578 0.685547 0.267578 0.675781 0.269531 0.671875 0.285156 0.666016 0.285156 0.642578 0.283203 0.638672 0.275391 0.638672 0.271484 0.634766 0.259766 0.636719 0.253906 0.632812 0.205078 0.632812
2 0.000000 0.666016 0.000000 0.720703 0.044922 0.718750 0.046875 0.712891 0.048828 0.718750 0.068359 0.726562 0.074219 0.726562 0.076172 0.724609 0.076172 0.689453 0.078125 0.687500 0.078125 0.681641 0.074219 0.677734 0.066406 0.677734 0.058594 0.671875 0.054688 0.671875 0.050781 0.677734 0.046875 0.671875 0.037109 0.669922 0.025391 0.664062 0.003906 0.664062
2 0.857422 0.693359 0.853516 0.699219 0.855469 0.726562 0.857422 0.728516 0.855469 0.738281 0.861328 0.738281 0.863281 0.736328 0.876953 0.738281 0.880859 0.736328 0.884766 0.742188 0.880859 0.748047 0.873047 0.748047 0.871094 0.746094 0.859375 0.748047 0.871094 0.748047 0.873047 0.750000 0.875000 0.748047 0.876953 0.750000 0.908203 0.750000 0.910156 0.748047 0.908203 0.744141 0.912109 0.740234 0.910156 0.722656 0.908203 0.720703 0.908203 0.695312 0.902344 0.691406 0.890625 0.691406 0.888672 0.689453
2 0.185547 0.697266 0.183594 0.714844 0.171875 0.732422 0.173828 0.787109 0.181641 0.796875 0.271484 0.816406 0.314453 0.818359 0.318359 0.814453 0.324219 0.792969 0.326172 0.757812 0.287109 0.750000 0.285156 0.738281 0.275391 0.730469 0.281250 0.710938 0.277344 0.703125 0.218750 0.703125 0.212891 0.699219
2 0.542969 0.730469 0.539062 0.726562 0.515625 0.726562 0.492188 0.732422 0.449219 0.732422 0.441406 0.740234 0.439453 0.755859 0.435547 0.751953 0.384766 0.753906 0.378906 0.777344 0.376953 0.833984 0.419922 0.841797 0.429688 0.839844 0.435547 0.830078 0.439453 0.779297 0.445312 0.787109 0.486328 0.789062 0.496094 0.796875 0.548828 0.794922 0.552734 0.781250
2 0.580078 0.734375 0.580078 0.757812 0.582031 0.759766 0.582031 0.765625 0.583984 0.767578 0.587891 0.767578 0.589844 0.769531 0.623047 0.769531 0.623047 0.755859 0.625000 0.753906 0.625000 0.736328 0.623047 0.734375 0.617188 0.734375 0.615234 0.732422 0.582031 0.732422
2 0.687500 0.740234 0.687500 0.777344 0.677734 0.785156 0.681641 0.791016 0.666016 0.820312 0.666016 0.841797 0.671875 0.849609 0.728516 0.857422 0.746094 0.871094 0.785156 0.876953 0.810547 0.873047 0.869141 0.886719 0.888672 0.878906 0.898438 0.818359 0.896484 0.777344 0.875000 0.769531 0.820312 0.765625 0.755859 0.748047
2 0.052734 0.804688 0.052734 0.812500 0.050781 0.814453 0.050781 0.826172 0.052734 0.828125 0.056641 0.828125 0.058594 0.830078 0.068359 0.830078 0.070312 0.832031 0.076172 0.832031 0.078125 0.830078 0.078125 0.828125 0.080078 0.826172 0.080078 0.810547 0.076172 0.806641 0.068359 0.806641 0.066406 0.804688
2 0.599609 0.816406 0.599609 0.837891 0.601562 0.839844 0.601562 0.853516 0.603516 0.855469 0.603516 0.875000 0.605469 0.876953 0.611328 0.876953 0.621094 0.880859 0.628906 0.880859 0.630859 0.882812 0.636719 0.882812 0.640625 0.880859 0.642578 0.876953 0.642578 0.871094 0.650391 0.859375 0.650391 0.855469 0.654297 0.847656 0.656250 0.824219 0.658203 0.822266 0.650391 0.818359
2 0.169922 0.900391 0.169922 0.917969 0.167969 0.919922 0.169922 0.923828 0.169922 0.958984 0.197266 0.957031 0.199219 0.955078 0.210938 0.953125 0.220703 0.945312 0.232422 0.943359 0.230469 0.906250 0.228516 0.904297 0.224609 0.904297 0.218750 0.900391 0.210938 0.900391 0.208984 0.898438 0.171875 0.898438
2 0.412109 0.898438 0.406250 0.923828 0.396484 0.943359 0.400391 0.949219 0.427734 0.953125 0.435547 0.957031 0.443359 0.957031 0.449219 0.960938 0.453125 0.960938 0.455078 0.958984 0.457031 0.945312 0.458984 0.943359 0.460938 0.910156 0.457031 0.906250 0.453125 0.906250 0.451172 0.904297 0.433594 0.902344 0.425781 0.898438
2 0.511719 0.927734 0.509766 0.931641 0.509766 0.947266 0.507812 0.949219 0.507812 0.968750 0.498047 0.984375 0.498047 0.992188 0.496094 0.994141 0.498047 0.998047 0.576172 0.998047 0.576172 0.984375 0.578125 0.982422 0.578125 0.968750 0.576172 0.966797 0.578125 0.933594 0.574219 0.931641 0.560547 0.931641 0.558594 0.929688 0.539062 0.929688 0.537109 0.927734
2 0.671875 0.955078 0.669922 0.964844 0.662109 0.970703 0.662109 0.982422 0.658203 0.990234 0.658203 0.996094 0.660156 0.998047 0.718750 0.998047 0.720703 0.986328 0.730469 0.970703 0.730469 0.964844 0.728516 0.962891 0.720703 0.960938 0.718750 0.958984 0.712891 0.958984 0.710938 0.957031 0.701172 0.957031 0.699219 0.955078 0.683594 0.953125 0.681641 0.951172 0.677734 0.951172
