0 0.562500 0.033203 0.556641 0.179688 0.574219 0.255859 0.621094 0.257812 0.632812 0.226562 0.685547 0.232422 0.718750 0.261719 0.730469 0.250000 0.761719 0.261719 0.773438 0.248047 0.830078 0.248047 0.833984 0.234375 0.861328 0.232422 0.882812 0.173828 0.859375 0.119141 0.884766 0.113281 0.882812 0.101562 0.867188 0.095703 0.876953 0.107422 0.863281 0.109375 0.861328 0.095703 0.810547 0.091797 0.808594 0.125000 0.796875 0.078125 0.779297 0.125000 0.734375 0.125000 0.708984 0.058594 0.703125 0.126953 0.625000 0.138672 0.597656 0.037109
0 0.707031 0.027344 0.707031 0.029297 0.708984 0.029297 0.708984 0.027344
0 0.802734 0.042969 0.800781 0.042969 0.800781 0.044922 0.798828 0.046875 0.798828 0.064453 0.796875 0.066406 0.798828 0.068359 0.798828 0.054688 0.802734 0.050781 0.800781 0.048828 0.800781 0.046875 0.802734 0.044922
0 0.712891 0.052734 0.712891 0.050781 0.710938 0.048828 0.708984 0.050781 0.707031 0.050781 0.708984 0.052734
0 0.687500 0.244141 0.683594 0.244141 0.683594 0.263672 0.681641 0.265625 0.681641 0.267578 0.683594 0.269531 0.683594 0.273438 0.685547 0.271484 0.683594 0.269531 0.683594 0.265625 0.685547 0.263672 0.685547 0.259766 0.687500 0.257812
1 0.998047 0.000000 0.937500 0.001953 0.933594 0.298828 0.789062 0.998047 0.998047 0.998047
2 0.300781 0.005859 0.304688 0.029297 0.298828 0.039062 0.298828 0.048828 0.302734 0.058594 0.335938 0.050781 0.337891 0.037109 0.343750 0.060547 0.384766 0.058594 0.402344 0.054688 0.404297 0.000000 0.332031 0.000000 0.330078 0.003906 0.328125 0.000000 0.308594 0.000000
2 0.505859 0.000000 0.521484 0.060547 0.505859 0.080078 0.505859 0.191406 0.511719 0.193359 0.470703 0.201172 0.468750 0.234375 0.480469 0.240234 0.470703 0.250000 0.492188 0.255859 0.466797 0.257812 0.460938 0.292969 0.531250 0.302734 0.537109 0.271484 0.531250 0.263672 0.558594 0.265625 0.566406 0.255859 0.562500 0.205078 0.535156 0.195312 0.552734 0.193359 0.548828 0.001953
2 0.675781 0.009766 0.636719 0.013672 0.607422 0.023438 0.609375 0.068359 0.615234 0.080078 0.617188 0.105469 0.623047 0.117188 0.625000 0.136719 0.636719 0.134766 0.648438 0.126953 0.654297 0.128906 0.693359 0.123047 0.681641 0.062500 0.681641 0.015625
2 0.447266 0.068359 0.447266 0.089844 0.449219 0.091797 0.453125 0.091797 0.455078 0.093750 0.480469 0.093750 0.482422 0.091797 0.488281 0.091797 0.488281 0.068359 0.486328 0.066406 0.476562 0.066406 0.474609 0.064453 0.458984 0.064453 0.457031 0.066406 0.449219 0.066406
2 0.175781 0.074219 0.156250 0.074219 0.144531 0.078125 0.132812 0.085938 0.126953 0.085938 0.123047 0.089844 0.125000 0.119141 0.128906 0.128906 0.128906 0.166016 0.132812 0.167969 0.185547 0.166016 0.193359 0.162109 0.187500 0.119141 0.185547 0.117188 0.185547 0.097656 0.181641 0.087891 0.181641 0.078125
2 0.117188 0.091797 0.091797 0.095703 0.083984 0.099609 0.074219 0.109375 0.070312 0.121094 0.070312 0.152344 0.072266 0.154297 0.072266 0.169922 0.074219 0.173828 0.091797 0.173828 0.093750 0.171875 0.123047 0.169922 0.125000 0.166016 0.125000 0.156250 0.123047 0.154297 0.123047 0.144531 0.121094 0.142578 0.121094 0.123047 0.119141 0.121094 0.119141 0.109375 0.117188 0.107422 0.117188 0.101562 0.119141 0.099609
2 0.298828 0.144531 0.298828 0.167969 0.296875 0.169922 0.298828 0.175781 0.302734 0.175781 0.304688 0.177734 0.318359 0.177734 0.320312 0.179688 0.335938 0.179688 0.337891 0.181641 0.341797 0.181641 0.343750 0.179688 0.343750 0.173828 0.345703 0.171875 0.345703 0.160156 0.347656 0.158203 0.347656 0.148438 0.343750 0.148438 0.341797 0.146484 0.332031 0.146484 0.330078 0.144531 0.322266 0.144531 0.320312 0.142578 0.300781 0.142578
2 0.111328 0.189453 0.115234 0.197266 0.113281 0.199219 0.111328 0.216797 0.107422 0.222656 0.103516 0.244141 0.113281 0.248047 0.119141 0.248047 0.121094 0.250000 0.128906 0.250000 0.130859 0.251953 0.146484 0.251953 0.144531 0.234375 0.154297 0.224609 0.154297 0.220703 0.156250 0.218750 0.156250 0.210938 0.150391 0.207031 0.146484 0.201172 0.148438 0.199219 0.148438 0.187500 0.119141 0.187500 0.117188 0.189453
2 0.427734 0.208984 0.384766 0.205078 0.382812 0.193359 0.355469 0.187500 0.341797 0.195312 0.337891 0.228516 0.345703 0.234375 0.337891 0.236328 0.308594 0.232422 0.294922 0.257812 0.302734 0.263672 0.318359 0.267578 0.359375 0.271484 0.363281 0.263672 0.365234 0.242188 0.355469 0.240234 0.355469 0.236328 0.369141 0.236328 0.373047 0.226562 0.375000 0.236328 0.421875 0.240234
2 0.000000 0.201172 0.000000 0.281250 0.001953 0.283203 0.046875 0.285156 0.048828 0.283203 0.048828 0.265625 0.050781 0.263672 0.048828 0.259766 0.048828 0.246094 0.050781 0.244141 0.048828 0.236328 0.052734 0.228516 0.054688 0.203125 0.041016 0.199219 0.039062 0.201172 0.033203 0.201172 0.031250 0.199219
2 0.220703 0.208984 0.220703 0.216797 0.218750 0.218750 0.218750 0.226562 0.216797 0.228516 0.218750 0.238281 0.220703 0.240234 0.232422 0.240234 0.234375 0.242188 0.240234 0.242188 0.242188 0.244141 0.246094 0.244141 0.253906 0.251953 0.259766 0.253906 0.261719 0.251953 0.261719 0.242188 0.263672 0.240234 0.263672 0.234375 0.265625 0.232422 0.267578 0.218750 0.263672 0.214844 0.259766 0.214844 0.257812 0.212891 0.248047 0.212891 0.246094 0.210938 0.238281 0.210938 0.236328 0.208984
2 0.632812 0.228516 0.628906 0.234375 0.628906 0.242188 0.626953 0.244141 0.626953 0.251953 0.625000 0.253906 0.625000 0.275391 0.626953 0.277344 0.640625 0.277344 0.642578 0.279297 0.654297 0.279297 0.656250 0.281250 0.673828 0.283203 0.677734 0.279297 0.679688 0.244141 0.683594 0.236328 0.681641 0.234375 0.662109 0.232422 0.660156 0.230469 0.644531 0.230469 0.642578 0.228516
2 0.572266 0.255859 0.564453 0.273438 0.564453 0.296875 0.566406 0.300781 0.572266 0.304688 0.576172 0.302734 0.583984 0.302734 0.585938 0.304688 0.593750 0.304688 0.595703 0.306641 0.607422 0.306641 0.617188 0.314453 0.615234 0.316406 0.603516 0.316406 0.617188 0.316406 0.621094 0.267578 0.615234 0.263672 0.595703 0.261719 0.587891 0.257812 0.580078 0.257812 0.578125 0.255859 0.574219 0.257812
2 0.191406 0.279297 0.191406 0.281250 0.189453 0.283203 0.189453 0.302734 0.195312 0.306641 0.205078 0.306641 0.207031 0.308594 0.216797 0.308594 0.218750 0.306641 0.218750 0.298828 0.220703 0.296875 0.220703 0.285156 0.218750 0.285156 0.216797 0.283203 0.212891 0.283203 0.207031 0.279297
2 0.574219 0.308594 0.576172 0.310547 0.576172 0.308594
2 0.582031 0.310547 0.580078 0.312500 0.582031 0.312500 0.583984 0.314453 0.583984 0.312500
2 0.265625 0.314453 0.265625 0.316406 0.263672 0.318359 0.263672 0.341797 0.265625 0.343750 0.273438 0.343750 0.275391 0.345703 0.285156 0.345703 0.287109 0.347656 0.296875 0.347656 0.298828 0.345703 0.298828 0.320312 0.296875 0.318359 0.294922 0.318359 0.289062 0.322266 0.283203 0.322266 0.275391 0.314453
2 0.669922 0.433594 0.673828 0.437500 0.683594 0.437500 0.685547 0.439453 0.730469 0.443359 0.736328 0.433594 0.753906 0.419922 0.753906 0.396484 0.755859 0.392578 0.751953 0.388672 0.740234 0.388672 0.736328 0.390625 0.736328 0.396484 0.734375 0.398438 0.722656 0.400391 0.710938 0.396484 0.707031 0.392578 0.705078 0.382812 0.689453 0.380859 0.677734 0.392578 0.675781 0.416016
2 0.087891 0.394531 0.085938 0.402344 0.083984 0.404297 0.083984 0.416016 0.082031 0.417969 0.082031 0.421875 0.093750 0.427734 0.093750 0.433594 0.095703 0.437500 0.099609 0.437500 0.101562 0.439453 0.113281 0.439453 0.115234 0.441406 0.132812 0.441406 0.134766 0.439453 0.134766 0.417969 0.136719 0.416016 0.136719 0.408203 0.138672 0.406250 0.136719 0.400391 0.128906 0.396484 0.113281 0.396484 0.111328 0.394531 0.095703 0.394531 0.093750 0.392578 0.091797 0.394531
2 0.394531 0.425781 0.392578 0.431641 0.392578 0.458984 0.394531 0.460938 0.414062 0.460938 0.416016 0.462891 0.472656 0.462891 0.474609 0.464844 0.484375 0.464844 0.488281 0.460938 0.486328 0.457031 0.488281 0.427734 0.447266 0.425781 0.445312 0.423828 0.398438 0.423828
2 0.525391 0.425781 0.523438 0.427734 0.523438 0.441406 0.525391 0.443359 0.525391 0.449219 0.523438 0.451172 0.523438 0.455078 0.521484 0.457031 0.521484 0.460938 0.519531 0.462891 0.519531 0.464844 0.523438 0.468750 0.550781 0.468750 0.552734 0.470703 0.556641 0.470703 0.558594 0.468750 0.558594 0.443359 0.560547 0.441406 0.560547 0.437500 0.558594 0.435547 0.548828 0.435547 0.546875 0.433594 0.541016 0.433594 0.539062 0.431641 0.535156 0.431641 0.527344 0.425781
2 0.589844 0.498047 0.587891 0.521484 0.595703 0.527344 0.607422 0.527344 0.609375 0.529297 0.619141 0.529297 0.621094 0.531250 0.634766 0.531250 0.636719 0.533203 0.644531 0.533203 0.652344 0.537109 0.660156 0.537109 0.669922 0.541016 0.685547 0.541016 0.687500 0.527344 0.685547 0.523438 0.677734 0.517578 0.675781 0.507812 0.667969 0.501953 0.638672 0.498047 0.636719 0.496094 0.613281 0.496094 0.611328 0.494141 0.591797 0.494141
2 0.271484 0.546875 0.267578 0.541016 0.265625 0.519531 0.259766 0.515625 0.195312 0.531250 0.162109 0.531250 0.154297 0.537109 0.154297 0.554688 0.158203 0.558594 0.173828 0.562500 0.193359 0.562500 0.203125 0.568359 0.257812 0.562500 0.263672 0.560547 0.271484 0.552734
2 0.455078 0.554688 0.455078 0.574219 0.470703 0.583984 0.480469 0.583984 0.494141 0.595703 0.505859 0.595703 0.517578 0.599609 0.529297 0.599609 0.533203 0.597656 0.537109 0.585938 0.537109 0.576172 0.539062 0.574219 0.539062 0.550781 0.535156 0.542969 0.523438 0.539062 0.501953 0.539062 0.494141 0.542969 0.470703 0.541016 0.468750 0.546875 0.464844 0.550781
2 0.044922 0.548828 0.042969 0.550781 0.042969 0.558594 0.041016 0.560547 0.041016 0.576172 0.039062 0.578125 0.039062 0.595703 0.042969 0.599609 0.044922 0.599609 0.058594 0.607422 0.064453 0.599609 0.064453 0.595703 0.068359 0.589844 0.068359 0.585938 0.070312 0.583984 0.070312 0.580078 0.072266 0.578125 0.072266 0.574219 0.074219 0.572266 0.074219 0.566406 0.076172 0.564453 0.076172 0.552734 0.074219 0.550781 0.054688 0.550781 0.052734 0.548828
2 0.583984 0.585938 0.576172 0.601562 0.576172 0.619141 0.578125 0.621094 0.582031 0.621094 0.583984 0.623047 0.593750 0.623047 0.595703 0.625000 0.617188 0.625000 0.619141 0.626953 0.623047 0.626953 0.626953 0.625000 0.626953 0.621094 0.628906 0.619141 0.628906 0.613281 0.630859 0.611328 0.630859 0.605469 0.632812 0.603516 0.632812 0.593750 0.630859 0.591797 0.626953 0.591797 0.619141 0.587891 0.613281 0.587891 0.611328 0.585938 0.603516 0.585938 0.601562 0.583984 0.585938 0.583984
2 0.000000 0.599609 0.000000 0.660156 0.005859 0.660156 0.007812 0.662109 0.023438 0.662109 0.023438 0.630859 0.025391 0.628906 0.025391 0.619141 0.027344 0.617188 0.027344 0.613281 0.029297 0.611328 0.029297 0.609375 0.027344 0.607422 0.027344 0.605469 0.025391 0.605469 0.019531 0.601562 0.007812 0.601562 0.005859 0.599609
2 0.646484 0.607422 0.644531 0.609375 0.644531 0.613281 0.642578 0.615234 0.642578 0.619141 0.640625 0.621094 0.640625 0.623047 0.636719 0.626953 0.636719 0.638672 0.640625 0.642578 0.644531 0.642578 0.646484 0.644531 0.650391 0.644531 0.652344 0.646484 0.667969 0.646484 0.667969 0.642578 0.669922 0.640625 0.669922 0.634766 0.671875 0.632812 0.671875 0.626953 0.673828 0.625000 0.673828 0.611328 0.669922 0.607422
2 0.691406 0.617188 0.687500 0.621094 0.687500 0.625000 0.685547 0.626953 0.685547 0.630859 0.683594 0.632812 0.683594 0.642578 0.681641 0.644531 0.681641 0.650391 0.683594 0.652344 0.687500 0.652344 0.689453 0.654297 0.693359 0.654297 0.695312 0.656250 0.712891 0.656250 0.716797 0.652344 0.716797 0.636719 0.718750 0.634766 0.718750 0.623047 0.716797 0.621094 0.712891 0.621094 0.710938 0.619141 0.703125 0.619141 0.701172 0.617188
2 0.146484 0.650391 0.144531 0.669922 0.142578 0.671875 0.142578 0.685547 0.148438 0.691406 0.195312 0.701172 0.208984 0.707031 0.222656 0.707031 0.224609 0.705078 0.228516 0.693359 0.228516 0.683594 0.236328 0.667969 0.234375 0.656250 0.230469 0.652344 0.167969 0.634766 0.160156 0.636719
2 0.554688 0.644531 0.552734 0.650391 0.552734 0.662109 0.550781 0.664062 0.550781 0.673828 0.554688 0.679688 0.568359 0.681641 0.585938 0.689453 0.591797 0.689453 0.601562 0.693359 0.609375 0.693359 0.621094 0.697266 0.626953 0.695312 0.626953 0.677734 0.628906 0.675781 0.628906 0.669922 0.632812 0.664062 0.632812 0.656250 0.628906 0.652344 0.623047 0.652344 0.593750 0.642578 0.574219 0.640625 0.572266 0.638672 0.562500 0.638672
2 0.255859 0.671875 0.251953 0.675781 0.251953 0.685547 0.250000 0.687500 0.250000 0.693359 0.248047 0.695312 0.248047 0.703125 0.246094 0.705078 0.246094 0.718750 0.248047 0.720703 0.251953 0.720703 0.253906 0.722656 0.259766 0.722656 0.261719 0.724609 0.263672 0.724609 0.265625 0.722656 0.265625 0.718750 0.267578 0.716797 0.267578 0.708984 0.269531 0.707031 0.269531 0.699219 0.271484 0.697266 0.271484 0.693359 0.273438 0.691406 0.273438 0.679688 0.275391 0.677734 0.275391 0.675781 0.273438 0.673828 0.265625 0.673828 0.263672 0.671875
2 0.644531 0.695312 0.644531 0.701172 0.646484 0.703125 0.646484 0.744141 0.650391 0.748047 0.660156 0.748047 0.662109 0.750000 0.695312 0.750000 0.697266 0.751953 0.705078 0.750000 0.707031 0.746094 0.707031 0.736328 0.703125 0.726562 0.703125 0.714844 0.693359 0.705078 0.687500 0.701172 0.683594 0.701172 0.675781 0.697266 0.650391 0.695312 0.648438 0.693359
2 0.310547 0.824219 0.308594 0.828125 0.308594 0.833984 0.306641 0.835938 0.306641 0.841797 0.304688 0.843750 0.304688 0.853516 0.302734 0.855469 0.302734 0.861328 0.298828 0.867188 0.296875 0.875000 0.300781 0.878906 0.318359 0.878906 0.320312 0.876953 0.341797 0.876953 0.343750 0.875000 0.349609 0.875000 0.355469 0.871094 0.355469 0.865234 0.357422 0.863281 0.357422 0.843750 0.355469 0.841797 0.355469 0.830078 0.351562 0.824219
2 0.363281 0.951172 0.361328 0.955078 0.361328 0.984375 0.365234 0.988281 0.396484 0.988281 0.398438 0.990234 0.402344 0.990234 0.404297 0.988281 0.408203 0.988281 0.410156 0.990234 0.414062 0.988281 0.414062 0.972656 0.408203 0.964844 0.408203 0.960938 0.406250 0.958984 0.406250 0.949219 0.404297 0.947266 0.375000 0.947266 0.373047 0.949219 0.367188 0.949219
