0 0.000000 0.050781 0.000000 0.222656 0.056641 0.216797 0.080078 0.205078 0.087891 0.207031 0.097656 0.199219 0.103516 0.201172 0.109375 0.197266 0.105469 0.187500 0.093750 0.185547 0.093750 0.171875 0.085938 0.158203 0.083984 0.162109 0.074219 0.148438 0.062500 0.148438 0.056641 0.126953 0.044922 0.119141 0.042969 0.103516 0.058594 0.089844 0.060547 0.072266
0 0.181641 0.193359 0.189453 0.210938 0.228516 0.222656 0.337891 0.224609 0.363281 0.244141 0.447266 0.238281 0.466797 0.265625 0.505859 0.248047 0.550781 0.251953 0.693359 0.330078 0.876953 0.318359 0.943359 0.298828 0.955078 0.281250 0.929688 0.261719 0.894531 0.281250 0.750000 0.287109 0.755859 0.265625 0.736328 0.246094 0.687500 0.277344 0.630859 0.230469 0.566406 0.218750 0.552734 0.189453 0.472656 0.208984 0.474609 0.152344 0.427734 0.136719 0.351562 0.173828 0.337891 0.201172 0.294922 0.162109 0.257812 0.156250 0.193359 0.175781
0 0.138672 0.156250 0.132812 0.156250 0.132812 0.164062 0.130859 0.166016 0.132812 0.167969 0.132812 0.177734 0.130859 0.179688 0.126953 0.179688 0.125000 0.181641 0.130859 0.181641 0.132812 0.183594 0.132812 0.185547 0.134766 0.185547 0.136719 0.183594 0.136719 0.181641 0.138672 0.179688 0.138672 0.177734 0.142578 0.173828 0.142578 0.169922 0.144531 0.167969 0.144531 0.164062 0.136719 0.164062 0.134766 0.162109 0.134766 0.160156 0.136719 0.158203 0.138672 0.158203
0 0.103516 0.171875 0.101562 0.171875 0.101562 0.173828
0 0.197266 0.234375 0.187500 0.224609 0.158203 0.222656 0.082031 0.238281 0.054688 0.248047 0.021484 0.250000 0.000000 0.257812 0.000000 0.289062 0.021484 0.292969 0.041016 0.285156 0.062500 0.285156 0.089844 0.275391 0.160156 0.259766 0.187500 0.259766 0.197266 0.250000
0 0.296875 0.279297 0.285156 0.283203 0.281250 0.287109 0.277344 0.298828 0.281250 0.308594 0.279297 0.310547 0.285156 0.328125 0.283203 0.332031 0.289062 0.355469 0.287109 0.361328 0.289062 0.363281 0.287109 0.367188 0.289062 0.369141 0.287109 0.373047 0.289062 0.375000 0.287109 0.378906 0.289062 0.386719 0.294922 0.394531 0.306641 0.398438 0.318359 0.394531 0.324219 0.386719 0.326172 0.378906 0.324219 0.376953 0.326172 0.373047 0.324219 0.371094 0.326172 0.367188 0.324219 0.365234 0.326172 0.361328 0.324219 0.351562 0.326172 0.349609 0.322266 0.339844 0.324219 0.337891 0.320312 0.328125 0.322266 0.322266 0.318359 0.312500 0.316406 0.292969 0.308594 0.283203
0 0.398438 0.289062 0.365234 0.488281 0.380859 0.720703 0.343750 0.753906 0.357422 0.812500 0.326172 0.857422 0.339844 0.960938 0.541016 0.957031 0.533203 0.843750 0.726562 0.791016 0.765625 0.810547 0.771484 0.892578 0.695312 0.914062 0.664062 0.960938 0.828125 0.953125 0.851562 0.900391 0.806641 0.753906 0.859375 0.703125 0.849609 0.460938 0.798828 0.416016 0.755859 0.447266 0.820312 0.628906 0.693359 0.634766 0.697266 0.712891 0.511719 0.777344 0.500000 0.326172 0.482422 0.296875
0 0.000000 0.312500 0.027344 0.431641 0.000000 0.458984 0.000000 0.615234 0.050781 0.648438 0.037109 0.691406 0.044922 0.824219 0.001953 0.841797 0.000000 0.962891 0.029297 0.964844 0.066406 0.937500 0.085938 0.853516 0.105469 0.951172 0.179688 0.947266 0.187500 0.917969 0.148438 0.898438 0.115234 0.671875 0.091797 0.660156 0.099609 0.601562 0.083984 0.560547 0.064453 0.552734 0.083984 0.482422 0.019531 0.314453
0 0.308594 0.470703 0.292969 0.478516 0.289062 0.494141 0.300781 0.552734 0.300781 0.644531 0.294922 0.675781 0.304688 0.724609 0.298828 0.753906 0.302734 0.765625 0.318359 0.773438 0.335938 0.763672 0.341797 0.746094 0.341797 0.703125 0.332031 0.671875 0.337891 0.650391 0.337891 0.546875 0.330078 0.490234 0.320312 0.474609
1 0.136719 0.191406 0.144531 0.207031 0.164062 0.208984 0.189453 0.171875 0.226562 0.156250 0.257812 0.154297 0.281250 0.162109 0.300781 0.160156 0.314453 0.189453 0.330078 0.197266 0.345703 0.189453 0.351562 0.171875 0.371094 0.167969 0.390625 0.138672 0.386719 0.126953 0.371094 0.119141 0.345703 0.119141 0.330078 0.126953 0.287109 0.125000 0.257812 0.115234 0.216797 0.119141 0.160156 0.144531 0.148438 0.158203
1 0.486328 0.167969 0.486328 0.185547 0.496094 0.195312 0.511719 0.195312 0.521484 0.187500 0.558594 0.189453 0.576172 0.205078 0.583984 0.224609 0.595703 0.228516 0.623047 0.224609 0.654297 0.240234 0.681641 0.263672 0.710938 0.263672 0.728516 0.250000 0.730469 0.242188 0.722656 0.226562 0.705078 0.224609 0.648438 0.195312 0.638672 0.169922 0.623047 0.156250 0.599609 0.146484 0.529297 0.128906 0.505859 0.138672
1 0.966797 0.226562 0.958984 0.210938 0.931641 0.207031 0.873047 0.224609 0.798828 0.222656 0.783203 0.226562 0.765625 0.222656 0.753906 0.226562 0.746094 0.242188 0.750000 0.253906 0.757812 0.259766 0.759766 0.275391 0.767578 0.281250 0.830078 0.283203 0.863281 0.275391 0.894531 0.279297 0.910156 0.273438 0.931641 0.248047 0.958984 0.244141
1 0.556641 0.320312 0.554688 0.378906 0.568359 0.433594 0.582031 0.552734 0.591797 0.560547 0.759766 0.552734 0.767578 0.494141 0.751953 0.445312 0.757812 0.410156 0.740234 0.373047 0.666016 0.363281 0.578125 0.324219
1 0.121094 0.335938 0.095703 0.347656 0.128906 0.589844 0.169922 0.763672 0.177734 0.851562 0.203125 0.876953 0.294922 0.873047 0.304688 0.859375 0.304688 0.794922 0.291016 0.744141 0.294922 0.640625 0.273438 0.330078
1 0.998047 0.341797 0.945312 0.353516 0.873047 0.353516 0.859375 0.367188 0.876953 0.681641 0.894531 0.708984 0.935547 0.699219 0.966797 0.708984 0.980469 0.685547 0.998047 0.677734
1 0.750000 0.798828 0.734375 0.794922 0.695312 0.798828 0.677734 0.808594 0.638672 0.818359 0.611328 0.841797 0.603516 0.843750 0.589844 0.837891 0.558594 0.847656 0.550781 0.853516 0.550781 0.871094 0.560547 0.917969 0.587891 0.929688 0.597656 0.949219 0.628906 0.943359 0.656250 0.925781 0.681641 0.921875 0.728516 0.896484 0.753906 0.894531 0.759766 0.886719 0.759766 0.845703
5 0.000000 0.013672 0.000000 0.048828 0.125000 0.097656 0.251953 0.111328 0.333984 0.095703 0.408203 0.119141 0.492188 0.115234 0.619141 0.152344 0.728516 0.218750 0.832031 0.222656 0.953125 0.199219 0.964844 0.181641 0.939453 0.162109 0.820312 0.187500 0.738281 0.183594 0.537109 0.085938 0.412109 0.082031 0.341797 0.058594 0.191406 0.072266
5 0.541016 0.585938 0.550781 0.619141 0.566406 0.626953 0.609375 0.623047 0.808594 0.630859 0.820312 0.626953 0.828125 0.611328 0.824219 0.599609 0.808594 0.591797 0.583984 0.587891 0.572266 0.570312 0.560547 0.566406 0.548828 0.570312
5 0.833984 0.746094 0.822266 0.763672 0.843750 0.832031 0.863281 0.875000 0.878906 0.937500 0.876953 0.957031 0.886719 0.966797 0.906250 0.966797 0.916016 0.958984 0.921875 0.939453 0.931641 0.929688 0.931641 0.919922 0.949219 0.910156 0.951172 0.890625 0.941406 0.880859 0.925781 0.880859 0.917969 0.886719 0.916016 0.900391 0.908203 0.902344 0.898438 0.857422 0.876953 0.814453 0.861328 0.755859 0.851562 0.746094
