0 0.798828 0.376953 0.798828 0.402344 0.804688 0.419922 0.812500 0.427734 0.832031 0.429688 0.841797 0.433594 0.878906 0.431641 0.894531 0.433594 0.927734 0.414062 0.933594 0.406250 0.931641 0.388672 0.927734 0.380859 0.914062 0.375000 0.894531 0.361328 0.875000 0.359375 0.855469 0.361328 0.841797 0.355469 0.830078 0.355469
0 0.978516 0.406250 0.955078 0.423828 0.953125 0.468750 0.955078 0.476562 0.982422 0.505859 0.980469 0.519531 0.968750 0.523438 0.941406 0.523438 0.923828 0.531250 0.921875 0.560547 0.962891 0.591797 0.976562 0.597656 0.998047 0.599609 0.998047 0.410156
0 0.873047 0.669922 0.839844 0.642578 0.802734 0.568359 0.775391 0.548828 0.718750 0.542969 0.726562 0.515625 0.693359 0.505859 0.669922 0.523438 0.677734 0.554688 0.503906 0.574219 0.490234 0.593750 0.470703 0.582031 0.388672 0.593750 0.371094 0.687500 0.490234 0.691406 0.460938 0.705078 0.453125 0.753906 0.490234 0.777344 0.486328 0.794922 0.523438 0.785156 0.517578 0.804688 0.533203 0.816406 0.542969 0.798828 0.578125 0.798828 0.568359 0.783203 0.582031 0.765625 0.580078 0.734375 0.542969 0.710938 0.556641 0.705078 0.546875 0.693359 0.605469 0.708984 0.658203 0.697266 0.705078 0.722656 0.761719 0.710938 0.814453 0.742188 0.843750 0.722656
0 0.886719 0.701172 0.880859 0.705078 0.873047 0.718750 0.855469 0.720703 0.853516 0.726562 0.839844 0.736328 0.837891 0.746094 0.833984 0.748047 0.826172 0.763672 0.824219 0.787109 0.828125 0.808594 0.833984 0.818359 0.837891 0.818359 0.849609 0.830078 0.855469 0.832031 0.896484 0.833984 0.908203 0.820312 0.917969 0.791016 0.916016 0.757812 0.921875 0.746094 0.923828 0.732422 0.910156 0.714844 0.900391 0.714844 0.896484 0.707031
0 0.562500 0.703125 0.562500 0.705078 0.564453 0.705078 0.564453 0.703125
0 0.439453 0.750000 0.439453 0.753906 0.443359 0.753906 0.443359 0.751953 0.441406 0.750000
2 0.042969 0.000000 0.000000 0.000000 0.000000 0.060547 0.011719 0.060547 0.031250 0.044922 0.033203 0.041016 0.033203 0.033203 0.035156 0.031250 0.035156 0.019531 0.037109 0.017578 0.037109 0.009766 0.042969 0.003906
2 0.080078 0.000000 0.080078 0.019531 0.082031 0.021484 0.082031 0.029297 0.085938 0.033203 0.087891 0.033203 0.089844 0.035156 0.093750 0.035156 0.095703 0.037109 0.113281 0.037109 0.115234 0.039062 0.121094 0.039062 0.123047 0.037109 0.126953 0.037109 0.130859 0.033203 0.130859 0.031250 0.132812 0.029297 0.132812 0.011719 0.130859 0.009766 0.130859 0.000000
2 0.191406 0.000000 0.191406 0.013672 0.193359 0.015625 0.193359 0.023438 0.199219 0.031250 0.201172 0.031250 0.208984 0.039062 0.214844 0.041016 0.218750 0.044922 0.222656 0.044922 0.230469 0.048828 0.236328 0.048828 0.242188 0.042969 0.242188 0.039062 0.244141 0.037109 0.244141 0.029297 0.248047 0.021484 0.248047 0.000000
2 0.578125 0.023438 0.574219 0.035156 0.574219 0.042969 0.578125 0.046875 0.589844 0.050781 0.611328 0.066406 0.628906 0.072266 0.642578 0.083984 0.652344 0.087891 0.660156 0.087891 0.667969 0.080078 0.677734 0.064453 0.679688 0.056641 0.666016 0.039062 0.640625 0.027344 0.630859 0.025391 0.621094 0.015625 0.605469 0.009766 0.597656 0.009766 0.587891 0.019531
2 0.478516 0.041016 0.478516 0.044922 0.482422 0.046875 0.482422 0.052734 0.515625 0.056641 0.527344 0.064453 0.527344 0.074219 0.527344 0.070312 0.539062 0.060547 0.539062 0.046875 0.541016 0.044922 0.541016 0.039062 0.542969 0.037109 0.533203 0.025391 0.529297 0.023438 0.523438 0.023438 0.521484 0.021484 0.515625 0.021484 0.513672 0.023438 0.505859 0.023438 0.501953 0.025391 0.498047 0.033203 0.486328 0.035156
2 0.236328 0.064453 0.226562 0.064453 0.210938 0.076172 0.210938 0.087891 0.208984 0.089844 0.208984 0.099609 0.207031 0.101562 0.207031 0.123047 0.210938 0.134766 0.210938 0.150391 0.208984 0.152344 0.212891 0.164062 0.218750 0.166016 0.230469 0.166016 0.234375 0.160156 0.236328 0.140625 0.242188 0.126953 0.242188 0.113281 0.244141 0.111328 0.244141 0.103516 0.248047 0.093750 0.246094 0.091797 0.248047 0.076172 0.246094 0.072266 0.238281 0.068359
2 0.521484 0.068359 0.517578 0.068359 0.517578 0.070312 0.515625 0.072266 0.515625 0.076172 0.513672 0.078125 0.511719 0.078125 0.513672 0.078125 0.515625 0.076172 0.519531 0.076172 0.521484 0.078125
2 0.554688 0.091797 0.548828 0.097656 0.546875 0.103516 0.542969 0.107422 0.542969 0.109375 0.541016 0.111328 0.541016 0.119141 0.542969 0.121094 0.546875 0.121094 0.552734 0.125000 0.562500 0.126953 0.568359 0.130859 0.574219 0.130859 0.576172 0.132812 0.589844 0.134766 0.595703 0.128906 0.595703 0.126953 0.597656 0.125000 0.597656 0.121094 0.599609 0.119141 0.601562 0.109375 0.597656 0.105469 0.591797 0.103516 0.587891 0.099609 0.583984 0.099609 0.582031 0.097656 0.566406 0.097656 0.564453 0.095703 0.560547 0.095703 0.556641 0.091797
2 0.710938 0.103516 0.703125 0.111328 0.703125 0.113281 0.699219 0.119141 0.699219 0.125000 0.703125 0.128906 0.705078 0.128906 0.714844 0.138672 0.716797 0.138672 0.722656 0.142578 0.726562 0.142578 0.728516 0.140625 0.730469 0.140625 0.740234 0.130859 0.740234 0.128906 0.742188 0.126953 0.742188 0.115234 0.740234 0.113281 0.736328 0.113281 0.734375 0.111328 0.730469 0.111328 0.728516 0.109375 0.726562 0.109375 0.722656 0.105469 0.718750 0.105469 0.716797 0.103516
2 0.503906 0.160156 0.503906 0.162109 0.501953 0.164062 0.501953 0.183594 0.503906 0.185547 0.505859 0.185547 0.509766 0.189453 0.511719 0.189453 0.517578 0.193359 0.523438 0.193359 0.525391 0.195312 0.527344 0.195312 0.529297 0.197266 0.533203 0.197266 0.535156 0.199219 0.546875 0.199219 0.546875 0.187500 0.541016 0.179688 0.541016 0.173828 0.539062 0.171875 0.539062 0.166016 0.531250 0.156250 0.529297 0.156250 0.523438 0.152344 0.513672 0.152344 0.505859 0.160156
2 0.103516 0.185547 0.103516 0.191406 0.091797 0.201172 0.083984 0.203125 0.082031 0.208984 0.087891 0.298828 0.097656 0.302734 0.109375 0.300781 0.140625 0.306641 0.156250 0.316406 0.158203 0.271484 0.154297 0.189453 0.148438 0.183594 0.140625 0.183594 0.136719 0.187500 0.128906 0.185547 0.128906 0.181641 0.123047 0.181641 0.123047 0.195312 0.105469 0.195312 0.103516 0.191406 0.107422 0.185547
2 0.486328 0.201172 0.486328 0.205078 0.484375 0.207031 0.484375 0.222656 0.486328 0.226562 0.494141 0.232422 0.500000 0.232422 0.501953 0.234375 0.511719 0.234375 0.513672 0.236328 0.529297 0.236328 0.531250 0.234375 0.535156 0.236328 0.548828 0.236328 0.552734 0.232422 0.556641 0.224609 0.556641 0.216797 0.548828 0.212891 0.537109 0.210938 0.531250 0.205078 0.523438 0.201172 0.517578 0.201172 0.515625 0.199219 0.505859 0.199219 0.503906 0.197266 0.496094 0.197266 0.494141 0.199219 0.488281 0.199219
2 0.578125 0.208984 0.578125 0.212891 0.576172 0.214844 0.576172 0.232422 0.595703 0.246094 0.599609 0.246094 0.605469 0.250000 0.609375 0.250000 0.621094 0.255859 0.632812 0.253906 0.632812 0.250000 0.640625 0.230469 0.650391 0.222656 0.650391 0.216797 0.638672 0.210938 0.630859 0.203125 0.615234 0.203125 0.613281 0.201172 0.587891 0.201172
2 0.835938 0.294922 0.833984 0.310547 0.839844 0.314453 0.847656 0.314453 0.849609 0.316406 0.857422 0.316406 0.859375 0.318359 0.867188 0.318359 0.878906 0.322266 0.890625 0.322266 0.892578 0.324219 0.900391 0.324219 0.902344 0.326172 0.914062 0.328125 0.919922 0.326172 0.921875 0.320312 0.921875 0.308594 0.925781 0.296875 0.925781 0.279297 0.916016 0.275391 0.894531 0.275391 0.892578 0.273438 0.882812 0.273438 0.880859 0.271484 0.863281 0.271484 0.859375 0.273438 0.855469 0.279297 0.845703 0.283203
2 0.595703 0.312500 0.585938 0.373047 0.585938 0.447266 0.589844 0.460938 0.601562 0.464844 0.595703 0.517578 0.626953 0.523438 0.630859 0.498047 0.632812 0.525391 0.664062 0.531250 0.675781 0.505859 0.669922 0.474609 0.632812 0.470703 0.628906 0.464844 0.634766 0.414062 0.638672 0.451172 0.669922 0.451172 0.669922 0.402344 0.658203 0.394531 0.634766 0.400391 0.636719 0.363281 0.609375 0.357422 0.611328 0.318359
2 0.486328 0.332031 0.486328 0.343750 0.484375 0.345703 0.484375 0.359375 0.486328 0.359375 0.488281 0.361328 0.492188 0.361328 0.494141 0.363281 0.498047 0.363281 0.500000 0.365234 0.503906 0.365234 0.505859 0.363281 0.509766 0.363281 0.511719 0.361328 0.521484 0.361328 0.523438 0.359375 0.523438 0.343750 0.515625 0.335938 0.513672 0.335938 0.511719 0.333984 0.507812 0.333984 0.505859 0.332031 0.498047 0.332031 0.496094 0.330078 0.488281 0.330078
2 0.388672 0.398438 0.380859 0.400391 0.375000 0.427734 0.371094 0.433594 0.359375 0.433594 0.345703 0.429688 0.339844 0.437500 0.332031 0.437500 0.328125 0.441406 0.324219 0.457031 0.324219 0.482422 0.339844 0.486328 0.363281 0.486328 0.373047 0.492188 0.388672 0.488281 0.392578 0.474609 0.390625 0.470703 0.392578 0.466797 0.390625 0.462891 0.390625 0.453125 0.392578 0.451172 0.392578 0.406250
2 0.724609 0.398438 0.720703 0.398438 0.718750 0.400391 0.716797 0.400391 0.712891 0.404297 0.712891 0.406250 0.710938 0.408203 0.710938 0.433594 0.712891 0.435547 0.712891 0.441406 0.714844 0.443359 0.714844 0.445312 0.726562 0.445312 0.728516 0.443359 0.730469 0.443359 0.734375 0.437500 0.734375 0.429688 0.736328 0.427734 0.736328 0.416016 0.730469 0.412109 0.730469 0.406250 0.728516 0.404297 0.728516 0.402344
2 0.742188 0.417969 0.742188 0.421875 0.744141 0.423828 0.744141 0.429688 0.746094 0.431641 0.746094 0.441406 0.750000 0.447266 0.763672 0.447266 0.765625 0.445312 0.777344 0.445312 0.781250 0.441406 0.781250 0.425781 0.779297 0.423828 0.779297 0.417969 0.771484 0.410156 0.759766 0.410156 0.757812 0.412109 0.750000 0.412109 0.748047 0.414062 0.746094 0.414062
2 0.000000 0.416016 0.000000 0.455078 0.003906 0.457031 0.000000 0.458984 0.000000 0.490234 0.003906 0.492188 0.011719 0.490234 0.021484 0.496094 0.033203 0.496094 0.056641 0.505859 0.064453 0.503906 0.072266 0.507812 0.089844 0.498047 0.091797 0.484375 0.083984 0.480469 0.089844 0.474609 0.091797 0.445312 0.087891 0.441406 0.072266 0.435547 0.056641 0.433594 0.021484 0.419922
2 0.892578 0.437500 0.876953 0.435547 0.853516 0.439453 0.849609 0.443359 0.847656 0.462891 0.851562 0.470703 0.851562 0.488281 0.857422 0.511719 0.828125 0.527344 0.830078 0.554688 0.908203 0.556641 0.914062 0.552734 0.917969 0.525391 0.917969 0.470703 0.894531 0.447266
2 0.484375 0.451172 0.482422 0.449219 0.474609 0.449219 0.468750 0.453125 0.460938 0.453125 0.458984 0.455078 0.455078 0.455078 0.453125 0.453125 0.437500 0.453125 0.433594 0.458984 0.433594 0.490234 0.451172 0.490234 0.453125 0.492188 0.462891 0.492188 0.464844 0.494141 0.480469 0.494141 0.482422 0.492188 0.482422 0.480469 0.484375 0.478516
2 0.718750 0.464844 0.718750 0.466797 0.716797 0.468750 0.716797 0.480469 0.718750 0.482422 0.718750 0.486328 0.724609 0.492188 0.732422 0.492188 0.734375 0.490234 0.751953 0.490234 0.755859 0.486328 0.755859 0.484375 0.753906 0.482422 0.753906 0.464844 0.750000 0.464844 0.746094 0.460938 0.744141 0.460938 0.742188 0.458984 0.726562 0.458984 0.722656 0.462891 0.720703 0.462891
2 0.197266 0.488281 0.193359 0.492188 0.191406 0.496094 0.191406 0.500000 0.185547 0.507812 0.185547 0.511719 0.179688 0.523438 0.181641 0.527344 0.185547 0.531250 0.195312 0.531250 0.197266 0.533203 0.205078 0.533203 0.212891 0.537109 0.228516 0.537109 0.230469 0.535156 0.230469 0.509766 0.232422 0.507812 0.232422 0.501953 0.234375 0.500000 0.234375 0.492188 0.232422 0.490234 0.224609 0.490234 0.222656 0.488281
2 0.761719 0.492188 0.761719 0.500000 0.759766 0.501953 0.759766 0.521484 0.763672 0.527344 0.789062 0.527344 0.791016 0.525391 0.794922 0.525391 0.796875 0.523438 0.796875 0.511719 0.794922 0.509766 0.794922 0.505859 0.792969 0.503906 0.792969 0.501953 0.785156 0.494141 0.783203 0.494141 0.781250 0.492188 0.775391 0.492188 0.773438 0.490234 0.765625 0.490234 0.763672 0.492188
2 0.326172 0.494141 0.322266 0.503906 0.310547 0.517578 0.310547 0.531250 0.312500 0.533203 0.324219 0.533203 0.330078 0.537109 0.333984 0.537109 0.341797 0.544922 0.347656 0.544922 0.349609 0.546875 0.365234 0.546875 0.369141 0.542969 0.371094 0.542969 0.373047 0.539062 0.373047 0.527344 0.375000 0.525391 0.375000 0.513672 0.376953 0.511719 0.376953 0.500000 0.373047 0.496094 0.363281 0.496094 0.361328 0.494141 0.341797 0.494141 0.339844 0.492188 0.330078 0.492188
2 0.455078 0.564453 0.464844 0.568359 0.523438 0.566406 0.548828 0.560547 0.574219 0.558594 0.576172 0.556641 0.578125 0.517578 0.562500 0.515625 0.554688 0.525391 0.546875 0.525391 0.539062 0.519531 0.525391 0.519531 0.513672 0.511719 0.494141 0.509766 0.482422 0.517578 0.472656 0.517578 0.470703 0.519531 0.470703 0.548828 0.466797 0.552734 0.457031 0.552734
2 0.113281 0.546875 0.093750 0.607422 0.107422 0.613281 0.085938 0.617188 0.080078 0.632812 0.083984 0.660156 0.117188 0.664062 0.121094 0.632812 0.111328 0.617188 0.167969 0.621094 0.179688 0.582031 0.179688 0.597656 0.187500 0.585938 0.195312 0.591797 0.175781 0.638672 0.162109 0.642578 0.156250 0.667969 0.187500 0.679688 0.214844 0.681641 0.224609 0.666016 0.214844 0.625000 0.232422 0.607422 0.234375 0.580078 0.207031 0.572266 0.183594 0.576172 0.171875 0.562500
2 0.316406 0.601562 0.316406 0.607422 0.326172 0.621094 0.326172 0.646484 0.324219 0.648438 0.324219 0.660156 0.322266 0.662109 0.322266 0.671875 0.324219 0.675781 0.335938 0.671875 0.359375 0.671875 0.367188 0.667969 0.376953 0.667969 0.380859 0.664062 0.380859 0.607422 0.378906 0.603516 0.355469 0.601562 0.353516 0.599609 0.335938 0.599609 0.333984 0.597656 0.326172 0.597656
2 0.042969 0.607422 0.039062 0.611328 0.039062 0.615234 0.037109 0.617188 0.037109 0.623047 0.035156 0.625000 0.035156 0.638672 0.041016 0.642578 0.048828 0.642578 0.054688 0.646484 0.068359 0.646484 0.068359 0.644531 0.072266 0.638672 0.072266 0.634766 0.076172 0.628906 0.076172 0.623047 0.078125 0.621094 0.078125 0.615234 0.074219 0.611328 0.072266 0.611328 0.070312 0.609375 0.064453 0.609375 0.062500 0.607422
2 0.306641 0.628906 0.283203 0.628906 0.281250 0.630859 0.271484 0.630859 0.267578 0.636719 0.267578 0.652344 0.265625 0.654297 0.265625 0.660156 0.263672 0.662109 0.263672 0.667969 0.259766 0.677734 0.259766 0.681641 0.265625 0.689453 0.265625 0.699219 0.275391 0.703125 0.281250 0.703125 0.283203 0.705078 0.291016 0.705078 0.292969 0.707031 0.296875 0.705078 0.298828 0.697266 0.302734 0.693359 0.302734 0.687500 0.306641 0.679688 0.306641 0.669922 0.308594 0.667969 0.308594 0.644531 0.310547 0.642578 0.310547 0.632812
2 0.367188 0.693359 0.367188 0.720703 0.373047 0.726562 0.375000 0.732422 0.371094 0.740234 0.376953 0.748047 0.388672 0.751953 0.396484 0.751953 0.404297 0.748047 0.406250 0.750000 0.419922 0.751953 0.435547 0.742188 0.449219 0.740234 0.453125 0.734375 0.451172 0.718750 0.445312 0.712891 0.441406 0.712891 0.429688 0.699219 0.417969 0.697266 0.416016 0.695312 0.406250 0.695312 0.404297 0.693359 0.386719 0.693359 0.384766 0.691406 0.369141 0.691406
2 0.714844 0.720703 0.714844 0.736328 0.716797 0.738281 0.716797 0.742188 0.718750 0.744141 0.718750 0.750000 0.720703 0.751953 0.720703 0.757812 0.724609 0.761719 0.750000 0.761719 0.755859 0.757812 0.755859 0.750000 0.753906 0.748047 0.753906 0.744141 0.751953 0.742188 0.751953 0.736328 0.750000 0.734375 0.750000 0.722656 0.748047 0.720703 0.748047 0.716797 0.734375 0.716797 0.732422 0.718750 0.718750 0.718750 0.716797 0.720703
2 0.158203 0.720703 0.150391 0.722656 0.144531 0.728516 0.140625 0.753906 0.125000 0.789062 0.121094 0.810547 0.111328 0.820312 0.111328 0.828125 0.115234 0.832031 0.146484 0.839844 0.175781 0.830078 0.185547 0.791016 0.201172 0.755859 0.201172 0.750000 0.197266 0.750000 0.189453 0.757812 0.181641 0.750000 0.181641 0.744141 0.181641 0.753906 0.177734 0.759766 0.173828 0.759766 0.169922 0.726562
2 0.039062 0.728516 0.035156 0.734375 0.031250 0.755859 0.031250 0.796875 0.044922 0.796875 0.046875 0.808594 0.050781 0.814453 0.066406 0.816406 0.103516 0.830078 0.105469 0.818359 0.097656 0.800781 0.093750 0.796875 0.076172 0.796875 0.066406 0.791016 0.068359 0.779297 0.082031 0.765625 0.083984 0.732422 0.076172 0.728516 0.048828 0.724609
2 0.324219 0.781250 0.318359 0.785156 0.312500 0.785156 0.306641 0.789062 0.304688 0.792969 0.302734 0.814453 0.300781 0.816406 0.300781 0.828125 0.314453 0.835938 0.318359 0.849609 0.326172 0.853516 0.339844 0.855469 0.343750 0.849609 0.343750 0.843750 0.341797 0.839844 0.343750 0.837891 0.343750 0.820312 0.345703 0.818359 0.345703 0.794922 0.343750 0.792969 0.343750 0.787109 0.341797 0.783203 0.337891 0.783203 0.335938 0.781250
2 0.966797 0.810547 0.945312 0.798828 0.935547 0.796875 0.931641 0.812500 0.925781 0.826172 0.919922 0.832031 0.917969 0.839844 0.912109 0.845703 0.896484 0.845703 0.880859 0.873047 0.878906 0.882812 0.894531 0.888672 0.906250 0.878906 0.916016 0.878906 0.921875 0.882812 0.933594 0.884766 0.935547 0.875000 0.943359 0.865234 0.949219 0.851562 0.962891 0.837891 0.968750 0.822266
2 0.509766 0.810547 0.500000 0.828125 0.492188 0.857422 0.486328 0.863281 0.472656 0.867188 0.470703 0.898438 0.474609 0.904297 0.484375 0.908203 0.505859 0.910156 0.513672 0.917969 0.519531 0.919922 0.535156 0.919922 0.542969 0.910156 0.546875 0.882812 0.542969 0.876953 0.531250 0.875000 0.525391 0.865234 0.525391 0.859375 0.531250 0.847656 0.529297 0.822266 0.521484 0.818359 0.515625 0.810547
2 0.886719 0.843750 0.847656 0.833984 0.835938 0.837891 0.833984 0.855469 0.830078 0.859375 0.833984 0.873047 0.824219 0.904297 0.800781 0.943359 0.796875 0.937500 0.791016 0.937500 0.775391 0.974609 0.792969 0.974609 0.798828 0.968750 0.808594 0.968750 0.853516 0.980469 0.853516 0.966797 0.847656 0.962891 0.832031 0.962891 0.830078 0.957031 0.835938 0.953125 0.839844 0.929688 0.853516 0.919922 0.859375 0.898438 0.888672 0.849609
2 0.775391 0.978516 0.773438 0.978516 0.771484 0.980469 0.771484 0.984375 0.769531 0.986328 0.769531 0.988281 0.767578 0.990234 0.767578 0.996094 0.765625 0.998047 0.769531 0.998047 0.769531 0.996094 0.767578 0.994141 0.767578 0.990234 0.769531 0.988281 0.771484 0.988281 0.771484 0.986328 0.775391 0.982422
2 0.785156 0.992188 0.783203 0.990234 0.781250 0.990234 0.781250 0.994141 0.777344 0.998047 0.775391 0.996094 0.773438 0.996094 0.773438 0.998047 0.785156 0.998047
5 0.000000 0.125000 0.000000 0.146484 0.214844 0.212891 0.701172 0.333984 0.894531 0.359375 0.951172 0.400391 0.998047 0.402344 0.996094 0.382812 0.859375 0.339844 0.580078 0.283203
5 0.000000 0.492188 0.001953 0.517578 0.087891 0.535156 0.205078 0.572266 0.230469 0.574219 0.289062 0.597656 0.318359 0.599609 0.330078 0.587891 0.324219 0.578125 0.283203 0.574219 0.234375 0.550781 0.203125 0.548828 0.093750 0.513672
5 0.000000 0.650391 0.001953 0.671875 0.033203 0.673828 0.072266 0.687500 0.156250 0.693359 0.246094 0.714844 0.318359 0.744141 0.361328 0.744141 0.373047 0.732422 0.361328 0.720703 0.318359 0.720703 0.238281 0.689453 0.160156 0.671875 0.082031 0.666016 0.033203 0.650391
