0 0.531250 0.000000 0.439453 0.003906 0.464844 0.087891 0.441406 0.132812 0.464844 0.175781 0.468750 0.255859 0.419922 0.281250 0.437500 0.369141 0.406250 0.373047 0.363281 0.324219 0.335938 0.326172 0.328125 0.367188 0.279297 0.291016 0.242188 0.281250 0.203125 0.291016 0.193359 0.355469 0.154297 0.361328 0.164062 0.392578 0.304688 0.392578 0.353516 0.410156 0.312500 0.414062 0.314453 0.443359 0.451172 0.441406 0.505859 0.466797 0.515625 0.417969 0.351562 0.412109 0.496094 0.392578 0.605469 0.322266 0.648438 0.367188 0.662109 0.332031 0.648438 0.292969 0.595703 0.287109 0.576172 0.257812
0 0.433594 0.068359 0.433594 0.070312 0.431641 0.072266 0.431641 0.074219 0.433594 0.076172 0.435547 0.076172 0.435547 0.068359
0 0.423828 0.363281 0.423828 0.359375 0.421875 0.359375 0.419922 0.361328 0.417969 0.361328 0.419922 0.361328 0.421875 0.363281
0 0.142578 0.378906 0.138672 0.378906 0.136719 0.376953 0.119141 0.376953 0.105469 0.384766 0.095703 0.386719 0.083984 0.396484 0.085938 0.406250 0.089844 0.410156 0.089844 0.412109 0.105469 0.425781 0.105469 0.429688 0.115234 0.429688 0.117188 0.427734 0.121094 0.427734 0.125000 0.423828 0.130859 0.421875 0.136719 0.416016 0.138672 0.408203 0.140625 0.406250 0.140625 0.402344 0.146484 0.394531 0.146484 0.384766
0 0.189453 0.427734 0.181641 0.433594 0.181641 0.437500 0.179688 0.439453 0.179688 0.445312 0.177734 0.447266 0.179688 0.457031 0.185547 0.464844 0.195312 0.468750 0.203125 0.474609 0.207031 0.474609 0.208984 0.476562 0.212891 0.474609 0.216797 0.474609 0.224609 0.466797 0.224609 0.462891 0.226562 0.460938 0.226562 0.453125 0.228516 0.451172 0.228516 0.443359 0.230469 0.441406 0.230469 0.433594 0.226562 0.431641 0.218750 0.431641 0.216797 0.429688 0.210938 0.429688 0.208984 0.427734 0.201172 0.427734 0.199219 0.425781 0.195312 0.427734
0 0.695312 0.574219 0.689453 0.566406 0.687500 0.566406 0.671875 0.550781 0.667969 0.548828 0.664062 0.548828 0.662109 0.550781 0.646484 0.550781 0.638672 0.558594 0.632812 0.558594 0.630859 0.560547 0.623047 0.562500 0.619141 0.570312 0.619141 0.578125 0.623047 0.585938 0.626953 0.589844 0.628906 0.595703 0.630859 0.595703 0.634766 0.599609 0.646484 0.599609 0.656250 0.591797 0.685547 0.591797 0.691406 0.587891 0.693359 0.580078 0.695312 0.578125
0 0.445312 0.617188 0.441406 0.625000 0.441406 0.638672 0.443359 0.640625 0.443359 0.644531 0.462891 0.664062 0.474609 0.664062 0.490234 0.656250 0.496094 0.650391 0.496094 0.634766 0.494141 0.632812 0.494141 0.628906 0.492188 0.625000 0.486328 0.619141 0.486328 0.617188 0.478516 0.613281 0.451172 0.613281
0 0.041016 0.650391 0.039062 0.650391 0.029297 0.644531 0.027344 0.644531 0.025391 0.646484 0.019531 0.646484 0.009766 0.656250 0.009766 0.658203 0.003906 0.664062 0.003906 0.667969 0.001953 0.669922 0.001953 0.677734 0.003906 0.679688 0.003906 0.683594 0.009766 0.687500 0.023438 0.687500 0.025391 0.685547 0.029297 0.685547 0.031250 0.683594 0.037109 0.683594 0.041016 0.677734 0.041016 0.671875 0.042969 0.669922 0.042969 0.654297 0.041016 0.652344
0 0.906250 0.681641 0.859375 0.666016 0.822266 0.681641 0.789062 0.671875 0.769531 0.685547 0.730469 0.667969 0.712891 0.685547 0.669922 0.677734 0.607422 0.689453 0.595703 0.705078 0.582031 0.685547 0.556641 0.691406 0.548828 0.730469 0.564453 0.759766 0.558594 0.789062 0.572266 0.806641 0.562500 0.871094 0.576172 0.923828 0.597656 0.931641 0.605469 0.921875 0.605469 0.822266 0.591797 0.802734 0.597656 0.707031 0.619141 0.718750 0.681641 0.722656 0.712891 0.712891 0.753906 0.718750 0.781250 0.703125 0.816406 0.701172 0.845703 0.716797 0.906250 0.697266
0 0.923828 0.679688 0.923828 0.687500 0.925781 0.689453 0.925781 0.691406 0.931641 0.697266 0.939453 0.697266 0.941406 0.699219 0.958984 0.699219 0.960938 0.697266 0.964844 0.697266 0.968750 0.693359 0.968750 0.691406 0.966797 0.689453 0.966797 0.685547 0.962891 0.681641 0.960938 0.681641 0.958984 0.679688 0.955078 0.679688 0.953125 0.677734 0.949219 0.677734 0.947266 0.675781 0.939453 0.675781 0.937500 0.673828 0.929688 0.673828
0 0.423828 0.742188 0.423828 0.744141 0.421875 0.746094 0.421875 0.751953 0.419922 0.753906 0.419922 0.765625 0.421875 0.767578 0.421875 0.771484 0.427734 0.777344 0.429688 0.777344 0.439453 0.783203 0.447266 0.783203 0.449219 0.781250 0.455078 0.779297 0.458984 0.775391 0.464844 0.773438 0.468750 0.769531 0.468750 0.753906 0.466797 0.751953 0.466797 0.750000 0.455078 0.740234 0.429688 0.740234 0.427734 0.742188
0 0.515625 0.869141 0.509766 0.865234 0.501953 0.865234 0.496094 0.861328 0.494141 0.861328 0.488281 0.865234 0.472656 0.865234 0.470703 0.867188 0.468750 0.867188 0.468750 0.880859 0.470703 0.882812 0.472656 0.888672 0.478516 0.894531 0.478516 0.896484 0.480469 0.898438 0.482422 0.898438 0.484375 0.896484 0.488281 0.896484 0.494141 0.892578 0.498047 0.892578 0.503906 0.888672 0.507812 0.888672 0.509766 0.886719 0.511719 0.886719 0.513672 0.884766 0.513672 0.880859 0.515625 0.878906
0 0.078125 0.904297 0.085938 0.931641 0.103516 0.941406 0.271484 0.943359 0.339844 0.955078 0.576172 0.953125 0.560547 0.937500 0.488281 0.925781 0.335938 0.921875 0.238281 0.900391 0.117188 0.906250 0.083984 0.898438
4 0.091797 0.000000 0.000000 0.000000 0.000000 0.369141 0.050781 0.162109 0.041016 0.138672 0.058594 0.126953 0.070312 0.099609
4 0.115234 0.701172 0.160156 0.712891 0.332031 0.708984 0.343750 0.699219 0.335938 0.619141 0.281250 0.611328 0.523438 0.580078 0.511719 0.564453 0.515625 0.542969 0.552734 0.542969 0.539062 0.464844 0.490234 0.474609 0.453125 0.449219 0.339844 0.455078 0.296875 0.433594 0.236328 0.441406 0.214844 0.478516 0.164062 0.447266 0.113281 0.457031
4 0.998047 0.705078 0.601562 0.716797 0.611328 0.898438 0.660156 0.921875 0.753906 0.912109 0.783203 0.933594 0.712891 0.962891 0.691406 0.941406 0.679688 0.960938 0.677734 0.927734 0.658203 0.925781 0.660156 0.953125 0.640625 0.943359 0.621094 0.964844 0.707031 0.984375 0.652344 0.994141 0.998047 0.994141 0.990234 0.968750 0.968750 0.966797 0.988281 0.955078 0.958984 0.957031 0.974609 0.943359 0.957031 0.925781 0.880859 0.919922 0.998047 0.917969
4 0.343750 0.720703 0.218750 0.720703 0.205078 0.726562 0.080078 0.718750 0.060547 0.867188 0.064453 0.912109 0.083984 0.896484 0.146484 0.904297 0.236328 0.896484 0.343750 0.916016 0.347656 0.849609 0.312500 0.822266 0.318359 0.806641 0.347656 0.794922
4 0.636719 0.931641 0.638672 0.931641 0.640625 0.933594 0.646484 0.933594 0.646484 0.927734 0.640625 0.927734
4 0.000000 0.935547 0.000000 0.998047 0.117188 0.998047 0.119141 0.992188 0.115234 0.949219 0.080078 0.935547 0.074219 0.929688 0.062500 0.933594 0.054688 0.933594 0.048828 0.929688 0.035156 0.929688
4 0.617188 0.931641 0.617188 0.935547 0.619141 0.937500 0.619141 0.945312 0.617188 0.947266 0.617188 0.951172 0.630859 0.951172 0.632812 0.949219 0.630859 0.947266 0.630859 0.943359 0.628906 0.941406 0.626953 0.943359 0.623047 0.939453 0.626953 0.935547 0.628906 0.935547 0.630859 0.933594 0.630859 0.931641 0.626953 0.931641 0.625000 0.929688 0.621094 0.929688 0.619141 0.931641
4 0.683594 0.929688 0.683594 0.931641 0.685547 0.931641 0.685547 0.929688
4 0.966797 0.929688 0.964844 0.931641 0.964844 0.933594 0.966797 0.931641
4 0.970703 0.929688 0.972656 0.931641 0.972656 0.929688
4 0.699219 0.945312 0.699219 0.947266 0.707031 0.947266 0.707031 0.945312
4 0.753906 0.945312 0.753906 0.947266 0.755859 0.947266 0.755859 0.945312
4 0.998047 0.960938 0.996094 0.962891 0.998047 0.962891
4 0.640625 0.992188 0.640625 0.994141 0.646484 0.994141 0.646484 0.992188
6 0.558594 0.000000 0.560547 0.054688 0.574219 0.097656 0.574219 0.132812 0.589844 0.158203 0.589844 0.197266 0.597656 0.218750 0.609375 0.230469 0.638672 0.224609 0.644531 0.216797 0.681641 0.218750 0.685547 0.224609 0.687500 0.218750 0.722656 0.212891 0.742188 0.189453 0.734375 0.183594 0.750000 0.171875 0.755859 0.130859 0.750000 0.103516 0.759766 0.089844 0.753906 0.078125 0.742188 0.074219 0.744141 0.033203 0.734375 0.019531 0.736328 0.000000
6 0.054688 0.191406 0.056641 0.240234 0.066406 0.246094 0.056641 0.251953 0.062500 0.283203 0.089844 0.316406 0.146484 0.318359 0.150391 0.333984 0.162109 0.318359 0.166016 0.333984 0.171875 0.324219 0.185547 0.333984 0.203125 0.287109 0.248047 0.277344 0.294922 0.294922 0.296875 0.310547 0.308594 0.302734 0.314453 0.310547 0.316406 0.298828 0.328125 0.308594 0.347656 0.308594 0.351562 0.298828 0.361328 0.308594 0.392578 0.292969 0.382812 0.189453 0.314453 0.162109 0.302734 0.175781 0.250000 0.164062 0.287109 0.175781 0.269531 0.199219 0.246094 0.191406 0.244141 0.164062 0.222656 0.166016 0.216797 0.152344 0.085938 0.166016
6 0.320312 0.308594 0.322266 0.310547 0.322266 0.308594
6 0.138672 0.332031 0.136719 0.330078 0.134766 0.332031 0.134766 0.333984 0.138672 0.333984
6 0.152344 0.347656 0.150391 0.349609 0.152344 0.351562 0.154297 0.351562 0.154297 0.347656
6 0.998047 0.451172 0.978516 0.458984 0.978516 0.427734 0.958984 0.406250 0.955078 0.423828 0.939453 0.408203 0.792969 0.410156 0.787109 0.427734 0.777344 0.408203 0.632812 0.416016 0.580078 0.439453 0.568359 0.484375 0.591797 0.679688 0.630859 0.683594 0.642578 0.671875 0.726562 0.664062 0.779297 0.673828 0.931641 0.660156 0.980469 0.685547 0.986328 0.660156 0.998047 0.656250
6 0.994141 0.439453 0.994141 0.443359 0.998047 0.443359 0.998047 0.441406 0.996094 0.441406
6 0.093750 0.457031 0.000000 0.468750 0.000000 0.662109 0.009766 0.644531 0.041016 0.644531 0.044922 0.650391 0.042969 0.681641 0.056641 0.685547 0.064453 0.701172 0.089844 0.699219 0.093750 0.685547 0.093750 0.611328 0.103516 0.466797
6 0.562500 0.597656 0.449219 0.597656 0.359375 0.615234 0.349609 0.669922 0.353516 0.908203 0.359375 0.914062 0.531250 0.923828 0.560547 0.902344 0.566406 0.814453 0.556641 0.789062 0.560547 0.761719 0.544922 0.716797 0.554688 0.683594 0.570312 0.675781
6 0.001953 0.714844 0.000000 0.923828 0.037109 0.925781 0.050781 0.921875 0.054688 0.916016 0.060547 0.781250 0.066406 0.738281 0.054688 0.718750 0.025391 0.720703
