0 0.515625 0.214844 0.494141 0.195312 0.453125 0.183594 0.404297 0.193359 0.367188 0.193359 0.357422 0.201172 0.343750 0.195312 0.339844 0.201172 0.294922 0.203125 0.277344 0.208984 0.257812 0.232422 0.251953 0.263672 0.273438 0.302734 0.300781 0.306641 0.310547 0.314453 0.369141 0.302734 0.396484 0.281250 0.406250 0.281250 0.437500 0.310547 0.468750 0.314453 0.490234 0.294922 0.496094 0.277344 0.511719 0.259766
0 0.642578 0.333984 0.638672 0.337891 0.636719 0.343750 0.636719 0.353516 0.634766 0.355469 0.636719 0.373047 0.628906 0.382812 0.628906 0.396484 0.634766 0.402344 0.640625 0.402344 0.642578 0.404297 0.654297 0.404297 0.660156 0.400391 0.687500 0.402344 0.691406 0.396484 0.693359 0.376953 0.703125 0.361328 0.703125 0.351562 0.701172 0.347656 0.691406 0.343750 0.679688 0.330078 0.658203 0.328125 0.646484 0.333984
0 0.859375 0.408203 0.861328 0.412109 0.869141 0.412109 0.884766 0.419922 0.906250 0.421875 0.937500 0.429688 0.958984 0.439453 0.998047 0.447266 0.998047 0.425781 0.982422 0.421875 0.980469 0.408203 0.966797 0.400391 0.955078 0.388672 0.935547 0.380859 0.925781 0.369141 0.890625 0.371094 0.878906 0.369141 0.875000 0.373047 0.876953 0.376953 0.875000 0.402344 0.865234 0.410156
0 0.347656 0.484375 0.337891 0.500000 0.337891 0.511719 0.341797 0.519531 0.345703 0.544922 0.359375 0.564453 0.361328 0.574219 0.369141 0.580078 0.408203 0.578125 0.416016 0.572266 0.427734 0.568359 0.435547 0.537109 0.435547 0.523438 0.414062 0.507812 0.410156 0.490234 0.394531 0.478516 0.382812 0.474609 0.365234 0.476562
0 0.269531 0.541016 0.265625 0.550781 0.261719 0.554688 0.261719 0.560547 0.250000 0.580078 0.253906 0.587891 0.255859 0.599609 0.261719 0.609375 0.285156 0.619141 0.300781 0.617188 0.318359 0.607422 0.337891 0.589844 0.337891 0.582031 0.333984 0.574219 0.320312 0.560547 0.306641 0.554688 0.300781 0.546875 0.296875 0.546875 0.289062 0.541016 0.283203 0.539062
0 0.755859 0.712891 0.757812 0.718750 0.750000 0.732422 0.750000 0.742188 0.755859 0.748047 0.783203 0.750000 0.812500 0.759766 0.833984 0.775391 0.875000 0.775391 0.884766 0.783203 0.894531 0.804688 0.917969 0.794922 0.937500 0.722656 0.894531 0.707031 0.890625 0.695312 0.869141 0.685547 0.849609 0.693359 0.814453 0.683594 0.800781 0.699219 0.783203 0.710938
0 0.494141 0.800781 0.480469 0.832031 0.484375 0.841797 0.492188 0.843750 0.496094 0.849609 0.496094 0.863281 0.490234 0.876953 0.478516 0.886719 0.482422 0.917969 0.488281 0.925781 0.500000 0.929688 0.544922 0.929688 0.544922 0.916016 0.552734 0.898438 0.552734 0.863281 0.556641 0.847656 0.554688 0.804688 0.544922 0.802734 0.542969 0.804688 0.550781 0.810547 0.539062 0.812500 0.535156 0.808594 0.539062 0.798828 0.507812 0.796875
1 0.998047 0.800781 0.988281 0.841797 0.982422 0.933594 0.974609 0.939453 0.970703 0.951172 0.974609 0.962891 0.984375 0.970703 0.986328 0.998047 0.998047 0.998047
2 0.406250 0.000000 0.404297 0.003906 0.406250 0.011719 0.404297 0.031250 0.408203 0.041016 0.416016 0.039062 0.435547 0.041016 0.439453 0.021484 0.441406 0.023438 0.443359 0.052734 0.447266 0.056641 0.458984 0.056641 0.466797 0.062500 0.484375 0.058594 0.482422 0.005859 0.437500 0.003906 0.435547 0.000000
2 0.527344 0.000000 0.496094 0.000000 0.490234 0.009766 0.490234 0.062500 0.478516 0.068359 0.470703 0.066406 0.468750 0.070312 0.468750 0.107422 0.472656 0.138672 0.517578 0.136719 0.533203 0.125000 0.535156 0.128906 0.542969 0.121094 0.539062 0.093750 0.541016 0.076172 0.537109 0.048828 0.529297 0.041016
2 0.646484 0.001953 0.646484 0.023438 0.644531 0.025391 0.644531 0.037109 0.646484 0.039062 0.667969 0.039062 0.669922 0.041016 0.685547 0.041016 0.689453 0.037109 0.689453 0.005859 0.687500 0.005859 0.685547 0.003906 0.675781 0.003906 0.673828 0.001953 0.656250 0.001953 0.654297 0.000000 0.650391 0.000000 0.648438 0.001953
2 0.839844 0.015625 0.839844 0.064453 0.843750 0.070312 0.863281 0.076172 0.880859 0.074219 0.916016 0.052734 0.951172 0.046875 0.986328 0.048828 0.998047 0.044922 0.998047 0.000000 0.843750 0.000000 0.843750 0.009766
2 0.166016 0.033203 0.158203 0.033203 0.125000 0.076172 0.125000 0.087891 0.136719 0.136719 0.136719 0.189453 0.142578 0.195312 0.154297 0.189453 0.189453 0.185547 0.187500 0.154297 0.181641 0.134766 0.183594 0.117188 0.179688 0.101562 0.179688 0.076172 0.171875 0.037109
2 0.283203 0.035156 0.283203 0.037109 0.281250 0.039062 0.281250 0.070312 0.283203 0.072266 0.298828 0.072266 0.308594 0.066406 0.316406 0.066406 0.318359 0.064453 0.322266 0.064453 0.326172 0.060547 0.326172 0.056641 0.328125 0.054688 0.328125 0.052734 0.326172 0.050781 0.326172 0.044922 0.324219 0.042969 0.324219 0.037109 0.320312 0.033203 0.285156 0.033203
2 0.199219 0.052734 0.197266 0.058594 0.203125 0.070312 0.207031 0.099609 0.208984 0.183594 0.210938 0.187500 0.220703 0.187500 0.228516 0.193359 0.263672 0.189453 0.269531 0.185547 0.273438 0.164062 0.267578 0.148438 0.263672 0.097656 0.259766 0.087891 0.238281 0.074219 0.234375 0.050781 0.230469 0.046875
2 0.791016 0.048828 0.789062 0.050781 0.789062 0.054688 0.779297 0.064453 0.779297 0.087891 0.781250 0.089844 0.781250 0.099609 0.783203 0.101562 0.783203 0.107422 0.785156 0.105469 0.792969 0.105469 0.794922 0.103516 0.802734 0.103516 0.804688 0.101562 0.808594 0.103516 0.810547 0.101562 0.828125 0.099609 0.830078 0.095703 0.826172 0.089844 0.826172 0.083984 0.822266 0.078125 0.822266 0.062500 0.820312 0.058594 0.804688 0.054688 0.800781 0.050781 0.800781 0.048828
2 0.726562 0.054688 0.720703 0.054688 0.712891 0.060547 0.693359 0.060547 0.687500 0.064453 0.689453 0.083984 0.691406 0.085938 0.691406 0.113281 0.693359 0.115234 0.730469 0.115234 0.734375 0.111328 0.734375 0.105469 0.732422 0.103516 0.732422 0.058594
2 0.578125 0.072266 0.576172 0.074219 0.574219 0.074219 0.570312 0.080078 0.570312 0.085938 0.572266 0.087891 0.572266 0.115234 0.574219 0.117188 0.574219 0.126953 0.578125 0.130859 0.591797 0.130859 0.593750 0.128906 0.593750 0.126953 0.599609 0.117188 0.599609 0.113281 0.601562 0.111328 0.599609 0.109375 0.599609 0.093750 0.597656 0.091797 0.597656 0.078125 0.595703 0.076172 0.595703 0.074219 0.580078 0.074219
2 0.033203 0.085938 0.027344 0.093750 0.021484 0.095703 0.021484 0.107422 0.027344 0.103516 0.031250 0.107422 0.031250 0.123047 0.023438 0.125000 0.031250 0.128906 0.031250 0.132812 0.023438 0.140625 0.027344 0.156250 0.029297 0.203125 0.042969 0.205078 0.048828 0.199219 0.060547 0.201172 0.105469 0.197266 0.109375 0.142578 0.107422 0.125000 0.101562 0.119141 0.103516 0.113281 0.099609 0.087891 0.082031 0.083984
2 0.363281 0.099609 0.359375 0.101562 0.359375 0.162109 0.361328 0.164062 0.361328 0.169922 0.363281 0.171875 0.363281 0.177734 0.367188 0.183594 0.375000 0.183594 0.376953 0.181641 0.384766 0.179688 0.392578 0.169922 0.392578 0.166016 0.386719 0.154297 0.386719 0.119141 0.376953 0.101562 0.373047 0.099609
2 0.330078 0.111328 0.328125 0.113281 0.322266 0.113281 0.320312 0.115234 0.320312 0.146484 0.318359 0.148438 0.318359 0.156250 0.316406 0.158203 0.316406 0.167969 0.314453 0.169922 0.314453 0.175781 0.320312 0.183594 0.322266 0.189453 0.339844 0.189453 0.341797 0.187500 0.347656 0.187500 0.349609 0.185547 0.349609 0.171875 0.347656 0.169922 0.345703 0.154297 0.341797 0.148438 0.341797 0.113281 0.339844 0.111328
2 0.435547 0.117188 0.425781 0.117188 0.423828 0.119141 0.406250 0.119141 0.404297 0.121094 0.396484 0.121094 0.394531 0.123047 0.394531 0.125000 0.396484 0.126953 0.396484 0.134766 0.398438 0.136719 0.398438 0.142578 0.400391 0.144531 0.400391 0.160156 0.404297 0.164062 0.410156 0.164062 0.412109 0.162109 0.417969 0.162109 0.419922 0.160156 0.427734 0.160156 0.429688 0.158203 0.435547 0.158203 0.437500 0.156250 0.437500 0.119141
2 0.966797 0.125000 0.957031 0.126953 0.955078 0.128906 0.945312 0.128906 0.943359 0.130859 0.939453 0.130859 0.937500 0.134766 0.937500 0.140625 0.939453 0.142578 0.939453 0.175781 0.941406 0.177734 0.941406 0.183594 0.945312 0.191406 0.947266 0.203125 0.951172 0.203125 0.953125 0.205078 0.978516 0.203125 0.982422 0.201172 0.984375 0.197266 0.984375 0.185547 0.976562 0.189453 0.970703 0.185547 0.970703 0.175781 0.968750 0.173828 0.968750 0.162109 0.970703 0.160156 0.970703 0.136719 0.968750 0.134766 0.968750 0.126953
2 0.916016 0.146484 0.888672 0.150391 0.884766 0.156250 0.882812 0.144531 0.871094 0.144531 0.804688 0.164062 0.802734 0.187500 0.812500 0.208984 0.812500 0.244141 0.816406 0.251953 0.863281 0.250000 0.900391 0.255859 0.919922 0.251953 0.931641 0.226562 0.929688 0.216797 0.857422 0.214844 0.873047 0.210938 0.875000 0.205078 0.886719 0.207031 0.892578 0.201172 0.896484 0.205078 0.923828 0.201172
2 0.205078 0.261719 0.201172 0.267578 0.201172 0.322266 0.203125 0.326172 0.216797 0.326172 0.218750 0.324219 0.244141 0.324219 0.246094 0.322266 0.246094 0.308594 0.244141 0.306641 0.244141 0.279297 0.246094 0.277344 0.246094 0.261719 0.244141 0.259766 0.208984 0.259766
2 0.169922 0.263672 0.140625 0.265625 0.134766 0.289062 0.128906 0.275391 0.123047 0.279297 0.103516 0.273438 0.072266 0.279297 0.058594 0.277344 0.052734 0.324219 0.054688 0.359375 0.134766 0.359375 0.132812 0.304688 0.136719 0.304688 0.138672 0.320312 0.169922 0.320312
2 0.998047 0.265625 0.964844 0.261719 0.927734 0.271484 0.882812 0.269531 0.876953 0.287109 0.875000 0.283203 0.841797 0.285156 0.837891 0.328125 0.839844 0.351562 0.855469 0.357422 0.876953 0.355469 0.882812 0.367188 0.917969 0.365234 0.917969 0.304688 0.921875 0.300781 0.986328 0.296875 0.998047 0.291016
2 0.000000 0.277344 0.000000 0.349609 0.023438 0.349609 0.027344 0.351562 0.031250 0.343750 0.031250 0.339844 0.029297 0.337891 0.029297 0.279297 0.027344 0.277344 0.017578 0.277344 0.015625 0.279297 0.011719 0.279297 0.009766 0.277344 0.007812 0.279297 0.005859 0.277344 0.003906 0.279297
2 0.322266 0.332031 0.322266 0.341797 0.328125 0.355469 0.341797 0.369141 0.435547 0.373047 0.443359 0.371094 0.447266 0.367188 0.449219 0.335938 0.445312 0.332031 0.439453 0.332031 0.427734 0.318359 0.390625 0.314453 0.386719 0.310547 0.384766 0.312500 0.373047 0.308594 0.328125 0.320312
2 0.263672 0.333984 0.257812 0.330078 0.255859 0.332031 0.246094 0.332031 0.244141 0.333984 0.228516 0.333984 0.226562 0.335938 0.220703 0.335938 0.218750 0.337891 0.218750 0.357422 0.220703 0.359375 0.222656 0.359375 0.224609 0.361328 0.228516 0.361328 0.230469 0.363281 0.263672 0.363281
2 0.148438 0.337891 0.146484 0.339844 0.146484 0.349609 0.148438 0.351562 0.148438 0.371094 0.150391 0.373047 0.150391 0.384766 0.169922 0.384766 0.171875 0.386719 0.175781 0.386719 0.177734 0.384766 0.177734 0.367188 0.179688 0.365234 0.179688 0.361328 0.177734 0.359375 0.177734 0.341797 0.173828 0.337891
2 0.703125 0.367188 0.703125 0.369141 0.697266 0.375000 0.697266 0.376953 0.695312 0.378906 0.695312 0.396484 0.701172 0.402344 0.710938 0.402344 0.712891 0.404297 0.726562 0.404297 0.726562 0.398438 0.728516 0.396484 0.728516 0.373047 0.724609 0.369141 0.722656 0.369141 0.716797 0.365234 0.707031 0.365234 0.705078 0.367188
2 0.826172 0.365234 0.822266 0.371094 0.822266 0.373047 0.824219 0.375000 0.824219 0.376953 0.822266 0.378906 0.822266 0.404297 0.828125 0.404297 0.830078 0.406250 0.835938 0.406250 0.837891 0.408203 0.843750 0.408203 0.845703 0.410156 0.853516 0.410156 0.855469 0.408203 0.855469 0.398438 0.857422 0.396484 0.857422 0.382812 0.859375 0.380859 0.859375 0.375000 0.857422 0.373047 0.857422 0.371094 0.855469 0.369141 0.847656 0.369141 0.845703 0.367188 0.841797 0.367188 0.839844 0.365234
2 0.226562 0.367188 0.226562 0.369141 0.228516 0.369141 0.230469 0.371094 0.230469 0.367188
2 0.230469 0.378906 0.226562 0.382812 0.207031 0.382812 0.205078 0.384766 0.197266 0.384766 0.193359 0.390625 0.193359 0.408203 0.195312 0.410156 0.230469 0.410156 0.230469 0.404297 0.232422 0.402344 0.232422 0.384766 0.230469 0.382812
2 0.531250 0.404297 0.531250 0.412109 0.527344 0.419922 0.527344 0.427734 0.531250 0.433594 0.531250 0.437500 0.535156 0.439453 0.572266 0.439453 0.574219 0.441406 0.601562 0.441406 0.603516 0.443359 0.611328 0.441406 0.607422 0.423828 0.613281 0.412109 0.607422 0.408203 0.562500 0.406250 0.558594 0.402344 0.548828 0.400391 0.544922 0.396484 0.535156 0.398438
2 0.734375 0.605469 0.808594 0.623047 0.820312 0.574219 0.796875 0.568359 0.812500 0.566406 0.824219 0.521484 0.818359 0.515625 0.843750 0.515625 0.851562 0.496094 0.998047 0.529297 0.998047 0.455078 0.910156 0.425781 0.800781 0.406250 0.773438 0.490234 0.783203 0.500000 0.769531 0.503906 0.755859 0.548828 0.796875 0.566406 0.750000 0.554688
2 0.019531 0.412109 0.015625 0.417969 0.015625 0.429688 0.013672 0.431641 0.013672 0.476562 0.015625 0.478516 0.025391 0.478516 0.027344 0.480469 0.048828 0.480469 0.046875 0.460938 0.048828 0.458984 0.048828 0.453125 0.050781 0.451172 0.052734 0.425781 0.048828 0.421875 0.046875 0.421875 0.042969 0.416016 0.037109 0.416016 0.029297 0.412109
2 0.695312 0.416016 0.693359 0.417969 0.693359 0.421875 0.691406 0.423828 0.691406 0.431641 0.689453 0.433594 0.689453 0.435547 0.687500 0.437500 0.685547 0.437500 0.685547 0.439453 0.683594 0.441406 0.679688 0.458984 0.685547 0.466797 0.689453 0.466797 0.691406 0.468750 0.699219 0.468750 0.701172 0.470703 0.710938 0.470703 0.712891 0.468750 0.714844 0.468750 0.714844 0.466797 0.716797 0.464844 0.716797 0.441406 0.718750 0.439453 0.718750 0.431641 0.720703 0.429688 0.720703 0.427734 0.718750 0.425781 0.718750 0.421875 0.716797 0.419922 0.716797 0.417969 0.710938 0.417969 0.708984 0.416016
2 0.193359 0.427734 0.193359 0.455078 0.191406 0.457031 0.191406 0.466797 0.193359 0.468750 0.201172 0.468750 0.203125 0.470703 0.208984 0.470703 0.210938 0.472656 0.238281 0.474609 0.240234 0.476562 0.244141 0.476562 0.246094 0.474609 0.246094 0.447266 0.248047 0.445312 0.248047 0.433594 0.244141 0.431641 0.230469 0.431641 0.228516 0.429688 0.222656 0.429688 0.220703 0.427734
2 0.531250 0.460938 0.533203 0.482422 0.535156 0.484375 0.535156 0.498047 0.539062 0.500000 0.587891 0.500000 0.589844 0.498047 0.611328 0.498047 0.615234 0.496094 0.615234 0.488281 0.613281 0.486328 0.613281 0.482422 0.615234 0.480469 0.613281 0.478516 0.615234 0.476562 0.615234 0.464844 0.613281 0.462891 0.589844 0.462891 0.587891 0.460938 0.582031 0.462891 0.580078 0.460938 0.552734 0.460938 0.550781 0.458984 0.537109 0.458984 0.535156 0.460938
2 0.662109 0.484375 0.658203 0.488281 0.658203 0.500000 0.654297 0.509766 0.656250 0.511719 0.656250 0.517578 0.654297 0.519531 0.654297 0.533203 0.658203 0.537109 0.667969 0.537109 0.669922 0.539062 0.679688 0.539062 0.681641 0.541016 0.701172 0.541016 0.701172 0.539062 0.707031 0.533203 0.710938 0.523438 0.710938 0.517578 0.714844 0.507812 0.714844 0.500000 0.716797 0.498047 0.714844 0.490234 0.710938 0.486328 0.693359 0.486328 0.683594 0.482422
2 0.292969 0.488281 0.287109 0.498047 0.287109 0.519531 0.285156 0.521484 0.285156 0.531250 0.283203 0.533203 0.283203 0.535156 0.285156 0.537109 0.287109 0.537109 0.289062 0.539062 0.292969 0.539062 0.294922 0.541016 0.302734 0.541016 0.304688 0.539062 0.304688 0.527344 0.306641 0.525391 0.306641 0.509766 0.308594 0.507812 0.308594 0.503906 0.310547 0.501953 0.310547 0.498047 0.300781 0.490234 0.296875 0.490234 0.294922 0.488281
2 0.828125 0.519531 0.828125 0.521484 0.832031 0.521484 0.835938 0.525391 0.837891 0.525391 0.837891 0.523438 0.839844 0.521484 0.837891 0.521484 0.835938 0.519531 0.833984 0.521484 0.832031 0.521484 0.830078 0.519531
2 0.453125 0.531250 0.437500 0.544922 0.431641 0.568359 0.433594 0.652344 0.443359 0.658203 0.490234 0.656250 0.501953 0.644531 0.513672 0.642578 0.515625 0.638672 0.511719 0.591797 0.515625 0.587891 0.513672 0.535156 0.498047 0.531250
2 0.609375 0.570312 0.613281 0.574219 0.644531 0.578125 0.666016 0.585938 0.689453 0.585938 0.693359 0.582031 0.693359 0.574219 0.703125 0.564453 0.703125 0.560547 0.707031 0.554688 0.701172 0.552734 0.697266 0.548828 0.691406 0.548828 0.689453 0.550781 0.683594 0.548828 0.664062 0.548828 0.652344 0.542969 0.640625 0.544922 0.638672 0.542969 0.621094 0.541016 0.613281 0.544922 0.609375 0.554688
2 0.919922 0.554688 0.919922 0.566406 0.916016 0.574219 0.916016 0.580078 0.917969 0.582031 0.921875 0.582031 0.923828 0.583984 0.931641 0.583984 0.939453 0.587891 0.945312 0.587891 0.960938 0.595703 0.972656 0.595703 0.982422 0.576172 0.982422 0.568359 0.976562 0.564453 0.970703 0.564453 0.968750 0.562500 0.962891 0.562500 0.960938 0.560547 0.957031 0.560547 0.949219 0.556641 0.943359 0.556641 0.941406 0.554688 0.937500 0.554688 0.929688 0.550781 0.923828 0.550781
2 0.849609 0.587891 0.845703 0.593750 0.845703 0.603516 0.843750 0.605469 0.843750 0.628906 0.845703 0.630859 0.849609 0.630859 0.851562 0.632812 0.853516 0.632812 0.855469 0.634766 0.859375 0.634766 0.861328 0.636719 0.873047 0.636719 0.873047 0.634766 0.875000 0.632812 0.875000 0.625000 0.876953 0.623047 0.876953 0.617188 0.878906 0.615234 0.878906 0.609375 0.882812 0.603516 0.884766 0.593750 0.886719 0.591797 0.888672 0.591797 0.880859 0.591797 0.878906 0.589844 0.867188 0.589844 0.865234 0.587891
2 0.236328 0.632812 0.234375 0.658203 0.355469 0.689453 0.373047 0.685547 0.375000 0.679688 0.382812 0.679688 0.400391 0.691406 0.412109 0.691406 0.425781 0.677734 0.429688 0.662109 0.425781 0.654297 0.378906 0.650391 0.363281 0.642578 0.347656 0.640625 0.318359 0.628906 0.283203 0.623047 0.259766 0.613281 0.251953 0.613281 0.248047 0.628906
2 0.027344 0.693359 0.037109 0.699219 0.070312 0.707031 0.097656 0.705078 0.101562 0.701172 0.103516 0.679688 0.113281 0.664062 0.183594 0.671875 0.189453 0.652344 0.126953 0.642578 0.113281 0.634766 0.046875 0.625000 0.042969 0.632812 0.041016 0.654297 0.027344 0.681641
2 0.818359 0.650391 0.816406 0.675781 0.826172 0.685547 0.857422 0.689453 0.859375 0.681641 0.863281 0.679688 0.884766 0.689453 0.914062 0.695312 0.933594 0.695312 0.941406 0.691406 0.943359 0.667969 0.892578 0.642578 0.875000 0.640625 0.867188 0.642578 0.839844 0.634766 0.828125 0.634766
2 0.529297 0.646484 0.531250 0.666016 0.552734 0.671875 0.525391 0.673828 0.542969 0.681641 0.550781 0.679688 0.554688 0.685547 0.531250 0.689453 0.539062 0.689453 0.544922 0.699219 0.525391 0.703125 0.519531 0.710938 0.523438 0.716797 0.513672 0.714844 0.517578 0.707031 0.513672 0.703125 0.511719 0.720703 0.521484 0.730469 0.517578 0.783203 0.617188 0.796875 0.632812 0.751953 0.632812 0.728516 0.644531 0.685547 0.576172 0.677734 0.583984 0.673828 0.583984 0.644531
2 0.437500 0.662109 0.431641 0.671875 0.423828 0.714844 0.423828 0.730469 0.437500 0.734375 0.423828 0.738281 0.421875 0.763672 0.437500 0.767578 0.449219 0.765625 0.455078 0.769531 0.464844 0.767578 0.470703 0.775391 0.464844 0.779297 0.457031 0.775391 0.455078 0.779297 0.464844 0.781250 0.468750 0.785156 0.464844 0.789062 0.474609 0.792969 0.511719 0.791016 0.515625 0.738281 0.511719 0.734375 0.484375 0.732422 0.488281 0.730469 0.490234 0.675781 0.494141 0.671875 0.480469 0.660156
2 0.722656 0.662109 0.720703 0.664062 0.718750 0.664062 0.722656 0.667969 0.722656 0.669922 0.720703 0.671875 0.720703 0.673828 0.722656 0.673828 0.724609 0.671875 0.722656 0.669922 0.726562 0.666016 0.726562 0.664062 0.724609 0.664062
2 0.701172 0.687500 0.697266 0.714844 0.701172 0.738281 0.693359 0.744141 0.677734 0.796875 0.679688 0.812500 0.693359 0.806641 0.746094 0.806641 0.796875 0.824219 0.818359 0.820312 0.820312 0.808594 0.832031 0.808594 0.837891 0.824219 0.878906 0.822266 0.886719 0.808594 0.878906 0.781250 0.839844 0.779297 0.830078 0.787109 0.826172 0.775391 0.814453 0.765625 0.773438 0.751953 0.740234 0.748047 0.746094 0.744141 0.750000 0.712891 0.738281 0.683594 0.714844 0.679688
2 0.414062 0.705078 0.394531 0.697266 0.384766 0.697266 0.382812 0.699219 0.365234 0.699219 0.357422 0.705078 0.318359 0.707031 0.316406 0.708984 0.316406 0.730469 0.312500 0.744141 0.326172 0.748047 0.345703 0.761719 0.351562 0.761719 0.365234 0.753906 0.380859 0.753906 0.386719 0.763672 0.398438 0.767578 0.412109 0.765625 0.414062 0.761719
2 0.535156 0.695312 0.535156 0.697266 0.537109 0.697266 0.537109 0.695312
2 0.503906 0.726562 0.503906 0.728516 0.505859 0.728516
2 0.000000 0.742188 0.001953 0.810547 0.033203 0.822266 0.064453 0.828125 0.103516 0.845703 0.146484 0.849609 0.150391 0.845703 0.167969 0.792969 0.166016 0.779297 0.074219 0.744141 0.029297 0.732422 0.019531 0.732422 0.013672 0.744141
2 0.250000 0.773438 0.232422 0.783203 0.236328 0.810547 0.220703 0.818359 0.218750 0.853516 0.251953 0.857422 0.220703 0.861328 0.216797 0.875000 0.222656 0.890625 0.228516 0.888672 0.230469 0.896484 0.238281 0.900391 0.287109 0.896484 0.289062 0.859375 0.257812 0.855469 0.261719 0.851562 0.261719 0.814453 0.271484 0.806641 0.279297 0.810547 0.279297 0.800781 0.273438 0.808594 0.271484 0.806641 0.273438 0.792969 0.289062 0.792969 0.291016 0.779297 0.285156 0.775391
2 0.437500 0.796875 0.435547 0.800781 0.435547 0.810547 0.437500 0.812500 0.429688 0.830078 0.429688 0.839844 0.425781 0.845703 0.423828 0.876953 0.433594 0.882812 0.464844 0.882812 0.484375 0.873047 0.490234 0.865234 0.490234 0.847656 0.488281 0.845703 0.476562 0.845703 0.466797 0.837891 0.468750 0.832031 0.482422 0.820312 0.484375 0.804688 0.482422 0.800781 0.470703 0.796875
2 0.603516 0.800781 0.580078 0.800781 0.564453 0.804688 0.558594 0.810547 0.554688 0.898438 0.550781 0.908203 0.550781 0.925781 0.554688 0.931641 0.593750 0.933594 0.599609 0.927734 0.601562 0.912109 0.599609 0.902344 0.607422 0.869141 0.615234 0.853516 0.613281 0.845703 0.617188 0.833984 0.613281 0.824219 0.615234 0.812500
2 0.000000 0.826172 0.001953 0.878906 0.029297 0.882812 0.033203 0.873047 0.041016 0.898438 0.062500 0.900391 0.076172 0.912109 0.087891 0.916016 0.099609 0.910156 0.099609 0.875000 0.101562 0.869141 0.105469 0.869141 0.105469 0.861328 0.109375 0.857422 0.107422 0.853516 0.087891 0.845703 0.050781 0.843750 0.039062 0.845703 0.035156 0.857422 0.033203 0.841797 0.029297 0.835938 0.015625 0.832031 0.007812 0.826172
2 0.658203 0.833984 0.656250 0.837891 0.658203 0.843750 0.654297 0.853516 0.656250 0.855469 0.654297 0.859375 0.656250 0.861328 0.654297 0.863281 0.654297 0.873047 0.656250 0.875000 0.681641 0.880859 0.685547 0.884766 0.685547 0.892578 0.689453 0.896484 0.697266 0.898438 0.708984 0.898438 0.710938 0.896484 0.730469 0.898438 0.742188 0.894531 0.744141 0.876953 0.746094 0.875000 0.746094 0.857422 0.744141 0.851562 0.732422 0.841797 0.724609 0.843750 0.710938 0.841797 0.707031 0.843750 0.705078 0.841797 0.695312 0.841797 0.687500 0.837891 0.679688 0.837891 0.671875 0.833984 0.664062 0.833984 0.662109 0.832031
2 0.253906 0.904297 0.250000 0.908203 0.250000 0.921875 0.248047 0.923828 0.248047 0.931641 0.246094 0.933594 0.246094 0.962891 0.248047 0.964844 0.248047 0.968750 0.251953 0.970703 0.279297 0.970703 0.281250 0.968750 0.287109 0.968750 0.296875 0.964844 0.298828 0.962891 0.298828 0.935547 0.285156 0.908203 0.285156 0.904297 0.281250 0.902344 0.259766 0.902344 0.257812 0.904297
2 0.677734 0.957031 0.679688 0.962891 0.677734 0.964844 0.681641 0.964844 0.689453 0.972656 0.689453 0.980469 0.718750 0.998047 0.724609 0.994141 0.726562 0.996094 0.730469 0.990234 0.734375 0.992188 0.734375 0.998047 0.736328 0.998047 0.738281 0.994141 0.732422 0.990234 0.742188 0.986328 0.751953 0.988281 0.787109 0.984375 0.785156 0.933594 0.779297 0.921875 0.767578 0.919922 0.695312 0.921875 0.689453 0.949219 0.685547 0.955078
2 0.238281 0.933594 0.234375 0.933594 0.232422 0.931641 0.218750 0.931641 0.216797 0.933594 0.216797 0.947266 0.214844 0.949219 0.214844 0.953125 0.210938 0.958984 0.208984 0.958984 0.207031 0.960938 0.203125 0.960938 0.205078 0.962891 0.203125 0.964844 0.203125 0.966797 0.205078 0.968750 0.203125 0.970703 0.203125 0.972656 0.205078 0.974609 0.203125 0.976562 0.203125 0.978516 0.218750 0.978516 0.220703 0.976562 0.230469 0.976562 0.232422 0.974609 0.236328 0.974609 0.240234 0.970703 0.240234 0.966797 0.242188 0.964844 0.242188 0.939453
2 0.882812 0.960938 0.880859 0.958984 0.873047 0.958984 0.871094 0.960938 0.855469 0.960938 0.853516 0.962891 0.841797 0.962891 0.839844 0.964844 0.839844 0.998047 0.886719 0.998047 0.886719 0.996094 0.884766 0.994141 0.884766 0.970703 0.882812 0.968750
2 0.529297 0.974609 0.529297 0.982422 0.527344 0.984375 0.527344 0.988281 0.533203 0.994141 0.535156 0.994141 0.537109 0.996094 0.541016 0.996094 0.542969 0.998047 0.574219 0.998047 0.574219 0.990234 0.576172 0.988281 0.576172 0.982422 0.578125 0.980469 0.578125 0.974609 0.576172 0.974609 0.574219 0.972656 0.572266 0.974609 0.570312 0.972656 0.568359 0.974609 0.566406 0.974609 0.564453 0.972656 0.562500 0.974609 0.560547 0.974609 0.558594 0.972656 0.556641 0.974609 0.550781 0.974609 0.548828 0.972656 0.546875 0.974609 0.541016 0.974609 0.539062 0.972656 0.537109 0.974609 0.533203 0.974609 0.531250 0.972656
5 0.998047 0.070312 0.505859 0.169922 0.521484 0.203125 0.748047 0.158203 0.775391 0.287109 0.730469 0.498047 0.646484 0.710938 0.601562 0.931641 0.365234 0.943359 0.263672 0.998047 0.597656 0.970703 0.595703 0.998047 0.634766 0.998047 0.658203 0.814453 0.810547 0.304688 0.783203 0.148438 0.998047 0.109375
5 0.251953 0.226562 0.244141 0.210938 0.212891 0.207031 0.142578 0.220703 0.123047 0.218750 0.033203 0.238281 0.000000 0.240234 0.000000 0.275391 0.039062 0.275391 0.130859 0.255859 0.146484 0.257812 0.214844 0.244141 0.232422 0.246094 0.244141 0.242188
5 0.292969 0.306641 0.275391 0.318359 0.242188 0.505859 0.197266 0.623047 0.160156 0.998047 0.201172 0.996094 0.234375 0.628906 0.275391 0.523438 0.312500 0.353516 0.310547 0.318359
