0 0.136719 0.091797 0.154297 0.107422 0.224609 0.126953 0.369141 0.109375 0.386719 0.119141 0.390625 0.146484 0.468750 0.154297 0.480469 0.136719 0.523438 0.136719 0.542969 0.080078 0.580078 0.058594 0.605469 0.060547 0.638672 0.085938 0.687500 0.076172 0.693359 0.064453 0.675781 0.021484 0.607422 0.017578 0.568359 0.033203 0.544922 0.000000 0.386719 0.003906 0.378906 0.023438 0.371094 0.011719 0.357422 0.041016 0.322266 0.031250 0.300781 0.003906 0.267578 0.000000 0.236328 0.013672 0.214844 0.003906 0.154297 0.033203
0 0.230469 0.003906 0.230469 0.005859 0.232422 0.005859 0.232422 0.003906
0 0.382812 0.167969 0.382812 0.171875 0.380859 0.173828 0.380859 0.195312 0.390625 0.207031 0.398438 0.207031 0.400391 0.208984 0.435547 0.208984 0.437500 0.207031 0.455078 0.207031 0.460938 0.203125 0.460938 0.193359 0.458984 0.191406 0.458984 0.183594 0.457031 0.179688 0.443359 0.173828 0.431641 0.162109 0.425781 0.162109 0.423828 0.160156 0.402344 0.160156 0.400391 0.162109 0.390625 0.162109
0 0.294922 0.613281 0.294922 0.615234 0.302734 0.615234 0.306641 0.619141 0.308594 0.619141 0.312500 0.623047 0.316406 0.623047 0.318359 0.621094 0.322266 0.621094 0.324219 0.623047 0.328125 0.623047 0.328125 0.621094 0.326172 0.619141 0.324219 0.619141 0.320312 0.615234 0.318359 0.615234 0.314453 0.611328 0.312500 0.611328 0.310547 0.613281 0.306641 0.613281 0.304688 0.611328 0.298828 0.611328 0.296875 0.613281
0 0.337891 0.621094 0.335938 0.621094 0.335938 0.623047
0 0.412109 0.744141 0.404297 0.710938 0.390625 0.697266 0.398438 0.664062 0.351562 0.630859 0.263672 0.640625 0.261719 0.654297 0.250000 0.646484 0.234375 0.669922 0.222656 0.652344 0.138672 0.646484 0.119141 0.638672 0.087891 0.652344 0.058594 0.644531 0.044922 0.650391 0.029297 0.691406 0.080078 0.716797 0.181641 0.726562 0.226562 0.757812 0.275391 0.761719 0.314453 0.775391 0.390625 0.769531 0.406250 0.761719
0 0.033203 0.710938 0.029297 0.712891 0.017578 0.710938 0.011719 0.714844 0.007812 0.712891 0.005859 0.716797 0.000000 0.718750 0.000000 0.826172 0.005859 0.828125 0.007812 0.833984 0.013672 0.833984 0.017578 0.828125 0.027344 0.824219 0.033203 0.818359 0.037109 0.802734 0.052734 0.791016 0.056641 0.765625 0.068359 0.744141 0.064453 0.726562 0.058594 0.728516 0.050781 0.718750 0.041016 0.716797
1 0.025391 0.162109 0.025391 0.169922 0.029297 0.177734 0.021484 0.191406 0.023438 0.195312 0.021484 0.199219 0.027344 0.201172 0.033203 0.210938 0.048828 0.214844 0.062500 0.214844 0.074219 0.224609 0.099609 0.236328 0.134766 0.238281 0.132812 0.234375 0.136719 0.232422 0.138672 0.212891 0.123047 0.199219 0.115234 0.187500 0.095703 0.185547 0.083984 0.171875 0.072266 0.167969 0.068359 0.164062 0.066406 0.152344 0.041016 0.152344 0.033203 0.154297
1 0.142578 0.216797 0.136719 0.242188 0.140625 0.248047 0.166016 0.250000 0.185547 0.259766 0.212891 0.259766 0.238281 0.285156 0.302734 0.283203 0.322266 0.291016 0.332031 0.304688 0.353516 0.302734 0.369141 0.289062 0.367188 0.263672 0.361328 0.255859 0.318359 0.244141 0.294922 0.248047 0.263672 0.246094 0.251953 0.236328 0.236328 0.234375 0.224609 0.226562 0.216797 0.212891 0.197266 0.195312 0.166016 0.199219 0.150391 0.214844
1 0.505859 0.316406 0.500000 0.324219 0.498047 0.339844 0.484375 0.359375 0.482422 0.367188 0.484375 0.376953 0.492188 0.378906 0.501953 0.388672 0.513672 0.392578 0.541016 0.412109 0.568359 0.416016 0.572266 0.396484 0.570312 0.326172 0.550781 0.312500 0.539062 0.312500 0.535156 0.316406 0.523438 0.320312 0.515625 0.320312
1 0.998047 0.312500 0.921875 0.328125 0.798828 0.367188 0.767578 0.390625 0.765625 0.402344 0.761719 0.390625 0.675781 0.398438 0.669922 0.500000 0.685547 0.503906 0.769531 0.490234 0.998047 0.416016
1 0.609375 0.355469 0.605469 0.363281 0.605469 0.378906 0.603516 0.380859 0.605469 0.451172 0.593750 0.470703 0.593750 0.476562 0.601562 0.482422 0.613281 0.484375 0.619141 0.490234 0.626953 0.490234 0.630859 0.472656 0.632812 0.373047 0.626953 0.363281 0.615234 0.355469
1 0.173828 0.769531 0.171875 0.794922 0.169922 0.796875 0.169922 0.824219 0.173828 0.826172 0.216797 0.826172 0.218750 0.828125 0.226562 0.826172 0.265625 0.826172 0.273438 0.824219 0.277344 0.818359 0.277344 0.789062 0.275391 0.781250 0.269531 0.777344 0.261719 0.777344 0.234375 0.769531 0.199219 0.769531 0.177734 0.765625
2 0.623047 0.304688 0.621094 0.306641 0.621094 0.328125 0.623047 0.330078 0.623047 0.332031 0.626953 0.335938 0.628906 0.335938 0.630859 0.337891 0.650391 0.337891 0.650391 0.330078 0.652344 0.328125 0.652344 0.324219 0.656250 0.318359 0.652344 0.314453 0.652344 0.310547 0.650391 0.308594 0.650391 0.304688
2 0.041016 0.357422 0.035156 0.365234 0.033203 0.375000 0.033203 0.404297 0.025391 0.416016 0.029297 0.435547 0.044922 0.437500 0.048828 0.441406 0.048828 0.453125 0.058594 0.464844 0.083984 0.468750 0.103516 0.466797 0.107422 0.457031 0.107422 0.408203 0.109375 0.406250 0.107422 0.384766 0.093750 0.382812 0.070312 0.365234 0.056641 0.365234 0.046875 0.357422
2 0.404297 0.468750 0.390625 0.490234 0.386719 0.517578 0.441406 0.539062 0.460938 0.541016 0.472656 0.558594 0.490234 0.560547 0.482422 0.593750 0.486328 0.611328 0.525391 0.628906 0.550781 0.628906 0.556641 0.638672 0.580078 0.648438 0.593750 0.644531 0.605469 0.603516 0.605469 0.554688 0.589844 0.539062 0.568359 0.539062 0.566406 0.572266 0.564453 0.539062 0.552734 0.531250 0.560547 0.529297 0.500000 0.494141 0.474609 0.490234 0.443359 0.470703
2 0.712891 0.544922 0.718750 0.562500 0.734375 0.564453 0.716797 0.572266 0.716797 0.597656 0.765625 0.597656 0.808594 0.591797 0.810547 0.570312 0.794922 0.562500 0.927734 0.562500 0.947266 0.552734 0.998047 0.560547 0.998047 0.523438 0.789062 0.525391 0.781250 0.529297 0.773438 0.556641 0.771484 0.533203 0.738281 0.527344
2 0.304688 0.558594 0.298828 0.564453 0.296875 0.568359 0.296875 0.574219 0.294922 0.576172 0.294922 0.589844 0.296875 0.591797 0.296875 0.595703 0.302734 0.599609 0.312500 0.601562 0.332031 0.613281 0.337891 0.613281 0.339844 0.615234 0.355469 0.615234 0.357422 0.613281 0.357422 0.605469 0.359375 0.603516 0.359375 0.595703 0.361328 0.593750 0.361328 0.585938 0.363281 0.583984 0.363281 0.580078 0.359375 0.576172 0.357422 0.570312 0.351562 0.564453 0.343750 0.560547 0.335938 0.560547 0.333984 0.558594 0.328125 0.558594 0.320312 0.554688 0.314453 0.554688
2 0.666016 0.619141 0.667969 0.628906 0.673828 0.630859 0.669922 0.634766 0.669922 0.662109 0.671875 0.667969 0.677734 0.669922 0.691406 0.667969 0.720703 0.671875 0.724609 0.640625 0.718750 0.636719 0.720703 0.634766 0.775391 0.638672 0.785156 0.636719 0.792969 0.630859 0.791016 0.611328 0.777344 0.611328 0.761719 0.603516 0.712891 0.603516 0.707031 0.599609 0.683594 0.597656 0.669922 0.601562 0.671875 0.611328
2 0.824219 0.675781 0.824219 0.683594 0.822266 0.685547 0.822266 0.691406 0.820312 0.693359 0.820312 0.718750 0.822266 0.720703 0.828125 0.720703 0.830078 0.722656 0.835938 0.722656 0.837891 0.724609 0.849609 0.724609 0.851562 0.726562 0.857422 0.726562 0.859375 0.724609 0.873047 0.724609 0.876953 0.720703 0.876953 0.718750 0.880859 0.714844 0.880859 0.687500 0.882812 0.685547 0.880859 0.677734 0.873047 0.677734 0.871094 0.675781 0.833984 0.675781 0.832031 0.673828
2 0.587891 0.728516 0.582031 0.726562 0.568359 0.732422 0.550781 0.732422 0.548828 0.734375 0.529297 0.732422 0.525391 0.734375 0.523438 0.740234 0.523438 0.767578 0.521484 0.769531 0.521484 0.804688 0.523438 0.808594 0.548828 0.810547 0.550781 0.812500 0.580078 0.812500 0.582031 0.814453 0.591797 0.814453 0.593750 0.812500 0.593750 0.804688 0.595703 0.802734 0.595703 0.736328
2 0.640625 0.759766 0.640625 0.771484 0.646484 0.775391 0.642578 0.779297 0.644531 0.804688 0.701172 0.804688 0.703125 0.785156 0.697266 0.781250 0.699219 0.779297 0.728516 0.781250 0.748047 0.785156 0.751953 0.781250 0.751953 0.751953 0.746094 0.744141 0.740234 0.742188 0.652344 0.736328
2 0.906250 0.779297 0.904297 0.775391 0.884766 0.769531 0.871094 0.761719 0.837891 0.761719 0.812500 0.765625 0.808594 0.769531 0.779297 0.763672 0.755859 0.765625 0.755859 0.791016 0.800781 0.796875 0.810547 0.794922 0.839844 0.800781 0.873047 0.802734 0.884766 0.806641 0.904297 0.804688
2 0.910156 0.773438 0.910156 0.798828 0.912109 0.802734 0.917969 0.806641 0.941406 0.814453 0.998047 0.816406 0.998047 0.777344 0.994141 0.775391 0.980469 0.775391 0.964844 0.769531 0.917969 0.769531
2 0.826172 0.802734 0.820312 0.806641 0.818359 0.812500 0.812500 0.818359 0.812500 0.828125 0.816406 0.837891 0.812500 0.841797 0.800781 0.841797 0.794922 0.845703 0.796875 0.863281 0.804688 0.867188 0.822266 0.867188 0.824219 0.863281 0.828125 0.871094 0.828125 0.882812 0.830078 0.884766 0.861328 0.886719 0.865234 0.882812 0.867188 0.808594 0.865234 0.806641
2 0.927734 0.816406 0.908203 0.814453 0.904297 0.820312 0.908203 0.832031 0.906250 0.869141 0.875000 0.871094 0.875000 0.900391 0.902344 0.906250 0.902344 0.923828 0.839844 0.921875 0.835938 0.925781 0.832031 0.958984 0.837891 0.992188 0.869141 0.994141 0.878906 0.988281 0.894531 0.988281 0.900391 0.974609 0.908203 0.988281 0.929688 0.984375 0.925781 0.955078 0.929688 0.910156 0.937500 0.890625 0.937500 0.855469 0.933594 0.843750 0.914062 0.845703 0.908203 0.839844 0.921875 0.828125 0.925781 0.832031
2 0.642578 0.816406 0.640625 0.830078 0.636719 0.839844 0.636719 0.876953 0.640625 0.880859 0.654297 0.882812 0.656250 0.884766 0.679688 0.884766 0.681641 0.886719 0.693359 0.886719 0.699219 0.884766 0.695312 0.880859 0.695312 0.871094 0.693359 0.869141 0.693359 0.849609 0.695312 0.847656 0.695312 0.835938 0.699219 0.828125 0.699219 0.820312 0.697266 0.818359 0.683594 0.818359 0.681641 0.816406
2 0.972656 0.820312 0.972656 0.931641 0.998047 0.931641 0.998047 0.820312
2 0.537109 0.871094 0.535156 0.873047 0.537109 0.890625 0.533203 0.904297 0.533203 0.941406 0.535156 0.943359 0.535156 0.949219 0.541016 0.953125 0.585938 0.951172 0.591797 0.941406 0.591797 0.869141 0.587891 0.867188 0.554688 0.867188 0.552734 0.869141
2 0.660156 0.890625 0.658203 0.892578 0.660156 0.896484 0.658203 0.947266 0.664062 0.960938 0.701172 0.964844 0.703125 0.949219 0.705078 0.966797 0.710938 0.974609 0.730469 0.976562 0.738281 0.980469 0.738281 0.970703 0.746094 0.955078 0.748047 0.939453 0.746094 0.910156 0.726562 0.908203 0.718750 0.898438 0.714844 0.900391 0.712891 0.894531 0.707031 0.892578
2 0.818359 0.900391 0.812500 0.900391 0.810547 0.902344 0.798828 0.900391 0.789062 0.904297 0.785156 0.908203 0.785156 0.935547 0.783203 0.937500 0.781250 0.949219 0.775391 0.957031 0.771484 0.966797 0.773438 0.968750 0.775391 0.980469 0.785156 0.988281 0.810547 0.988281 0.812500 0.986328 0.820312 0.986328 0.826172 0.982422 0.826172 0.949219 0.822266 0.943359 0.822266 0.904297
2 0.998047 0.939453 0.994141 0.939453 0.992188 0.941406 0.968750 0.941406 0.968750 0.990234 0.970703 0.992188 0.990234 0.992188 0.992188 0.994141 0.998047 0.992188
3 0.783203 0.003906 0.755859 0.066406 0.759766 0.082031 0.765625 0.078125 0.765625 0.103516 0.759766 0.105469 0.765625 0.109375 0.765625 0.154297 0.792969 0.171875 0.810547 0.210938 0.855469 0.228516 0.925781 0.214844 0.962891 0.189453 0.998047 0.187500 0.998047 0.001953 0.957031 0.000000 0.947266 0.013672 0.923828 0.013672 0.914062 0.000000
5 0.755859 0.000000 0.660156 0.142578 0.636719 0.517578 0.000000 0.281250 0.638672 0.542969 0.591797 0.998047 0.621094 0.968750 0.658203 0.546875 0.998047 0.445312 0.984375 0.423828 0.658203 0.525391 0.681641 0.152344
