0 0.203125 0.000000 0.158203 0.048828 0.171875 0.083984 0.257812 0.025391 0.234375 0.113281 0.185547 0.115234 0.205078 0.193359 0.179688 0.279297 0.154297 0.275391 0.146484 0.242188 0.109375 0.240234 0.076172 0.156250 0.000000 0.109375 0.000000 0.751953 0.017578 0.812500 0.060547 0.849609 0.427734 0.914062 0.298828 0.013672
0 0.369141 0.031250 0.367188 0.037109 0.369141 0.042969 0.378906 0.050781 0.373047 0.066406 0.373047 0.078125 0.378906 0.087891 0.384766 0.089844 0.390625 0.087891 0.394531 0.083984 0.396484 0.074219 0.408203 0.062500 0.417969 0.066406 0.423828 0.076172 0.431641 0.082031 0.441406 0.083984 0.451172 0.078125 0.457031 0.060547 0.455078 0.058594 0.457031 0.048828 0.453125 0.031250 0.449219 0.027344 0.443359 0.025391 0.437500 0.027344 0.433594 0.025391 0.431641 0.027344 0.423828 0.023438 0.396484 0.023438 0.394531 0.021484 0.384766 0.027344 0.380859 0.025391 0.373047 0.027344
0 0.228516 0.050781 0.228516 0.052734 0.232422 0.052734 0.232422 0.050781
0 0.503906 0.058594 0.488281 0.058594 0.464844 0.078125 0.458984 0.099609 0.470703 0.111328 0.457031 0.125000 0.449219 0.125000 0.441406 0.105469 0.425781 0.105469 0.417969 0.119141 0.421875 0.132812 0.400391 0.156250 0.369141 0.148438 0.353516 0.160156 0.353516 0.183594 0.373047 0.193359 0.369141 0.207031 0.375000 0.216797 0.392578 0.220703 0.425781 0.205078 0.431641 0.212891 0.462891 0.218750 0.474609 0.214844 0.484375 0.197266 0.494141 0.207031 0.513672 0.210938 0.552734 0.203125 0.552734 0.191406 0.509766 0.160156 0.515625 0.150391 0.539062 0.138672 0.544922 0.117188 0.533203 0.105469 0.515625 0.105469 0.498047 0.115234 0.517578 0.085938
2 0.574219 0.011719 0.570312 0.015625 0.570312 0.023438 0.568359 0.025391 0.568359 0.033203 0.570312 0.035156 0.570312 0.058594 0.566406 0.064453 0.564453 0.076172 0.582031 0.083984 0.607422 0.083984 0.609375 0.082031 0.615234 0.082031 0.617188 0.076172 0.617188 0.062500 0.625000 0.052734 0.630859 0.050781 0.632812 0.044922 0.632812 0.037109 0.634766 0.035156 0.632812 0.019531 0.628906 0.017578 0.619141 0.017578 0.617188 0.015625 0.607422 0.015625 0.605469 0.013672
2 0.728516 0.035156 0.726562 0.048828 0.716797 0.058594 0.716797 0.070312 0.720703 0.083984 0.718750 0.093750 0.720703 0.097656 0.728516 0.101562 0.785156 0.107422 0.789062 0.103516 0.789062 0.097656 0.791016 0.095703 0.791016 0.082031 0.792969 0.080078 0.792969 0.068359 0.794922 0.064453 0.785156 0.050781 0.783203 0.033203 0.777344 0.029297 0.767578 0.029297 0.765625 0.027344 0.746094 0.027344 0.738281 0.035156
2 0.673828 0.123047 0.671875 0.158203 0.679688 0.173828 0.675781 0.187500 0.687500 0.195312 0.685547 0.201172 0.675781 0.201172 0.681641 0.207031 0.935547 0.234375 0.953125 0.207031 0.957031 0.177734 0.949219 0.154297 0.882812 0.148438 0.853516 0.138672 0.779297 0.128906 0.755859 0.119141 0.683594 0.117188
2 0.505859 0.242188 0.470703 0.238281 0.466797 0.285156 0.484375 0.289062 0.468750 0.291016 0.462891 0.310547 0.449219 0.302734 0.458984 0.294922 0.460938 0.267578 0.451172 0.263672 0.445312 0.244141 0.429688 0.240234 0.394531 0.251953 0.382812 0.277344 0.382812 0.298828 0.404297 0.318359 0.423828 0.320312 0.423828 0.339844 0.431641 0.343750 0.457031 0.341797 0.462891 0.335938 0.472656 0.343750 0.511719 0.339844 0.519531 0.324219 0.519531 0.312500 0.501953 0.285156
2 0.513672 0.365234 0.513672 0.371094 0.517578 0.380859 0.513672 0.394531 0.517578 0.404297 0.537109 0.406250 0.554688 0.412109 0.583984 0.412109 0.589844 0.414062 0.591797 0.408203 0.591797 0.371094 0.589844 0.367188 0.576172 0.365234 0.574219 0.363281 0.546875 0.363281 0.544922 0.361328 0.515625 0.363281
2 0.498047 0.392578 0.484375 0.394531 0.470703 0.410156 0.462891 0.414062 0.445312 0.414062 0.441406 0.417969 0.441406 0.429688 0.447266 0.445312 0.447266 0.451172 0.451172 0.462891 0.457031 0.470703 0.482422 0.470703 0.484375 0.468750 0.492188 0.468750 0.509766 0.462891 0.513672 0.458984 0.509766 0.435547 0.503906 0.423828 0.505859 0.410156 0.503906 0.408203 0.503906 0.402344
2 0.595703 0.421875 0.591797 0.417969 0.554688 0.417969 0.552734 0.419922 0.541016 0.419922 0.539062 0.421875 0.533203 0.421875 0.531250 0.423828 0.521484 0.423828 0.519531 0.425781 0.519531 0.445312 0.521484 0.447266 0.521484 0.457031 0.525391 0.460938 0.539062 0.460938 0.546875 0.457031 0.560547 0.457031 0.562500 0.455078 0.566406 0.455078 0.574219 0.449219 0.576172 0.443359 0.582031 0.437500 0.591797 0.437500 0.595703 0.431641
2 0.468750 0.476562 0.468750 0.517578 0.472656 0.529297 0.478516 0.535156 0.486328 0.529297 0.496094 0.529297 0.515625 0.523438 0.564453 0.521484 0.574219 0.517578 0.576172 0.513672 0.574219 0.496094 0.558594 0.474609 0.552734 0.472656 0.496094 0.472656 0.494141 0.474609
2 0.412109 0.496094 0.412109 0.521484 0.414062 0.523438 0.414062 0.527344 0.433594 0.527344 0.435547 0.529297 0.447266 0.529297 0.447266 0.501953 0.443359 0.496094
2 0.726562 0.546875 0.701172 0.531250 0.675781 0.531250 0.667969 0.535156 0.646484 0.531250 0.630859 0.533203 0.628906 0.544922 0.636719 0.556641 0.636719 0.576172 0.623047 0.580078 0.617188 0.587891 0.617188 0.634766 0.626953 0.638672 0.640625 0.638672 0.654297 0.630859 0.666016 0.619141 0.675781 0.619141 0.683594 0.613281 0.685547 0.607422 0.693359 0.603516 0.701172 0.591797 0.707031 0.589844 0.705078 0.580078 0.716797 0.574219 0.720703 0.566406 0.724609 0.570312 0.730469 0.566406
2 0.455078 0.603516 0.449219 0.609375 0.445312 0.617188 0.449219 0.626953 0.449219 0.644531 0.451172 0.646484 0.451172 0.656250 0.453125 0.658203 0.453125 0.669922 0.457031 0.671875 0.492188 0.669922 0.494141 0.667969 0.492188 0.666016 0.490234 0.648438 0.484375 0.648438 0.484375 0.656250 0.482422 0.658203 0.478516 0.656250 0.478516 0.640625 0.476562 0.638672 0.476562 0.632812 0.478516 0.630859 0.478516 0.626953 0.484375 0.623047 0.484375 0.609375 0.480469 0.605469 0.476562 0.607422 0.468750 0.607422 0.460938 0.603516
2 0.539062 0.669922 0.539062 0.675781 0.541016 0.677734 0.542969 0.677734 0.544922 0.679688 0.552734 0.679688 0.554688 0.677734 0.564453 0.677734 0.566406 0.675781 0.568359 0.675781 0.568359 0.669922 0.566406 0.667969 0.566406 0.666016 0.564453 0.664062 0.546875 0.664062 0.544922 0.666016 0.542969 0.666016
2 0.501953 0.675781 0.501953 0.681641 0.503906 0.683594 0.503906 0.691406 0.505859 0.693359 0.525391 0.693359 0.527344 0.691406 0.527344 0.675781 0.525391 0.673828 0.503906 0.673828
2 0.560547 0.748047 0.558594 0.748047 0.556641 0.746094 0.546875 0.746094 0.544922 0.748047 0.531250 0.748047 0.529297 0.750000 0.529297 0.761719 0.527344 0.763672 0.527344 0.773438 0.531250 0.777344 0.535156 0.777344 0.537109 0.775391 0.544922 0.775391 0.546875 0.773438 0.552734 0.773438 0.554688 0.771484 0.558594 0.771484 0.560547 0.769531
2 0.521484 0.769531 0.513672 0.765625 0.511719 0.761719 0.500000 0.751953 0.498047 0.753906 0.490234 0.753906 0.488281 0.755859 0.478516 0.757812 0.470703 0.763672 0.457031 0.765625 0.453125 0.769531 0.453125 0.779297 0.455078 0.781250 0.455078 0.789062 0.457031 0.791016 0.457031 0.806641 0.462891 0.814453 0.466797 0.814453 0.468750 0.812500 0.480469 0.812500 0.482422 0.810547 0.492188 0.810547 0.494141 0.808594 0.500000 0.808594 0.509766 0.802734 0.515625 0.794922 0.523438 0.791016 0.523438 0.775391 0.521484 0.773438
2 0.474609 0.900391 0.472656 0.902344 0.472656 0.910156 0.474609 0.912109 0.476562 0.931641 0.478516 0.933594 0.478516 0.945312 0.480469 0.947266 0.480469 0.953125 0.482422 0.955078 0.484375 0.966797 0.486328 0.968750 0.490234 0.968750 0.492188 0.966797 0.501953 0.966797 0.503906 0.964844 0.519531 0.964844 0.523438 0.962891 0.523438 0.955078 0.521484 0.953125 0.521484 0.929688 0.513672 0.919922 0.513672 0.916016 0.500000 0.902344
2 0.099609 0.943359 0.099609 0.976562 0.255859 0.998047 0.316406 0.998047 0.324219 0.970703 0.322266 0.955078 0.244141 0.947266 0.214844 0.939453 0.187500 0.939453 0.130859 0.927734 0.105469 0.927734
3 0.000000 0.000000 0.000000 0.023438 0.009766 0.044922 0.009766 0.074219 0.000000 0.083984 0.000000 0.097656 0.050781 0.121094 0.054688 0.140625 0.082031 0.154297 0.105469 0.197266 0.109375 0.234375 0.150391 0.238281 0.160156 0.271484 0.175781 0.275391 0.187500 0.212891 0.203125 0.185547 0.179688 0.128906 0.179688 0.111328 0.208984 0.097656 0.205078 0.082031 0.166016 0.087891 0.152344 0.058594 0.160156 0.031250 0.187500 0.000000
3 0.623047 0.117188 0.566406 0.117188 0.541016 0.156250 0.544922 0.183594 0.562500 0.197266 0.562500 0.205078 0.552734 0.216797 0.537109 0.308594 0.537109 0.337891 0.541016 0.339844 0.591797 0.337891 0.630859 0.326172 0.644531 0.177734 0.642578 0.156250 0.632812 0.154297 0.630859 0.125000
4 0.675781 0.214844 0.669922 0.279297 0.662109 0.306641 0.667969 0.312500 0.697266 0.316406 0.705078 0.310547 0.724609 0.310547 0.730469 0.306641 0.765625 0.308594 0.789062 0.314453 0.808594 0.312500 0.818359 0.255859 0.816406 0.228516 0.738281 0.220703 0.701172 0.210938 0.679688 0.210938
4 0.818359 0.302734 0.835938 0.310547 0.851562 0.310547 0.890625 0.300781 0.908203 0.302734 0.951172 0.253906 0.951172 0.246094 0.919922 0.238281 0.828125 0.228516 0.822266 0.238281
4 0.998047 0.234375 0.992188 0.244141 0.974609 0.261719 0.966797 0.275391 0.955078 0.287109 0.947266 0.300781 0.949219 0.312500 0.976562 0.337891 0.988281 0.361328 0.994141 0.367188 0.998047 0.367188
4 0.941406 0.324219 0.921875 0.328125 0.843750 0.427734 0.820312 0.470703 0.787109 0.505859 0.787109 0.529297 0.822266 0.578125 0.832031 0.576172 0.865234 0.548828 0.890625 0.511719 0.992188 0.394531 0.982422 0.367188
4 0.998047 0.408203 0.984375 0.414062 0.982422 0.427734 0.890625 0.535156 0.833984 0.583984 0.841797 0.607422 0.876953 0.650391 0.886719 0.648438 0.925781 0.615234 0.947266 0.583984 0.955078 0.578125 0.976562 0.576172 0.998047 0.556641
4 0.759766 0.552734 0.761719 0.554688 0.763672 0.554688 0.765625 0.552734
4 0.751953 0.556641 0.751953 0.562500 0.750000 0.564453 0.755859 0.564453 0.757812 0.566406 0.759766 0.566406 0.761719 0.564453 0.763672 0.564453 0.763672 0.562500 0.761719 0.562500 0.755859 0.556641 0.755859 0.554688 0.753906 0.554688
4 0.755859 0.570312 0.753906 0.570312 0.750000 0.574219 0.750000 0.576172 0.744141 0.580078 0.742188 0.578125 0.736328 0.578125 0.736328 0.580078 0.734375 0.582031 0.734375 0.583984 0.736328 0.583984 0.738281 0.585938 0.738281 0.587891 0.734375 0.591797 0.734375 0.595703 0.748047 0.595703 0.748047 0.593750 0.746094 0.593750 0.744141 0.591797 0.742188 0.591797 0.740234 0.593750 0.736328 0.589844 0.738281 0.587891 0.740234 0.587891 0.740234 0.585938 0.746094 0.580078 0.748047 0.580078 0.748047 0.578125 0.750000 0.576172 0.751953 0.576172 0.755859 0.572266
4 0.722656 0.603516 0.720703 0.605469 0.720703 0.615234 0.720703 0.613281 0.724609 0.609375 0.724609 0.605469
4 0.738281 0.603516 0.736328 0.603516 0.734375 0.605469 0.734375 0.607422 0.736328 0.607422 0.738281 0.605469
4 0.748047 0.609375 0.746094 0.609375 0.746094 0.611328
4 0.968750 0.626953 0.945312 0.625000 0.914062 0.646484 0.896484 0.664062 0.888672 0.693359 0.896484 0.716797 0.929688 0.763672 0.998047 0.880859 0.998047 0.615234
4 0.998047 0.894531 0.873047 0.703125 0.787109 0.769531 0.781250 0.794922 0.796875 0.837891 0.775391 0.859375 0.740234 0.875000 0.757812 0.863281 0.748047 0.847656 0.777344 0.822266 0.777344 0.792969 0.728516 0.787109 0.628906 0.859375 0.582031 0.914062 0.580078 0.949219 0.609375 0.960938 0.607422 0.998047 0.998047 0.998047
4 0.771484 0.835938 0.769531 0.835938 0.769531 0.837891
5 0.296875 0.000000 0.447266 0.914062 0.384766 0.378906 0.625000 0.355469 0.546875 0.888672 0.593750 0.998047 0.568359 0.894531 0.671875 0.123047 0.998047 0.138672 0.691406 0.101562 0.681641 0.001953 0.632812 0.326172 0.376953 0.355469 0.347656 0.080078
