0 0.255859 0.257812 0.255859 0.263672 0.253906 0.267578 0.255859 0.269531 0.255859 0.279297 0.257812 0.283203 0.261719 0.287109 0.265625 0.287109 0.271484 0.291016 0.275391 0.291016 0.283203 0.294922 0.298828 0.294922 0.300781 0.292969 0.306641 0.292969 0.310547 0.289062 0.312500 0.281250 0.320312 0.277344 0.324219 0.271484 0.324219 0.263672 0.318359 0.257812 0.310547 0.253906 0.300781 0.242188 0.292969 0.238281 0.281250 0.238281 0.277344 0.240234 0.267578 0.251953
0 0.482422 0.267578 0.339844 0.271484 0.318359 0.453125 0.322266 0.652344 0.289062 0.671875 0.291016 0.689453 0.337891 0.718750 0.275391 0.708984 0.238281 0.748047 0.251953 0.775391 0.337891 0.820312 0.371094 0.808594 0.384766 0.769531 0.345703 0.736328 0.355469 0.724609 0.447266 0.736328 0.498047 0.722656 0.494141 0.691406 0.462891 0.687500 0.457031 0.652344 0.492188 0.613281 0.488281 0.525391 0.470703 0.511719 0.478516 0.480469 0.425781 0.447266 0.466797 0.419922 0.466797 0.359375 0.443359 0.332031 0.498047 0.318359 0.505859 0.292969
0 0.539062 0.433594 0.523438 0.541016 0.542969 0.564453 0.595703 0.544922 0.708984 0.568359 0.736328 0.552734 0.724609 0.683594 0.662109 0.705078 0.687500 0.734375 0.681641 0.816406 0.708984 0.843750 0.658203 0.906250 0.689453 0.976562 0.742188 0.939453 0.746094 0.998047 0.998047 0.998047 0.998047 0.820312 0.951172 0.849609 0.871094 0.849609 0.847656 0.820312 0.841797 0.849609 0.804688 0.832031 0.800781 0.736328 0.824219 0.726562 0.812500 0.666016 0.851562 0.621094 0.820312 0.599609 0.839844 0.597656 0.833984 0.550781 0.851562 0.558594 0.867188 0.482422 0.951172 0.490234 0.816406 0.472656 0.748047 0.513672 0.789062 0.457031 0.730469 0.421875
0 0.482422 0.501953 0.486328 0.505859 0.492188 0.505859 0.494141 0.503906 0.492188 0.501953 0.492188 0.500000 0.490234 0.498047 0.486328 0.498047
0 0.994141 0.505859 0.996094 0.505859 0.998047 0.507812 0.996094 0.505859
0 0.501953 0.546875 0.500000 0.548828 0.501953 0.550781 0.503906 0.548828
0 0.830078 0.687500 0.830078 0.689453 0.832031 0.689453
0 0.832031 0.695312 0.830078 0.695312 0.830078 0.697266
0 0.845703 0.695312 0.843750 0.695312 0.843750 0.697266
0 0.451172 0.757812 0.445312 0.757812 0.443359 0.759766 0.437500 0.759766 0.435547 0.761719 0.427734 0.763672 0.417969 0.771484 0.417969 0.775391 0.416016 0.777344 0.416016 0.800781 0.417969 0.802734 0.417969 0.814453 0.419922 0.818359 0.429688 0.826172 0.451172 0.826172 0.453125 0.824219 0.457031 0.824219 0.464844 0.814453 0.464844 0.810547 0.470703 0.804688 0.470703 0.800781 0.472656 0.798828 0.472656 0.792969 0.474609 0.791016 0.474609 0.773438 0.466797 0.765625 0.458984 0.763672
0 0.593750 0.898438 0.580078 0.904297 0.570312 0.914062 0.570312 0.916016 0.566406 0.919922 0.564453 0.941406 0.566406 0.943359 0.566406 0.953125 0.572266 0.962891 0.580078 0.962891 0.593750 0.968750 0.603516 0.968750 0.607422 0.964844 0.609375 0.958984 0.621094 0.949219 0.623047 0.937500 0.625000 0.935547 0.625000 0.923828 0.603516 0.900391 0.599609 0.898438
1 0.095703 0.000000 0.000000 0.000000 0.000000 0.455078 0.017578 0.439453 0.019531 0.341797 0.044922 0.240234 0.035156 0.236328 0.058594 0.193359 0.048828 0.169922 0.054688 0.119141 0.074219 0.107422 0.082031 0.070312 0.072266 0.042969 0.089844 0.033203
1 0.523438 0.132812 0.537109 0.205078 0.566406 0.222656 0.687500 0.240234 0.691406 0.212891 0.671875 0.193359 0.669922 0.164062 0.685547 0.144531 0.720703 0.144531 0.753906 0.167969 0.751953 0.197266 0.722656 0.220703 0.728516 0.250000 0.847656 0.259766 0.890625 0.273438 0.902344 0.251953 0.925781 0.248047 0.935547 0.150391 0.845703 0.105469 0.763672 0.113281 0.638672 0.101562 0.619141 0.121094 0.591797 0.105469 0.541016 0.107422
1 0.013672 0.876953 0.009766 0.884766 0.007812 0.919922 0.001953 0.929688 0.001953 0.935547 0.007812 0.941406 0.019531 0.945312 0.041016 0.945312 0.052734 0.949219 0.062500 0.949219 0.064453 0.947266 0.064453 0.925781 0.066406 0.923828 0.066406 0.914062 0.068359 0.912109 0.066406 0.892578 0.058594 0.886719 0.050781 0.886719 0.044922 0.880859 0.033203 0.876953
2 0.337891 0.115234 0.333984 0.121094 0.332031 0.142578 0.330078 0.144531 0.330078 0.158203 0.328125 0.160156 0.328125 0.175781 0.330078 0.179688 0.337891 0.183594 0.357422 0.187500 0.363281 0.181641 0.369141 0.179688 0.388672 0.177734 0.396484 0.169922 0.398438 0.146484 0.400391 0.144531 0.402344 0.132812 0.392578 0.123047 0.376953 0.117188 0.361328 0.115234 0.359375 0.113281 0.341797 0.113281
2 0.103516 0.234375 0.097656 0.244141 0.091797 0.291016 0.091797 0.320312 0.097656 0.326172 0.150391 0.335938 0.169922 0.335938 0.179688 0.332031 0.187500 0.322266 0.187500 0.310547 0.191406 0.302734 0.191406 0.275391 0.187500 0.257812 0.177734 0.253906 0.169922 0.240234 0.160156 0.238281 0.123047 0.240234 0.111328 0.234375
2 0.210938 0.248047 0.207031 0.255859 0.207031 0.277344 0.193359 0.386719 0.199219 0.392578 0.232422 0.396484 0.240234 0.386719 0.244141 0.351562 0.248047 0.345703 0.253906 0.269531 0.251953 0.259766 0.248047 0.255859
2 0.863281 0.328125 0.857422 0.335938 0.851562 0.439453 0.855469 0.445312 0.873047 0.451172 0.871094 0.468750 0.882812 0.474609 0.998047 0.494141 0.998047 0.453125 0.876953 0.435547 0.880859 0.363281 0.876953 0.345703 0.882812 0.333984 0.876953 0.328125
2 0.083984 0.343750 0.078125 0.351562 0.076172 0.376953 0.082031 0.382812 0.091797 0.382812 0.105469 0.388672 0.097656 0.396484 0.089844 0.435547 0.080078 0.437500 0.080078 0.443359 0.103516 0.458984 0.162109 0.464844 0.177734 0.433594 0.177734 0.402344 0.173828 0.398438 0.187500 0.388672 0.187500 0.378906 0.183594 0.373047 0.185547 0.361328 0.166016 0.353516
2 0.089844 0.501953 0.085938 0.519531 0.087891 0.533203 0.082031 0.541016 0.087891 0.554688 0.085938 0.568359 0.089844 0.572266 0.123047 0.574219 0.138672 0.582031 0.175781 0.587891 0.203125 0.585938 0.212891 0.537109 0.212891 0.517578 0.208984 0.513672 0.179688 0.511719 0.169922 0.505859 0.158203 0.505859 0.154297 0.501953 0.117188 0.496094 0.095703 0.496094
2 0.611328 0.562500 0.605469 0.611328 0.605469 0.636719 0.609375 0.640625 0.708984 0.642578 0.714844 0.636719 0.716797 0.599609 0.720703 0.583984 0.720703 0.572266 0.716797 0.568359 0.708984 0.570312 0.693359 0.566406 0.662109 0.566406 0.623047 0.558594
2 0.037109 0.591797 0.031250 0.609375 0.031250 0.658203 0.023438 0.701172 0.025391 0.732422 0.111328 0.742188 0.142578 0.751953 0.187500 0.753906 0.195312 0.746094 0.197266 0.718750 0.189453 0.718750 0.185547 0.707031 0.195312 0.705078 0.203125 0.689453 0.207031 0.617188 0.195312 0.609375
2 0.617188 0.699219 0.611328 0.705078 0.607422 0.900391 0.625000 0.921875 0.638672 0.923828 0.644531 0.919922 0.644531 0.832031 0.652344 0.816406 0.652344 0.804688 0.646484 0.796875 0.646484 0.744141 0.650391 0.726562 0.648438 0.707031 0.642578 0.701172
2 0.007812 0.763672 0.007812 0.791016 0.015625 0.796875 0.029297 0.796875 0.031250 0.798828 0.039062 0.798828 0.041016 0.800781 0.046875 0.800781 0.056641 0.804688 0.068359 0.804688 0.070312 0.806641 0.089844 0.806641 0.091797 0.804688 0.089844 0.789062 0.097656 0.767578 0.095703 0.763672 0.087891 0.757812 0.048828 0.755859 0.046875 0.753906 0.029297 0.753906 0.027344 0.751953 0.021484 0.751953
2 0.201172 0.802734 0.195312 0.810547 0.193359 0.871094 0.189453 0.882812 0.187500 0.916016 0.195312 0.923828 0.218750 0.927734 0.226562 0.919922 0.226562 0.912109 0.232422 0.900391 0.248047 0.916016 0.271484 0.916016 0.285156 0.896484 0.285156 0.880859 0.279297 0.875000 0.232422 0.875000 0.228516 0.869141 0.228516 0.814453 0.212891 0.810547
2 0.365234 0.886719 0.355469 0.886719 0.341797 0.898438 0.322266 0.896484 0.314453 0.902344 0.314453 0.912109 0.308594 0.923828 0.308594 0.960938 0.312500 0.966797 0.326172 0.974609 0.337891 0.978516 0.355469 0.978516 0.359375 0.974609 0.361328 0.955078 0.363281 0.953125 0.363281 0.937500 0.365234 0.935547 0.365234 0.917969 0.371094 0.900391 0.369141 0.890625
2 0.001953 0.988281 0.013672 0.998047 0.115234 0.998047 0.121094 0.968750 0.103516 0.960938 0.111328 0.955078 0.125000 0.964844 0.164062 0.978516 0.177734 0.978516 0.181641 0.974609 0.173828 0.955078 0.175781 0.949219 0.130859 0.919922 0.115234 0.923828 0.107422 0.908203 0.076172 0.906250 0.070312 0.910156 0.066406 0.925781 0.066406 0.949219 0.076172 0.957031 0.044922 0.957031 0.009766 0.964844 0.001953 0.974609
2 0.412109 0.937500 0.406250 0.943359 0.406250 0.951172 0.408203 0.953125 0.408203 0.960938 0.406250 0.962891 0.406250 0.986328 0.414062 0.994141 0.417969 0.996094 0.437500 0.996094 0.439453 0.994141 0.445312 0.994141 0.451172 0.988281 0.451172 0.980469 0.458984 0.964844 0.458984 0.953125 0.449219 0.941406 0.429688 0.941406 0.427734 0.939453
2 0.617188 0.955078 0.609375 0.962891 0.609375 0.964844 0.607422 0.966797 0.607422 0.970703 0.605469 0.972656 0.605469 0.998047 0.644531 0.998047 0.644531 0.960938 0.646484 0.958984 0.642578 0.955078 0.632812 0.955078 0.630859 0.953125 0.623047 0.953125 0.621094 0.955078
4 0.113281 0.195312 0.142578 0.232422 0.267578 0.250000 0.302734 0.224609 0.285156 0.199219 0.310547 0.197266 0.294922 0.177734 0.310547 0.167969 0.302734 0.123047 0.324219 0.095703 0.376953 0.087891 0.384766 0.033203 0.699219 0.058594 0.972656 0.109375 0.986328 0.078125 0.945312 0.054688 0.941406 0.000000 0.238281 0.000000 0.316406 0.023438 0.185547 0.017578 0.119141 0.146484
4 0.964844 0.039062 0.962891 0.041016 0.962891 0.044922 0.964844 0.046875 0.966797 0.044922 0.966797 0.041016
5 0.130859 0.000000 0.109375 0.003906 0.068359 0.214844 0.042969 0.458984 0.007812 0.599609 0.007812 0.736328 0.021484 0.720703 0.029297 0.609375 0.064453 0.462891
5 0.000000 0.812500 0.000000 0.833984 0.019531 0.853516 0.048828 0.857422 0.087891 0.894531 0.169922 0.941406 0.185547 0.966797 0.302734 0.996094 0.386719 0.998047 0.386719 0.986328 0.376953 0.980469 0.337891 0.980469 0.238281 0.957031 0.109375 0.880859 0.046875 0.820312
6 0.251953 0.351562 0.236328 0.398438 0.220703 0.605469 0.253906 0.658203 0.261719 0.652344 0.265625 0.662109 0.281250 0.662109 0.310547 0.544922 0.308594 0.445312 0.316406 0.406250 0.308594 0.398438 0.312500 0.390625 0.304688 0.382812 0.308594 0.376953 0.296875 0.355469
6 0.873047 0.478516 0.867188 0.525391 0.851562 0.533203 0.853516 0.558594 0.845703 0.564453 0.845703 0.550781 0.835938 0.550781 0.841797 0.597656 0.822266 0.599609 0.824219 0.609375 0.847656 0.605469 0.853516 0.621094 0.832031 0.628906 0.833984 0.644531 0.824219 0.642578 0.814453 0.666016 0.816406 0.712891 0.826172 0.726562 0.802734 0.736328 0.800781 0.798828 0.814453 0.822266 0.806641 0.832031 0.832031 0.833984 0.841797 0.847656 0.847656 0.818359 0.871094 0.847656 0.896484 0.839844 0.951172 0.847656 0.970703 0.830078 0.972656 0.839844 0.992188 0.833984 0.998047 0.818359 0.998047 0.509766
6 0.839844 0.503906 0.837891 0.505859 0.839844 0.507812 0.839844 0.509766 0.837891 0.511719 0.837891 0.513672 0.839844 0.515625 0.839844 0.517578 0.837891 0.519531 0.839844 0.521484 0.841797 0.521484 0.843750 0.519531 0.839844 0.515625 0.841797 0.513672 0.841797 0.511719 0.839844 0.509766 0.839844 0.507812 0.841797 0.505859
6 0.826172 0.564453 0.824219 0.566406 0.826172 0.568359 0.828125 0.566406
6 0.824219 0.578125 0.822266 0.580078 0.822266 0.583984 0.824219 0.585938 0.826172 0.585938 0.828125 0.583984 0.828125 0.582031
6 0.826172 0.626953 0.824219 0.628906 0.824219 0.630859 0.826172 0.632812 0.828125 0.630859 0.828125 0.628906
6 0.808594 0.708984 0.806641 0.710938 0.806641 0.712891 0.808594 0.714844 0.810547 0.714844 0.812500 0.712891 0.812500 0.710938 0.810547 0.708984
6 0.824219 0.841797 0.822266 0.843750 0.822266 0.845703 0.824219 0.847656 0.826172 0.847656 0.828125 0.845703 0.828125 0.843750 0.826172 0.841797
