0 0.744141 0.023438 0.740234 0.023438 0.738281 0.021484 0.732422 0.021484 0.730469 0.023438 0.724609 0.023438 0.722656 0.025391 0.718750 0.025391 0.716797 0.027344 0.714844 0.025391 0.712891 0.027344 0.710938 0.025391 0.708984 0.027344 0.707031 0.025391 0.705078 0.027344 0.703125 0.027344 0.707031 0.031250 0.707031 0.035156 0.714844 0.046875 0.714844 0.050781 0.716797 0.052734 0.716797 0.064453 0.718750 0.066406 0.732422 0.066406 0.746094 0.052734 0.746094 0.050781 0.748047 0.048828 0.748047 0.029297
0 0.921875 0.166016 0.919922 0.169922 0.927734 0.169922 0.929688 0.173828 0.925781 0.177734 0.917969 0.177734 0.917969 0.230469 0.923828 0.234375 0.933594 0.232422 0.947266 0.242188 0.953125 0.269531 0.978516 0.292969 0.998047 0.294922 0.998047 0.167969 0.951172 0.167969 0.933594 0.164062
0 0.638672 0.406250 0.617188 0.410156 0.605469 0.416016 0.595703 0.416016 0.589844 0.421875 0.587891 0.431641 0.585938 0.433594 0.591797 0.439453 0.593750 0.451172 0.605469 0.466797 0.605469 0.470703 0.613281 0.478516 0.623047 0.482422 0.628906 0.482422 0.630859 0.480469 0.632812 0.482422 0.644531 0.476562 0.648438 0.472656 0.648438 0.468750 0.650391 0.466797 0.650391 0.460938 0.648438 0.458984 0.648438 0.425781 0.646484 0.423828 0.642578 0.408203
0 0.746094 0.541016 0.744141 0.541016 0.744141 0.544922 0.746094 0.542969
0 0.732422 0.583984 0.722656 0.623047 0.705078 0.642578 0.720703 0.654297 0.697266 0.662109 0.707031 0.667969 0.707031 0.683594 0.720703 0.689453 0.718750 0.707031 0.748047 0.720703 0.746094 0.753906 0.736328 0.767578 0.783203 0.779297 0.775391 0.867188 0.853516 0.880859 0.865234 0.912109 0.878906 0.916016 0.894531 0.876953 0.871094 0.740234 0.873047 0.654297 0.830078 0.652344 0.814453 0.642578 0.820312 0.617188 0.873047 0.585938 0.845703 0.587891 0.785156 0.570312
0 0.750000 0.597656 0.750000 0.599609 0.751953 0.601562 0.751953 0.597656
0 0.207031 0.619141 0.208984 0.621094 0.208984 0.625000 0.210938 0.626953 0.214844 0.626953 0.216797 0.628906 0.224609 0.628906 0.218750 0.628906 0.216797 0.626953 0.210938 0.626953 0.208984 0.625000 0.208984 0.621094
0 0.230469 0.630859 0.238281 0.630859 0.240234 0.632812 0.244141 0.632812 0.246094 0.634766 0.250000 0.634766 0.248047 0.634766 0.246094 0.632812 0.240234 0.632812 0.238281 0.630859
0 0.351562 0.738281 0.337891 0.718750 0.328125 0.728516 0.269531 0.708984 0.265625 0.697266 0.283203 0.675781 0.275391 0.642578 0.248047 0.693359 0.197266 0.691406 0.158203 0.673828 0.144531 0.691406 0.136719 0.677734 0.125000 0.687500 0.123047 0.675781 0.113281 0.687500 0.105469 0.667969 0.097656 0.689453 0.087891 0.683594 0.083984 0.693359 0.074219 0.691406 0.064453 0.710938 0.054688 0.699219 0.060547 0.693359 0.048828 0.705078 0.066406 0.724609 0.066406 0.804688 0.078125 0.812500 0.113281 0.812500 0.123047 0.775391 0.150391 0.767578 0.148438 0.775391 0.195312 0.781250 0.339844 0.828125 0.351562 0.814453
0 0.074219 0.644531 0.074219 0.646484 0.076172 0.646484 0.082031 0.652344 0.083984 0.652344 0.085938 0.654297 0.089844 0.654297 0.093750 0.650391 0.095703 0.650391 0.097656 0.648438 0.099609 0.648438 0.101562 0.650391 0.099609 0.652344 0.101562 0.652344 0.107422 0.646484 0.107422 0.644531 0.105469 0.644531 0.103516 0.646484 0.101562 0.646484 0.099609 0.644531
0 0.087891 0.662109 0.091797 0.662109 0.093750 0.660156 0.087891 0.660156
0 0.103516 0.660156 0.101562 0.662109 0.103516 0.662109 0.105469 0.664062 0.107422 0.662109 0.105469 0.660156
0 0.343750 0.664062 0.345703 0.666016 0.345703 0.667969 0.343750 0.669922 0.343750 0.685547 0.347656 0.685547 0.349609 0.683594 0.345703 0.679688 0.347656 0.677734 0.347656 0.671875 0.349609 0.669922 0.349609 0.667969 0.345703 0.664062
0 0.091797 0.675781 0.089844 0.675781 0.087891 0.677734 0.091797 0.677734
0 0.337891 0.697266 0.337891 0.699219 0.335938 0.701172 0.337891 0.701172
0 0.896484 0.716797 0.898438 0.718750 0.898438 0.720703 0.896484 0.722656 0.896484 0.724609 0.898438 0.724609 0.898438 0.716797
0 0.697266 0.750000 0.697266 0.753906 0.705078 0.753906 0.705078 0.751953 0.703125 0.751953 0.701172 0.753906 0.699219 0.753906 0.697266 0.751953
0 0.712891 0.833984 0.712891 0.835938 0.710938 0.837891 0.712891 0.839844 0.710938 0.841797 0.710938 0.851562 0.712891 0.853516 0.712891 0.857422 0.714844 0.859375 0.714844 0.857422 0.712891 0.855469 0.712891 0.853516 0.710938 0.851562 0.710938 0.843750 0.712891 0.841797
0 0.802734 0.890625 0.798828 0.890625 0.798828 0.892578 0.800781 0.894531 0.802734 0.892578
0 0.808594 0.898438 0.806641 0.900391 0.808594 0.902344
0 0.800781 0.906250 0.800781 0.908203 0.802734 0.908203 0.802734 0.906250
1 0.000000 0.000000 0.000000 0.037109 0.003906 0.039062 0.060547 0.035156 0.074219 0.025391 0.095703 0.017578 0.123047 0.035156 0.152344 0.041016 0.189453 0.019531 0.185547 0.013672 0.173828 0.013672 0.169922 0.003906 0.164062 0.003906 0.162109 0.000000
2 0.847656 0.027344 0.750000 0.039062 0.744141 0.058594 0.728516 0.070312 0.718750 0.070312 0.716797 0.171875 0.734375 0.177734 0.845703 0.177734 0.849609 0.117188 0.826172 0.109375 0.779297 0.113281 0.775391 0.087891 0.781250 0.078125 0.794922 0.074219 0.796875 0.060547 0.849609 0.058594
2 0.896484 0.083984 0.896484 0.089844 0.902344 0.101562 0.902344 0.111328 0.906250 0.117188 0.933594 0.117188 0.935547 0.115234 0.943359 0.115234 0.945312 0.113281 0.953125 0.113281 0.955078 0.111328 0.976562 0.111328 0.978516 0.109375 0.978516 0.085938 0.972656 0.082031 0.957031 0.082031 0.953125 0.078125 0.908203 0.078125 0.906250 0.080078 0.900391 0.080078
2 0.427734 0.093750 0.421875 0.103516 0.421875 0.113281 0.435547 0.138672 0.437500 0.148438 0.441406 0.152344 0.449219 0.152344 0.455078 0.158203 0.457031 0.166016 0.476562 0.166016 0.480469 0.162109 0.480469 0.156250 0.474609 0.146484 0.472656 0.134766 0.468750 0.126953 0.468750 0.121094 0.462891 0.109375 0.460938 0.097656 0.451172 0.089844 0.445312 0.089844 0.443359 0.091797 0.431641 0.091797
2 0.324219 0.113281 0.320312 0.125000 0.326172 0.144531 0.335938 0.156250 0.341797 0.193359 0.347656 0.201172 0.359375 0.199219 0.349609 0.207031 0.347656 0.216797 0.349609 0.238281 0.363281 0.265625 0.371094 0.269531 0.443359 0.265625 0.447266 0.261719 0.423828 0.195312 0.419922 0.191406 0.382812 0.191406 0.390625 0.187500 0.386719 0.166016 0.414062 0.152344 0.400391 0.097656 0.386719 0.095703
2 0.642578 0.109375 0.609375 0.111328 0.607422 0.119141 0.605469 0.121094 0.605469 0.169922 0.609375 0.173828 0.615234 0.173828 0.617188 0.171875 0.646484 0.171875 0.650391 0.169922 0.650391 0.164062 0.652344 0.162109 0.650391 0.134766 0.646484 0.126953 0.646484 0.115234
2 0.240234 0.132812 0.234375 0.132812 0.232422 0.130859 0.228516 0.132812 0.212891 0.130859 0.199219 0.136719 0.191406 0.136719 0.187500 0.138672 0.187500 0.152344 0.189453 0.154297 0.189453 0.160156 0.197266 0.175781 0.201172 0.191406 0.207031 0.199219 0.222656 0.197266 0.234375 0.191406 0.242188 0.191406 0.250000 0.183594 0.251953 0.166016 0.250000 0.164062 0.248047 0.150391 0.244141 0.144531 0.244141 0.140625
2 0.162109 0.158203 0.130859 0.158203 0.126953 0.171875 0.121094 0.156250 0.107422 0.152344 0.095703 0.154297 0.078125 0.144531 0.064453 0.150391 0.062500 0.175781 0.058594 0.166016 0.031250 0.164062 0.023438 0.169922 0.021484 0.179688 0.023438 0.201172 0.027344 0.203125 0.021484 0.238281 0.041016 0.244141 0.052734 0.244141 0.056641 0.238281 0.062500 0.244141 0.076172 0.246094 0.082031 0.238281 0.107422 0.238281 0.113281 0.232422 0.117188 0.210938 0.126953 0.201172 0.134766 0.207031 0.167969 0.205078
2 0.710938 0.185547 0.716797 0.234375 0.785156 0.236328 0.755859 0.242188 0.757812 0.267578 0.763672 0.273438 0.750000 0.277344 0.748047 0.289062 0.759766 0.306641 0.830078 0.310547 0.833984 0.300781 0.828125 0.275391 0.763672 0.271484 0.792969 0.269531 0.792969 0.242188 0.787109 0.236328 0.861328 0.236328 0.859375 0.187500 0.763672 0.181641
2 0.289062 0.226562 0.281250 0.210938 0.277344 0.197266 0.269531 0.193359 0.267578 0.195312 0.261719 0.195312 0.251953 0.201172 0.228516 0.199219 0.207031 0.207031 0.205078 0.212891 0.189453 0.224609 0.187500 0.236328 0.212891 0.246094 0.218750 0.244141 0.240234 0.244141 0.251953 0.238281 0.257812 0.232422 0.269531 0.232422 0.271484 0.234375 0.285156 0.236328 0.289062 0.234375
2 0.494141 0.197266 0.494141 0.199219 0.492188 0.201172 0.492188 0.203125 0.494141 0.205078 0.494141 0.222656 0.496094 0.222656 0.498047 0.224609 0.521484 0.224609 0.523438 0.222656 0.533203 0.222656 0.535156 0.220703 0.535156 0.216797 0.533203 0.214844 0.533203 0.199219 0.531250 0.197266
2 0.910156 0.242188 0.908203 0.244141 0.908203 0.251953 0.906250 0.253906 0.906250 0.298828 0.908203 0.300781 0.908203 0.304688 0.912109 0.308594 0.923828 0.308594 0.925781 0.306641 0.941406 0.306641 0.945312 0.304688 0.947266 0.300781 0.945312 0.244141 0.939453 0.240234 0.919922 0.240234 0.917969 0.242188
2 0.058594 0.250000 0.052734 0.269531 0.052734 0.287109 0.044922 0.298828 0.046875 0.320312 0.066406 0.326172 0.091797 0.328125 0.093750 0.304688 0.101562 0.314453 0.115234 0.320312 0.142578 0.324219 0.146484 0.320312 0.152344 0.298828 0.164062 0.279297 0.111328 0.273438 0.103516 0.281250 0.101562 0.277344 0.107422 0.269531 0.105469 0.259766
2 0.488281 0.294922 0.494141 0.312500 0.519531 0.312500 0.525391 0.310547 0.533203 0.300781 0.634766 0.300781 0.658203 0.292969 0.654297 0.287109 0.654297 0.277344 0.658203 0.271484 0.664062 0.271484 0.625000 0.263672 0.529297 0.265625 0.521484 0.271484 0.494141 0.273438 0.488281 0.281250
2 0.375000 0.275391 0.371094 0.281250 0.371094 0.298828 0.373047 0.302734 0.382812 0.304688 0.373047 0.306641 0.373047 0.326172 0.380859 0.335938 0.414062 0.337891 0.423828 0.341797 0.439453 0.343750 0.443359 0.339844 0.443359 0.316406 0.433594 0.310547 0.421875 0.310547 0.419922 0.308594 0.427734 0.304688 0.433594 0.304688 0.437500 0.300781 0.435547 0.291016 0.437500 0.277344 0.425781 0.271484 0.410156 0.271484 0.408203 0.269531 0.384766 0.275391
2 0.671875 0.269531 0.671875 0.271484 0.677734 0.271484 0.677734 0.269531
2 0.316406 0.330078 0.302734 0.304688 0.300781 0.294922 0.296875 0.292969 0.250000 0.294922 0.242188 0.296875 0.238281 0.300781 0.238281 0.310547 0.236328 0.312500 0.220703 0.312500 0.208984 0.318359 0.208984 0.345703 0.218750 0.351562 0.240234 0.351562 0.242188 0.349609 0.253906 0.349609 0.265625 0.343750 0.283203 0.339844 0.314453 0.341797 0.316406 0.339844
2 0.664062 0.292969 0.666016 0.294922 0.667969 0.294922 0.669922 0.292969
2 0.595703 0.306641 0.591797 0.308594 0.591797 0.318359 0.589844 0.320312 0.589844 0.343750 0.591797 0.345703 0.591797 0.406250 0.593750 0.408203 0.601562 0.408203 0.615234 0.402344 0.623047 0.402344 0.628906 0.398438 0.628906 0.392578 0.626953 0.390625 0.626953 0.353516 0.625000 0.351562 0.625000 0.316406 0.623047 0.310547
2 0.789062 0.318359 0.791016 0.320312 0.791016 0.328125 0.794922 0.337891 0.794922 0.349609 0.798828 0.359375 0.798828 0.367188 0.802734 0.369141 0.830078 0.369141 0.832031 0.367188 0.865234 0.367188 0.869141 0.365234 0.869141 0.320312 0.867188 0.318359 0.851562 0.316406 0.849609 0.314453 0.812500 0.314453 0.810547 0.316406 0.791016 0.316406
2 0.000000 0.316406 0.001953 0.384766 0.035156 0.386719 0.039062 0.355469 0.050781 0.335938 0.052734 0.345703 0.044922 0.369141 0.046875 0.376953 0.105469 0.386719 0.144531 0.400391 0.152344 0.400391 0.158203 0.394531 0.164062 0.369141 0.162109 0.349609 0.126953 0.341797 0.105469 0.341797 0.082031 0.332031 0.056641 0.332031 0.052734 0.337891 0.050781 0.330078 0.042969 0.324219
2 0.775391 0.326172 0.757812 0.326172 0.753906 0.328125 0.755859 0.347656 0.746094 0.351562 0.738281 0.351562 0.730469 0.357422 0.730469 0.369141 0.732422 0.371094 0.732422 0.375000 0.742188 0.382812 0.742188 0.392578 0.746094 0.402344 0.771484 0.400391 0.773438 0.398438 0.777344 0.398438 0.779297 0.394531 0.779297 0.386719 0.781250 0.384766 0.781250 0.349609 0.783203 0.347656 0.783203 0.333984 0.781250 0.330078
2 0.904297 0.333984 0.904297 0.365234 0.906250 0.367188 0.933594 0.367188 0.937500 0.371094 0.945312 0.375000 0.962891 0.375000 0.966797 0.371094 0.966797 0.367188 0.970703 0.361328 0.970703 0.357422 0.974609 0.349609 0.974609 0.345703 0.964844 0.339844 0.958984 0.339844 0.957031 0.337891 0.949219 0.335938 0.943359 0.328125 0.912109 0.330078
2 0.308594 0.351562 0.296875 0.345703 0.283203 0.345703 0.281250 0.347656 0.275391 0.347656 0.273438 0.349609 0.267578 0.349609 0.263672 0.351562 0.253906 0.361328 0.251953 0.365234 0.251953 0.380859 0.253906 0.382812 0.253906 0.386719 0.259766 0.394531 0.261719 0.404297 0.265625 0.408203 0.285156 0.408203 0.294922 0.404297 0.306641 0.404297 0.308594 0.402344 0.314453 0.402344 0.316406 0.398438 0.316406 0.378906 0.314453 0.376953 0.312500 0.359375
2 0.392578 0.363281 0.400391 0.386719 0.398438 0.388672 0.402344 0.402344 0.400391 0.404297 0.408203 0.423828 0.406250 0.441406 0.410156 0.443359 0.408203 0.445312 0.410156 0.462891 0.443359 0.468750 0.453125 0.466797 0.476562 0.468750 0.484375 0.445312 0.482422 0.433594 0.484375 0.416016 0.480469 0.410156 0.486328 0.404297 0.486328 0.398438 0.460938 0.375000 0.435547 0.363281 0.414062 0.359375
2 0.156250 0.410156 0.107422 0.396484 0.091797 0.414062 0.087891 0.431641 0.085938 0.423828 0.074219 0.417969 0.000000 0.402344 0.000000 0.447266 0.039062 0.457031 0.021484 0.466797 0.009766 0.513672 0.052734 0.527344 0.076172 0.527344 0.087891 0.521484 0.093750 0.509766 0.097656 0.488281 0.087891 0.476562 0.128906 0.490234 0.136719 0.488281 0.146484 0.472656
2 0.187500 0.412109 0.185547 0.416016 0.185547 0.431641 0.183594 0.433594 0.185547 0.437500 0.183594 0.441406 0.185547 0.443359 0.185547 0.449219 0.189453 0.451172 0.218750 0.451172 0.220703 0.453125 0.242188 0.453125 0.244141 0.451172 0.244141 0.439453 0.246094 0.437500 0.246094 0.431641 0.248047 0.429688 0.248047 0.423828 0.250000 0.421875 0.248047 0.417969 0.230469 0.417969 0.228516 0.416016 0.216797 0.416016 0.208984 0.412109
2 0.333984 0.421875 0.328125 0.417969 0.283203 0.419922 0.279297 0.425781 0.277344 0.437500 0.279297 0.455078 0.251953 0.458984 0.250000 0.488281 0.255859 0.492188 0.269531 0.492188 0.281250 0.496094 0.310547 0.494141 0.320312 0.496094 0.330078 0.501953 0.337891 0.501953 0.341797 0.494141 0.339844 0.464844 0.322266 0.460938 0.337891 0.457031
2 0.738281 0.433594 0.738281 0.445312 0.736328 0.447266 0.738281 0.449219 0.736328 0.451172 0.738281 0.453125 0.736328 0.455078 0.738281 0.457031 0.738281 0.468750 0.736328 0.470703 0.738281 0.472656 0.738281 0.476562 0.759766 0.478516 0.761719 0.476562 0.773438 0.476562 0.775391 0.474609 0.785156 0.474609 0.791016 0.470703 0.791016 0.455078 0.789062 0.453125 0.789062 0.447266 0.783203 0.443359 0.779297 0.443359 0.767578 0.429688 0.755859 0.429688 0.753906 0.427734 0.748047 0.427734 0.746094 0.429688 0.742188 0.429688
2 0.652344 0.437500 0.652344 0.457031 0.654297 0.458984 0.654297 0.462891 0.658203 0.466797 0.662109 0.466797 0.664062 0.468750 0.683594 0.468750 0.685547 0.466797 0.701172 0.466797 0.703125 0.464844 0.703125 0.453125 0.705078 0.451172 0.705078 0.447266 0.703125 0.445312 0.703125 0.435547 0.701172 0.433594 0.693359 0.433594 0.691406 0.431641 0.664062 0.431641 0.662109 0.433594 0.656250 0.433594
2 0.160156 0.441406 0.158203 0.443359 0.158203 0.445312 0.160156 0.443359
2 0.443359 0.488281 0.449219 0.519531 0.462891 0.519531 0.472656 0.529297 0.435547 0.544922 0.435547 0.566406 0.470703 0.568359 0.496094 0.583984 0.550781 0.585938 0.630859 0.605469 0.650391 0.589844 0.660156 0.601562 0.685547 0.601562 0.697266 0.591797 0.699219 0.560547 0.673828 0.546875 0.667969 0.527344 0.650391 0.525391 0.671875 0.523438 0.673828 0.513672 0.628906 0.507812 0.619141 0.496094 0.568359 0.484375 0.589844 0.480469 0.591797 0.457031 0.583984 0.443359 0.539062 0.447266 0.535156 0.476562 0.541016 0.478516 0.533203 0.482422 0.482422 0.478516
2 0.937500 0.462891 0.929688 0.468750 0.929688 0.480469 0.935547 0.496094 0.931641 0.527344 0.935547 0.531250 0.935547 0.546875 0.939453 0.548828 0.923828 0.556641 0.925781 0.607422 0.921875 0.613281 0.914062 0.615234 0.912109 0.636719 0.960938 0.640625 0.964844 0.636719 0.960938 0.593750 0.968750 0.556641 0.964844 0.552734 0.990234 0.554688 0.998047 0.544922 0.998047 0.468750 0.974609 0.462891
2 0.757812 0.482422 0.757812 0.507812 0.763672 0.513672 0.748047 0.517578 0.748047 0.527344 0.771484 0.533203 0.783203 0.542969 0.796875 0.542969 0.806641 0.535156 0.808594 0.541016 0.798828 0.562500 0.800781 0.570312 0.830078 0.578125 0.851562 0.578125 0.867188 0.566406 0.867188 0.490234 0.828125 0.490234 0.810547 0.533203 0.810547 0.517578 0.767578 0.513672 0.792969 0.511719 0.796875 0.507812 0.791016 0.478516
2 0.306641 0.500000 0.302734 0.503906 0.302734 0.527344 0.300781 0.529297 0.300781 0.542969 0.306641 0.546875 0.318359 0.546875 0.320312 0.548828 0.330078 0.548828 0.332031 0.546875 0.333984 0.546875 0.333984 0.544922 0.335938 0.542969 0.335938 0.527344 0.337891 0.525391 0.337891 0.507812 0.335938 0.505859 0.328125 0.505859 0.318359 0.500000
2 0.283203 0.578125 0.283203 0.585938 0.296875 0.593750 0.300781 0.593750 0.312500 0.599609 0.318359 0.599609 0.322266 0.603516 0.332031 0.607422 0.339844 0.607422 0.343750 0.609375 0.347656 0.605469 0.347656 0.589844 0.349609 0.587891 0.349609 0.558594 0.347656 0.556641 0.332031 0.554688 0.330078 0.552734 0.322266 0.554688 0.322266 0.570312 0.320312 0.572266 0.320312 0.576172 0.316406 0.580078 0.302734 0.580078 0.300781 0.578125 0.289062 0.578125 0.287109 0.576172
2 0.136719 0.580078 0.132812 0.576172 0.121094 0.570312 0.101562 0.570312 0.095703 0.580078 0.091797 0.582031 0.083984 0.582031 0.080078 0.585938 0.078125 0.595703 0.072266 0.603516 0.072266 0.638672 0.121094 0.640625 0.125000 0.630859 0.125000 0.623047 0.132812 0.611328 0.134766 0.583984
2 0.242188 0.589844 0.240234 0.591797 0.240234 0.593750 0.238281 0.595703 0.238281 0.599609 0.232422 0.609375 0.232422 0.617188 0.236328 0.621094 0.240234 0.621094 0.246094 0.625000 0.250000 0.625000 0.255859 0.628906 0.259766 0.628906 0.263672 0.632812 0.265625 0.632812 0.271484 0.636719 0.275391 0.636719 0.277344 0.634766 0.279297 0.634766 0.279297 0.632812 0.281250 0.630859 0.281250 0.625000 0.283203 0.623047 0.283203 0.621094 0.285156 0.619141 0.285156 0.615234 0.287109 0.613281 0.287109 0.609375 0.283203 0.605469 0.273438 0.603516 0.259766 0.591797 0.255859 0.591797 0.253906 0.589844 0.250000 0.589844 0.248047 0.587891
2 0.511719 0.589844 0.505859 0.593750 0.505859 0.599609 0.503906 0.601562 0.503906 0.625000 0.505859 0.626953 0.505859 0.642578 0.511719 0.646484 0.535156 0.646484 0.537109 0.644531 0.539062 0.644531 0.539062 0.601562 0.535156 0.595703 0.535156 0.591797 0.531250 0.591797 0.529297 0.589844 0.523438 0.589844 0.521484 0.587891
2 0.875000 0.587891 0.869141 0.587891 0.867188 0.589844 0.859375 0.589844 0.855469 0.591797 0.853516 0.595703 0.853516 0.605469 0.847656 0.609375 0.839844 0.609375 0.832031 0.615234 0.824219 0.617188 0.818359 0.621094 0.816406 0.625000 0.816406 0.642578 0.820312 0.648438 0.828125 0.648438 0.830078 0.650391 0.871094 0.650391 0.873047 0.646484 0.875000 0.617188 0.876953 0.615234 0.876953 0.593750 0.878906 0.591797
2 0.621094 0.611328 0.621094 0.615234 0.619141 0.617188 0.619141 0.625000 0.613281 0.636719 0.613281 0.646484 0.611328 0.648438 0.611328 0.652344 0.615234 0.660156 0.632812 0.675781 0.636719 0.677734 0.644531 0.677734 0.646484 0.675781 0.648438 0.656250 0.650391 0.654297 0.652344 0.642578 0.656250 0.638672 0.664062 0.636719 0.664062 0.632812 0.654297 0.625000 0.652344 0.625000 0.642578 0.613281 0.638672 0.611328
2 0.185547 0.613281 0.181641 0.617188 0.181641 0.623047 0.164062 0.666016 0.164062 0.675781 0.191406 0.687500 0.201172 0.687500 0.214844 0.691406 0.226562 0.691406 0.228516 0.689453 0.230469 0.691406 0.234375 0.689453 0.236328 0.691406 0.248047 0.691406 0.257812 0.673828 0.263672 0.669922 0.267578 0.654297 0.267578 0.640625 0.259766 0.636719 0.246094 0.636719 0.238281 0.632812 0.210938 0.628906 0.205078 0.619141
2 0.498047 0.646484 0.455078 0.650391 0.445312 0.654297 0.437500 0.654297 0.429688 0.660156 0.425781 0.671875 0.425781 0.701172 0.439453 0.712891 0.451172 0.712891 0.453125 0.714844 0.462891 0.714844 0.464844 0.712891 0.509766 0.712891 0.513672 0.708984 0.513672 0.695312 0.503906 0.667969 0.501953 0.652344
2 0.519531 0.654297 0.515625 0.666016 0.519531 0.691406 0.550781 0.689453 0.558594 0.693359 0.521484 0.701172 0.521484 0.732422 0.537109 0.744141 0.529297 0.759766 0.531250 0.771484 0.576172 0.781250 0.583984 0.763672 0.583984 0.750000 0.580078 0.748047 0.607422 0.746094 0.621094 0.722656 0.621094 0.705078 0.609375 0.695312 0.593750 0.693359 0.607422 0.687500 0.605469 0.679688 0.599609 0.691406 0.593750 0.689453 0.595703 0.669922 0.599609 0.666016 0.609375 0.669922 0.609375 0.666016 0.585938 0.654297
2 0.285156 0.660156 0.283203 0.685547 0.281250 0.687500 0.273438 0.687500 0.269531 0.695312 0.269531 0.705078 0.271484 0.708984 0.291016 0.714844 0.296875 0.714844 0.298828 0.716797 0.304688 0.716797 0.306641 0.718750 0.312500 0.718750 0.328125 0.726562 0.335938 0.726562 0.335938 0.703125 0.333984 0.701172 0.335938 0.699219 0.335938 0.685547 0.343750 0.666016 0.337891 0.662109 0.312500 0.658203 0.310547 0.656250 0.289062 0.658203
2 0.857422 0.673828 0.853516 0.673828 0.851562 0.671875 0.830078 0.671875 0.828125 0.669922 0.824219 0.671875 0.818359 0.671875 0.818359 0.693359 0.816406 0.695312 0.816406 0.714844 0.820312 0.718750 0.824219 0.720703 0.828125 0.720703 0.830078 0.722656 0.833984 0.722656 0.833984 0.718750 0.835938 0.716797 0.835938 0.710938 0.841797 0.707031 0.855469 0.707031 0.859375 0.705078 0.859375 0.675781
2 0.000000 0.691406 0.000000 0.748047 0.003906 0.750000 0.033203 0.750000 0.037109 0.746094 0.035156 0.744141 0.037109 0.742188 0.037109 0.732422 0.035156 0.730469 0.035156 0.695312 0.031250 0.691406 0.021484 0.691406 0.019531 0.689453 0.005859 0.689453 0.003906 0.691406
2 0.693359 0.699219 0.689453 0.699219 0.687500 0.697266 0.681641 0.697266 0.679688 0.695312 0.673828 0.695312 0.667969 0.701172 0.667969 0.705078 0.664062 0.708984 0.650391 0.736328 0.650391 0.738281 0.654297 0.738281 0.656250 0.740234 0.656250 0.746094 0.658203 0.746094 0.658203 0.744141 0.662109 0.742188 0.666016 0.746094 0.671875 0.746094 0.673828 0.748047 0.681641 0.748047 0.681641 0.742188 0.683594 0.740234 0.685547 0.730469 0.691406 0.722656 0.693359 0.716797 0.699219 0.710938 0.699219 0.703125
2 0.716797 0.710938 0.712891 0.714844 0.710938 0.718750 0.710938 0.722656 0.707031 0.728516 0.707031 0.732422 0.705078 0.736328 0.699219 0.742188 0.697266 0.748047 0.699219 0.751953 0.703125 0.750000 0.707031 0.751953 0.707031 0.753906 0.703125 0.755859 0.707031 0.755859 0.714844 0.759766 0.720703 0.759766 0.726562 0.763672 0.740234 0.763672 0.742188 0.761719 0.742188 0.740234 0.744141 0.738281 0.744141 0.720703 0.740234 0.716797 0.736328 0.716797 0.734375 0.714844 0.730469 0.714844 0.722656 0.710938
2 0.457031 0.718750 0.400391 0.724609 0.402344 0.775391 0.406250 0.781250 0.421875 0.783203 0.396484 0.785156 0.398438 0.853516 0.394531 0.888672 0.400391 0.894531 0.433594 0.896484 0.404297 0.898438 0.406250 0.941406 0.460938 0.937500 0.462891 0.902344 0.451172 0.896484 0.460938 0.892578 0.458984 0.779297 0.464844 0.740234 0.462891 0.722656
2 0.912109 0.765625 0.914062 0.769531 0.914062 0.775391 0.925781 0.785156 0.933594 0.777344 0.943359 0.785156 0.972656 0.785156 0.986328 0.777344 0.986328 0.775391 0.992188 0.769531 0.994141 0.759766 0.990234 0.751953 0.978516 0.740234 0.974609 0.740234 0.960938 0.734375 0.945312 0.734375 0.939453 0.738281 0.933594 0.746094 0.927734 0.750000 0.923828 0.750000
2 0.476562 0.757812 0.474609 0.759766 0.474609 0.765625 0.476562 0.767578 0.476562 0.775391 0.480469 0.783203 0.480469 0.804688 0.482422 0.806641 0.482422 0.812500 0.486328 0.822266 0.523438 0.822266 0.527344 0.820312 0.527344 0.812500 0.523438 0.810547 0.523438 0.804688 0.517578 0.792969 0.519531 0.753906 0.496094 0.753906 0.494141 0.755859 0.482422 0.755859 0.480469 0.757812
2 0.728516 0.767578 0.712891 0.843750 0.718750 0.865234 0.712891 0.867188 0.701172 0.853516 0.695312 0.855469 0.681641 0.921875 0.697266 0.927734 0.800781 0.925781 0.806641 0.919922 0.806641 0.908203 0.798828 0.908203 0.796875 0.880859 0.771484 0.871094 0.773438 0.818359 0.781250 0.779297 0.765625 0.771484
2 0.000000 0.771484 0.000000 0.886719 0.011719 0.886719 0.017578 0.878906 0.017578 0.871094 0.019531 0.869141 0.019531 0.849609 0.021484 0.847656 0.021484 0.832031 0.023438 0.830078 0.023438 0.787109 0.025391 0.783203 0.021484 0.777344 0.017578 0.777344 0.005859 0.771484
2 0.066406 0.839844 0.058594 0.906250 0.087891 0.902344 0.093750 0.853516 0.101562 0.939453 0.222656 0.976562 0.240234 0.904297 0.236328 0.970703 0.246094 0.982422 0.273438 0.994141 0.332031 0.996094 0.337891 0.835938 0.289062 0.818359 0.277344 0.828125 0.265625 0.808594 0.134766 0.773438 0.109375 0.859375 0.099609 0.843750
2 0.486328 0.826172 0.482422 0.830078 0.482422 0.833984 0.480469 0.835938 0.480469 0.845703 0.478516 0.847656 0.478516 0.857422 0.476562 0.859375 0.476562 0.886719 0.478516 0.888672 0.498047 0.888672 0.500000 0.886719 0.511719 0.886719 0.519531 0.890625 0.525391 0.890625 0.527344 0.888672 0.527344 0.828125 0.525391 0.826172
2 0.935547 0.857422 0.935547 0.861328 0.933594 0.863281 0.933594 0.904297 0.935547 0.906250 0.970703 0.906250 0.972656 0.904297 0.980469 0.904297 0.982422 0.896484 0.984375 0.894531 0.984375 0.890625 0.990234 0.882812 0.990234 0.869141 0.980469 0.861328 0.955078 0.861328 0.953125 0.859375 0.943359 0.859375 0.941406 0.857422
2 0.625000 0.873047 0.623047 0.875000 0.623047 0.876953 0.621094 0.878906 0.621094 0.882812 0.619141 0.884766 0.619141 0.904297 0.621094 0.906250 0.628906 0.906250 0.630859 0.908203 0.642578 0.908203 0.644531 0.910156 0.650391 0.910156 0.654297 0.906250 0.654297 0.888672 0.658203 0.882812 0.658203 0.876953 0.656250 0.875000 0.644531 0.875000 0.642578 0.873047
2 0.810547 0.882812 0.810547 0.921875 0.812500 0.923828 0.859375 0.923828 0.861328 0.921875 0.863281 0.916016 0.861328 0.914062 0.861328 0.898438 0.859375 0.896484 0.859375 0.888672 0.857422 0.884766 0.853516 0.884766 0.851562 0.882812 0.845703 0.882812 0.843750 0.880859 0.814453 0.880859
2 0.517578 0.894531 0.513672 0.892578 0.507812 0.892578 0.505859 0.894531 0.500000 0.894531 0.496094 0.892578 0.494141 0.894531 0.482422 0.894531 0.478516 0.896484 0.476562 0.900391 0.476562 0.908203 0.474609 0.910156 0.474609 0.939453 0.476562 0.941406 0.503906 0.941406 0.505859 0.939453 0.517578 0.939453 0.525391 0.935547 0.525391 0.910156
2 0.548828 0.896484 0.548828 0.933594 0.566406 0.933594 0.568359 0.931641 0.568359 0.896484
5 0.000000 0.121094 0.285156 0.103516 0.384766 0.425781 0.390625 0.998047 0.406250 0.423828 0.302734 0.093750 0.691406 0.054688 0.707031 0.576172 0.591797 0.789062 0.587891 0.957031 0.728516 0.585938 0.701172 0.025391 0.857422 0.023438 0.912109 0.978516 0.873047 0.003906 0.300781 0.072266 0.263672 0.000000 0.269531 0.078125
5 0.000000 0.941406 0.000000 0.964844 0.011719 0.970703 0.023438 0.966797 0.056641 0.976562 0.060547 0.974609 0.125000 0.996094 0.144531 0.994141 0.152344 0.998047 0.179688 0.998047 0.183594 0.990234 0.177734 0.980469 0.166016 0.976562 0.162109 0.978516 0.146484 0.972656 0.126953 0.974609 0.101562 0.966797 0.085938 0.957031 0.080078 0.958984 0.029297 0.945312 0.021484 0.947266
