0 0.339844 0.000000 0.210938 0.000000 0.197266 0.011719 0.195312 0.035156 0.203125 0.046875 0.207031 0.078125 0.201172 0.179688 0.203125 0.193359 0.220703 0.220703 0.236328 0.224609 0.255859 0.212891 0.275391 0.152344 0.291016 0.136719 0.292969 0.123047 0.306641 0.101562 0.314453 0.064453 0.330078 0.035156
0 0.457031 0.238281 0.455078 0.240234 0.449219 0.240234 0.441406 0.248047 0.439453 0.248047 0.439453 0.250000 0.431641 0.257812 0.429688 0.257812 0.425781 0.261719 0.425781 0.285156 0.431641 0.292969 0.435547 0.292969 0.443359 0.296875 0.462891 0.296875 0.464844 0.294922 0.468750 0.294922 0.470703 0.292969 0.478516 0.291016 0.478516 0.287109 0.480469 0.285156 0.480469 0.275391 0.474609 0.267578 0.470703 0.257812 0.458984 0.246094
0 0.480469 0.320312 0.466797 0.328125 0.457031 0.375000 0.464844 0.392578 0.468750 0.455078 0.480469 0.476562 0.474609 0.503906 0.494141 0.546875 0.498047 0.638672 0.515625 0.681641 0.507812 0.712891 0.527344 0.718750 0.535156 0.714844 0.539062 0.697266 0.531250 0.683594 0.537109 0.660156 0.521484 0.537109 0.529297 0.501953 0.521484 0.462891 0.507812 0.443359 0.500000 0.378906
0 0.935547 0.359375 0.927734 0.345703 0.914062 0.337891 0.880859 0.337891 0.867188 0.347656 0.853516 0.369141 0.806641 0.369141 0.789062 0.386719 0.732422 0.392578 0.716797 0.408203 0.718750 0.427734 0.726562 0.435547 0.769531 0.451172 0.785156 0.449219 0.796875 0.441406 0.849609 0.445312 0.865234 0.423828 0.871094 0.406250 0.904297 0.406250 0.933594 0.390625 0.937500 0.378906
0 0.052734 0.376953 0.048828 0.376953 0.046875 0.375000 0.029297 0.375000 0.027344 0.376953 0.021484 0.376953 0.017578 0.380859 0.017578 0.384766 0.015625 0.386719 0.015625 0.400391 0.013672 0.402344 0.013672 0.414062 0.015625 0.416016 0.015625 0.421875 0.019531 0.425781 0.039062 0.425781 0.041016 0.423828 0.044922 0.423828 0.046875 0.421875 0.048828 0.421875 0.060547 0.410156 0.060547 0.408203 0.062500 0.406250 0.062500 0.388672 0.060547 0.386719 0.060547 0.384766
0 0.289062 0.380859 0.279297 0.390625 0.279297 0.394531 0.277344 0.396484 0.277344 0.410156 0.275391 0.412109 0.275391 0.416016 0.277344 0.417969 0.277344 0.429688 0.281250 0.439453 0.296875 0.451172 0.324219 0.453125 0.326172 0.451172 0.335938 0.449219 0.339844 0.443359 0.339844 0.437500 0.341797 0.435547 0.341797 0.417969 0.333984 0.400391 0.314453 0.384766 0.298828 0.382812 0.296875 0.380859
0 0.134766 0.507812 0.130859 0.511719 0.128906 0.511719 0.128906 0.513672 0.115234 0.529297 0.115234 0.542969 0.125000 0.552734 0.125000 0.554688 0.134766 0.562500 0.140625 0.562500 0.142578 0.564453 0.160156 0.564453 0.181641 0.546875 0.181641 0.542969 0.183594 0.541016 0.183594 0.529297 0.179688 0.525391 0.169922 0.521484 0.162109 0.515625 0.150391 0.513672 0.140625 0.507812
0 0.628906 0.783203 0.625000 0.771484 0.533203 0.767578 0.531250 0.746094 0.501953 0.730469 0.458984 0.740234 0.328125 0.734375 0.279297 0.746094 0.218750 0.736328 0.169922 0.742188 0.169922 0.753906 0.263672 0.767578 0.406250 0.769531 0.445312 0.791016 0.505859 0.791016 0.529297 0.771484 0.509766 0.820312 0.513672 0.828125 0.546875 0.833984 0.619141 0.832031
0 0.564453 0.960938 0.564453 0.966797 0.570312 0.968750 0.570312 0.976562 0.576172 0.974609 0.580078 0.982422 0.587891 0.982422 0.595703 0.998047 0.597656 0.996094 0.611328 0.998047 0.613281 0.994141 0.619141 0.996094 0.621094 0.992188 0.625000 0.994141 0.630859 0.992188 0.632812 0.996094 0.636719 0.992188 0.640625 0.994141 0.646484 0.992188 0.650391 0.998047 0.650391 0.994141 0.656250 0.990234 0.669922 0.990234 0.683594 0.984375 0.681641 0.958984 0.685547 0.951172 0.681641 0.943359 0.669922 0.941406 0.656250 0.935547 0.626953 0.933594 0.609375 0.939453 0.595703 0.939453 0.589844 0.947266 0.572266 0.953125
0 0.691406 0.941406 0.689453 0.941406 0.687500 0.943359 0.691406 0.943359
1 0.050781 0.296875 0.017578 0.320312 0.005859 0.343750 0.000000 0.390625 0.003906 0.705078 0.021484 0.695312 0.046875 0.644531 0.085938 0.621094 0.142578 0.615234 0.199219 0.583984 0.238281 0.529297 0.234375 0.439453 0.210938 0.417969 0.164062 0.339844 0.136719 0.324219 0.074219 0.314453
2 0.517578 0.003906 0.517578 0.019531 0.541016 0.023438 0.548828 0.031250 0.564453 0.039062 0.625000 0.042969 0.646484 0.039062 0.685547 0.041016 0.691406 0.021484 0.687500 0.013672 0.683594 0.013672 0.683594 0.005859 0.687500 0.003906 0.687500 0.000000 0.519531 0.000000
2 0.781250 0.000000 0.775391 0.029297 0.773438 0.031250 0.773438 0.035156 0.769531 0.039062 0.771484 0.052734 0.781250 0.056641 0.792969 0.056641 0.794922 0.058594 0.804688 0.058594 0.806641 0.060547 0.833984 0.060547 0.833984 0.056641 0.835938 0.054688 0.835938 0.023438 0.837891 0.021484 0.837891 0.007812 0.832031 0.003906 0.826172 0.003906 0.816406 0.000000
2 0.029297 0.007812 0.013672 0.046875 0.007812 0.046875 0.000000 0.060547 0.000000 0.103516 0.003906 0.107422 0.000000 0.109375 0.003906 0.113281 0.000000 0.119141 0.003906 0.130859 0.000000 0.132812 0.015625 0.140625 0.005859 0.150391 0.033203 0.148438 0.048828 0.154297 0.054688 0.162109 0.078125 0.166016 0.085938 0.146484 0.097656 0.142578 0.148438 0.158203 0.158203 0.148438 0.167969 0.119141 0.154297 0.109375 0.164062 0.095703 0.171875 0.064453 0.125000 0.048828 0.115234 0.033203 0.099609 0.031250 0.074219 0.015625
2 0.000000 0.009766 0.000000 0.011719 0.003906 0.011719 0.003906 0.009766
2 0.386719 0.015625 0.349609 0.009766 0.341797 0.015625 0.330078 0.048828 0.326172 0.078125 0.314453 0.080078 0.312500 0.095703 0.296875 0.123047 0.294922 0.138672 0.314453 0.148438 0.339844 0.148438 0.333984 0.148438 0.330078 0.140625 0.347656 0.101562 0.347656 0.089844 0.367188 0.089844 0.367188 0.076172 0.373047 0.060547 0.371094 0.058594 0.382812 0.052734 0.390625 0.033203
2 0.269531 0.210938 0.281250 0.212891 0.289062 0.216797 0.302734 0.216797 0.300781 0.210938 0.314453 0.199219 0.335938 0.203125 0.341797 0.193359 0.357422 0.181641 0.357422 0.169922 0.349609 0.167969 0.339844 0.160156 0.332031 0.160156 0.310547 0.150391 0.281250 0.148438 0.273438 0.173828
2 0.820312 0.171875 0.820312 0.185547 0.822266 0.187500 0.822266 0.193359 0.824219 0.195312 0.824219 0.214844 0.826172 0.216797 0.832031 0.216797 0.833984 0.214844 0.851562 0.214844 0.853516 0.212891 0.871094 0.212891 0.873047 0.210938 0.882812 0.210938 0.884766 0.208984 0.884766 0.197266 0.882812 0.195312 0.882812 0.173828 0.845703 0.173828 0.839844 0.169922 0.822266 0.169922
2 0.777344 0.171875 0.773438 0.175781 0.773438 0.191406 0.775391 0.193359 0.775391 0.220703 0.777344 0.222656 0.802734 0.222656 0.806641 0.216797 0.806641 0.195312 0.804688 0.193359 0.804688 0.171875
2 0.710938 0.207031 0.708984 0.195312 0.693359 0.195312 0.689453 0.185547 0.636719 0.189453 0.623047 0.187500 0.621094 0.181641 0.609375 0.177734 0.576172 0.191406 0.529297 0.195312 0.505859 0.205078 0.464844 0.210938 0.462891 0.242188 0.482422 0.257812 0.654297 0.240234 0.660156 0.234375 0.693359 0.230469 0.693359 0.218750 0.708984 0.216797
2 0.712891 0.324219 0.707031 0.310547 0.699219 0.306641 0.699219 0.302734 0.705078 0.298828 0.701172 0.292969 0.574219 0.302734 0.558594 0.308594 0.529297 0.310547 0.525391 0.314453 0.525391 0.330078 0.531250 0.347656 0.603516 0.337891 0.675781 0.333984 0.708984 0.328125
2 0.998047 0.558594 0.996094 0.558594 0.994141 0.556641 0.990234 0.556641 0.988281 0.558594 0.980469 0.558594 0.978516 0.560547 0.970703 0.560547 0.968750 0.562500 0.966797 0.562500 0.964844 0.564453 0.964844 0.576172 0.966797 0.578125 0.966797 0.585938 0.968750 0.587891 0.972656 0.587891 0.974609 0.589844 0.976562 0.587891 0.978516 0.589844 0.980469 0.587891 0.990234 0.587891 0.992188 0.585938 0.994141 0.587891 0.998047 0.587891
2 0.935547 0.568359 0.927734 0.568359 0.925781 0.570312 0.908203 0.570312 0.906250 0.572266 0.898438 0.572266 0.896484 0.574219 0.896484 0.583984 0.902344 0.593750 0.902344 0.597656 0.904297 0.599609 0.904297 0.605469 0.914062 0.605469 0.916016 0.603516 0.919922 0.603516 0.921875 0.601562 0.923828 0.603516 0.937500 0.595703 0.941406 0.595703 0.941406 0.593750 0.939453 0.591797 0.939453 0.587891 0.935547 0.582031
2 0.865234 0.632812 0.867188 0.634766 0.867188 0.638672 0.865234 0.640625 0.867188 0.642578 0.865234 0.644531 0.867188 0.646484 0.865234 0.648438 0.867188 0.650391 0.865234 0.652344 0.867188 0.654297 0.865234 0.656250 0.869141 0.664062 0.880859 0.664062 0.882812 0.662109 0.886719 0.664062 0.890625 0.662109 0.916016 0.662109 0.919922 0.660156 0.919922 0.634766 0.917969 0.630859 0.914062 0.630859 0.912109 0.632812 0.908203 0.630859 0.906250 0.632812 0.902344 0.630859 0.900391 0.632812 0.873047 0.632812 0.871094 0.630859 0.869141 0.632812
2 0.839844 0.636719 0.826172 0.638672 0.824219 0.640625 0.820312 0.640625 0.812500 0.644531 0.810547 0.642578 0.808594 0.644531 0.804688 0.644531 0.802734 0.642578 0.800781 0.644531 0.794922 0.644531 0.792969 0.646484 0.789062 0.644531 0.789062 0.652344 0.791016 0.654297 0.791016 0.667969 0.796875 0.673828 0.796875 0.675781 0.804688 0.681641 0.812500 0.683594 0.814453 0.685547 0.826172 0.685547 0.828125 0.683594 0.841797 0.685547 0.841797 0.679688 0.843750 0.677734 0.841797 0.675781 0.843750 0.673828 0.841797 0.671875 0.841797 0.662109 0.839844 0.660156 0.841797 0.658203 0.839844 0.654297 0.841797 0.652344 0.839844 0.650391 0.841797 0.648438 0.839844 0.646484 0.841797 0.644531 0.839844 0.642578 0.841797 0.640625
2 0.662109 0.687500 0.648438 0.693359 0.642578 0.693359 0.642578 0.710938 0.640625 0.712891 0.640625 0.750000 0.642578 0.751953 0.642578 0.761719 0.646484 0.767578 0.650391 0.767578 0.656250 0.771484 0.671875 0.771484 0.673828 0.769531 0.677734 0.769531 0.677734 0.761719 0.681641 0.753906 0.681641 0.744141 0.679688 0.742188 0.679688 0.732422 0.677734 0.730469 0.677734 0.716797 0.681641 0.708984 0.679688 0.705078 0.681641 0.703125 0.681641 0.699219 0.675781 0.687500 0.671875 0.689453 0.667969 0.687500 0.664062 0.689453
2 0.798828 0.705078 0.794922 0.708984 0.789062 0.720703 0.789062 0.728516 0.791016 0.730469 0.791016 0.746094 0.792969 0.748047 0.837891 0.748047 0.841797 0.744141 0.841797 0.740234 0.839844 0.738281 0.839844 0.726562 0.841797 0.724609 0.841797 0.703125 0.837891 0.701172 0.808594 0.701172 0.806641 0.703125 0.802734 0.703125
2 0.746094 0.718750 0.732422 0.718750 0.724609 0.722656 0.718750 0.722656 0.707031 0.730469 0.707031 0.742188 0.708984 0.744141 0.708984 0.750000 0.710938 0.751953 0.710938 0.771484 0.714844 0.773438 0.722656 0.773438 0.724609 0.775391 0.730469 0.775391 0.732422 0.773438 0.746094 0.773438 0.750000 0.769531 0.750000 0.750000 0.751953 0.748047 0.751953 0.744141 0.750000 0.742188 0.750000 0.734375 0.748047 0.732422 0.748047 0.720703
2 0.882812 0.742188 0.878906 0.748047 0.880859 0.750000 0.878906 0.755859 0.880859 0.757812 0.878906 0.763672 0.880859 0.765625 0.878906 0.769531 0.880859 0.771484 0.878906 0.775391 0.880859 0.777344 0.878906 0.779297 0.882812 0.787109 0.880859 0.791016 0.882812 0.792969 0.880859 0.794922 0.884766 0.804688 0.882812 0.808594 0.884766 0.812500 0.888672 0.814453 0.910156 0.812500 0.917969 0.808594 0.937500 0.804688 0.939453 0.800781 0.939453 0.781250 0.935547 0.775391 0.931641 0.777344 0.927734 0.775391 0.923828 0.769531 0.921875 0.759766 0.900391 0.746094 0.904297 0.744141 0.904297 0.740234 0.898438 0.738281 0.896484 0.740234
2 0.771484 0.761719 0.767578 0.771484 0.775391 0.808594 0.773438 0.828125 0.775391 0.837891 0.804688 0.841797 0.857422 0.841797 0.859375 0.812500 0.855469 0.804688 0.857422 0.791016 0.853516 0.783203 0.855469 0.763672 0.843750 0.755859 0.824219 0.757812 0.787109 0.755859 0.775391 0.757812
2 0.154297 0.763672 0.156250 0.794922 0.160156 0.800781 0.189453 0.802734 0.193359 0.796875 0.193359 0.785156 0.195312 0.783203 0.201172 0.802734 0.224609 0.802734 0.232422 0.800781 0.236328 0.794922 0.238281 0.767578 0.234375 0.763672 0.218750 0.759766 0.195312 0.761719 0.195312 0.783203 0.193359 0.785156 0.191406 0.783203 0.191406 0.759766 0.185547 0.757812 0.158203 0.757812
2 0.335938 0.769531 0.332031 0.767578 0.314453 0.767578 0.312500 0.769531 0.289062 0.769531 0.287109 0.771484 0.273438 0.771484 0.271484 0.773438 0.257812 0.773438 0.251953 0.775391 0.246094 0.781250 0.246094 0.802734 0.251953 0.808594 0.257812 0.810547 0.281250 0.810547 0.283203 0.808594 0.300781 0.808594 0.302734 0.806641 0.335938 0.804688 0.337891 0.802734 0.337891 0.781250 0.335938 0.779297
2 0.169922 0.816406 0.167969 0.832031 0.171875 0.857422 0.167969 0.865234 0.167969 0.882812 0.171875 0.890625 0.181641 0.890625 0.189453 0.886719 0.207031 0.886719 0.218750 0.882812 0.263672 0.882812 0.265625 0.880859 0.265625 0.867188 0.259766 0.845703 0.232422 0.847656 0.230469 0.845703 0.234375 0.843750 0.232422 0.822266 0.228516 0.818359 0.210938 0.814453 0.203125 0.808594 0.189453 0.808594
2 0.628906 0.839844 0.626953 0.843750 0.626953 0.853516 0.625000 0.855469 0.625000 0.867188 0.632812 0.876953 0.640625 0.900391 0.654297 0.900391 0.656250 0.898438 0.662109 0.898438 0.673828 0.890625 0.697266 0.886719 0.697266 0.876953 0.695312 0.875000 0.697266 0.843750 0.695312 0.841797 0.693359 0.830078 0.644531 0.830078 0.638672 0.832031 0.632812 0.839844
2 0.525391 0.859375 0.513672 0.843750 0.480469 0.843750 0.417969 0.855469 0.386719 0.867188 0.375000 0.861328 0.332031 0.861328 0.302734 0.873047 0.304688 0.898438 0.324219 0.925781 0.367188 0.917969 0.431641 0.916016 0.498047 0.900391 0.525391 0.900391
2 0.968750 0.845703 0.939453 0.847656 0.927734 0.865234 0.933594 0.884766 0.919922 0.888672 0.916016 0.900391 0.914062 0.898438 0.890625 0.900391 0.892578 0.919922 0.902344 0.923828 0.919922 0.921875 0.925781 0.914062 0.957031 0.917969 0.968750 0.902344 0.968750 0.888672 0.964844 0.882812 0.974609 0.878906 0.978516 0.873047 0.978516 0.867188
2 0.732422 0.939453 0.732422 0.962891 0.740234 0.976562 0.761719 0.974609 0.769531 0.968750 0.808594 0.964844 0.826172 0.970703 0.828125 0.984375 0.835938 0.988281 0.833984 0.980469 0.837891 0.976562 0.857422 0.976562 0.861328 0.980469 0.876953 0.972656 0.855469 0.902344 0.857422 0.890625 0.814453 0.890625 0.810547 0.886719 0.820312 0.880859 0.808594 0.875000 0.792969 0.875000 0.775391 0.880859 0.769531 0.890625 0.761719 0.890625 0.753906 0.906250 0.761719 0.923828 0.738281 0.927734
2 0.279297 0.923828 0.277344 0.921875 0.267578 0.919922 0.259766 0.914062 0.248047 0.914062 0.246094 0.916016 0.224609 0.916016 0.222656 0.917969 0.222656 0.923828 0.224609 0.925781 0.224609 0.945312 0.226562 0.947266 0.226562 0.955078 0.240234 0.955078 0.242188 0.953125 0.263672 0.953125 0.275391 0.941406 0.279297 0.939453
4 0.878906 0.294922 0.880859 0.333984 0.908203 0.333984 0.925781 0.337891 0.943359 0.361328 0.966797 0.359375 0.974609 0.355469 0.978516 0.343750 0.978516 0.326172 0.976562 0.324219 0.976562 0.296875 0.972656 0.287109 0.945312 0.281250 0.921875 0.279297 0.919922 0.281250 0.904297 0.281250 0.892578 0.291016
4 0.998047 0.359375 0.990234 0.359375 0.976562 0.365234 0.953125 0.367188 0.945312 0.371094 0.943359 0.384766 0.939453 0.392578 0.939453 0.416016 0.951172 0.423828 0.953125 0.435547 0.957031 0.441406 0.984375 0.439453 0.998047 0.431641
5 0.900391 0.996094 0.878906 0.894531 0.863281 0.632812 0.992188 0.613281 0.998047 0.589844 0.748047 0.626953 0.628906 0.673828 0.535156 0.677734 0.544922 0.695312 0.634766 0.695312 0.748047 0.650391 0.839844 0.634766 0.857422 0.902344 0.878906 0.992188
5 0.464844 0.818359 0.371094 0.839844 0.281250 0.837891 0.271484 0.843750 0.271484 0.880859 0.287109 0.941406 0.292969 0.998047 0.314453 0.994141 0.294922 0.863281 0.376953 0.861328 0.460938 0.845703 0.472656 0.833984
6 0.416016 0.177734 0.425781 0.203125 0.455078 0.210938 0.626953 0.171875 0.634766 0.166016 0.628906 0.158203 0.638672 0.144531 0.679688 0.144531 0.687500 0.138672 0.697266 0.054688 0.673828 0.044922 0.564453 0.044922 0.521484 0.033203 0.519531 0.025391 0.457031 0.031250 0.435547 0.111328 0.437500 0.142578 0.419922 0.156250
6 0.425781 0.316406 0.355469 0.316406 0.337891 0.345703 0.339844 0.458984 0.378906 0.484375 0.367188 0.509766 0.326172 0.496094 0.294922 0.500000 0.291016 0.513672 0.263672 0.507812 0.259766 0.589844 0.320312 0.617188 0.271484 0.644531 0.261719 0.626953 0.212891 0.615234 0.173828 0.642578 0.119141 0.646484 0.132812 0.666016 0.101562 0.689453 0.107422 0.708984 0.164062 0.726562 0.160156 0.738281 0.458984 0.734375 0.505859 0.714844 0.513672 0.681641 0.496094 0.644531 0.460938 0.394531 0.425781 0.355469
6 0.277344 0.628906 0.277344 0.630859 0.279297 0.630859 0.279297 0.628906
6 0.146484 0.746094 0.119141 0.751953 0.105469 0.728516 0.074219 0.736328 0.035156 0.734375 0.000000 0.750000 0.000000 0.998047 0.156250 0.998047 0.177734 0.992188 0.164062 0.974609 0.177734 0.931641 0.169922 0.902344 0.162109 0.896484 0.162109 0.816406 0.148438 0.802734 0.152344 0.750000
