2 0.478516 0.199219 0.474609 0.203125 0.472656 0.222656 0.470703 0.224609 0.470703 0.253906 0.478516 0.257812 0.482422 0.263672 0.472656 0.289062 0.476562 0.292969 0.486328 0.296875 0.500000 0.296875 0.500000 0.291016 0.503906 0.281250 0.501953 0.257812 0.505859 0.251953 0.507812 0.228516 0.509766 0.226562 0.511719 0.212891 0.503906 0.203125 0.492188 0.201172 0.490234 0.199219
2 0.685547 0.285156 0.687500 0.324219 0.683594 0.328125 0.673828 0.326172 0.673828 0.330078 0.683594 0.332031 0.687500 0.335938 0.699219 0.337891 0.712891 0.345703 0.742188 0.349609 0.750000 0.337891 0.779297 0.339844 0.785156 0.337891 0.791016 0.328125 0.796875 0.306641 0.796875 0.298828 0.792969 0.294922 0.765625 0.289062 0.759766 0.283203 0.742188 0.277344 0.726562 0.277344 0.718750 0.287109 0.693359 0.283203
2 0.150391 0.283203 0.150391 0.294922 0.115234 0.408203 0.121094 0.417969 0.111328 0.423828 0.103516 0.464844 0.089844 0.503906 0.093750 0.509766 0.121094 0.519531 0.130859 0.519531 0.134766 0.513672 0.140625 0.478516 0.154297 0.439453 0.150391 0.431641 0.158203 0.423828 0.191406 0.300781 0.189453 0.291016
2 0.234375 0.289062 0.226562 0.289062 0.226562 0.292969 0.224609 0.294922 0.224609 0.298828 0.222656 0.300781 0.222656 0.306641 0.220703 0.308594 0.220703 0.314453 0.218750 0.316406 0.216797 0.326172 0.208984 0.339844 0.208984 0.347656 0.216797 0.347656 0.218750 0.345703 0.222656 0.345703 0.224609 0.343750 0.228516 0.343750 0.230469 0.341797 0.232422 0.341797 0.238281 0.332031 0.238281 0.328125 0.240234 0.326172 0.240234 0.322266 0.242188 0.320312 0.242188 0.316406 0.244141 0.314453 0.244141 0.304688 0.246094 0.302734 0.244141 0.300781 0.244141 0.296875
2 0.261719 0.359375 0.255859 0.369141 0.250000 0.400391 0.248047 0.402344 0.248047 0.410156 0.234375 0.441406 0.240234 0.445312 0.246094 0.445312 0.253906 0.449219 0.281250 0.453125 0.285156 0.449219 0.289062 0.425781 0.292969 0.417969 0.292969 0.412109 0.300781 0.396484 0.306641 0.371094 0.302734 0.365234
2 0.531250 0.375000 0.525391 0.378906 0.521484 0.390625 0.521484 0.410156 0.527344 0.417969 0.542969 0.419922 0.550781 0.427734 0.544922 0.443359 0.550781 0.445312 0.554688 0.425781 0.560547 0.429688 0.558594 0.455078 0.550781 0.460938 0.546875 0.496094 0.558594 0.503906 0.574219 0.503906 0.580078 0.496094 0.580078 0.490234 0.593750 0.478516 0.603516 0.421875 0.607422 0.414062 0.591797 0.394531 0.578125 0.384766 0.544922 0.375000
2 0.361328 0.396484 0.361328 0.400391 0.359375 0.402344 0.359375 0.427734 0.351562 0.449219 0.351562 0.458984 0.353516 0.462891 0.361328 0.464844 0.367188 0.468750 0.371094 0.468750 0.384766 0.476562 0.398438 0.478516 0.402344 0.476562 0.404297 0.472656 0.404297 0.466797 0.406250 0.464844 0.408203 0.453125 0.412109 0.447266 0.412109 0.441406 0.404297 0.431641 0.396484 0.427734 0.392578 0.427734 0.386719 0.421875 0.388672 0.412109 0.384766 0.408203 0.382812 0.408203 0.371094 0.396484
2 0.599609 0.482422 0.619141 0.490234 0.630859 0.490234 0.630859 0.486328 0.638672 0.480469 0.644531 0.468750 0.660156 0.462891 0.685547 0.470703 0.710938 0.474609 0.714844 0.472656 0.722656 0.445312 0.716797 0.435547 0.693359 0.425781 0.675781 0.421875 0.642578 0.421875 0.625000 0.414062 0.617188 0.414062 0.613281 0.431641 0.603516 0.451172 0.605469 0.453125
2 0.529297 0.445312 0.527344 0.447266 0.527344 0.451172 0.529297 0.449219
2 0.304688 0.507812 0.300781 0.509766 0.292969 0.539062 0.285156 0.554688 0.285156 0.560547 0.279297 0.570312 0.279297 0.574219 0.271484 0.585938 0.271484 0.589844 0.277344 0.595703 0.289062 0.597656 0.291016 0.599609 0.300781 0.599609 0.302734 0.601562 0.308594 0.599609 0.308594 0.589844 0.312500 0.580078 0.312500 0.572266 0.316406 0.566406 0.316406 0.558594 0.320312 0.550781 0.320312 0.542969 0.324219 0.537109 0.324219 0.531250 0.322266 0.529297 0.324219 0.513672 0.316406 0.509766 0.306641 0.509766
2 0.039062 0.529297 0.033203 0.550781 0.035156 0.583984 0.066406 0.585938 0.078125 0.572266 0.080078 0.580078 0.105469 0.585938 0.117188 0.583984 0.119141 0.574219 0.121094 0.583984 0.126953 0.587891 0.144531 0.589844 0.148438 0.585938 0.158203 0.544922 0.156250 0.525391 0.140625 0.523438 0.130859 0.529297 0.101562 0.519531 0.091797 0.535156 0.083984 0.527344 0.046875 0.517578
2 0.490234 0.566406 0.484375 0.585938 0.486328 0.597656 0.517578 0.609375 0.548828 0.615234 0.554688 0.619141 0.562500 0.619141 0.564453 0.615234 0.570312 0.625000 0.578125 0.628906 0.591797 0.628906 0.593750 0.605469 0.601562 0.585938 0.599609 0.570312 0.580078 0.564453 0.568359 0.564453 0.566406 0.593750 0.564453 0.582031 0.558594 0.578125 0.544922 0.578125 0.496094 0.562500
2 0.472656 0.671875 0.468750 0.675781 0.468750 0.685547 0.472656 0.693359 0.474609 0.714844 0.460938 0.732422 0.457031 0.761719 0.462891 0.765625 0.507812 0.773438 0.529297 0.773438 0.535156 0.751953 0.535156 0.732422 0.546875 0.722656 0.556641 0.707031 0.562500 0.707031 0.560547 0.701172 0.566406 0.693359 0.570312 0.697266 0.568359 0.707031 0.582031 0.708984 0.582031 0.697266 0.574219 0.691406 0.558594 0.689453 0.537109 0.675781 0.523438 0.677734
2 0.111328 0.750000 0.109375 0.755859 0.109375 0.777344 0.111328 0.781250 0.130859 0.785156 0.146484 0.792969 0.162109 0.794922 0.164062 0.796875 0.193359 0.796875 0.195312 0.792969 0.195312 0.761719 0.177734 0.751953 0.162109 0.750000 0.160156 0.748047 0.117188 0.746094
2 0.314453 0.779297 0.312500 0.781250 0.308594 0.781250 0.304688 0.785156 0.304688 0.789062 0.302734 0.791016 0.304688 0.792969 0.304688 0.796875 0.308594 0.800781 0.312500 0.800781 0.314453 0.802734 0.316406 0.800781 0.320312 0.800781 0.324219 0.796875 0.324219 0.792969 0.326172 0.791016 0.324219 0.789062 0.324219 0.785156 0.320312 0.781250 0.316406 0.781250
5 0.039062 0.000000 0.125000 0.068359 0.541016 0.185547 0.406250 0.708984 0.000000 0.609375 0.402344 0.730469 0.376953 0.873047 0.000000 0.837891 0.373047 0.896484 0.390625 0.998047 0.433594 0.617188 0.560547 0.193359 0.998047 0.306641
