0 0.000000 0.000000 0.001953 0.226562 0.156250 0.195312 0.195312 0.177734 0.193359 0.066406 0.175781 0.003906
0 0.912109 0.517578 0.810547 0.544922 0.859375 0.685547 0.804688 0.738281 0.736328 0.738281 0.740234 0.771484 0.755859 0.779297 0.765625 0.759766 0.771484 0.896484 0.787109 0.937500 0.779297 0.972656 0.796875 0.998047 0.863281 0.998047 0.904297 0.984375 0.908203 0.996094 0.982422 0.998047 0.980469 0.982422 0.955078 0.978516 0.998047 0.951172 0.998047 0.785156
0 0.705078 0.738281 0.705078 0.740234 0.707031 0.740234 0.707031 0.738281
0 0.740234 0.820312 0.738281 0.820312 0.738281 0.828125 0.740234 0.826172
0 0.679688 0.837891 0.679688 0.843750 0.673828 0.845703 0.673828 0.853516 0.677734 0.857422 0.673828 0.853516 0.677734 0.849609 0.687500 0.859375 0.689453 0.865234 0.689453 0.873047 0.687500 0.875000 0.689453 0.892578 0.695312 0.898438 0.695312 0.902344 0.701172 0.902344 0.703125 0.892578 0.708984 0.888672 0.708984 0.882812 0.718750 0.876953 0.718750 0.875000 0.714844 0.876953 0.707031 0.873047 0.699219 0.873047 0.697266 0.869141 0.708984 0.865234 0.708984 0.853516 0.712891 0.849609 0.720703 0.853516 0.728516 0.845703 0.726562 0.843750 0.710938 0.843750 0.705078 0.835938 0.701172 0.839844 0.687500 0.835938 0.685547 0.837891
0 0.718750 0.857422 0.718750 0.863281 0.720703 0.863281 0.722656 0.865234 0.724609 0.863281 0.724609 0.861328 0.720703 0.857422
0 0.722656 0.882812 0.718750 0.882812 0.718750 0.884766 0.720703 0.886719 0.722656 0.884766
0 0.767578 0.914062 0.767578 0.916016 0.769531 0.917969 0.769531 0.914062
0 0.769531 0.970703 0.769531 0.974609 0.771484 0.974609 0.771484 0.970703
0 0.707031 0.984375 0.707031 0.990234 0.708984 0.992188 0.708984 0.984375
0 0.718750 0.998047 0.742188 0.998047 0.746094 0.994141 0.748047 0.994141 0.750000 0.996094 0.750000 0.998047 0.753906 0.998047 0.753906 0.996094 0.755859 0.994141 0.757812 0.994141 0.757812 0.992188 0.755859 0.990234 0.755859 0.986328 0.744141 0.986328 0.742188 0.984375 0.724609 0.984375 0.722656 0.986328 0.720703 0.986328 0.720703 0.990234 0.718750 0.992188
0 0.765625 0.984375 0.765625 0.986328 0.767578 0.986328 0.769531 0.988281 0.771484 0.988281 0.769531 0.986328 0.769531 0.984375
0 0.679688 0.992188 0.679688 0.994141 0.681641 0.996094 0.681641 0.992188
2 0.183594 0.000000 0.185547 0.017578 0.187500 0.019531 0.187500 0.031250 0.189453 0.037109 0.193359 0.039062 0.208984 0.039062 0.210938 0.041016 0.263672 0.041016 0.265625 0.039062 0.263672 0.033203 0.265625 0.029297 0.263672 0.025391 0.265625 0.015625 0.263672 0.011719 0.257812 0.007812 0.220703 0.005859 0.218750 0.003906 0.220703 0.001953 0.226562 0.001953 0.228516 0.000000
2 0.273438 0.000000 0.273438 0.003906 0.271484 0.005859 0.271484 0.013672 0.273438 0.017578 0.277344 0.019531 0.271484 0.023438 0.271484 0.044922 0.302734 0.044922 0.304688 0.046875 0.306641 0.044922 0.306641 0.023438 0.308594 0.021484 0.322266 0.021484 0.324219 0.019531 0.324219 0.003906 0.322266 0.000000
2 0.677734 0.015625 0.675781 0.013672 0.666016 0.013672 0.664062 0.015625 0.615234 0.015625 0.613281 0.017578 0.613281 0.023438 0.615234 0.025391 0.615234 0.033203 0.617188 0.035156 0.617188 0.041016 0.619141 0.042969 0.621094 0.050781 0.636719 0.050781 0.642578 0.046875 0.654297 0.046875 0.656250 0.044922 0.667969 0.044922 0.669922 0.042969 0.677734 0.042969
2 0.345703 0.029297 0.343750 0.035156 0.345703 0.111328 0.355469 0.117188 0.394531 0.117188 0.400391 0.113281 0.400391 0.091797 0.410156 0.083984 0.410156 0.064453 0.398438 0.050781 0.398438 0.029297 0.394531 0.027344 0.349609 0.027344
2 0.519531 0.033203 0.517578 0.029297 0.513672 0.027344 0.498047 0.027344 0.494141 0.029297 0.488281 0.037109 0.468750 0.037109 0.455078 0.029297 0.433594 0.031250 0.431641 0.033203 0.431641 0.058594 0.437500 0.062500 0.513672 0.060547 0.515625 0.058594 0.515625 0.048828 0.519531 0.041016
2 0.857422 0.128906 0.837891 0.128906 0.816406 0.136719 0.816406 0.158203 0.808594 0.164062 0.810547 0.187500 0.822266 0.207031 0.839844 0.210938 0.818359 0.216797 0.818359 0.224609 0.826172 0.240234 0.830078 0.242188 0.843750 0.236328 0.873047 0.230469 0.896484 0.218750 0.892578 0.199219 0.869141 0.197266 0.871094 0.187500 0.865234 0.173828 0.861328 0.132812
2 0.591797 0.412109 0.578125 0.412109 0.576172 0.414062 0.570312 0.414062 0.568359 0.416016 0.560547 0.416016 0.558594 0.417969 0.548828 0.417969 0.544922 0.419922 0.544922 0.437500 0.546875 0.439453 0.546875 0.451172 0.548828 0.453125 0.548828 0.462891 0.550781 0.464844 0.556641 0.464844 0.558594 0.462891 0.568359 0.462891 0.570312 0.460938 0.576172 0.460938 0.578125 0.458984 0.582031 0.458984 0.583984 0.457031 0.589844 0.457031 0.597656 0.453125 0.597656 0.443359 0.593750 0.435547 0.593750 0.414062
2 0.777344 0.453125 0.775391 0.466797 0.800781 0.537109 0.910156 0.511719 0.921875 0.546875 0.937500 0.570312 0.941406 0.603516 0.953125 0.619141 0.960938 0.667969 0.998047 0.748047 0.998047 0.568359 0.966797 0.480469 0.953125 0.476562 0.966797 0.472656 0.949219 0.419922 0.929688 0.416016 0.863281 0.427734
2 0.394531 0.541016 0.398438 0.554688 0.400391 0.585938 0.408203 0.601562 0.412109 0.621094 0.416016 0.625000 0.425781 0.625000 0.441406 0.617188 0.447266 0.617188 0.451172 0.613281 0.486328 0.609375 0.494141 0.605469 0.474609 0.531250 0.455078 0.533203 0.445312 0.525391 0.437500 0.525391 0.433594 0.537109 0.429688 0.527344 0.417969 0.525391 0.410156 0.535156
2 0.181641 0.617188 0.177734 0.613281 0.167969 0.613281 0.166016 0.615234 0.156250 0.617188 0.150391 0.623047 0.146484 0.623047 0.138672 0.619141 0.119141 0.621094 0.115234 0.625000 0.115234 0.638672 0.117188 0.640625 0.117188 0.650391 0.119141 0.654297 0.126953 0.656250 0.128906 0.654297 0.138672 0.654297 0.140625 0.652344 0.146484 0.652344 0.152344 0.648438 0.169922 0.648438 0.171875 0.646484 0.179688 0.646484 0.185547 0.642578 0.185547 0.628906 0.183594 0.626953
2 0.212891 0.677734 0.177734 0.687500 0.164062 0.683594 0.132812 0.687500 0.132812 0.724609 0.117188 0.734375 0.121094 0.755859 0.117188 0.759766 0.080078 0.761719 0.046875 0.771484 0.046875 0.798828 0.058594 0.802734 0.105469 0.791016 0.119141 0.783203 0.146484 0.781250 0.238281 0.757812 0.228516 0.724609 0.216797 0.712891
2 0.480469 0.937500 0.476562 0.933594 0.472656 0.933594 0.470703 0.935547 0.464844 0.935547 0.462891 0.937500 0.457031 0.937500 0.455078 0.939453 0.447266 0.939453 0.439453 0.943359 0.433594 0.943359 0.431641 0.945312 0.427734 0.945312 0.425781 0.947266 0.425781 0.958984 0.427734 0.960938 0.427734 0.966797 0.431641 0.974609 0.437500 0.978516 0.447266 0.980469 0.449219 0.978516 0.474609 0.976562 0.476562 0.974609 0.482422 0.974609 0.486328 0.972656 0.488281 0.968750 0.486328 0.966797 0.486328 0.958984 0.484375 0.957031 0.484375 0.951172 0.482422 0.949219 0.482422 0.941406
2 0.562500 0.953125 0.552734 0.949219 0.544922 0.949219 0.533203 0.955078 0.523438 0.955078 0.509766 0.964844 0.500000 0.968750 0.496094 0.972656 0.492188 0.972656 0.490234 0.976562 0.492188 0.978516 0.492188 0.994141 0.496094 0.998047 0.529297 0.998047 0.531250 0.996094 0.552734 0.994141 0.554688 0.992188 0.564453 0.990234 0.568359 0.984375 0.568359 0.968750 0.566406 0.966797
4 0.476562 0.146484 0.535156 0.386719 0.593750 0.378906 0.640625 0.396484 0.642578 0.480469 0.707031 0.705078 0.794922 0.716797 0.837891 0.697266 0.851562 0.671875 0.787109 0.529297 0.736328 0.335938 0.689453 0.308594 0.642578 0.353516 0.609375 0.326172 0.630859 0.271484 0.658203 0.261719 0.685547 0.273438 0.710938 0.255859 0.712891 0.158203 0.685547 0.162109 0.677734 0.132812
5 0.835938 0.000000 0.833984 0.013672 0.857422 0.042969 0.876953 0.095703 0.886719 0.164062 0.933594 0.304688 0.933594 0.341797 0.986328 0.505859 0.998047 0.515625 0.998047 0.451172 0.966797 0.367188 0.968750 0.355469 0.998047 0.333984 0.998047 0.306641 0.955078 0.324219 0.941406 0.240234 0.908203 0.162109 0.892578 0.070312 0.861328 0.007812
5 0.953125 0.000000 0.949219 0.007812 0.951172 0.017578 0.968750 0.039062 0.976562 0.054688 0.982422 0.072266 0.980469 0.074219 0.986328 0.085938 0.984375 0.087891 0.988281 0.095703 0.986328 0.107422 0.988281 0.113281 0.998047 0.119141 0.998047 0.048828 0.996094 0.042969 0.968750 0.000000
5 0.732422 0.115234 0.720703 0.103516 0.613281 0.115234 0.513672 0.109375 0.431641 0.121094 0.378906 0.119141 0.367188 0.130859 0.378906 0.142578 0.462891 0.140625 0.523438 0.130859 0.634766 0.136719 0.714844 0.128906
5 0.001953 0.230469 0.029297 0.251953 0.220703 0.195312 0.357422 0.640625 0.339844 0.689453 0.382812 0.835938 0.414062 0.841797 0.369141 0.664062 0.445312 0.660156 0.496094 0.849609 0.591797 0.982422 0.515625 0.837891 0.470703 0.654297 0.375000 0.628906 0.251953 0.267578 0.248047 0.164062
