0 0.642578 0.074219 0.634766 0.121094 0.640625 0.130859 0.642578 0.162109 0.650391 0.171875 0.669922 0.175781 0.718750 0.162109 0.753906 0.164062 0.761719 0.162109 0.777344 0.146484 0.771484 0.109375 0.763672 0.091797 0.763672 0.080078 0.759766 0.076172 0.742188 0.076172 0.734375 0.072266 0.718750 0.074219 0.716797 0.078125 0.681641 0.080078 0.656250 0.072266
0 0.816406 0.234375 0.791016 0.232422 0.789062 0.226562 0.767578 0.232422 0.757812 0.242188 0.751953 0.273438 0.718750 0.294922 0.689453 0.281250 0.664062 0.281250 0.652344 0.410156 0.656250 0.398438 0.664062 0.419922 0.638672 0.445312 0.640625 0.474609 0.652344 0.494141 0.683594 0.505859 0.714844 0.505859 0.738281 0.492188 0.759766 0.460938 0.787109 0.464844 0.830078 0.451172 0.851562 0.427734 0.855469 0.341797 0.845703 0.314453 0.833984 0.306641
0 0.431641 0.269531 0.423828 0.289062 0.423828 0.306641 0.437500 0.320312 0.441406 0.330078 0.445312 0.373047 0.462891 0.386719 0.476562 0.388672 0.498047 0.398438 0.525391 0.394531 0.529297 0.390625 0.529297 0.369141 0.525391 0.363281 0.525391 0.328125 0.517578 0.277344 0.503906 0.273438 0.474609 0.283203 0.457031 0.283203 0.441406 0.267578
0 0.986328 0.332031 0.978516 0.339844 0.966797 0.332031 0.923828 0.337891 0.906250 0.363281 0.900391 0.400391 0.880859 0.408203 0.871094 0.423828 0.865234 0.634766 0.886719 0.662109 0.933594 0.650391 0.964844 0.650391 0.968750 0.656250 0.980469 0.650391 0.990234 0.658203 0.998047 0.644531 0.998047 0.353516
1 0.962891 0.785156 0.933594 0.787109 0.916016 0.794922 0.906250 0.804688 0.902344 0.814453 0.892578 0.824219 0.876953 0.859375 0.873047 0.876953 0.873047 0.894531 0.876953 0.902344 0.884766 0.904297 0.890625 0.898438 0.896484 0.886719 0.902344 0.861328 0.910156 0.851562 0.916016 0.849609 0.927734 0.837891 0.953125 0.832031 0.966797 0.822266 0.968750 0.816406 0.966797 0.796875
2 0.478516 0.000000 0.496094 0.025391 0.509766 0.134766 0.455078 0.144531 0.455078 0.187500 0.419922 0.185547 0.412109 0.216797 0.404297 0.203125 0.384766 0.203125 0.384766 0.224609 0.394531 0.236328 0.451172 0.240234 0.482422 0.273438 0.521484 0.275391 0.535156 0.373047 0.560547 0.380859 0.552734 0.375000 0.603516 0.365234 0.607422 0.390625 0.546875 0.394531 0.626953 0.402344 0.650391 0.376953 0.644531 0.214844 0.656250 0.193359 0.628906 0.117188 0.626953 0.007812
2 0.998047 0.062500 0.929688 0.074219 0.898438 0.074219 0.890625 0.080078 0.894531 0.105469 0.878906 0.111328 0.886719 0.167969 0.886719 0.214844 0.890625 0.224609 0.914062 0.228516 0.919922 0.246094 0.972656 0.246094 0.998047 0.238281
2 0.042969 0.199219 0.039062 0.203125 0.039062 0.210938 0.041016 0.212891 0.041016 0.218750 0.042969 0.220703 0.042969 0.228516 0.044922 0.230469 0.044922 0.236328 0.048828 0.242188 0.048828 0.250000 0.050781 0.253906 0.078125 0.253906 0.082031 0.250000 0.082031 0.244141 0.083984 0.242188 0.083984 0.203125 0.082031 0.201172 0.082031 0.197266 0.080078 0.195312 0.052734 0.195312 0.050781 0.197266
2 0.470703 0.271484 0.470703 0.277344 0.472656 0.275391 0.474609 0.275391 0.474609 0.273438 0.472656 0.273438
2 0.205078 0.332031 0.207031 0.347656 0.208984 0.349609 0.210938 0.378906 0.212891 0.380859 0.212891 0.406250 0.214844 0.408203 0.220703 0.408203 0.222656 0.406250 0.255859 0.404297 0.255859 0.380859 0.253906 0.378906 0.253906 0.359375 0.251953 0.357422 0.251953 0.332031 0.250000 0.330078 0.210938 0.330078 0.208984 0.332031
2 0.546875 0.386719 0.546875 0.388672 0.552734 0.388672 0.550781 0.386719
2 0.404297 0.406250 0.367188 0.408203 0.343750 0.417969 0.304688 0.419922 0.269531 0.429688 0.201172 0.437500 0.195312 0.458984 0.193359 0.507812 0.398438 0.501953 0.404297 0.498047
2 0.056641 0.429688 0.052734 0.431641 0.027344 0.433594 0.019531 0.437500 0.000000 0.441406 0.000000 0.509766 0.013672 0.507812 0.044922 0.496094 0.050781 0.496094 0.060547 0.492188 0.072266 0.492188 0.074219 0.490234 0.070312 0.468750 0.060547 0.443359 0.060547 0.435547
2 0.808594 0.501953 0.740234 0.500000 0.724609 0.515625 0.693359 0.513672 0.687500 0.535156 0.558594 0.531250 0.554688 0.568359 0.562500 0.621094 0.806641 0.623047
2 0.253906 0.746094 0.292969 0.751953 0.304688 0.814453 0.574219 0.814453 0.595703 0.802734 0.597656 0.812500 0.761719 0.808594 0.767578 0.757812 0.736328 0.748047 0.769531 0.744141 0.808594 0.701172 0.810547 0.632812 0.607422 0.628906 0.601562 0.656250 0.597656 0.642578 0.556641 0.626953 0.251953 0.630859
2 0.681641 0.820312 0.681641 0.835938 0.687500 0.849609 0.689453 0.867188 0.679688 0.882812 0.679688 0.919922 0.681641 0.923828 0.687500 0.921875 0.691406 0.925781 0.691406 0.941406 0.736328 0.941406 0.738281 0.931641 0.750000 0.925781 0.751953 0.902344 0.748047 0.820312
2 0.503906 0.824219 0.486328 0.824219 0.484375 0.826172 0.462891 0.826172 0.460938 0.828125 0.443359 0.828125 0.439453 0.830078 0.439453 0.847656 0.441406 0.849609 0.441406 0.855469 0.439453 0.857422 0.439453 0.869141 0.443359 0.875000 0.445312 0.873047 0.458984 0.873047 0.460938 0.871094 0.488281 0.871094 0.490234 0.869141 0.496094 0.869141 0.503906 0.865234 0.507812 0.861328 0.507812 0.830078
2 0.138672 0.865234 0.123047 0.863281 0.087891 0.869141 0.083984 0.880859 0.095703 0.900391 0.093750 0.904297 0.080078 0.890625 0.068359 0.902344 0.005859 0.929688 0.000000 0.935547 0.000000 0.992188 0.007812 0.992188 0.091797 0.947266 0.107422 0.943359 0.111328 0.937500 0.117188 0.943359 0.146484 0.943359 0.148438 0.929688
2 0.308594 0.884766 0.306641 0.882812 0.296875 0.882812 0.294922 0.884766 0.275391 0.886719 0.273438 0.888672 0.244141 0.890625 0.242188 0.892578 0.242188 0.910156 0.244141 0.912109 0.244141 0.933594 0.246094 0.935547 0.246094 0.939453 0.250000 0.941406 0.265625 0.941406 0.267578 0.939453 0.277344 0.939453 0.279297 0.937500 0.308594 0.937500 0.310547 0.935547 0.314453 0.935547 0.314453 0.919922 0.312500 0.917969 0.312500 0.906250 0.310547 0.904297
2 0.435547 0.912109 0.425781 0.912109 0.423828 0.914062 0.417969 0.914062 0.416016 0.916016 0.414062 0.916016 0.412109 0.917969 0.408203 0.917969 0.406250 0.919922 0.406250 0.935547 0.408203 0.937500 0.408203 0.947266 0.410156 0.949219 0.410156 0.960938 0.412109 0.962891 0.423828 0.962891 0.425781 0.960938 0.435547 0.960938 0.441406 0.957031 0.441406 0.931641 0.439453 0.929688 0.439453 0.919922 0.437500 0.917969 0.437500 0.914062
2 0.640625 0.919922 0.638672 0.919922 0.636719 0.917969 0.634766 0.919922 0.609375 0.919922 0.609375 0.921875 0.607422 0.923828 0.607422 0.929688 0.609375 0.931641 0.609375 0.949219 0.611328 0.951172 0.638672 0.951172 0.642578 0.947266 0.642578 0.925781 0.640625 0.923828
