0 0.753906 0.136719 0.753906 0.140625 0.751953 0.142578 0.753906 0.144531 0.753906 0.148438 0.757812 0.152344 0.761719 0.152344 0.763672 0.154297 0.773438 0.154297 0.785156 0.162109 0.789062 0.162109 0.802734 0.167969 0.810547 0.167969 0.812500 0.166016 0.816406 0.166016 0.820312 0.162109 0.820312 0.158203 0.822266 0.156250 0.822266 0.136719 0.820312 0.134766 0.818359 0.125000 0.812500 0.117188 0.808594 0.117188 0.806641 0.115234 0.794922 0.115234 0.792969 0.117188 0.789062 0.117188 0.785156 0.121094 0.785156 0.125000 0.783203 0.126953 0.785156 0.128906 0.779297 0.132812 0.777344 0.130859 0.775391 0.132812 0.773438 0.130859 0.763672 0.130859 0.761719 0.132812 0.757812 0.132812
0 0.662109 0.177734 0.656250 0.187500 0.662109 0.197266 0.699219 0.201172 0.710938 0.207031 0.708984 0.218750 0.714844 0.236328 0.712891 0.273438 0.718750 0.294922 0.726562 0.306641 0.738281 0.306641 0.748047 0.298828 0.750000 0.292969 0.744141 0.269531 0.738281 0.263672 0.738281 0.177734 0.728516 0.171875
0 0.267578 0.441406 0.248047 0.439453 0.246094 0.441406 0.236328 0.441406 0.224609 0.447266 0.220703 0.451172 0.220703 0.455078 0.203125 0.468750 0.199219 0.478516 0.201172 0.492188 0.208984 0.500000 0.220703 0.501953 0.230469 0.509766 0.236328 0.511719 0.242188 0.509766 0.248047 0.500000 0.246094 0.488281 0.242188 0.484375 0.228516 0.478516 0.236328 0.474609 0.242188 0.464844 0.267578 0.460938 0.273438 0.451172
0 0.263672 0.515625 0.248047 0.519531 0.234375 0.531250 0.216797 0.533203 0.210938 0.542969 0.212891 0.548828 0.228516 0.556641 0.236328 0.568359 0.236328 0.572266 0.220703 0.582031 0.207031 0.599609 0.216797 0.626953 0.228516 0.634766 0.261719 0.634766 0.267578 0.632812 0.275391 0.621094 0.269531 0.609375 0.259766 0.609375 0.251953 0.603516 0.253906 0.597656 0.271484 0.597656 0.277344 0.587891 0.273438 0.570312 0.277344 0.562500 0.273438 0.521484
0 0.648438 0.578125 0.638672 0.574219 0.619141 0.574219 0.589844 0.583984 0.583984 0.589844 0.582031 0.595703 0.566406 0.615234 0.568359 0.642578 0.578125 0.658203 0.593750 0.667969 0.634766 0.667969 0.648438 0.660156 0.667969 0.605469 0.667969 0.599609
0 0.097656 0.792969 0.091797 0.794922 0.082031 0.808594 0.078125 0.828125 0.078125 0.855469 0.083984 0.859375 0.099609 0.861328 0.085938 0.863281 0.074219 0.873047 0.074219 0.902344 0.076172 0.908203 0.082031 0.912109 0.123047 0.916016 0.146484 0.906250 0.152344 0.898438 0.152344 0.871094 0.138672 0.859375 0.154297 0.847656 0.156250 0.810547 0.132812 0.792969
1 0.515625 0.097656 0.515625 0.148438 0.525391 0.158203 0.542969 0.160156 0.564453 0.158203 0.576172 0.154297 0.605469 0.154297 0.630859 0.146484 0.638672 0.130859 0.632812 0.095703 0.611328 0.083984 0.537109 0.085938 0.521484 0.091797
1 0.134766 0.162109 0.099609 0.162109 0.072266 0.167969 0.054688 0.179688 0.021484 0.177734 0.027344 0.177734 0.029297 0.185547 0.000000 0.185547 0.003906 0.308594 0.009766 0.318359 0.037109 0.333984 0.058594 0.337891 0.078125 0.363281 0.095703 0.359375 0.105469 0.337891 0.095703 0.316406 0.095703 0.263672 0.087891 0.236328 0.099609 0.216797 0.099609 0.197266 0.125000 0.193359 0.142578 0.181641 0.144531 0.173828
1 0.017578 0.177734 0.013672 0.177734 0.011719 0.175781 0.009766 0.175781 0.007812 0.177734 0.000000 0.177734 0.007812 0.177734 0.009766 0.179688 0.011719 0.177734
1 0.667969 0.207031 0.662109 0.208984 0.652344 0.216797 0.650391 0.220703 0.650391 0.232422 0.652344 0.234375 0.652344 0.251953 0.656250 0.267578 0.656250 0.292969 0.658203 0.300781 0.671875 0.310547 0.677734 0.310547 0.695312 0.304688 0.703125 0.298828 0.707031 0.257812 0.703125 0.248047 0.703125 0.234375 0.701172 0.232422 0.699219 0.214844 0.695312 0.210938 0.683594 0.207031
1 0.695312 0.437500 0.685547 0.447266 0.683594 0.470703 0.693359 0.500000 0.691406 0.525391 0.699219 0.572266 0.708984 0.591797 0.712891 0.593750 0.740234 0.591797 0.753906 0.582031 0.755859 0.570312 0.748047 0.542969 0.744141 0.507812 0.730469 0.464844 0.728516 0.443359 0.724609 0.437500
2 0.027344 0.000000 0.027344 0.013672 0.029297 0.015625 0.029297 0.062500 0.031250 0.064453 0.031250 0.089844 0.033203 0.095703 0.070312 0.095703 0.070312 0.048828 0.068359 0.046875 0.068359 0.031250 0.066406 0.029297 0.066406 0.000000
2 0.628906 0.003906 0.628906 0.009766 0.632812 0.015625 0.632812 0.023438 0.634766 0.025391 0.636719 0.035156 0.642578 0.044922 0.642578 0.048828 0.646484 0.052734 0.656250 0.052734 0.658203 0.050781 0.669922 0.048828 0.675781 0.042969 0.677734 0.042969 0.679688 0.039062 0.685547 0.037109 0.691406 0.031250 0.691406 0.025391 0.683594 0.007812 0.683594 0.000000 0.630859 0.000000
2 0.943359 0.050781 0.927734 0.050781 0.925781 0.052734 0.921875 0.052734 0.919922 0.054688 0.919922 0.070312 0.921875 0.072266 0.921875 0.078125 0.923828 0.080078 0.923828 0.082031 0.925781 0.082031 0.927734 0.083984 0.931641 0.083984 0.933594 0.082031 0.935547 0.082031 0.939453 0.078125 0.939453 0.076172 0.947266 0.068359 0.947266 0.066406 0.949219 0.064453 0.949219 0.056641 0.947266 0.054688 0.947266 0.052734 0.945312 0.052734
2 0.232422 0.062500 0.224609 0.062500 0.222656 0.064453 0.212891 0.064453 0.210938 0.066406 0.189453 0.066406 0.187500 0.068359 0.183594 0.068359 0.183594 0.080078 0.185547 0.082031 0.185547 0.091797 0.187500 0.093750 0.187500 0.097656 0.189453 0.099609 0.199219 0.099609 0.201172 0.097656 0.212891 0.097656 0.214844 0.095703 0.222656 0.095703 0.224609 0.093750 0.228516 0.093750 0.230469 0.091797 0.230469 0.085938 0.232422 0.083984 0.232422 0.074219 0.234375 0.072266 0.234375 0.066406 0.232422 0.064453
2 0.986328 0.089844 0.984375 0.091797 0.984375 0.101562 0.982422 0.103516 0.982422 0.132812 0.984375 0.134766 0.998047 0.134766 0.998047 0.089844
2 0.925781 0.132812 0.919922 0.142578 0.919922 0.150391 0.917969 0.152344 0.917969 0.160156 0.919922 0.162109 0.919922 0.175781 0.921875 0.177734 0.935547 0.177734 0.937500 0.179688 0.962891 0.179688 0.966797 0.177734 0.966797 0.164062 0.964844 0.162109 0.964844 0.152344 0.966797 0.150391 0.966797 0.136719 0.962891 0.132812
2 0.982422 0.138672 0.980469 0.140625 0.980469 0.164062 0.982422 0.166016 0.982422 0.169922 0.998047 0.169922 0.998047 0.138672
2 0.943359 0.187500 0.941406 0.189453 0.941406 0.226562 0.939453 0.228516 0.939453 0.232422 0.941406 0.234375 0.941406 0.242188 0.939453 0.244141 0.939453 0.253906 0.941406 0.257812 0.945312 0.257812 0.947266 0.259766 0.949219 0.257812 0.966797 0.257812 0.966797 0.255859 0.972656 0.250000 0.976562 0.250000 0.984375 0.244141 0.984375 0.232422 0.978516 0.222656 0.980469 0.193359 0.970703 0.189453 0.953125 0.189453 0.951172 0.187500
2 0.835938 0.199219 0.833984 0.214844 0.835938 0.240234 0.847656 0.242188 0.865234 0.250000 0.882812 0.250000 0.886719 0.244141 0.892578 0.261719 0.912109 0.261719 0.914062 0.257812 0.914062 0.216797 0.912109 0.214844 0.894531 0.210938 0.890625 0.212891 0.890625 0.242188 0.888672 0.244141 0.886719 0.242188 0.886719 0.208984 0.882812 0.201172 0.869141 0.197266 0.865234 0.199219 0.861328 0.197266
2 0.906250 0.320312 0.906250 0.333984 0.908203 0.335938 0.906250 0.341797 0.908203 0.349609 0.908203 0.392578 0.912109 0.406250 0.914062 0.408203 0.949219 0.408203 0.960938 0.404297 0.964844 0.396484 0.962891 0.322266 0.957031 0.318359 0.912109 0.318359
2 0.773438 0.421875 0.773438 0.431641 0.781250 0.449219 0.781250 0.457031 0.787109 0.464844 0.792969 0.464844 0.794922 0.466797 0.812500 0.466797 0.814453 0.468750 0.835938 0.468750 0.837891 0.466797 0.859375 0.464844 0.863281 0.460938 0.865234 0.445312 0.861328 0.439453 0.845703 0.425781 0.841797 0.417969 0.818359 0.417969 0.816406 0.416016 0.804688 0.416016 0.802734 0.414062 0.787109 0.414062 0.777344 0.417969
2 0.912109 0.525391 0.908203 0.529297 0.908203 0.566406 0.916016 0.570312 0.927734 0.570312 0.929688 0.572266 0.951172 0.574219 0.955078 0.570312 0.955078 0.525391 0.953125 0.523438 0.941406 0.523438 0.939453 0.521484 0.917969 0.521484 0.914062 0.525391
2 0.789062 0.533203 0.789062 0.562500 0.791016 0.564453 0.791016 0.576172 0.792969 0.578125 0.792969 0.587891 0.794922 0.589844 0.841797 0.589844 0.843750 0.587891 0.851562 0.587891 0.853516 0.585938 0.853516 0.544922 0.849609 0.539062 0.849609 0.535156 0.845703 0.531250 0.839844 0.531250 0.837891 0.529297 0.818359 0.529297 0.816406 0.531250 0.808594 0.531250 0.806641 0.533203 0.794922 0.533203 0.792969 0.531250
2 0.810547 0.605469 0.808594 0.617188 0.800781 0.625000 0.800781 0.646484 0.804688 0.662109 0.812500 0.679688 0.826172 0.683594 0.837891 0.681641 0.843750 0.673828 0.843750 0.667969 0.849609 0.662109 0.873047 0.664062 0.875000 0.666016 0.882812 0.664062 0.884766 0.654297 0.876953 0.632812 0.863281 0.623047 0.859375 0.607422 0.853516 0.601562 0.824219 0.597656
2 0.912109 0.609375 0.912109 0.646484 0.927734 0.648438 0.902344 0.652344 0.894531 0.658203 0.892578 0.695312 0.900391 0.701172 0.894531 0.703125 0.896484 0.718750 0.906250 0.728516 0.955078 0.728516 0.960938 0.724609 0.960938 0.699219 0.951172 0.693359 0.957031 0.691406 0.953125 0.671875 0.955078 0.650391 0.949219 0.646484 0.925781 0.646484 0.957031 0.638672 0.953125 0.609375
3 0.263672 0.167969 0.242188 0.160156 0.160156 0.164062 0.150391 0.169922 0.150391 0.187500 0.134766 0.187500 0.101562 0.212891 0.097656 0.312500 0.107422 0.337891 0.097656 0.359375 0.076172 0.367188 0.064453 0.351562 0.039062 0.349609 0.015625 0.373047 0.021484 0.390625 0.048828 0.398438 0.054688 0.441406 0.224609 0.431641 0.212891 0.320312 0.181641 0.283203 0.185547 0.273438 0.251953 0.269531 0.269531 0.181641
3 0.320312 0.390625 0.316406 0.437500 0.320312 0.453125 0.328125 0.462891 0.480469 0.462891 0.490234 0.457031 0.490234 0.445312 0.455078 0.380859 0.431641 0.355469 0.398438 0.353516 0.332031 0.380859
3 0.566406 0.470703 0.552734 0.464844 0.503906 0.482422 0.427734 0.486328 0.324219 0.482422 0.306641 0.507812 0.310547 0.582031 0.292969 0.634766 0.291016 0.689453 0.320312 0.695312 0.457031 0.685547 0.460938 0.597656 0.572266 0.580078
3 0.998047 0.800781 0.986328 0.792969 0.960938 0.802734 0.947266 0.792969 0.927734 0.826172 0.826172 0.824219 0.804688 0.839844 0.738281 0.826172 0.683594 0.826172 0.679688 0.916016 0.671875 0.929688 0.675781 0.970703 0.708984 0.986328 0.802734 0.976562 0.826172 0.986328 0.998047 0.986328
4 0.582031 0.800781 0.576172 0.818359 0.574219 0.849609 0.570312 0.857422 0.570312 0.875000 0.572266 0.878906 0.587891 0.882812 0.619141 0.882812 0.621094 0.884766 0.636719 0.884766 0.640625 0.882812 0.642578 0.878906 0.640625 0.871094 0.642578 0.857422 0.632812 0.826172 0.630859 0.804688 0.626953 0.800781
4 0.265625 0.814453 0.248047 0.812500 0.203125 0.820312 0.166016 0.818359 0.160156 0.822266 0.160156 0.839844 0.152344 0.859375 0.156250 0.898438 0.152344 0.908203 0.140625 0.916016 0.146484 0.929688 0.148438 0.970703 0.134766 0.978516 0.185547 0.974609 0.197266 0.939453 0.205078 0.941406 0.205078 0.951172 0.214844 0.964844 0.261719 0.966797 0.279297 0.958984 0.287109 0.943359 0.287109 0.923828 0.271484 0.871094 0.271484 0.833984
4 0.091797 0.988281 0.087891 0.988281 0.083984 0.992188 0.078125 0.992188 0.076172 0.990234 0.074219 0.990234 0.072266 0.992188 0.066406 0.992188 0.068359 0.994141 0.074219 0.994141 0.076172 0.992188 0.083984 0.992188 0.085938 0.990234 0.091797 0.990234
4 0.050781 0.992188 0.052734 0.994141 0.060547 0.994141 0.060547 0.992188
5 0.322266 0.000000 0.291016 0.000000 0.277344 0.035156 0.269531 0.191406 0.281250 0.863281 0.298828 0.939453 0.302734 0.699219 0.287109 0.679688 0.306641 0.476562 0.291016 0.189453
5 0.998047 0.296875 0.927734 0.296875 0.923828 0.269531 0.919922 0.296875 0.787109 0.283203 0.732422 0.310547 0.640625 0.328125 0.603516 0.363281 0.621094 0.492188 0.642578 0.486328 0.630859 0.369141 0.714844 0.328125 0.830078 0.304688 0.882812 0.312500 0.894531 0.515625 0.998047 0.527344 0.998047 0.507812 0.914062 0.496094 0.908203 0.316406 0.996094 0.318359
5 0.650391 0.923828 0.669922 0.923828 0.673828 0.826172 0.650391 0.740234 0.771484 0.753906 0.998047 0.750000 0.998047 0.726562 0.777344 0.732422 0.632812 0.716797 0.625000 0.755859 0.652344 0.830078
