0 0.000000 0.000000 0.000000 0.203125 0.011719 0.208984 0.052734 0.205078 0.052734 0.154297 0.113281 0.152344 0.263672 0.166016 0.304688 0.199219 0.298828 0.208984 0.314453 0.197266 0.310547 0.189453 0.339844 0.185547 0.351562 0.128906 0.402344 0.132812 0.425781 0.111328 0.412109 0.000000
0 0.917969 0.000000 0.855469 0.000000 0.839844 0.031250 0.843750 0.078125 0.835938 0.107422 0.824219 0.244141 0.826172 0.265625 0.833984 0.271484 0.873047 0.269531 0.875000 0.240234 0.869141 0.226562 0.890625 0.214844 0.921875 0.175781 0.917969 0.087891 0.937500 0.060547 0.939453 0.041016 0.937500 0.060547 0.927734 0.058594 0.916016 0.021484
0 0.652344 0.097656 0.644531 0.099609 0.638672 0.097656 0.634766 0.101562 0.626953 0.103516 0.621094 0.109375 0.617188 0.126953 0.611328 0.132812 0.599609 0.138672 0.591797 0.150391 0.591797 0.158203 0.599609 0.169922 0.601562 0.185547 0.607422 0.193359 0.617188 0.195312 0.632812 0.189453 0.648438 0.187500 0.666016 0.173828 0.667969 0.166016 0.666016 0.162109 0.667969 0.119141
0 0.482422 0.148438 0.472656 0.156250 0.472656 0.175781 0.474609 0.177734 0.474609 0.183594 0.476562 0.185547 0.476562 0.187500 0.478516 0.187500 0.480469 0.189453 0.486328 0.189453 0.488281 0.191406 0.503906 0.191406 0.505859 0.189453 0.507812 0.189453 0.509766 0.187500 0.509766 0.181641 0.511719 0.179688 0.511719 0.156250 0.509766 0.154297 0.509766 0.150391 0.505859 0.146484 0.490234 0.146484 0.488281 0.148438
0 0.515625 0.185547 0.509766 0.214844 0.511719 0.248047 0.515625 0.255859 0.531250 0.267578 0.558594 0.275391 0.582031 0.269531 0.597656 0.279297 0.632812 0.281250 0.650391 0.277344 0.660156 0.265625 0.666016 0.251953 0.666016 0.238281 0.650391 0.210938 0.642578 0.205078 0.630859 0.201172 0.599609 0.201172 0.585938 0.189453 0.580078 0.177734 0.535156 0.175781
0 0.312500 0.203125 0.312500 0.207031 0.314453 0.207031 0.316406 0.205078 0.318359 0.205078 0.318359 0.203125
0 0.158203 0.394531 0.150391 0.406250 0.150391 0.419922 0.146484 0.429688 0.148438 0.433594 0.160156 0.441406 0.179688 0.441406 0.195312 0.445312 0.199219 0.449219 0.199219 0.484375 0.208984 0.486328 0.218750 0.501953 0.230469 0.501953 0.234375 0.496094 0.236328 0.474609 0.250000 0.468750 0.253906 0.462891 0.250000 0.457031 0.250000 0.437500 0.255859 0.429688 0.253906 0.408203 0.246094 0.404297 0.210938 0.406250 0.171875 0.392578
0 0.478516 0.427734 0.476562 0.429688 0.468750 0.431641 0.464844 0.435547 0.458984 0.447266 0.458984 0.458984 0.468750 0.472656 0.468750 0.474609 0.474609 0.480469 0.478516 0.480469 0.480469 0.482422 0.492188 0.482422 0.496094 0.480469 0.505859 0.468750 0.507812 0.468750 0.511719 0.464844 0.519531 0.460938 0.521484 0.457031 0.521484 0.449219 0.519531 0.445312 0.507812 0.433594 0.500000 0.429688
0 0.589844 0.453125 0.578125 0.462891 0.578125 0.466797 0.576172 0.468750 0.578125 0.488281 0.585938 0.507812 0.583984 0.531250 0.587891 0.535156 0.603516 0.537109 0.613281 0.533203 0.619141 0.517578 0.625000 0.511719 0.628906 0.496094 0.632812 0.490234 0.632812 0.480469 0.630859 0.476562 0.628906 0.476562 0.621094 0.468750 0.619141 0.462891 0.613281 0.457031 0.605469 0.453125
0 0.660156 0.482422 0.626953 0.630859 0.597656 0.998047 0.984375 0.998047 0.982422 0.986328 0.998047 0.982422 0.998047 0.531250
0 0.259766 0.558594 0.234375 0.558594 0.208984 0.572266 0.197266 0.591797 0.199219 0.638672 0.171875 0.652344 0.195312 0.714844 0.179688 0.726562 0.154297 0.861328 0.156250 0.941406 0.179688 0.998047 0.238281 0.998047 0.242188 0.833984 0.232422 0.792969 0.238281 0.724609 0.210938 0.710938 0.240234 0.703125 0.250000 0.660156 0.271484 0.644531 0.265625 0.628906 0.271484 0.572266
0 0.283203 0.587891 0.281250 0.587891 0.281250 0.589844
0 0.576172 0.607422 0.539062 0.613281 0.523438 0.636719 0.529297 0.746094 0.552734 0.814453 0.552734 0.871094 0.564453 0.892578 0.564453 0.910156 0.550781 0.921875 0.546875 0.945312 0.552734 0.998047 0.576172 0.998047 0.574219 0.900391 0.589844 0.837891 0.587891 0.761719 0.601562 0.683594 0.599609 0.632812
0 0.992188 0.992188 0.992188 0.994141 0.998047 0.994141 0.996094 0.992188
1 0.000000 0.480469 0.000000 0.628906 0.025391 0.630859 0.033203 0.626953 0.039062 0.613281 0.035156 0.583984 0.060547 0.568359 0.062500 0.542969 0.041016 0.511719 0.027344 0.500000 0.025391 0.492188
2 0.980469 0.007812 0.978516 0.009766 0.980469 0.009766
2 0.960938 0.033203 0.976562 0.033203 0.978516 0.035156 0.980469 0.033203 0.982422 0.033203 0.970703 0.033203 0.968750 0.031250 0.966797 0.033203
2 0.962891 0.041016 0.957031 0.056641 0.947266 0.128906 0.935547 0.167969 0.931641 0.199219 0.933594 0.203125 0.998047 0.210938 0.998047 0.044922
2 0.513672 0.144531 0.513672 0.177734 0.515625 0.181641 0.519531 0.181641 0.527344 0.177734 0.531250 0.173828 0.535156 0.173828 0.537109 0.171875 0.552734 0.171875 0.554688 0.173828 0.580078 0.173828 0.582031 0.169922 0.582031 0.154297 0.580078 0.152344 0.580078 0.148438 0.572266 0.148438 0.570312 0.146484 0.546875 0.146484 0.544922 0.144531 0.523438 0.144531 0.521484 0.142578
2 0.136719 0.160156 0.132812 0.201172 0.144531 0.208984 0.144531 0.228516 0.140625 0.238281 0.142578 0.251953 0.228516 0.257812 0.228516 0.226562 0.232422 0.222656 0.269531 0.224609 0.273438 0.218750 0.275391 0.187500 0.267578 0.175781 0.246094 0.175781 0.232422 0.167969 0.216797 0.167969 0.208984 0.164062 0.177734 0.167969 0.160156 0.160156
2 0.349609 0.212891 0.349609 0.222656 0.353516 0.228516 0.396484 0.228516 0.408203 0.220703 0.417969 0.220703 0.423828 0.224609 0.437500 0.228516 0.457031 0.228516 0.458984 0.226562 0.458984 0.220703 0.453125 0.208984 0.453125 0.193359 0.449219 0.189453 0.371094 0.189453 0.369141 0.191406 0.359375 0.191406 0.355469 0.193359 0.355469 0.201172
2 0.468750 0.195312 0.468750 0.199219 0.470703 0.201172 0.470703 0.197266
2 0.044922 0.228516 0.039062 0.232422 0.037109 0.246094 0.029297 0.267578 0.027344 0.312500 0.033203 0.316406 0.048828 0.316406 0.050781 0.318359 0.058594 0.318359 0.060547 0.316406 0.060547 0.306641 0.062500 0.304688 0.062500 0.244141 0.064453 0.242188 0.064453 0.234375 0.060547 0.230469
2 0.691406 0.232422 0.689453 0.263672 0.699219 0.279297 0.705078 0.283203 0.740234 0.287109 0.751953 0.292969 0.769531 0.291016 0.800781 0.292969 0.814453 0.283203 0.818359 0.244141 0.810547 0.236328 0.792969 0.232422 0.734375 0.230469 0.724609 0.226562 0.699219 0.226562
2 0.296875 0.230469 0.296875 0.265625 0.271484 0.263672 0.265625 0.347656 0.279297 0.351562 0.285156 0.343750 0.332031 0.355469 0.382812 0.361328 0.398438 0.355469 0.404297 0.328125 0.414062 0.316406 0.410156 0.308594 0.421875 0.271484 0.417969 0.255859 0.386719 0.242188 0.324219 0.230469
2 0.103516 0.234375 0.099609 0.238281 0.099609 0.248047 0.097656 0.250000 0.097656 0.273438 0.095703 0.275391 0.093750 0.318359 0.091797 0.320312 0.097656 0.324219 0.123047 0.326172 0.125000 0.324219 0.125000 0.304688 0.126953 0.302734 0.126953 0.277344 0.128906 0.275391 0.130859 0.242188 0.128906 0.238281 0.125000 0.236328 0.109375 0.236328 0.107422 0.234375
2 0.509766 0.328125 0.509766 0.333984 0.507812 0.335938 0.509766 0.339844 0.513672 0.341797 0.529297 0.341797 0.531250 0.343750 0.535156 0.343750 0.537109 0.345703 0.541016 0.345703 0.548828 0.349609 0.560547 0.349609 0.562500 0.345703 0.562500 0.337891 0.574219 0.328125 0.574219 0.318359 0.572266 0.316406 0.566406 0.316406 0.558594 0.312500 0.546875 0.312500 0.544922 0.310547 0.533203 0.310547 0.531250 0.308594 0.527344 0.308594 0.523438 0.310547 0.523438 0.314453
2 0.068359 0.390625 0.068359 0.408203 0.066406 0.410156 0.068359 0.412109 0.070312 0.412109 0.072266 0.414062 0.083984 0.414062 0.085938 0.416016 0.095703 0.416016 0.099609 0.412109 0.099609 0.408203 0.101562 0.406250 0.101562 0.392578 0.099609 0.390625 0.087891 0.390625 0.085938 0.388672 0.070312 0.388672
2 0.253906 0.437500 0.253906 0.445312 0.259766 0.451172 0.259766 0.462891 0.263672 0.468750 0.314453 0.460938 0.392578 0.466797 0.394531 0.455078 0.398438 0.451172 0.419922 0.455078 0.431641 0.445312 0.429688 0.433594 0.382812 0.429688 0.275391 0.414062 0.261719 0.416016 0.263672 0.425781
2 0.148438 0.451172 0.144531 0.453125 0.144531 0.460938 0.154297 0.470703 0.156250 0.511719 0.146484 0.537109 0.146484 0.554688 0.156250 0.562500 0.158203 0.574219 0.166016 0.570312 0.171875 0.574219 0.201172 0.572266 0.214844 0.558594 0.224609 0.556641 0.232422 0.550781 0.234375 0.507812 0.216797 0.505859 0.210938 0.500000 0.208984 0.490234 0.195312 0.488281 0.195312 0.453125 0.191406 0.449219
5 0.998047 0.484375 0.888672 0.462891 0.890625 0.349609 0.863281 0.455078 0.796875 0.453125 0.800781 0.328125 0.769531 0.447266 0.710938 0.429688 0.716797 0.324219 0.685547 0.427734 0.474609 0.396484 0.472656 0.234375 0.443359 0.396484 0.000000 0.332031 0.125000 0.390625 0.115234 0.445312 0.000000 0.433594 0.115234 0.472656 0.097656 0.990234 0.152344 0.390625 0.636719 0.451172 0.580078 0.998047 0.656250 0.451172
6 0.333984 0.482422 0.341797 0.482422 0.339844 0.480469 0.335938 0.480469
6 0.306641 0.496094 0.292969 0.519531 0.296875 0.623047 0.316406 0.632812 0.292969 0.634766 0.263672 0.667969 0.248047 0.994141 0.531250 0.996094 0.541016 0.804688 0.523438 0.751953 0.517578 0.664062 0.480469 0.611328 0.494141 0.599609 0.486328 0.589844 0.513672 0.582031 0.509766 0.503906 0.472656 0.484375 0.347656 0.482422
6 0.492188 0.613281 0.492188 0.615234 0.494141 0.615234 0.494141 0.613281
6 0.492188 0.621094 0.492188 0.623047 0.494141 0.623047 0.494141 0.621094
