0 0.191406 0.003906 0.191406 0.011719 0.197266 0.009766 0.226562 0.023438 0.232422 0.029297 0.238281 0.041016 0.232422 0.080078 0.240234 0.095703 0.273438 0.105469 0.283203 0.105469 0.291016 0.099609 0.302734 0.105469 0.318359 0.105469 0.318359 0.076172 0.296875 0.000000 0.195312 0.000000
0 0.767578 0.013672 0.771484 0.023438 0.769531 0.025391 0.771484 0.033203 0.779297 0.046875 0.792969 0.060547 0.808594 0.062500 0.824219 0.058594 0.833984 0.052734 0.841797 0.044922 0.843750 0.037109 0.841797 0.031250 0.845703 0.027344 0.849609 0.029297 0.863281 0.025391 0.871094 0.017578 0.873047 0.009766 0.869141 0.000000 0.773438 0.000000 0.769531 0.003906
0 0.591797 0.046875 0.582031 0.035156 0.568359 0.027344 0.554688 0.027344 0.535156 0.042969 0.486328 0.037109 0.476562 0.039062 0.462891 0.048828 0.447266 0.054688 0.447266 0.089844 0.453125 0.099609 0.464844 0.099609 0.496094 0.089844 0.525391 0.089844 0.548828 0.076172 0.576172 0.076172 0.582031 0.068359 0.591797 0.062500
0 0.574219 0.267578 0.566406 0.259766 0.558594 0.257812 0.546875 0.257812 0.533203 0.263672 0.519531 0.265625 0.515625 0.269531 0.505859 0.271484 0.490234 0.285156 0.486328 0.285156 0.482422 0.289062 0.468750 0.291016 0.460938 0.298828 0.458984 0.306641 0.460938 0.314453 0.468750 0.322266 0.476562 0.324219 0.482422 0.322266 0.484375 0.324219 0.501953 0.316406 0.507812 0.316406 0.517578 0.306641 0.535156 0.296875 0.566406 0.291016 0.574219 0.283203 0.576172 0.275391
0 0.128906 0.339844 0.103516 0.335938 0.087891 0.339844 0.074219 0.351562 0.017578 0.349609 0.001953 0.359375 0.005859 0.378906 0.000000 0.388672 0.000000 0.523438 0.017578 0.546875 0.039062 0.548828 0.064453 0.531250 0.111328 0.517578 0.125000 0.503906 0.125000 0.478516 0.103516 0.445312 0.140625 0.429688 0.160156 0.412109 0.164062 0.400391 0.162109 0.384766 0.146484 0.355469
2 0.228516 0.033203 0.189453 0.017578 0.003906 0.074219 0.000000 0.216797 0.248047 0.134766 0.250000 0.123047 0.224609 0.072266 0.224609 0.058594 0.232422 0.046875
2 0.562500 0.105469 0.539062 0.111328 0.509766 0.125000 0.484375 0.130859 0.474609 0.136719 0.472656 0.146484 0.478516 0.164062 0.478516 0.171875 0.486328 0.193359 0.490234 0.197266 0.507812 0.195312 0.537109 0.185547 0.541016 0.181641 0.562500 0.177734 0.583984 0.169922 0.583984 0.160156 0.578125 0.152344 0.574219 0.130859 0.568359 0.113281
2 0.037109 0.250000 0.023438 0.255859 0.015625 0.255859 0.000000 0.263672 0.000000 0.275391 0.013672 0.300781 0.015625 0.316406 0.017578 0.320312 0.023438 0.324219 0.033203 0.324219 0.035156 0.322266 0.039062 0.322266 0.050781 0.314453 0.054688 0.314453 0.062500 0.310547 0.062500 0.300781 0.050781 0.281250 0.050781 0.273438 0.048828 0.271484 0.046875 0.261719 0.042969 0.253906
2 0.724609 0.701172 0.673828 0.714844 0.652344 0.712891 0.605469 0.728516 0.591797 0.720703 0.572266 0.722656 0.546875 0.742188 0.546875 0.765625 0.560547 0.826172 0.595703 0.902344 0.664062 0.884766 0.763672 0.847656 0.765625 0.806641
2 0.361328 0.892578 0.351562 0.892578 0.332031 0.902344 0.302734 0.908203 0.271484 0.921875 0.242188 0.927734 0.146484 0.962891 0.150391 0.998047 0.181641 0.998047 0.363281 0.939453 0.375000 0.931641
2 0.390625 0.994141 0.390625 0.986328 0.384766 0.966797 0.382812 0.964844 0.375000 0.964844 0.373047 0.966797 0.365234 0.966797 0.359375 0.970703 0.353516 0.970703 0.333984 0.980469 0.318359 0.982422 0.294922 0.990234 0.277344 0.998047 0.392578 0.998047
5 0.673828 0.000000 0.724609 0.210938 0.962891 0.841797 0.966797 0.921875 0.998047 0.927734 0.994141 0.824219 0.818359 0.347656 0.976562 0.779297 0.998047 0.791016 0.972656 0.664062 0.998047 0.687500 0.998047 0.609375 0.748047 0.000000 0.712891 0.005859 0.783203 0.242188 0.703125 0.001953
