0 0.634766 0.000000 0.601562 0.054688 0.587891 0.132812 0.599609 0.150391 0.673828 0.164062 0.652344 0.255859 0.658203 0.291016 0.808594 0.337891 0.853516 0.333984 0.847656 0.441406 0.857422 0.460938 0.882812 0.460938 0.904297 0.417969 0.919922 0.330078 0.964844 0.308594 0.998047 0.265625 0.998047 0.000000
0 0.164062 0.335938 0.140625 0.355469 0.138672 0.384766 0.117188 0.404297 0.126953 0.441406 0.144531 0.453125 0.205078 0.457031 0.240234 0.443359 0.248047 0.455078 0.234375 0.468750 0.230469 0.513672 0.187500 0.507812 0.152344 0.544922 0.125000 0.548828 0.121094 0.599609 0.148438 0.632812 0.171875 0.738281 0.207031 0.732422 0.242188 0.708984 0.255859 0.730469 0.234375 0.746094 0.265625 0.763672 0.279297 0.726562 0.279297 0.648438 0.310547 0.601562 0.296875 0.523438 0.320312 0.490234 0.322266 0.378906 0.302734 0.367188 0.257812 0.375000 0.222656 0.333984
0 0.671875 0.437500 0.667969 0.441406 0.667969 0.447266 0.662109 0.457031 0.662109 0.460938 0.667969 0.470703 0.673828 0.494141 0.675781 0.496094 0.697266 0.496094 0.701172 0.498047 0.703125 0.501953 0.710938 0.505859 0.724609 0.503906 0.728516 0.500000 0.730469 0.490234 0.728516 0.488281 0.726562 0.466797 0.722656 0.458984 0.718750 0.455078 0.705078 0.449219 0.701172 0.445312 0.681641 0.435547
0 0.744141 0.466797 0.740234 0.476562 0.738281 0.511719 0.740234 0.517578 0.750000 0.527344 0.771484 0.527344 0.789062 0.535156 0.796875 0.535156 0.812500 0.527344 0.818359 0.519531 0.818359 0.496094 0.816406 0.492188 0.808594 0.492188 0.791016 0.472656 0.777344 0.466797 0.765625 0.468750 0.751953 0.462891
0 0.996094 0.503906 0.970703 0.503906 0.939453 0.531250 0.875000 0.527344 0.806641 0.578125 0.806641 0.603516 0.841797 0.619141 0.867188 0.675781 0.869141 0.699219 0.880859 0.710938 0.933594 0.720703 0.992188 0.699219 0.996094 0.687500 0.988281 0.671875 0.927734 0.638672 0.898438 0.638672 0.876953 0.597656 0.886719 0.574219 0.910156 0.578125 0.914062 0.595703 0.929688 0.603516 0.962891 0.578125 0.982422 0.589844 0.998047 0.585938
0 0.046875 0.599609 0.019531 0.601562 0.007812 0.595703 0.000000 0.595703 0.000000 0.732422 0.005859 0.732422 0.017578 0.718750 0.050781 0.716797 0.056641 0.707031 0.048828 0.671875 0.052734 0.660156 0.064453 0.646484 0.064453 0.638672 0.060547 0.630859 0.062500 0.626953 0.052734 0.613281 0.052734 0.605469
0 0.769531 0.697266 0.769531 0.699219 0.767578 0.701172 0.767578 0.705078 0.765625 0.707031 0.765625 0.718750 0.767578 0.720703 0.767578 0.726562 0.769531 0.724609 0.777344 0.724609 0.779297 0.722656 0.781250 0.724609 0.783203 0.722656 0.785156 0.724609 0.787109 0.722656 0.791016 0.722656 0.792969 0.724609 0.794922 0.722656 0.796875 0.724609 0.798828 0.722656 0.802734 0.722656 0.804688 0.716797 0.808594 0.712891 0.808594 0.710938 0.804688 0.707031 0.798828 0.705078 0.794922 0.701172 0.792969 0.701172 0.791016 0.699219 0.785156 0.699219 0.783203 0.697266 0.773438 0.697266 0.771484 0.695312
2 0.347656 0.095703 0.332031 0.097656 0.330078 0.099609 0.326172 0.097656 0.316406 0.097656 0.314453 0.099609 0.312500 0.097656 0.271484 0.099609 0.267578 0.103516 0.267578 0.117188 0.271484 0.125000 0.291016 0.125000 0.296875 0.128906 0.298828 0.154297 0.302734 0.160156 0.335938 0.160156 0.339844 0.154297 0.339844 0.126953 0.347656 0.111328
2 0.392578 0.136719 0.388672 0.173828 0.396484 0.189453 0.412109 0.193359 0.435547 0.193359 0.445312 0.189453 0.460938 0.189453 0.478516 0.195312 0.523438 0.193359 0.521484 0.142578 0.482422 0.142578 0.468750 0.136719 0.449219 0.134766 0.472656 0.132812 0.476562 0.128906 0.476562 0.111328 0.470703 0.105469 0.458984 0.103516 0.447266 0.107422 0.447266 0.136719
2 0.109375 0.144531 0.107422 0.160156 0.111328 0.169922 0.119141 0.175781 0.187500 0.175781 0.191406 0.171875 0.191406 0.164062 0.185547 0.150391 0.185547 0.140625 0.187500 0.138672 0.185547 0.132812 0.181641 0.128906 0.175781 0.126953 0.148438 0.126953 0.144531 0.123047 0.136719 0.121094 0.130859 0.125000 0.126953 0.132812 0.121094 0.138672 0.117188 0.138672
2 0.589844 0.181641 0.585938 0.183594 0.582031 0.199219 0.572266 0.205078 0.566406 0.214844 0.558594 0.248047 0.564453 0.253906 0.580078 0.253906 0.583984 0.257812 0.583984 0.263672 0.589844 0.267578 0.611328 0.269531 0.613281 0.265625 0.611328 0.257812 0.617188 0.246094 0.623047 0.246094 0.630859 0.240234 0.630859 0.224609 0.623047 0.212891 0.623047 0.187500 0.619141 0.183594 0.611328 0.183594 0.609375 0.181641
2 0.373047 0.222656 0.373047 0.228516 0.376953 0.232422 0.388672 0.232422 0.390625 0.234375 0.410156 0.234375 0.412109 0.236328 0.421875 0.236328 0.423828 0.238281 0.429688 0.238281 0.431641 0.240234 0.443359 0.240234 0.445312 0.236328 0.445312 0.220703 0.441406 0.216797 0.437500 0.208984 0.437500 0.201172 0.431641 0.197266 0.408203 0.197266 0.404297 0.199219 0.402344 0.207031 0.394531 0.214844 0.386719 0.216797 0.384766 0.218750 0.378906 0.218750
2 0.269531 0.207031 0.269531 0.210938 0.267578 0.212891 0.267578 0.236328 0.318359 0.236328 0.318359 0.210938 0.314453 0.205078 0.271484 0.205078
2 0.121094 0.226562 0.119141 0.242188 0.113281 0.253906 0.113281 0.275391 0.109375 0.289062 0.111328 0.304688 0.167969 0.306641 0.177734 0.300781 0.179688 0.302734 0.205078 0.300781 0.207031 0.296875 0.205078 0.291016 0.207031 0.287109 0.205078 0.285156 0.207031 0.246094 0.205078 0.244141 0.177734 0.242188 0.175781 0.222656 0.171875 0.220703 0.152344 0.220703 0.146484 0.226562
2 0.472656 0.236328 0.472656 0.248047 0.470703 0.250000 0.470703 0.267578 0.474609 0.271484 0.513672 0.271484 0.515625 0.269531 0.521484 0.269531 0.521484 0.244141 0.517578 0.240234 0.515625 0.240234 0.509766 0.236328 0.494141 0.236328 0.492188 0.234375 0.474609 0.234375
2 0.533203 0.312500 0.531250 0.314453 0.533203 0.343750 0.529297 0.353516 0.529297 0.359375 0.531250 0.363281 0.539062 0.371094 0.554688 0.378906 0.572266 0.378906 0.574219 0.376953 0.574219 0.357422 0.572266 0.355469 0.572266 0.347656 0.574219 0.345703 0.576172 0.312500 0.574219 0.310547 0.562500 0.310547 0.560547 0.308594 0.542969 0.308594
2 0.496094 0.312500 0.496094 0.322266 0.494141 0.324219 0.494141 0.332031 0.492188 0.333984 0.492188 0.347656 0.490234 0.349609 0.490234 0.361328 0.494141 0.365234 0.498047 0.365234 0.500000 0.363281 0.521484 0.363281 0.523438 0.361328 0.523438 0.339844 0.525391 0.337891 0.525391 0.324219 0.527344 0.322266 0.527344 0.312500
2 0.429688 0.328125 0.410156 0.328125 0.408203 0.326172 0.398438 0.326172 0.396484 0.328125 0.378906 0.328125 0.376953 0.330078 0.369141 0.330078 0.363281 0.333984 0.363281 0.341797 0.361328 0.343750 0.361328 0.361328 0.363281 0.363281 0.369141 0.363281 0.371094 0.365234 0.380859 0.365234 0.382812 0.363281 0.427734 0.365234 0.431641 0.359375 0.431641 0.337891 0.429688 0.335938
2 0.000000 0.365234 0.000000 0.402344 0.001953 0.404297 0.009766 0.404297 0.021484 0.398438 0.041016 0.398438 0.042969 0.396484 0.080078 0.396484 0.082031 0.394531 0.082031 0.365234 0.080078 0.363281 0.031250 0.361328 0.029297 0.363281 0.001953 0.363281
2 0.357422 0.380859 0.355469 0.382812 0.355469 0.410156 0.357422 0.416016 0.361328 0.417969 0.359375 0.419922 0.347656 0.419922 0.343750 0.425781 0.341797 0.458984 0.343750 0.460938 0.384766 0.462891 0.386719 0.460938 0.386719 0.439453 0.388672 0.437500 0.388672 0.423828 0.382812 0.419922 0.384766 0.416016 0.382812 0.414062 0.382812 0.396484 0.384766 0.392578 0.382812 0.386719 0.376953 0.380859
2 0.429688 0.384766 0.427734 0.384766 0.425781 0.382812 0.402344 0.382812 0.400391 0.384766 0.396484 0.384766 0.392578 0.388672 0.392578 0.433594 0.394531 0.435547 0.404297 0.435547 0.406250 0.433594 0.412109 0.431641 0.419922 0.423828 0.421875 0.423828 0.423828 0.421875 0.427734 0.421875 0.429688 0.419922
2 0.587891 0.466797 0.585938 0.460938 0.566406 0.437500 0.562500 0.435547 0.560547 0.437500 0.535156 0.437500 0.521484 0.443359 0.511719 0.443359 0.503906 0.447266 0.501953 0.451172 0.500000 0.488281 0.501953 0.490234 0.517578 0.490234 0.519531 0.492188 0.523438 0.490234 0.556641 0.490234 0.558594 0.492188 0.560547 0.490234 0.566406 0.490234 0.574219 0.480469 0.580078 0.476562 0.583984 0.476562 0.587891 0.472656
2 0.390625 0.460938 0.390625 0.484375 0.394531 0.490234 0.398438 0.490234 0.400391 0.488281 0.423828 0.488281 0.425781 0.486328 0.425781 0.468750 0.423828 0.466797 0.423828 0.462891 0.419922 0.458984 0.392578 0.458984
2 0.052734 0.484375 0.050781 0.490234 0.050781 0.527344 0.056641 0.537109 0.080078 0.539062 0.087891 0.535156 0.093750 0.535156 0.107422 0.541016 0.142578 0.539062 0.144531 0.537109 0.146484 0.488281 0.138672 0.482422 0.117188 0.482422 0.115234 0.480469 0.091797 0.480469 0.089844 0.478516 0.058594 0.478516
2 0.027344 0.498047 0.023438 0.498047 0.019531 0.501953 0.017578 0.505859 0.017578 0.509766 0.015625 0.511719 0.015625 0.544922 0.013672 0.546875 0.013672 0.576172 0.015625 0.578125 0.027344 0.578125 0.029297 0.576172 0.029297 0.513672 0.027344 0.511719
2 0.339844 0.503906 0.339844 0.509766 0.337891 0.511719 0.337891 0.531250 0.339844 0.533203 0.341797 0.533203 0.343750 0.535156 0.351562 0.535156 0.353516 0.537109 0.384766 0.537109 0.386719 0.535156 0.386719 0.515625 0.388672 0.513672 0.388672 0.505859 0.386719 0.503906 0.378906 0.503906 0.376953 0.501953 0.367188 0.501953 0.365234 0.500000 0.355469 0.500000 0.353516 0.501953 0.341797 0.501953
2 0.337891 0.583984 0.337891 0.589844 0.335938 0.591797 0.335938 0.611328 0.333984 0.613281 0.335938 0.615234 0.335938 0.617188 0.337891 0.617188 0.339844 0.619141 0.363281 0.619141 0.365234 0.617188 0.382812 0.617188 0.384766 0.615234 0.384766 0.585938 0.380859 0.585938 0.378906 0.583984 0.351562 0.583984 0.349609 0.582031 0.339844 0.582031
2 0.947266 0.595703 0.943359 0.599609 0.943359 0.605469 0.945312 0.607422 0.945312 0.621094 0.947266 0.623047 0.947266 0.636719 0.953125 0.640625 0.968750 0.642578 0.972656 0.648438 0.976562 0.650391 0.984375 0.650391 0.988281 0.652344 0.994141 0.660156 0.998047 0.660156 0.998047 0.625000 0.996094 0.623047 0.998047 0.619141 0.994141 0.613281 0.992188 0.601562 0.986328 0.595703 0.980469 0.595703 0.978516 0.593750 0.951172 0.593750
2 0.640625 0.625000 0.626953 0.625000 0.619141 0.634766 0.623047 0.664062 0.621094 0.685547 0.617188 0.685547 0.617188 0.669922 0.593750 0.673828 0.589844 0.679688 0.593750 0.742188 0.597656 0.746094 0.617188 0.744141 0.621094 0.726562 0.626953 0.742188 0.638672 0.746094 0.650391 0.744141 0.660156 0.738281 0.669922 0.720703 0.669922 0.695312 0.658203 0.685547 0.652344 0.667969 0.652344 0.636719
2 0.521484 0.630859 0.521484 0.658203 0.525391 0.662109 0.535156 0.662109 0.537109 0.660156 0.542969 0.660156 0.544922 0.658203 0.552734 0.658203 0.554688 0.656250 0.560547 0.656250 0.562500 0.654297 0.562500 0.636719 0.558594 0.630859
2 0.490234 0.683594 0.490234 0.718750 0.492188 0.720703 0.492188 0.726562 0.494141 0.728516 0.509766 0.728516 0.511719 0.726562 0.521484 0.724609 0.523438 0.722656 0.523438 0.714844 0.529297 0.708984 0.537109 0.708984 0.541016 0.705078 0.541016 0.699219 0.539062 0.697266 0.539062 0.685547 0.537109 0.683594 0.533203 0.683594 0.531250 0.681641 0.492188 0.681641
2 0.716797 0.681641 0.716797 0.703125 0.718750 0.705078 0.718750 0.714844 0.720703 0.716797 0.720703 0.718750 0.722656 0.720703 0.750000 0.720703 0.751953 0.718750 0.753906 0.718750 0.753906 0.716797 0.755859 0.714844 0.755859 0.710938 0.753906 0.708984 0.753906 0.703125 0.751953 0.701172 0.751953 0.691406 0.753906 0.689453 0.753906 0.687500 0.750000 0.683594 0.724609 0.683594 0.722656 0.681641
2 0.322266 0.707031 0.322266 0.746094 0.320312 0.750000 0.322266 0.751953 0.322266 0.757812 0.324219 0.759766 0.337891 0.759766 0.339844 0.757812 0.349609 0.757812 0.351562 0.755859 0.375000 0.755859 0.378906 0.753906 0.378906 0.720703 0.375000 0.714844 0.363281 0.716797 0.357422 0.710938 0.355469 0.703125 0.335938 0.703125 0.333984 0.705078 0.324219 0.705078
2 0.046875 0.718750 0.017578 0.720703 0.005859 0.734375 0.000000 0.734375 0.001953 0.804688 0.005859 0.806641 0.058594 0.798828 0.060547 0.794922 0.060547 0.775391 0.050781 0.771484 0.019531 0.773438 0.005859 0.777344 0.000000 0.775391 0.003906 0.767578 0.001953 0.759766 0.003906 0.753906 0.013672 0.748047 0.025391 0.755859 0.031250 0.753906 0.029297 0.751953 0.031250 0.744141 0.046875 0.728516 0.048828 0.722656
2 0.587891 0.732422 0.583984 0.726562 0.580078 0.726562 0.578125 0.724609 0.576172 0.726562 0.550781 0.726562 0.548828 0.728516 0.552734 0.734375 0.552734 0.738281 0.554688 0.740234 0.554688 0.746094 0.582031 0.746094 0.583984 0.744141 0.587891 0.744141
2 0.935547 0.742188 0.935547 0.753906 0.937500 0.755859 0.968750 0.755859 0.974609 0.750000 0.974609 0.738281 0.939453 0.738281
2 0.998047 0.759766 0.984375 0.759766 0.982422 0.761719 0.974609 0.761719 0.974609 0.773438 0.972656 0.775391 0.972656 0.789062 0.970703 0.791016 0.972656 0.794922 0.972656 0.802734 0.970703 0.804688 0.970703 0.808594 0.972656 0.810547 0.970703 0.812500 0.970703 0.822266 0.972656 0.826172 0.974609 0.826172 0.978516 0.822266 0.980469 0.824219 0.998047 0.824219
2 0.671875 0.791016 0.658203 0.781250 0.654297 0.771484 0.625000 0.771484 0.621094 0.773438 0.617188 0.808594 0.615234 0.796875 0.607422 0.785156 0.582031 0.779297 0.566406 0.781250 0.564453 0.783203 0.566406 0.837891 0.613281 0.839844 0.617188 0.835938 0.623047 0.841797 0.652344 0.843750 0.658203 0.839844 0.662109 0.820312 0.671875 0.814453 0.673828 0.808594
2 0.732422 0.787109 0.732422 0.789062 0.730469 0.791016 0.730469 0.808594 0.732422 0.810547 0.732422 0.812500 0.742188 0.812500 0.744141 0.814453 0.761719 0.814453 0.763672 0.812500 0.767578 0.812500 0.767578 0.785156 0.751953 0.785156 0.750000 0.787109 0.736328 0.787109 0.734375 0.785156
2 0.380859 0.800781 0.376953 0.800781 0.375000 0.802734 0.367188 0.802734 0.365234 0.804688 0.361328 0.804688 0.359375 0.802734 0.357422 0.802734 0.355469 0.804688 0.349609 0.804688 0.347656 0.806641 0.345703 0.806641 0.345703 0.808594 0.343750 0.810547 0.343750 0.818359 0.345703 0.820312 0.345703 0.839844 0.347656 0.841797 0.347656 0.847656 0.349609 0.849609 0.384766 0.849609 0.386719 0.847656 0.386719 0.826172 0.384766 0.824219 0.384766 0.804688
2 0.269531 0.806641 0.259766 0.814453 0.259766 0.833984 0.255859 0.833984 0.246094 0.873047 0.246094 0.896484 0.250000 0.900391 0.265625 0.900391 0.281250 0.888672 0.283203 0.927734 0.279297 0.931641 0.279297 0.949219 0.306641 0.953125 0.310547 0.972656 0.335938 0.972656 0.339844 0.964844 0.337891 0.949219 0.332031 0.943359 0.322266 0.943359 0.310547 0.927734 0.292969 0.925781 0.298828 0.906250 0.312500 0.896484 0.326172 0.857422 0.324219 0.812500 0.287109 0.814453 0.281250 0.806641
2 0.789062 0.804688 0.787109 0.835938 0.791016 0.851562 0.787109 0.859375 0.787109 0.873047 0.791016 0.884766 0.796875 0.886719 0.789062 0.890625 0.789062 0.927734 0.820312 0.931641 0.824219 0.896484 0.822266 0.890625 0.808594 0.886719 0.824219 0.882812 0.824219 0.859375 0.822266 0.853516 0.814453 0.849609 0.820312 0.847656 0.822266 0.843750 0.820312 0.812500 0.802734 0.804688
2 0.195312 0.818359 0.191406 0.818359 0.189453 0.820312 0.181641 0.820312 0.179688 0.822266 0.169922 0.822266 0.167969 0.824219 0.164062 0.824219 0.162109 0.826172 0.162109 0.873047 0.171875 0.873047 0.173828 0.875000 0.185547 0.875000 0.187500 0.873047 0.189453 0.873047 0.189453 0.871094 0.195312 0.861328 0.195312 0.845703 0.197266 0.843750 0.197266 0.820312
2 0.451172 0.822266 0.447266 0.826172 0.447266 0.833984 0.445312 0.835938 0.445312 0.843750 0.443359 0.845703 0.443359 0.869141 0.445312 0.869141 0.447266 0.871094 0.458984 0.871094 0.460938 0.873047 0.476562 0.873047 0.478516 0.871094 0.478516 0.841797 0.480469 0.839844 0.480469 0.832031 0.482422 0.830078 0.482422 0.826172 0.480469 0.824219 0.457031 0.824219 0.455078 0.822266
2 0.142578 0.833984 0.123047 0.833984 0.109375 0.839844 0.097656 0.839844 0.093750 0.845703 0.093750 0.884766 0.097656 0.888672 0.101562 0.888672 0.107422 0.892578 0.117188 0.892578 0.119141 0.894531 0.123047 0.892578 0.123047 0.873047 0.121094 0.871094 0.121094 0.865234 0.125000 0.857422 0.128906 0.855469 0.136719 0.855469 0.144531 0.849609 0.144531 0.839844 0.146484 0.835938
2 0.951172 0.837891 0.949219 0.835938 0.933594 0.835938 0.931641 0.837891 0.919922 0.837891 0.916016 0.841797 0.916016 0.867188 0.949219 0.867188 0.949219 0.859375 0.951172 0.857422
2 0.960938 0.839844 0.957031 0.847656 0.957031 0.857422 0.955078 0.859375 0.955078 0.875000 0.953125 0.876953 0.953125 0.888672 0.955078 0.890625 0.960938 0.890625 0.962891 0.892578 0.998047 0.894531 0.998047 0.837891 0.978516 0.837891 0.976562 0.835938 0.970703 0.835938 0.964844 0.839844
2 0.357422 0.861328 0.355469 0.865234 0.355469 0.900391 0.357422 0.902344 0.357422 0.908203 0.363281 0.921875 0.365234 0.921875 0.375000 0.912109 0.402344 0.912109 0.404297 0.910156 0.412109 0.908203 0.412109 0.880859 0.404297 0.873047 0.392578 0.867188 0.388672 0.867188 0.380859 0.857422 0.363281 0.857422
2 0.638672 0.867188 0.634766 0.871094 0.634766 0.875000 0.632812 0.876953 0.632812 0.890625 0.634766 0.892578 0.634766 0.900391 0.640625 0.904297 0.656250 0.904297 0.658203 0.902344 0.658203 0.900391 0.660156 0.898438 0.660156 0.894531 0.662109 0.892578 0.662109 0.871094 0.660156 0.869141 0.648438 0.869141 0.646484 0.867188
2 0.673828 0.867188 0.671875 0.869141 0.671875 0.875000 0.669922 0.876953 0.669922 0.886719 0.667969 0.888672 0.667969 0.896484 0.666016 0.898438 0.666016 0.914062 0.667969 0.916016 0.667969 0.921875 0.669922 0.923828 0.675781 0.923828 0.677734 0.925781 0.710938 0.925781 0.712891 0.921875 0.712891 0.912109 0.716797 0.908203 0.718750 0.904297 0.718750 0.898438 0.720703 0.896484 0.722656 0.875000 0.720703 0.873047 0.701172 0.873047 0.699219 0.871094 0.689453 0.871094 0.687500 0.869141
2 0.148438 0.876953 0.144531 0.880859 0.144531 0.910156 0.150391 0.914062 0.177734 0.914062 0.179688 0.912109 0.179688 0.884766 0.177734 0.882812 0.177734 0.880859 0.175781 0.878906 0.171875 0.878906 0.169922 0.876953
2 0.462891 0.884766 0.462891 0.898438 0.460938 0.900391 0.462891 0.902344 0.462891 0.906250 0.470703 0.914062 0.488281 0.914062 0.490234 0.916016 0.505859 0.916016 0.505859 0.896484 0.507812 0.894531 0.507812 0.890625 0.505859 0.888672 0.505859 0.886719 0.503906 0.886719 0.494141 0.880859 0.488281 0.880859 0.486328 0.878906 0.470703 0.878906 0.468750 0.880859 0.466797 0.880859
2 0.917969 0.906250 0.910156 0.910156 0.910156 0.914062 0.908203 0.916016 0.908203 0.925781 0.900391 0.945312 0.900391 0.957031 0.892578 0.972656 0.892578 0.982422 0.904297 0.984375 0.906250 0.986328 0.919922 0.986328 0.921875 0.988281 0.925781 0.988281 0.927734 0.986328 0.935547 0.986328 0.941406 0.978516 0.943359 0.955078 0.945312 0.953125 0.945312 0.943359 0.947266 0.941406 0.947266 0.931641 0.949219 0.929688 0.949219 0.925781 0.937500 0.912109 0.925781 0.906250
2 0.027344 0.925781 0.029297 0.927734 0.029297 0.931641 0.031250 0.933594 0.048828 0.933594 0.050781 0.931641 0.050781 0.929688 0.058594 0.921875 0.060547 0.921875 0.062500 0.919922 0.066406 0.919922 0.066406 0.917969 0.068359 0.916016 0.066406 0.914062 0.066406 0.912109 0.060547 0.912109 0.058594 0.910156 0.031250 0.910156 0.029297 0.912109 0.029297 0.916016 0.027344 0.917969
2 0.587891 0.912109 0.587891 0.925781 0.585938 0.927734 0.585938 0.933594 0.583984 0.935547 0.583984 0.939453 0.585938 0.939453 0.587891 0.941406 0.607422 0.941406 0.609375 0.939453 0.609375 0.937500 0.607422 0.935547 0.607422 0.921875 0.609375 0.919922 0.609375 0.916016 0.607422 0.914062 0.607422 0.912109 0.603516 0.912109 0.601562 0.910156 0.591797 0.910156 0.589844 0.912109
2 0.619141 0.914062 0.615234 0.917969 0.615234 0.941406 0.617188 0.941406 0.619141 0.943359 0.623047 0.943359 0.625000 0.945312 0.644531 0.945312 0.648438 0.941406 0.648438 0.939453 0.650391 0.937500 0.650391 0.933594 0.654297 0.929688 0.654297 0.921875 0.652344 0.919922 0.652344 0.917969 0.648438 0.914062 0.646484 0.914062 0.644531 0.912109 0.640625 0.912109 0.638672 0.910156 0.626953 0.910156 0.625000 0.912109
2 0.732422 0.917969 0.728516 0.925781 0.728516 0.939453 0.726562 0.941406 0.726562 0.949219 0.722656 0.958984 0.722656 0.970703 0.738281 0.978516 0.761719 0.980469 0.767578 0.984375 0.773438 0.982422 0.777344 0.978516 0.777344 0.968750 0.779297 0.966797 0.779297 0.939453 0.775391 0.933594 0.775391 0.927734 0.765625 0.919922
2 0.388672 0.925781 0.386719 0.927734 0.382812 0.927734 0.380859 0.929688 0.378906 0.929688 0.378906 0.933594 0.376953 0.935547 0.378906 0.937500 0.376953 0.939453 0.376953 0.962891 0.375000 0.964844 0.375000 0.970703 0.376953 0.972656 0.376953 0.974609 0.378906 0.974609 0.380859 0.976562 0.388672 0.976562 0.390625 0.978516 0.394531 0.978516 0.398438 0.974609 0.398438 0.955078 0.400391 0.953125 0.400391 0.941406 0.402344 0.939453 0.402344 0.935547 0.404297 0.933594 0.404297 0.929688 0.402344 0.927734 0.396484 0.927734 0.394531 0.925781
5 0.056641 0.332031 0.082031 0.341797 0.423828 0.322266 0.466797 0.412109 0.513672 0.431641 0.570312 0.425781 0.470703 0.388672 0.455078 0.339844 0.458984 0.320312 0.566406 0.300781 0.566406 0.281250 0.443359 0.304688 0.353516 0.302734 0.369141 0.140625 0.359375 0.125000 0.326172 0.302734 0.099609 0.316406
5 0.000000 0.843750 0.996094 0.728516 0.998047 0.710938 0.148438 0.800781 0.134766 0.625000 0.072266 0.621094 0.066406 0.638672 0.119141 0.642578 0.123047 0.802734 0.000000 0.822266
