0 0.208984 0.005859 0.208984 0.013672 0.214844 0.023438 0.230469 0.037109 0.238281 0.039062 0.248047 0.054688 0.269531 0.068359 0.292969 0.070312 0.308594 0.060547 0.322266 0.056641 0.332031 0.044922 0.335938 0.029297 0.376953 0.009766 0.376953 0.000000 0.212891 0.000000
0 0.664062 0.019531 0.648438 0.027344 0.648438 0.031250 0.640625 0.050781 0.640625 0.076172 0.642578 0.078125 0.642578 0.083984 0.644531 0.087891 0.648438 0.087891 0.650391 0.089844 0.660156 0.089844 0.662109 0.091797 0.679688 0.091797 0.685547 0.087891 0.685547 0.083984 0.687500 0.082031 0.687500 0.070312 0.685547 0.068359 0.685547 0.062500 0.687500 0.060547 0.687500 0.044922 0.689453 0.042969 0.689453 0.039062 0.687500 0.037109 0.687500 0.029297 0.681641 0.023438 0.677734 0.023438 0.671875 0.019531
0 0.185547 0.029297 0.183594 0.025391 0.177734 0.025391 0.175781 0.027344 0.142578 0.027344 0.134766 0.031250 0.115234 0.050781 0.101562 0.060547 0.101562 0.066406 0.105469 0.070312 0.115234 0.072266 0.125000 0.082031 0.148438 0.093750 0.167969 0.091797 0.169922 0.089844 0.181641 0.087891 0.187500 0.082031 0.187500 0.037109 0.185547 0.035156
0 0.783203 0.056641 0.785156 0.058594 0.787109 0.058594 0.785156 0.056641
0 0.998047 0.285156 0.900391 0.218750 0.818359 0.144531 0.769531 0.125000 0.718750 0.132812 0.687500 0.152344 0.693359 0.173828 0.673828 0.189453 0.689453 0.216797 0.724609 0.214844 0.716797 0.246094 0.687500 0.251953 0.691406 0.242188 0.673828 0.236328 0.667969 0.220703 0.658203 0.236328 0.667969 0.255859 0.677734 0.248047 0.664062 0.273438 0.677734 0.324219 0.640625 0.369141 0.642578 0.412109 0.691406 0.460938 0.792969 0.437500 0.822266 0.408203 0.867188 0.421875 0.890625 0.406250 0.910156 0.412109 0.998047 0.359375
0 0.064453 0.330078 0.066406 0.335938 0.074219 0.343750 0.076172 0.349609 0.078125 0.351562 0.087891 0.353516 0.089844 0.351562 0.095703 0.351562 0.107422 0.343750 0.119141 0.345703 0.125000 0.341797 0.136719 0.339844 0.140625 0.335938 0.140625 0.320312 0.136719 0.314453 0.132812 0.314453 0.126953 0.308594 0.126953 0.306641 0.121094 0.302734 0.097656 0.300781 0.087891 0.304688 0.076172 0.304688 0.072266 0.308594 0.072266 0.312500 0.066406 0.318359 0.068359 0.322266
0 0.242188 0.486328 0.232422 0.478516 0.218750 0.478516 0.216797 0.480469 0.212891 0.480469 0.210938 0.482422 0.199219 0.482422 0.195312 0.486328 0.195312 0.492188 0.197266 0.494141 0.197266 0.498047 0.199219 0.500000 0.199219 0.507812 0.201172 0.509766 0.201172 0.515625 0.203125 0.517578 0.224609 0.517578 0.226562 0.515625 0.228516 0.515625 0.230469 0.513672 0.232422 0.507812 0.236328 0.503906 0.236328 0.501953 0.242188 0.496094
0 0.935547 0.789062 0.935547 0.800781 0.941406 0.810547 0.949219 0.814453 0.958984 0.816406 0.960938 0.818359 0.966797 0.818359 0.968750 0.820312 0.984375 0.820312 0.986328 0.822266 0.994141 0.822266 0.998047 0.820312 0.998047 0.798828 0.996094 0.798828 0.988281 0.791016 0.984375 0.789062 0.974609 0.789062 0.972656 0.787109 0.960938 0.787109 0.958984 0.789062 0.941406 0.789062 0.939453 0.787109
0 0.960938 0.835938 0.958984 0.837891 0.953125 0.837891 0.951172 0.839844 0.939453 0.841797 0.923828 0.851562 0.919922 0.861328 0.919922 0.875000 0.921875 0.876953 0.921875 0.882812 0.927734 0.896484 0.937500 0.900391 0.964844 0.900391 0.966797 0.898438 0.976562 0.898438 0.980469 0.896484 0.984375 0.888672 0.984375 0.871094 0.978516 0.861328 0.978516 0.857422 0.970703 0.843750 0.968750 0.843750
0 0.900391 0.992188 0.900391 0.998047 0.998047 0.998047 0.998047 0.976562 0.988281 0.974609 0.986328 0.972656 0.978516 0.972656 0.976562 0.970703 0.968750 0.970703 0.955078 0.976562 0.945312 0.976562 0.931641 0.970703 0.914062 0.970703 0.906250 0.976562 0.904297 0.986328
2 0.000000 0.082031 0.056641 0.048828 0.074219 0.054688 0.154297 0.017578 0.158203 0.021484 0.169922 0.021484 0.193359 0.009766 0.203125 0.000000 0.000000 0.000000
2 0.601562 0.222656 0.601562 0.244141 0.607422 0.255859 0.607422 0.261719 0.609375 0.263672 0.609375 0.269531 0.611328 0.271484 0.613281 0.279297 0.621094 0.285156 0.626953 0.285156 0.632812 0.281250 0.642578 0.281250 0.646484 0.279297 0.650391 0.271484 0.650391 0.267578 0.648438 0.265625 0.648438 0.257812 0.646484 0.255859 0.646484 0.248047 0.642578 0.240234 0.636719 0.234375 0.634766 0.224609 0.630859 0.220703 0.626953 0.220703 0.625000 0.218750 0.607422 0.218750
2 0.958984 0.644531 0.955078 0.650391 0.955078 0.656250 0.957031 0.658203 0.966797 0.658203 0.968750 0.660156 0.972656 0.660156 0.980469 0.669922 0.980469 0.675781 0.978516 0.677734 0.978516 0.701172 0.988281 0.707031 0.996094 0.707031 0.998047 0.708984 0.998047 0.650391 0.994141 0.648438 0.978516 0.648438 0.976562 0.646484
2 0.941406 0.724609 0.937500 0.732422 0.937500 0.750000 0.935547 0.751953 0.935547 0.769531 0.933594 0.771484 0.935547 0.781250 0.941406 0.785156 0.978516 0.785156 0.980469 0.787109 0.992188 0.787109 0.994141 0.785156 0.998047 0.787109 0.998047 0.785156 0.992188 0.783203 0.994141 0.779297 0.998047 0.779297 0.998047 0.769531 0.994141 0.765625 0.998047 0.761719 0.998047 0.732422 0.992188 0.732422 0.984375 0.726562 0.974609 0.726562 0.972656 0.724609 0.955078 0.724609 0.953125 0.722656 0.945312 0.722656
2 0.998047 0.916016 0.996094 0.914062 0.986328 0.914062 0.984375 0.916016 0.976562 0.916016 0.974609 0.917969 0.968750 0.917969 0.962891 0.921875 0.958984 0.921875 0.955078 0.927734 0.955078 0.943359 0.957031 0.945312 0.957031 0.951172 0.958984 0.953125 0.962891 0.953125 0.964844 0.955078 0.994141 0.955078 0.996094 0.953125 0.996094 0.949219 0.998047 0.947266
2 0.248047 0.980469 0.248047 0.974609 0.242188 0.980469 0.236328 0.972656 0.232422 0.978516 0.220703 0.974609 0.214844 0.980469 0.208984 0.980469 0.199219 0.970703 0.195312 0.972656 0.179688 0.937500 0.169922 0.935547 0.125000 0.937500 0.095703 0.947266 0.082031 0.941406 0.044922 0.941406 0.021484 0.957031 0.029297 0.986328 0.033203 0.990234 0.041016 0.988281 0.046875 0.998047 0.089844 0.998047 0.089844 0.982422 0.097656 0.988281 0.095703 0.998047 0.193359 0.998047
4 0.724609 0.023438 0.708984 0.031250 0.705078 0.039062 0.705078 0.109375 0.707031 0.111328 0.707031 0.119141 0.712891 0.125000 0.722656 0.128906 0.738281 0.128906 0.755859 0.121094 0.761719 0.103516 0.761719 0.091797 0.757812 0.085938 0.755859 0.062500 0.751953 0.056641 0.751953 0.050781 0.755859 0.046875 0.757812 0.039062 0.755859 0.035156 0.744141 0.033203 0.730469 0.023438
4 0.998047 0.480469 0.990234 0.482422 0.974609 0.494141 0.970703 0.494141 0.962891 0.498047 0.953125 0.498047 0.955078 0.500000 0.957031 0.509766 0.964844 0.525391 0.968750 0.529297 0.970703 0.537109 0.976562 0.542969 0.978516 0.550781 0.982422 0.550781 0.984375 0.552734 0.998047 0.552734
5 0.693359 0.167969 0.654297 0.160156 0.458984 0.226562 0.402344 0.001953 0.378906 0.000000 0.441406 0.228516 0.126953 0.302734 0.138672 0.314453 0.242188 0.304688 0.476562 0.244141
5 0.861328 0.111328 0.857422 0.107422 0.853516 0.107422 0.851562 0.105469 0.849609 0.107422 0.845703 0.107422 0.839844 0.113281 0.835938 0.115234 0.830078 0.115234 0.828125 0.117188 0.822266 0.117188 0.820312 0.119141 0.814453 0.119141 0.812500 0.121094 0.810547 0.119141 0.806641 0.121094 0.802734 0.121094 0.798828 0.125000 0.798828 0.128906 0.796875 0.130859 0.798828 0.132812 0.798828 0.136719 0.802734 0.140625 0.806641 0.140625 0.808594 0.142578 0.812500 0.140625 0.816406 0.142578 0.818359 0.140625 0.824219 0.140625 0.826172 0.138672 0.832031 0.138672 0.833984 0.136719 0.835938 0.138672 0.837891 0.136719 0.841797 0.136719 0.843750 0.134766 0.853516 0.132812 0.861328 0.126953 0.861328 0.123047 0.863281 0.121094
5 0.000000 0.304688 0.000000 0.328125 0.005859 0.328125 0.007812 0.326172 0.009766 0.328125 0.013672 0.326172 0.015625 0.328125 0.021484 0.328125 0.023438 0.326172 0.025391 0.328125 0.033203 0.328125 0.035156 0.330078 0.041016 0.330078 0.048828 0.333984 0.054688 0.333984 0.056641 0.332031 0.060547 0.332031 0.064453 0.328125 0.064453 0.324219 0.066406 0.322266 0.064453 0.320312 0.064453 0.316406 0.060547 0.312500 0.056641 0.312500 0.048828 0.308594 0.042969 0.308594 0.041016 0.306641 0.035156 0.306641 0.033203 0.304688 0.029297 0.306641 0.027344 0.304688 0.023438 0.306641 0.021484 0.304688 0.015625 0.304688 0.013672 0.306641 0.011719 0.304688 0.007812 0.306641 0.005859 0.304688
5 0.884766 0.410156 0.878906 0.419922 0.880859 0.427734 0.904297 0.457031 0.917969 0.480469 0.925781 0.501953 0.933594 0.511719 0.939453 0.531250 0.955078 0.556641 0.958984 0.572266 0.964844 0.578125 0.976562 0.578125 0.982422 0.568359 0.980469 0.558594 0.955078 0.509766 0.953125 0.500000 0.947266 0.494141 0.937500 0.466797 0.900391 0.414062 0.890625 0.408203
5 0.912109 0.517578 0.900391 0.517578 0.857422 0.558594 0.789062 0.646484 0.722656 0.767578 0.697266 0.839844 0.583984 0.972656 0.578125 0.998047 0.603516 0.998047 0.642578 0.937500 0.710938 0.861328 0.742188 0.777344 0.796875 0.677734 0.861328 0.589844 0.916016 0.535156
6 0.404297 0.003906 0.443359 0.130859 0.464844 0.144531 0.490234 0.138672 0.498047 0.146484 0.447266 0.146484 0.445312 0.164062 0.541016 0.169922 0.566406 0.162109 0.566406 0.154297 0.498047 0.150391 0.503906 0.138672 0.515625 0.146484 0.537109 0.138672 0.546875 0.146484 0.566406 0.140625 0.597656 0.148438 0.656250 0.136719 0.667969 0.099609 0.642578 0.089844 0.630859 0.056641 0.638672 0.029297 0.621094 0.023438 0.605469 0.000000
6 0.382812 0.023438 0.367188 0.021484 0.363281 0.042969 0.378906 0.070312 0.300781 0.076172 0.291016 0.156250 0.265625 0.121094 0.128906 0.134766 0.099609 0.119141 0.076172 0.123047 0.019531 0.199219 0.009766 0.164062 0.009766 0.292969 0.023438 0.289062 0.029297 0.304688 0.048828 0.289062 0.060547 0.304688 0.150391 0.289062 0.146484 0.214844 0.246094 0.240234 0.246094 0.226562 0.277344 0.240234 0.259766 0.234375 0.281250 0.222656 0.294922 0.238281 0.306641 0.199219 0.322266 0.240234 0.435547 0.224609
6 0.861328 0.056641 0.853516 0.062500 0.849609 0.076172 0.851562 0.103516 0.865234 0.117188 0.863281 0.126953 0.851562 0.134766 0.851562 0.164062 0.902344 0.212891 0.923828 0.222656 0.951172 0.244141 0.968750 0.244141 0.972656 0.232422 0.984375 0.234375 0.998047 0.218750 0.998047 0.050781
6 0.332031 0.060547 0.333984 0.060547 0.335938 0.058594 0.332031 0.058594
6 0.261719 0.113281 0.261719 0.115234 0.263672 0.115234
6 0.587891 0.158203 0.587891 0.160156 0.593750 0.160156 0.593750 0.158203 0.591797 0.156250 0.589844 0.156250
6 0.498047 0.205078 0.494141 0.205078 0.492188 0.207031 0.490234 0.207031 0.498047 0.207031
6 0.482422 0.207031 0.478516 0.207031 0.478516 0.208984 0.476562 0.210938 0.480469 0.210938 0.482422 0.208984
6 0.878906 0.447266 0.820312 0.431641 0.714844 0.476562 0.666016 0.457031 0.628906 0.390625 0.646484 0.320312 0.595703 0.310547 0.550781 0.228516 0.494141 0.343750 0.378906 0.292969 0.291016 0.292969 0.251953 0.326172 0.037109 0.357422 0.003906 0.425781 0.000000 0.939453 0.177734 0.931641 0.208984 0.978516 0.267578 0.962891 0.337891 0.998047 0.576172 0.998047 0.880859 0.537109
6 0.568359 0.228516 0.566406 0.230469 0.566406 0.232422 0.568359 0.232422
6 0.568359 0.242188 0.566406 0.244141 0.566406 0.250000 0.572266 0.250000 0.574219 0.251953 0.578125 0.248047 0.578125 0.246094 0.576172 0.246094 0.574219 0.244141 0.572266 0.244141 0.570312 0.242188
6 0.582031 0.246094 0.582031 0.248047 0.583984 0.248047 0.583984 0.246094
6 0.960938 0.250000 0.964844 0.253906 0.970703 0.253906 0.972656 0.255859 0.974609 0.255859 0.978516 0.259766 0.982422 0.259766 0.982422 0.253906 0.978516 0.250000 0.976562 0.250000 0.974609 0.251953 0.972656 0.251953 0.968750 0.248047 0.962891 0.248047
6 0.521484 0.265625 0.519531 0.265625 0.519531 0.269531 0.521484 0.267578
6 0.378906 0.281250 0.378906 0.285156 0.380859 0.283203
6 0.044922 0.298828 0.042969 0.298828 0.042969 0.300781
6 0.228516 0.308594 0.228516 0.310547 0.230469 0.310547 0.230469 0.308594
6 0.029297 0.363281 0.027344 0.365234 0.029297 0.365234
6 0.929688 0.537109 0.863281 0.589844 0.746094 0.773438 0.781250 0.783203 0.779297 0.824219 0.738281 0.794922 0.712891 0.861328 0.609375 0.998047 0.837891 0.992188 0.798828 0.974609 0.824219 0.964844 0.828125 0.935547 0.835938 0.972656 0.847656 0.937500 0.853516 0.974609 0.863281 0.947266 0.875000 0.986328 0.910156 0.923828 0.914062 0.796875 0.892578 0.751953 0.841797 0.742188 0.835938 0.703125 0.851562 0.693359 0.875000 0.742188 0.914062 0.720703 0.935547 0.681641 0.943359 0.562500
6 0.824219 0.972656 0.822266 0.972656 0.822266 0.974609
6 0.855469 0.984375 0.851562 0.984375 0.851562 0.992188 0.853516 0.994141 0.853516 0.992188 0.857422 0.988281 0.857422 0.986328
