0 0.855469 0.000000 0.781250 0.000000 0.755859 0.689453 0.691406 0.656250 0.347656 0.720703 0.333984 0.791016 0.250000 0.820312 0.267578 0.892578 0.095703 0.925781 0.115234 0.898438 0.017578 0.878906 0.000000 0.953125 0.125000 0.933594 0.154297 0.984375 0.289062 0.978516 0.300781 0.947266 0.365234 0.998047 0.447266 0.970703 0.541016 0.998047 0.566406 0.966797 0.580078 0.998047 0.556641 0.826172 0.625000 0.804688 0.691406 0.900391 0.929688 0.900391 0.947266 0.750000 0.880859 0.740234 0.998047 0.736328 0.998047 0.287109 0.882812 0.294922 0.880859 0.160156 0.826172 0.130859 0.871094 0.101562
0 0.849609 0.138672 0.847656 0.138672 0.843750 0.142578 0.843750 0.146484 0.845703 0.148438 0.847656 0.148438 0.849609 0.146484 0.851562 0.146484 0.851562 0.144531 0.849609 0.142578
0 0.662109 0.945312 0.660156 0.945312 0.656250 0.949219 0.658203 0.951172 0.660156 0.951172 0.660156 0.949219 0.662109 0.947266
0 0.107422 0.958984 0.105469 0.960938 0.103516 0.960938 0.103516 0.962891
0 0.115234 0.957031 0.113281 0.957031 0.111328 0.958984 0.113281 0.960938 0.113281 0.962891 0.111328 0.964844 0.111328 0.966797 0.113281 0.968750 0.113281 0.966797 0.115234 0.964844
0 0.662109 0.960938 0.660156 0.960938 0.658203 0.962891 0.658203 0.966797 0.662109 0.962891
0 0.554688 0.988281 0.554688 0.992188 0.556641 0.992188 0.556641 0.988281
2 0.990234 0.181641 0.917969 0.181641 0.910156 0.183594 0.921875 0.185547 0.921875 0.189453 0.869141 0.191406 0.865234 0.195312 0.863281 0.226562 0.867188 0.246094 0.898438 0.246094 0.923828 0.240234 0.974609 0.236328 0.994141 0.230469 0.998047 0.226562 0.998047 0.220703 0.992188 0.208984
2 0.953125 0.748047 0.953125 0.755859 0.955078 0.757812 0.955078 0.759766 0.957031 0.757812 0.958984 0.757812 0.960938 0.759766 0.960938 0.761719 0.957031 0.765625 0.955078 0.765625 0.957031 0.767578 0.964844 0.767578 0.966797 0.769531 0.972656 0.769531 0.974609 0.771484 0.978516 0.771484 0.980469 0.773438 0.982422 0.771484 0.990234 0.771484 0.992188 0.769531 0.998047 0.769531 0.998047 0.748047 0.996094 0.748047 0.994141 0.746094 0.990234 0.746094 0.988281 0.744141 0.974609 0.744141 0.972656 0.746094 0.968750 0.746094 0.966797 0.744141 0.960938 0.744141 0.960938 0.746094 0.957031 0.750000 0.955078 0.748047 0.955078 0.746094
2 0.998047 0.781250 0.980469 0.781250 0.972656 0.798828 0.960938 0.800781 0.927734 0.822266 0.929688 0.832031 0.951172 0.855469 0.953125 0.876953 0.937500 0.902344 0.912109 0.923828 0.921875 0.953125 0.916016 0.962891 0.917969 0.972656 0.906250 0.976562 0.904297 0.992188 0.908203 0.998047 0.998047 0.998047
2 0.697266 0.910156 0.681641 0.998047 0.845703 0.996094 0.847656 0.974609 0.857422 0.947266 0.855469 0.929688 0.789062 0.916016 0.738281 0.912109 0.714844 0.906250
2 0.894531 0.978516 0.898438 0.982422 0.890625 0.990234 0.890625 0.992188 0.894531 0.996094 0.900391 0.996094 0.900391 0.992188 0.896484 0.992188 0.892578 0.988281 0.894531 0.986328 0.896484 0.986328 0.898438 0.984375 0.900391 0.984375 0.900391 0.978516
4 0.544922 0.058594 0.525391 0.050781 0.460938 0.068359 0.339844 0.070312 0.185547 0.095703 0.177734 0.103516 0.177734 0.126953 0.195312 0.175781 0.207031 0.177734 0.214844 0.193359 0.222656 0.185547 0.226562 0.191406 0.238281 0.185547 0.257812 0.193359 0.308594 0.191406 0.337891 0.179688 0.330078 0.164062 0.361328 0.162109 0.371094 0.146484 0.384766 0.156250 0.382812 0.162109 0.408203 0.167969 0.482422 0.138672 0.533203 0.132812 0.542969 0.115234
4 0.375000 0.160156 0.376953 0.162109 0.376953 0.160156
4 0.396484 0.171875 0.394531 0.171875 0.392578 0.169922 0.392578 0.167969 0.386719 0.173828 0.384766 0.171875 0.376953 0.171875 0.373047 0.175781 0.380859 0.175781 0.382812 0.173828 0.394531 0.173828
4 0.517578 0.207031 0.429688 0.185547 0.234375 0.232422 0.289062 0.628906 0.212891 0.289062 0.000000 0.339844 0.003906 0.599609 0.042969 0.849609 0.011719 0.853516 0.048828 0.863281 0.011719 0.871094 0.238281 0.878906 0.244141 0.798828 0.324219 0.783203 0.291016 0.626953 0.322266 0.720703 0.546875 0.664062 0.496094 0.648438 0.501953 0.605469 0.544922 0.621094
4 0.519531 0.183594 0.517578 0.183594 0.517578 0.189453 0.515625 0.191406 0.515625 0.201172 0.517578 0.203125 0.519531 0.201172 0.519531 0.199219 0.517578 0.197266 0.517578 0.195312 0.519531 0.193359 0.519531 0.191406 0.517578 0.189453 0.517578 0.187500 0.519531 0.185547
4 0.542969 0.634766 0.541016 0.636719 0.539062 0.636719 0.539062 0.638672 0.541016 0.638672 0.542969 0.640625
4 0.632812 0.808594 0.587891 0.826172 0.566406 0.826172 0.560547 0.830078 0.568359 0.855469 0.564453 0.892578 0.582031 0.941406 0.597656 0.964844 0.609375 0.998047 0.628906 0.998047 0.625000 0.978516 0.632812 0.960938 0.621094 0.941406 0.619141 0.902344 0.632812 0.886719 0.634766 0.863281 0.644531 0.830078 0.640625 0.812500
4 0.017578 0.837891 0.017578 0.841797 0.019531 0.839844 0.021484 0.839844 0.019531 0.837891
5 0.048828 0.000000 0.000000 0.000000 0.000000 0.224609 0.003906 0.232422 0.009766 0.222656 0.072266 0.208984 0.087891 0.199219 0.080078 0.152344 0.060547 0.085938 0.058594 0.044922
6 0.146484 0.000000 0.050781 0.000000 0.089844 0.199219 0.066406 0.212891 0.009766 0.224609 0.005859 0.234375 0.000000 0.226562 0.000000 0.322266 0.005859 0.330078 0.107422 0.316406 0.119141 0.289062 0.187500 0.273438 0.205078 0.253906 0.169922 0.101562 0.160156 0.085938 0.156250 0.015625
6 0.759766 0.140625 0.705078 0.136719 0.681641 0.123047 0.666016 0.136719 0.605469 0.140625 0.589844 0.158203 0.562500 0.160156 0.541016 0.189453 0.552734 0.664062 0.648438 0.662109 0.677734 0.650391 0.732422 0.658203 0.765625 0.625000 0.744141 0.566406 0.761719 0.509766 0.751953 0.476562 0.767578 0.451172 0.767578 0.423828 0.751953 0.406250 0.759766 0.326172 0.744141 0.248047
