0 0.757812 0.439453 0.748047 0.455078 0.750000 0.478516 0.757812 0.496094 0.775391 0.501953 0.787109 0.509766 0.800781 0.509766 0.812500 0.498047 0.818359 0.496094 0.822266 0.492188 0.824219 0.486328 0.824219 0.466797 0.822266 0.464844 0.822266 0.455078 0.816406 0.449219 0.804688 0.443359 0.791016 0.441406 0.781250 0.437500 0.761719 0.437500
0 0.988281 0.576172 0.978516 0.572266 0.933594 0.591797 0.916016 0.605469 0.916016 0.613281 0.904297 0.615234 0.894531 0.623047 0.851562 0.632812 0.837891 0.640625 0.832031 0.648438 0.832031 0.658203 0.841797 0.679688 0.861328 0.685547 0.867188 0.681641 0.884766 0.681641 0.888672 0.675781 0.892578 0.679688 0.894531 0.673828 0.906250 0.673828 0.925781 0.662109 0.941406 0.662109 0.949219 0.666016 0.974609 0.662109 0.976562 0.642578 0.970703 0.626953 0.982422 0.623047 0.990234 0.615234 0.988281 0.605469 0.994141 0.593750 0.990234 0.591797
0 0.990234 0.634766 0.986328 0.634766 0.988281 0.636719 0.988281 0.638672 0.986328 0.640625 0.984375 0.640625 0.984375 0.660156 0.986328 0.660156 0.988281 0.658203 0.986328 0.656250 0.986328 0.646484 0.990234 0.642578 0.990234 0.640625 0.988281 0.638672 0.988281 0.636719
0 0.898438 0.679688 0.898438 0.681641 0.900391 0.681641 0.900391 0.679688
0 0.681641 0.734375 0.681641 0.736328 0.693359 0.738281 0.701172 0.746094 0.707031 0.755859 0.708984 0.767578 0.714844 0.771484 0.736328 0.771484 0.738281 0.769531 0.742188 0.771484 0.769531 0.771484 0.773438 0.767578 0.781250 0.765625 0.781250 0.763672 0.775391 0.765625 0.771484 0.761719 0.777344 0.751953 0.781250 0.755859 0.783203 0.753906 0.777344 0.751953 0.771484 0.746094 0.771484 0.732422 0.751953 0.724609 0.748047 0.726562 0.740234 0.724609 0.710938 0.724609 0.705078 0.728516
0 0.609375 0.759766 0.609375 0.763672 0.619141 0.763672 0.619141 0.759766
0 0.625000 0.759766 0.625000 0.763672 0.626953 0.765625 0.628906 0.765625 0.630859 0.763672 0.628906 0.761719 0.626953 0.761719
0 0.585938 0.775391 0.593750 0.777344 0.587891 0.783203 0.589844 0.781250 0.599609 0.792969 0.597656 0.808594 0.593750 0.812500 0.589844 0.810547 0.582031 0.814453 0.582031 0.826172 0.591797 0.835938 0.601562 0.832031 0.611328 0.833984 0.628906 0.849609 0.648438 0.853516 0.656250 0.847656 0.658203 0.841797 0.664062 0.841797 0.671875 0.833984 0.671875 0.826172 0.677734 0.822266 0.681641 0.814453 0.697266 0.820312 0.697266 0.814453 0.689453 0.804688 0.689453 0.800781 0.677734 0.789062 0.654297 0.787109 0.638672 0.771484 0.626953 0.769531 0.621094 0.773438 0.611328 0.771484
0 0.660156 0.882812 0.660156 0.896484 0.652344 0.904297 0.642578 0.906250 0.642578 0.910156 0.648438 0.916016 0.652344 0.916016 0.664062 0.931641 0.669922 0.935547 0.673828 0.935547 0.677734 0.939453 0.683594 0.941406 0.710938 0.939453 0.714844 0.935547 0.714844 0.931641 0.718750 0.925781 0.718750 0.921875 0.714844 0.916016 0.714844 0.906250 0.726562 0.898438 0.726562 0.890625 0.720703 0.890625 0.708984 0.876953 0.699219 0.876953 0.697266 0.875000 0.687500 0.875000 0.685547 0.876953 0.681641 0.875000 0.675781 0.880859 0.664062 0.880859
2 0.058594 0.000000 0.058594 0.007812 0.072266 0.041016 0.072266 0.058594 0.083984 0.087891 0.087891 0.089844 0.103516 0.087891 0.121094 0.076172 0.138672 0.068359 0.148438 0.058594 0.148438 0.046875 0.144531 0.035156 0.134766 0.023438 0.130859 0.009766 0.123047 0.001953 0.101562 0.003906 0.095703 0.007812 0.078125 0.009766 0.066406 0.003906 0.064453 0.000000
2 0.263672 0.000000 0.265625 0.013672 0.277344 0.031250 0.273438 0.039062 0.273438 0.042969 0.279297 0.050781 0.283203 0.050781 0.285156 0.052734 0.294922 0.052734 0.316406 0.033203 0.330078 0.025391 0.333984 0.025391 0.337891 0.021484 0.337891 0.015625 0.335938 0.011719 0.333984 0.011719 0.322266 0.000000
2 0.486328 0.000000 0.505859 0.033203 0.542969 0.076172 0.554688 0.076172 0.562500 0.072266 0.564453 0.054688 0.576172 0.054688 0.595703 0.039062 0.613281 0.033203 0.634766 0.017578 0.626953 0.000000 0.539062 0.000000 0.537109 0.011719 0.544922 0.019531 0.542969 0.023438 0.533203 0.013672 0.527344 0.000000
2 0.818359 0.007812 0.804688 0.007812 0.787109 0.015625 0.781250 0.027344 0.777344 0.023438 0.763672 0.023438 0.748047 0.033203 0.736328 0.035156 0.724609 0.041016 0.720703 0.052734 0.728516 0.070312 0.750000 0.101562 0.757812 0.101562 0.767578 0.093750 0.792969 0.083984 0.804688 0.076172 0.806641 0.072266 0.804688 0.066406 0.792969 0.052734 0.818359 0.042969 0.826172 0.035156 0.828125 0.023438 0.824219 0.013672
2 0.429688 0.037109 0.421875 0.037109 0.419922 0.039062 0.414062 0.039062 0.412109 0.041016 0.402344 0.041016 0.400391 0.042969 0.398438 0.042969 0.388672 0.052734 0.388672 0.060547 0.390625 0.062500 0.390625 0.064453 0.394531 0.068359 0.394531 0.070312 0.408203 0.083984 0.412109 0.083984 0.414062 0.085938 0.419922 0.085938 0.421875 0.083984 0.425781 0.083984 0.429688 0.080078 0.429688 0.076172 0.431641 0.074219 0.437500 0.072266 0.443359 0.066406 0.443359 0.062500 0.445312 0.060547 0.443359 0.050781 0.441406 0.048828 0.439453 0.048828 0.431641 0.041016 0.431641 0.039062
2 0.349609 0.087891 0.359375 0.109375 0.371094 0.111328 0.373047 0.113281 0.371094 0.117188 0.375000 0.126953 0.386719 0.138672 0.396484 0.142578 0.400391 0.148438 0.408203 0.150391 0.427734 0.140625 0.427734 0.128906 0.423828 0.117188 0.412109 0.109375 0.406250 0.101562 0.394531 0.097656 0.394531 0.085938 0.392578 0.082031 0.380859 0.072266 0.375000 0.070312 0.359375 0.078125
2 0.710938 0.076172 0.705078 0.076172 0.669922 0.091797 0.644531 0.109375 0.591797 0.136719 0.589844 0.144531 0.601562 0.166016 0.607422 0.171875 0.613281 0.171875 0.726562 0.109375 0.726562 0.101562
2 0.837891 0.150391 0.824219 0.134766 0.810547 0.126953 0.794922 0.128906 0.783203 0.138672 0.757812 0.148438 0.751953 0.154297 0.701172 0.179688 0.689453 0.189453 0.697266 0.201172 0.708984 0.208984 0.710938 0.234375 0.720703 0.236328 0.787109 0.189453 0.806641 0.185547 0.837891 0.171875 0.841797 0.166016
2 0.332031 0.144531 0.328125 0.148438 0.328125 0.150391 0.330078 0.152344 0.330078 0.154297 0.332031 0.156250 0.332031 0.158203 0.339844 0.167969 0.339844 0.169922 0.343750 0.175781 0.343750 0.179688 0.345703 0.181641 0.357422 0.181641 0.359375 0.179688 0.361328 0.179688 0.363281 0.177734 0.363281 0.171875 0.361328 0.169922 0.361328 0.167969 0.359375 0.166016 0.359375 0.164062 0.351562 0.154297 0.351562 0.152344 0.349609 0.150391 0.349609 0.148438 0.347656 0.146484 0.347656 0.144531 0.345703 0.142578 0.335938 0.142578 0.333984 0.144531
2 0.593750 0.181641 0.568359 0.162109 0.568359 0.150391 0.558594 0.144531 0.541016 0.146484 0.445312 0.201172 0.417969 0.210938 0.349609 0.255859 0.328125 0.261719 0.328125 0.277344 0.353516 0.314453 0.371094 0.314453 0.417969 0.279297 0.443359 0.273438 0.525391 0.218750 0.525391 0.195312 0.539062 0.203125 0.562500 0.195312 0.595703 0.197266
2 0.214844 0.160156 0.212891 0.162109 0.210938 0.162109 0.208984 0.164062 0.207031 0.164062 0.203125 0.167969 0.203125 0.171875 0.205078 0.173828 0.205078 0.177734 0.207031 0.179688 0.207031 0.187500 0.210938 0.191406 0.210938 0.193359 0.216797 0.199219 0.228516 0.199219 0.234375 0.193359 0.234375 0.183594 0.228516 0.177734 0.228516 0.175781 0.226562 0.173828 0.226562 0.171875 0.224609 0.171875 0.218750 0.166016 0.218750 0.164062
2 0.878906 0.263672 0.867188 0.255859 0.851562 0.253906 0.839844 0.263672 0.835938 0.283203 0.816406 0.298828 0.802734 0.304688 0.789062 0.296875 0.777344 0.296875 0.759766 0.302734 0.751953 0.310547 0.748047 0.322266 0.750000 0.333984 0.763672 0.351562 0.775391 0.376953 0.800781 0.380859 0.816406 0.373047 0.820312 0.365234 0.818359 0.349609 0.830078 0.343750 0.835938 0.345703 0.837891 0.355469 0.845703 0.365234 0.857422 0.363281 0.863281 0.357422 0.861328 0.333984 0.865234 0.330078 0.886719 0.330078 0.896484 0.326172 0.898438 0.302734
2 0.625000 0.273438 0.619141 0.267578 0.609375 0.267578 0.587891 0.279297 0.583984 0.285156 0.556641 0.294922 0.546875 0.304688 0.531250 0.312500 0.515625 0.326172 0.501953 0.332031 0.496094 0.341797 0.503906 0.349609 0.513672 0.349609 0.527344 0.343750 0.548828 0.328125 0.560547 0.324219 0.576172 0.312500 0.593750 0.304688 0.601562 0.296875 0.623047 0.287109 0.626953 0.281250
2 0.058594 0.318359 0.056641 0.316406 0.052734 0.316406 0.050781 0.314453 0.035156 0.314453 0.033203 0.316406 0.029297 0.316406 0.021484 0.322266 0.019531 0.322266 0.013672 0.328125 0.013672 0.330078 0.009766 0.335938 0.009766 0.343750 0.011719 0.345703 0.011719 0.359375 0.013672 0.361328 0.023438 0.361328 0.025391 0.359375 0.033203 0.359375 0.035156 0.357422 0.039062 0.357422 0.046875 0.351562 0.052734 0.349609 0.052734 0.347656 0.054688 0.345703 0.054688 0.343750 0.052734 0.341797 0.052734 0.335938 0.056641 0.332031 0.056641 0.328125 0.058594 0.326172
2 0.162109 0.369141 0.158203 0.371094 0.152344 0.376953 0.152344 0.380859 0.156250 0.388672 0.156250 0.394531 0.160156 0.402344 0.160156 0.408203 0.164062 0.412109 0.164062 0.414062 0.167969 0.417969 0.167969 0.421875 0.171875 0.425781 0.181641 0.425781 0.193359 0.419922 0.203125 0.410156 0.203125 0.406250 0.191406 0.382812 0.181641 0.371094 0.177734 0.371094 0.175781 0.369141
2 0.281250 0.376953 0.271484 0.376953 0.257812 0.384766 0.246094 0.398438 0.240234 0.417969 0.236328 0.412109 0.228516 0.412109 0.193359 0.435547 0.197266 0.449219 0.210938 0.451172 0.214844 0.462891 0.224609 0.464844 0.220703 0.468750 0.232422 0.500000 0.250000 0.523438 0.263672 0.519531 0.269531 0.513672 0.269531 0.507812 0.251953 0.480469 0.250000 0.466797 0.242188 0.453125 0.236328 0.453125 0.230469 0.460938 0.228516 0.457031 0.236328 0.447266 0.248047 0.445312 0.251953 0.435547 0.261719 0.437500 0.294922 0.423828
2 0.041016 0.423828 0.035156 0.431641 0.023438 0.431641 0.019531 0.435547 0.019531 0.449219 0.037109 0.478516 0.058594 0.478516 0.046875 0.488281 0.046875 0.509766 0.062500 0.517578 0.082031 0.513672 0.095703 0.500000 0.099609 0.500000 0.103516 0.492188 0.082031 0.470703 0.068359 0.476562 0.062500 0.474609 0.074219 0.464844 0.074219 0.455078 0.072266 0.457031 0.062500 0.443359 0.062500 0.437500 0.072266 0.433594 0.058594 0.433594 0.046875 0.425781 0.068359 0.423828
2 0.367188 0.435547 0.365234 0.455078 0.388672 0.492188 0.386719 0.500000 0.400391 0.513672 0.404297 0.531250 0.416016 0.539062 0.419922 0.558594 0.447266 0.589844 0.457031 0.615234 0.466797 0.613281 0.462891 0.603516 0.482422 0.597656 0.484375 0.578125 0.490234 0.572266 0.505859 0.576172 0.503906 0.587891 0.509766 0.572266 0.498047 0.548828 0.509766 0.544922 0.515625 0.560547 0.521484 0.556641 0.488281 0.517578 0.476562 0.513672 0.470703 0.490234 0.460938 0.484375 0.441406 0.449219 0.412109 0.423828
2 0.322266 0.453125 0.314453 0.453125 0.312500 0.455078 0.306641 0.455078 0.304688 0.457031 0.302734 0.457031 0.296875 0.462891 0.294922 0.462891 0.289062 0.466797 0.279297 0.468750 0.279297 0.470703 0.277344 0.472656 0.277344 0.474609 0.279297 0.476562 0.279297 0.482422 0.289062 0.500000 0.310547 0.500000 0.318359 0.494141 0.320312 0.494141 0.324219 0.490234 0.326172 0.490234 0.333984 0.482422 0.333984 0.478516 0.322266 0.457031
2 0.396484 0.517578 0.392578 0.513672 0.390625 0.513672 0.380859 0.507812 0.376953 0.507812 0.375000 0.505859 0.371094 0.505859 0.369141 0.507812 0.365234 0.507812 0.363281 0.509766 0.357422 0.511719 0.353516 0.515625 0.353516 0.521484 0.355469 0.523438 0.355469 0.531250 0.353516 0.533203 0.347656 0.535156 0.347656 0.537109 0.343750 0.541016 0.343750 0.550781 0.345703 0.550781 0.347656 0.552734 0.349609 0.552734 0.351562 0.550781 0.355469 0.550781 0.361328 0.546875 0.365234 0.546875 0.367188 0.544922 0.376953 0.542969 0.380859 0.539062 0.394531 0.533203 0.398438 0.529297 0.398438 0.521484 0.396484 0.519531
2 0.062500 0.546875 0.064453 0.548828 0.074219 0.548828 0.076172 0.550781 0.089844 0.552734 0.097656 0.556641 0.109375 0.556641 0.111328 0.554688 0.115234 0.554688 0.119141 0.552734 0.125000 0.546875 0.126953 0.541016 0.121094 0.535156 0.119141 0.531250 0.119141 0.527344 0.115234 0.523438 0.105469 0.523438 0.103516 0.521484 0.085938 0.519531 0.080078 0.525391 0.072266 0.529297 0.068359 0.529297 0.070312 0.533203 0.074219 0.533203 0.076172 0.535156 0.076172 0.542969 0.074219 0.544922 0.068359 0.544922 0.066406 0.546875
2 0.371094 0.558594 0.365234 0.566406 0.365234 0.574219 0.373047 0.580078 0.373047 0.585938 0.380859 0.589844 0.384766 0.605469 0.398438 0.611328 0.400391 0.626953 0.400391 0.621094 0.406250 0.617188 0.412109 0.617188 0.416016 0.621094 0.416016 0.642578 0.419922 0.652344 0.429688 0.660156 0.435547 0.660156 0.447266 0.654297 0.451172 0.648438 0.451172 0.615234 0.439453 0.599609 0.433594 0.582031 0.425781 0.572266 0.416016 0.566406 0.414062 0.558594 0.406250 0.552734 0.386719 0.550781
2 0.250000 0.568359 0.246094 0.583984 0.263672 0.628906 0.292969 0.621094 0.308594 0.646484 0.275391 0.656250 0.275391 0.666016 0.291016 0.699219 0.296875 0.699219 0.296875 0.708984 0.269531 0.716797 0.269531 0.738281 0.287109 0.753906 0.310547 0.736328 0.339844 0.732422 0.345703 0.744141 0.353516 0.744141 0.371094 0.734375 0.357422 0.707031 0.343750 0.705078 0.339844 0.685547 0.326172 0.681641 0.328125 0.664062 0.318359 0.648438 0.333984 0.642578 0.337891 0.634766 0.324219 0.613281 0.320312 0.589844 0.304688 0.585938 0.283203 0.595703 0.265625 0.566406
2 0.000000 0.611328 0.000000 0.669922 0.003906 0.669922 0.009766 0.666016 0.013672 0.666016 0.015625 0.664062 0.025391 0.662109 0.046875 0.648438 0.046875 0.644531 0.048828 0.642578 0.046875 0.640625 0.046875 0.634766 0.041016 0.626953 0.037109 0.625000 0.031250 0.625000 0.025391 0.619141 0.019531 0.617188 0.011719 0.611328
2 0.083984 0.650391 0.085938 0.652344 0.085938 0.656250 0.095703 0.666016 0.095703 0.667969 0.101562 0.671875 0.109375 0.671875 0.115234 0.677734 0.115234 0.679688 0.123047 0.689453 0.132812 0.689453 0.134766 0.687500 0.138672 0.687500 0.144531 0.681641 0.144531 0.679688 0.152344 0.673828 0.152344 0.667969 0.148438 0.664062 0.144531 0.654297 0.140625 0.650391 0.138672 0.642578 0.134766 0.638672 0.125000 0.638672 0.123047 0.640625 0.111328 0.642578 0.107422 0.644531 0.099609 0.654297 0.095703 0.654297 0.091797 0.650391
2 0.830078 0.681641 0.828125 0.683594 0.828125 0.691406 0.832031 0.697266 0.832031 0.701172 0.841797 0.712891 0.847656 0.726562 0.857422 0.736328 0.861328 0.744141 0.861328 0.734375 0.863281 0.732422 0.867188 0.732422 0.869141 0.734375 0.878906 0.732422 0.869141 0.724609 0.869141 0.722656 0.865234 0.718750 0.865234 0.714844 0.861328 0.710938 0.861328 0.707031 0.859375 0.703125 0.847656 0.691406 0.847656 0.689453 0.839844 0.683594
2 0.009766 0.701172 0.000000 0.701172 0.000000 0.748047 0.003906 0.748047 0.007812 0.744141 0.009766 0.744141 0.013672 0.740234 0.015625 0.740234 0.019531 0.736328 0.021484 0.736328 0.027344 0.732422 0.027344 0.730469 0.023438 0.726562 0.023438 0.724609 0.021484 0.722656 0.021484 0.718750 0.017578 0.714844 0.017578 0.712891 0.015625 0.710938 0.015625 0.707031 0.013672 0.705078 0.013672 0.703125 0.011719 0.703125
2 0.162109 0.699219 0.154297 0.699219 0.152344 0.701172 0.146484 0.701172 0.140625 0.707031 0.138672 0.707031 0.134766 0.710938 0.132812 0.710938 0.123047 0.716797 0.123047 0.720703 0.125000 0.722656 0.125000 0.726562 0.126953 0.728516 0.126953 0.730469 0.132812 0.736328 0.134766 0.736328 0.136719 0.738281 0.138672 0.744141 0.142578 0.748047 0.146484 0.748047 0.158203 0.736328 0.164062 0.734375 0.169922 0.728516 0.169922 0.724609 0.171875 0.722656 0.171875 0.718750 0.173828 0.716797 0.173828 0.710938
2 0.248047 0.755859 0.193359 0.779297 0.191406 0.785156 0.193359 0.800781 0.197266 0.810547 0.201172 0.812500 0.185547 0.828125 0.185547 0.833984 0.189453 0.845703 0.201172 0.851562 0.226562 0.845703 0.228516 0.843750 0.224609 0.841797 0.220703 0.843750 0.216797 0.835938 0.208984 0.833984 0.212891 0.830078 0.224609 0.828125 0.228516 0.832031 0.248047 0.826172 0.253906 0.818359 0.261719 0.816406 0.269531 0.796875
2 0.777344 0.771484 0.773438 0.775391 0.773438 0.794922 0.769531 0.806641 0.779297 0.816406 0.789062 0.818359 0.800781 0.808594 0.816406 0.806641 0.818359 0.802734 0.822266 0.806641 0.822266 0.814453 0.841797 0.826172 0.841797 0.847656 0.835938 0.855469 0.833984 0.867188 0.837891 0.882812 0.845703 0.888672 0.876953 0.886719 0.880859 0.880859 0.880859 0.863281 0.863281 0.841797 0.873047 0.833984 0.873047 0.830078 0.861328 0.816406 0.857422 0.783203 0.843750 0.759766 0.837891 0.755859 0.833984 0.759766 0.833984 0.769531 0.789062 0.767578
2 0.958984 0.802734 0.957031 0.802734 0.955078 0.800781 0.947266 0.800781 0.945312 0.798828 0.939453 0.802734 0.935547 0.802734 0.933594 0.804688 0.931641 0.804688 0.929688 0.806641 0.927734 0.806641 0.925781 0.808594 0.923828 0.808594 0.921875 0.810547 0.921875 0.814453 0.919922 0.816406 0.921875 0.818359 0.921875 0.822266 0.923828 0.824219 0.923828 0.826172 0.927734 0.830078 0.929688 0.830078 0.931641 0.832031 0.933594 0.830078 0.935547 0.830078 0.939453 0.826172 0.943359 0.826172 0.949219 0.822266 0.953125 0.822266 0.955078 0.820312 0.957031 0.820312 0.960938 0.816406 0.960938 0.806641 0.958984 0.804688
2 0.507812 0.826172 0.515625 0.865234 0.535156 0.894531 0.544922 0.898438 0.537109 0.906250 0.539062 0.919922 0.554688 0.939453 0.564453 0.968750 0.603516 0.968750 0.605469 0.947266 0.630859 0.998047 0.652344 0.998047 0.683594 0.980469 0.699219 0.982422 0.687500 0.951172 0.664062 0.937500 0.650391 0.919922 0.613281 0.919922 0.605469 0.933594 0.599609 0.933594 0.597656 0.923828 0.615234 0.916016 0.619141 0.908203 0.580078 0.837891 0.564453 0.839844 0.556641 0.849609 0.552734 0.837891 0.525391 0.818359
2 0.000000 0.824219 0.000000 0.863281 0.013672 0.888672 0.015625 0.898438 0.023438 0.914062 0.035156 0.927734 0.050781 0.919922 0.060547 0.917969 0.062500 0.916016 0.062500 0.908203 0.052734 0.898438 0.048828 0.890625 0.048828 0.884766 0.035156 0.863281 0.033203 0.847656 0.027344 0.843750 0.017578 0.843750 0.011719 0.837891 0.007812 0.828125
2 0.117188 0.826172 0.101562 0.826172 0.099609 0.828125 0.091797 0.828125 0.089844 0.830078 0.083984 0.830078 0.083984 0.841797 0.085938 0.843750 0.085938 0.847656 0.087891 0.849609 0.089844 0.863281 0.093750 0.867188 0.093750 0.869141 0.103516 0.878906 0.111328 0.873047 0.115234 0.873047 0.123047 0.867188 0.126953 0.867188 0.128906 0.865234 0.130859 0.865234 0.130859 0.857422 0.126953 0.853516 0.126953 0.851562 0.121094 0.841797 0.121094 0.837891 0.119141 0.835938 0.119141 0.830078 0.117188 0.828125
2 0.732422 0.875000 0.732422 0.894531 0.736328 0.898438 0.746094 0.900391 0.755859 0.906250 0.761719 0.906250 0.763672 0.908203 0.765625 0.906250 0.769531 0.906250 0.771484 0.904297 0.773438 0.904297 0.777344 0.900391 0.781250 0.900391 0.785156 0.896484 0.785156 0.886719 0.783203 0.884766 0.783203 0.880859 0.781250 0.878906 0.781250 0.876953 0.775391 0.871094 0.771484 0.871094 0.769531 0.869141 0.755859 0.869141 0.753906 0.867188 0.744141 0.867188 0.742188 0.869141 0.736328 0.869141
2 0.421875 0.904297 0.416016 0.908203 0.416016 0.912109 0.414062 0.914062 0.414062 0.923828 0.412109 0.925781 0.410156 0.949219 0.412109 0.951172 0.412109 0.957031 0.416016 0.960938 0.423828 0.964844 0.431641 0.964844 0.439453 0.960938 0.443359 0.957031 0.458984 0.951172 0.462891 0.947266 0.464844 0.939453 0.453125 0.919922 0.453125 0.914062 0.451172 0.910156 0.447266 0.906250 0.431641 0.906250 0.429688 0.904297
2 0.339844 0.941406 0.332031 0.941406 0.310547 0.951172 0.300781 0.951172 0.285156 0.958984 0.269531 0.960938 0.267578 0.964844 0.267578 0.990234 0.269531 0.992188 0.269531 0.998047 0.322266 0.998047 0.326172 0.994141 0.337891 0.994141 0.339844 0.992188 0.349609 0.992188 0.355469 0.988281 0.351562 0.984375 0.351562 0.978516 0.343750 0.960938 0.343750 0.953125
