0 0.255859 0.968750 0.257812 0.998047 0.953125 0.998047 0.953125 0.978516 0.968750 0.980469 0.935547 0.960938 0.970703 0.941406 0.951172 0.902344 0.904297 0.878906 0.841797 0.912109 0.775391 0.882812 0.712891 0.884766 0.669922 0.906250 0.619141 0.900391 0.572266 0.763672 0.550781 0.748047 0.562500 0.820312 0.541016 0.841797 0.544922 0.863281 0.599609 0.892578 0.541016 0.912109 0.419922 0.917969 0.376953 0.947266 0.326172 0.931641
0 0.970703 0.972656 0.968750 0.974609 0.970703 0.974609
0 0.994141 0.978516 0.994141 0.980469 0.998047 0.980469 0.998047 0.978516
0 0.972656 0.988281 0.970703 0.990234 0.972656 0.990234
0 0.984375 0.994141 0.984375 0.998047 0.986328 0.998047 0.984375 0.996094
0 0.992188 0.998047 0.994141 0.998047 0.998047 0.994141 0.992188 0.994141
4 0.816406 0.251953 0.781250 0.195312 0.638672 0.091797 0.525391 0.099609 0.570312 0.044922 0.546875 0.029297 0.394531 0.039062 0.244141 0.066406 0.230469 0.144531 0.246094 0.289062 0.261719 0.320312 0.412109 0.320312 0.496094 0.298828 0.732422 0.283203 0.812500 0.265625
4 0.951172 0.324219 0.890625 0.335938 0.886719 0.355469 0.923828 0.503906 0.937500 0.531250 0.941406 0.587891 0.970703 0.695312 0.984375 0.710938 0.982422 0.703125 0.992188 0.699219 0.998047 0.679688 0.998047 0.341797 0.988281 0.324219
4 0.419922 0.330078 0.359375 0.328125 0.259766 0.347656 0.287109 0.490234 0.298828 0.505859 0.304688 0.535156 0.347656 0.537109 0.369141 0.525391 0.468750 0.503906 0.466797 0.466797 0.447266 0.433594 0.437500 0.371094
4 0.238281 0.345703 0.123047 0.351562 0.093750 0.359375 0.097656 0.419922 0.128906 0.507812 0.134766 0.542969 0.150391 0.568359 0.187500 0.568359 0.210938 0.558594 0.236328 0.556641 0.271484 0.546875 0.287109 0.535156 0.253906 0.376953
4 0.066406 0.357422 0.000000 0.359375 0.000000 0.466797 0.074219 0.457031 0.078125 0.453125 0.087891 0.453125 0.097656 0.447266 0.087891 0.394531
4 0.095703 0.462891 0.000000 0.474609 0.001953 0.656250 0.089844 0.652344 0.142578 0.644531 0.152344 0.636719 0.144531 0.589844 0.130859 0.566406 0.128906 0.544922 0.105469 0.486328 0.103516 0.468750
4 0.476562 0.521484 0.437500 0.521484 0.312500 0.550781 0.314453 0.589844 0.337891 0.650391 0.343750 0.693359 0.351562 0.708984 0.388672 0.703125 0.423828 0.685547 0.451172 0.681641 0.468750 0.671875 0.513672 0.664062 0.511719 0.615234 0.503906 0.605469 0.498047 0.566406
4 0.291016 0.556641 0.261719 0.558594 0.187500 0.576172 0.169922 0.583984 0.162109 0.593750 0.169922 0.638672 0.183594 0.666016 0.187500 0.691406 0.199219 0.712891 0.201172 0.734375 0.207031 0.744141 0.226562 0.746094 0.296875 0.732422 0.333984 0.714844 0.333984 0.695312 0.324219 0.673828 0.322266 0.648438 0.298828 0.568359
4 0.158203 0.656250 0.001953 0.671875 0.001953 0.884766 0.166016 0.871094 0.226562 0.857422 0.210938 0.781250 0.199219 0.765625 0.179688 0.693359
4 0.533203 0.689453 0.515625 0.675781 0.498047 0.677734 0.468750 0.691406 0.474609 0.712891 0.447266 0.701172 0.400391 0.708984 0.222656 0.767578 0.220703 0.781250 0.230469 0.800781 0.238281 0.792969 0.263672 0.792969 0.283203 0.802734 0.445312 0.753906 0.458984 0.759766 0.478516 0.748047 0.519531 0.744141 0.515625 0.738281 0.529297 0.730469 0.498047 0.722656 0.533203 0.722656
4 0.542969 0.748047 0.468750 0.769531 0.455078 0.779297 0.458984 0.789062 0.402344 0.789062 0.384766 0.806641 0.375000 0.804688 0.371094 0.792969 0.367188 0.804688 0.294922 0.814453 0.292969 0.837891 0.283203 0.847656 0.292969 0.892578 0.287109 0.902344 0.294922 0.916016 0.291016 0.927734 0.302734 0.931641 0.332031 0.923828 0.357422 0.931641 0.361328 0.925781 0.355469 0.921875 0.363281 0.914062 0.400391 0.919922 0.464844 0.910156 0.490234 0.898438 0.537109 0.904297 0.568359 0.892578 0.572266 0.884766 0.542969 0.867188 0.537109 0.843750 0.554688 0.818359
4 0.214844 0.765625 0.216797 0.767578 0.216797 0.765625
4 0.253906 0.892578 0.248047 0.882812 0.224609 0.876953 0.111328 0.882812 0.041016 0.892578 0.001953 0.890625 0.000000 0.998047 0.240234 0.998047 0.248047 0.992188 0.248047 0.968750 0.257812 0.953125
4 0.285156 0.886719 0.285156 0.888672 0.287109 0.888672 0.287109 0.886719
4 0.367188 0.925781 0.367188 0.927734 0.375000 0.927734 0.371094 0.923828 0.369141 0.923828
4 0.382812 0.925781 0.382812 0.927734 0.384766 0.929688 0.394531 0.929688 0.388672 0.923828 0.386719 0.923828 0.384766 0.925781
5 0.615234 0.000000 0.617188 0.017578 0.673828 0.078125 0.724609 0.119141 0.750000 0.123047 0.837891 0.169922 0.857422 0.187500 0.857422 0.208984 0.869141 0.222656 0.935547 0.218750 0.960938 0.203125 0.968750 0.164062 0.937500 0.119141 0.906250 0.000000 0.826172 0.003906 0.849609 0.117188 0.746094 0.068359 0.673828 0.000000
6 0.222656 0.072266 0.013672 0.076172 0.000000 0.082031 0.001953 0.349609 0.207031 0.337891 0.224609 0.332031 0.242188 0.310547 0.232422 0.195312 0.218750 0.136719
6 0.447266 0.330078 0.523438 0.652344 0.625000 0.884766 0.787109 0.876953 0.794922 0.847656 0.824219 0.839844 0.863281 0.875000 0.925781 0.855469 0.968750 0.873047 0.968750 0.779297 0.994141 0.777344 0.994141 0.746094 0.949219 0.648438 0.935547 0.677734 0.890625 0.658203 0.892578 0.636719 0.919922 0.634766 0.898438 0.613281 0.919922 0.601562 0.896484 0.595703 0.917969 0.591797 0.904297 0.574219 0.931641 0.554688 0.919922 0.507812 0.892578 0.519531 0.876953 0.501953 0.871094 0.363281 0.847656 0.335938
6 0.871094 0.351562 0.869141 0.349609 0.867188 0.351562 0.867188 0.353516 0.869141 0.353516
6 0.906250 0.472656 0.906250 0.476562 0.904297 0.478516 0.904297 0.480469 0.906250 0.482422 0.906250 0.484375 0.908203 0.484375 0.908203 0.472656
6 0.908203 0.488281 0.906250 0.488281 0.906250 0.492188 0.904297 0.494141 0.902344 0.494141 0.900391 0.492188 0.898438 0.494141 0.898438 0.498047 0.900391 0.498047 0.904297 0.494141 0.906250 0.496094 0.906250 0.492188 0.908203 0.490234
6 0.925781 0.566406 0.927734 0.568359 0.927734 0.572266 0.929688 0.574219 0.929688 0.576172 0.933594 0.576172 0.933594 0.570312 0.929688 0.566406
6 0.929688 0.583984 0.929688 0.591797 0.937500 0.591797 0.937500 0.587891 0.935547 0.585938 0.933594 0.585938 0.931641 0.583984
6 0.939453 0.601562 0.937500 0.599609 0.935547 0.601562 0.929688 0.601562 0.929688 0.607422 0.931641 0.607422 0.933594 0.609375 0.937500 0.609375 0.939453 0.607422
6 0.929688 0.613281 0.927734 0.615234 0.927734 0.619141 0.929688 0.621094 0.929688 0.623047 0.931641 0.623047 0.933594 0.625000 0.937500 0.625000 0.941406 0.621094 0.941406 0.617188 0.939453 0.615234 0.939453 0.613281 0.937500 0.613281 0.933594 0.617188
6 0.941406 0.628906 0.937500 0.628906 0.937500 0.630859 0.935547 0.632812 0.933594 0.632812 0.931641 0.630859 0.929688 0.630859 0.927734 0.632812 0.929688 0.634766 0.929688 0.638672 0.933594 0.638672 0.935547 0.636719 0.939453 0.636719 0.939453 0.634766 0.941406 0.632812
6 0.916016 0.650391 0.914062 0.650391 0.914062 0.652344
6 0.988281 0.785156 0.986328 0.785156 0.984375 0.787109 0.984375 0.789062 0.982422 0.791016 0.984375 0.792969 0.984375 0.794922 0.986328 0.796875 0.986328 0.798828 0.984375 0.800781 0.984375 0.810547 0.986328 0.812500 0.986328 0.814453 0.984375 0.816406 0.984375 0.826172 0.986328 0.828125 0.986328 0.826172 0.988281 0.824219 0.988281 0.822266 0.990234 0.820312 0.990234 0.818359 0.988281 0.816406 0.988281 0.814453 0.986328 0.812500 0.986328 0.808594 0.988281 0.806641 0.990234 0.806641 0.990234 0.802734 0.988281 0.800781 0.988281 0.798828 0.986328 0.796875 0.986328 0.792969 0.988281 0.791016 0.990234 0.791016 0.990234 0.787109
6 0.986328 0.832031 0.986328 0.833984 0.988281 0.833984 0.988281 0.832031
