0 0.000000 0.000000 0.000000 0.175781 0.150391 0.197266 0.125000 0.339844 0.000000 0.322266 0.044922 0.343750 0.000000 0.474609 0.111328 0.498047 0.000000 0.544922 0.000000 0.998047 0.673828 0.998047 0.646484 0.886719 0.687500 0.822266 0.855469 0.857422 0.835938 0.980469 0.748047 0.998047 0.947266 0.998047 0.998047 0.755859 0.916016 0.708984 0.855469 0.849609 0.730469 0.791016 0.755859 0.677734 0.833984 0.734375 0.886719 0.675781 0.755859 0.533203 0.960938 0.470703 0.998047 0.000000 0.572266 0.000000 0.494141 0.076172 0.507812 0.216797 0.414062 0.261719 0.310547 0.222656 0.298828 0.000000
0 0.482422 0.001953 0.484375 0.003906 0.486328 0.009766 0.488281 0.011719 0.490234 0.011719 0.496094 0.017578 0.496094 0.021484 0.498047 0.023438 0.498047 0.025391 0.500000 0.023438 0.505859 0.029297 0.507812 0.027344 0.511719 0.027344 0.513672 0.025391 0.513672 0.015625 0.515625 0.013672 0.523438 0.013672 0.525391 0.011719 0.527344 0.013672 0.527344 0.005859 0.533203 0.000000 0.535156 0.000000 0.482422 0.000000
0 0.908203 0.531250 0.908203 0.533203 0.906250 0.535156 0.906250 0.537109 0.908203 0.539062 0.908203 0.544922
0 0.914062 0.535156 0.921875 0.539062 0.923828 0.576172 0.941406 0.589844 0.937500 0.595703 0.945312 0.597656 0.935547 0.607422 0.923828 0.599609 0.921875 0.591797 0.919922 0.597656 0.921875 0.617188 0.927734 0.617188 0.927734 0.626953 0.923828 0.625000 0.921875 0.632812 0.927734 0.634766 0.929688 0.642578 0.937500 0.640625 0.937500 0.648438 0.929688 0.648438 0.937500 0.660156 0.974609 0.658203 0.998047 0.669922 0.998047 0.621094 0.994141 0.619141 0.998047 0.615234 0.998047 0.546875 0.986328 0.546875 0.978516 0.541016 0.980469 0.535156 0.976562 0.535156 0.974609 0.542969 0.962891 0.533203 0.921875 0.531250
0 0.736328 0.998047 0.742188 0.998047 0.740234 0.996094 0.738281 0.996094
1 0.060547 0.695312 0.058594 0.699219 0.058594 0.728516 0.056641 0.730469 0.056641 0.746094 0.060547 0.753906 0.064453 0.757812 0.095703 0.757812 0.099609 0.755859 0.103516 0.751953 0.103516 0.748047 0.105469 0.746094 0.105469 0.728516 0.103516 0.726562 0.103516 0.720703 0.099609 0.712891 0.099609 0.705078 0.097656 0.703125 0.097656 0.699219 0.085938 0.693359 0.066406 0.693359 0.064453 0.695312
2 0.029297 0.066406 0.025391 0.072266 0.025391 0.083984 0.023438 0.085938 0.023438 0.099609 0.021484 0.101562 0.021484 0.105469 0.027344 0.109375 0.052734 0.109375 0.054688 0.111328 0.062500 0.111328 0.062500 0.101562 0.064453 0.099609 0.064453 0.087891 0.066406 0.085938 0.068359 0.072266 0.066406 0.070312 0.062500 0.070312 0.060547 0.068359 0.046875 0.068359 0.044922 0.066406
2 0.361328 0.109375 0.359375 0.177734 0.365234 0.183594 0.408203 0.185547 0.423828 0.189453 0.470703 0.193359 0.474609 0.150391 0.478516 0.140625 0.476562 0.128906 0.421875 0.121094 0.408203 0.117188 0.402344 0.111328 0.378906 0.105469
2 0.000000 0.177734 0.000000 0.318359 0.125000 0.333984 0.136719 0.285156 0.146484 0.197266
2 0.419922 0.216797 0.421875 0.218750 0.421875 0.220703 0.425781 0.220703 0.427734 0.218750 0.421875 0.218750
2 0.400391 0.236328 0.406250 0.236328 0.404297 0.234375 0.402344 0.234375
2 0.000000 0.345703 0.000000 0.369141 0.001953 0.367188 0.003906 0.367188 0.009766 0.373047 0.009766 0.375000 0.011719 0.376953 0.035156 0.376953 0.037109 0.375000 0.037109 0.373047 0.039062 0.371094 0.039062 0.367188 0.041016 0.365234 0.041016 0.359375 0.042969 0.357422 0.042969 0.343750 0.041016 0.341797 0.035156 0.341797 0.033203 0.339844 0.007812 0.339844 0.003906 0.345703
2 0.000000 0.476562 0.000000 0.542969 0.003906 0.544922 0.039062 0.546875 0.054688 0.552734 0.064453 0.552734 0.068359 0.546875 0.070312 0.517578 0.074219 0.513672 0.083984 0.515625 0.109375 0.513672 0.107422 0.478516 0.099609 0.468750 0.021484 0.460938 0.011719 0.476562
2 0.962891 0.919922 0.958984 0.929688 0.958984 0.937500 0.957031 0.939453 0.957031 0.947266 0.955078 0.949219 0.955078 0.958984 0.953125 0.960938 0.953125 0.968750 0.951172 0.970703 0.949219 0.998047 0.998047 0.998047 0.998047 0.921875
4 0.283203 0.007812 0.324219 0.044922 0.322266 0.070312 0.306641 0.093750 0.310547 0.216797 0.320312 0.232422 0.414062 0.259766 0.449219 0.244141 0.466797 0.246094 0.505859 0.216797 0.505859 0.166016 0.490234 0.140625 0.492188 0.076172 0.566406 0.035156 0.570312 0.000000 0.537109 0.000000 0.505859 0.031250 0.480469 0.000000 0.300781 0.000000
4 0.972656 0.361328 0.966797 0.367188 0.964844 0.392578 0.953125 0.421875 0.955078 0.439453 0.966797 0.455078 0.968750 0.470703 0.951172 0.490234 0.951172 0.523438 0.970703 0.531250 0.998047 0.533203 0.998047 0.468750 0.992188 0.466797 0.998047 0.464844 0.998047 0.367188
4 0.943359 0.503906 0.804688 0.505859 0.755859 0.546875 0.757812 0.566406 0.798828 0.613281 0.875000 0.628906 0.888672 0.675781 0.833984 0.736328 0.783203 0.714844 0.779297 0.679688 0.755859 0.679688 0.732422 0.791016 0.740234 0.806641 0.822266 0.804688 0.855469 0.847656 0.875000 0.828125 0.855469 0.773438 0.916016 0.707031 0.941406 0.728516 0.941406 0.757812 0.998047 0.753906 0.998047 0.671875 0.937500 0.662109 0.906250 0.609375 0.904297 0.535156 0.941406 0.521484
4 0.650391 0.570312 0.648438 0.572266 0.650391 0.572266 0.652344 0.574219 0.652344 0.572266
4 0.699219 0.580078 0.679688 0.572266 0.644531 0.587891 0.640625 0.607422 0.654297 0.644531 0.636719 0.664062 0.593750 0.667969 0.560547 0.646484 0.482422 0.669922 0.466797 0.703125 0.476562 0.746094 0.451172 0.767578 0.453125 0.792969 0.613281 0.796875 0.701172 0.808594 0.703125 0.716797 0.685547 0.697266 0.687500 0.673828 0.699219 0.660156 0.695312 0.650391 0.708984 0.630859
4 0.458984 0.751953 0.457031 0.753906 0.457031 0.757812 0.458984 0.759766
4 0.656250 0.853516 0.648438 0.896484 0.662109 0.927734 0.660156 0.972656 0.675781 0.998047 0.746094 0.998047 0.751953 0.994141 0.742188 0.992188 0.742188 0.984375 0.781250 0.978516 0.771484 0.980469 0.765625 0.974609 0.769531 0.968750 0.789062 0.968750 0.789062 0.980469 0.824219 0.988281 0.833984 0.980469 0.839844 0.957031 0.835938 0.906250 0.853516 0.871094 0.851562 0.853516 0.798828 0.857422 0.787109 0.847656 0.779297 0.828125 0.687500 0.824219
