0 0.681641 0.046875 0.685547 0.105469 0.701172 0.113281 0.714844 0.144531 0.736328 0.146484 0.748047 0.173828 0.771484 0.164062 0.798828 0.173828 0.833984 0.220703 0.857422 0.226562 0.886719 0.267578 0.972656 0.343750 0.980469 0.330078 0.990234 0.339844 0.986328 0.332031 0.998047 0.322266 0.998047 0.199219 0.978516 0.195312 0.962891 0.167969 0.964844 0.152344 0.912109 0.138672 0.857422 0.089844 0.845703 0.062500 0.757812 0.058594 0.738281 0.042969 0.714844 0.039062
0 0.072266 0.347656 0.072266 0.349609 0.074219 0.349609 0.074219 0.347656
0 0.103516 0.363281 0.093750 0.363281 0.089844 0.359375 0.087891 0.351562 0.082031 0.363281 0.078125 0.363281 0.072266 0.359375 0.070312 0.361328 0.070312 0.376953 0.066406 0.380859 0.056641 0.375000 0.054688 0.376953 0.054688 0.392578 0.052734 0.394531 0.039062 0.394531 0.039062 0.396484 0.042969 0.394531 0.046875 0.398438 0.046875 0.404297 0.056641 0.404297 0.058594 0.402344 0.072266 0.404297 0.072266 0.400391 0.076172 0.396484 0.078125 0.398438 0.080078 0.396484 0.085938 0.398438 0.091797 0.396484 0.087891 0.384766 0.095703 0.378906 0.103516 0.382812 0.107422 0.378906 0.101562 0.375000 0.095703 0.378906 0.087891 0.371094 0.093750 0.365234 0.103516 0.365234
0 0.044922 0.361328 0.041016 0.361328 0.039062 0.363281 0.039062 0.373047 0.042969 0.373047 0.042969 0.371094 0.041016 0.369141 0.044922 0.365234 0.046875 0.365234 0.044922 0.363281
0 0.054688 0.363281 0.054688 0.365234 0.056641 0.367188 0.058594 0.365234 0.062500 0.365234 0.062500 0.363281 0.060547 0.363281 0.058594 0.361328 0.056641 0.361328
0 0.451172 0.636719 0.277344 0.373047 0.115234 0.480469 0.085938 0.466797 0.072266 0.410156 0.003906 0.429688 0.003906 0.699219 0.019531 0.697266 0.009766 0.654297 0.039062 0.564453 0.064453 0.587891 0.046875 0.697266 0.115234 0.701172 0.216797 0.632812 0.195312 0.589844 0.226562 0.570312 0.240234 0.576172 0.228516 0.621094 0.320312 0.603516 0.322266 0.636719 0.279297 0.638672 0.244141 0.675781 0.320312 0.675781 0.324219 0.636719 0.353516 0.675781 0.394531 0.679688
0 0.009766 0.380859 0.007812 0.380859 0.003906 0.384766 0.000000 0.384766 0.005859 0.384766 0.007812 0.386719 0.009766 0.384766
0 0.015625 0.380859 0.015625 0.386719 0.017578 0.388672 0.015625 0.390625 0.015625 0.394531 0.017578 0.394531 0.017578 0.390625 0.019531 0.388672 0.021484 0.388672 0.025391 0.384766 0.023438 0.382812 0.019531 0.382812 0.017578 0.380859
0 0.033203 0.380859 0.031250 0.382812 0.031250 0.390625 0.033203 0.392578 0.031250 0.394531 0.031250 0.396484 0.033203 0.398438 0.033203 0.402344 0.033203 0.390625 0.035156 0.388672 0.041016 0.388672 0.039062 0.386719 0.035156 0.386719 0.033203 0.384766
0 0.039062 0.378906 0.039062 0.380859 0.041016 0.380859 0.042969 0.378906 0.044922 0.378906 0.046875 0.380859 0.048828 0.380859 0.048828 0.378906
0 0.039062 0.400391 0.037109 0.402344 0.039062 0.404297 0.041016 0.404297 0.041016 0.400391
0 0.042969 0.410156 0.041016 0.410156 0.041016 0.412109
0 0.998047 0.753906 0.970703 0.746094 0.933594 0.718750 0.906250 0.732422 0.896484 0.750000 0.869141 0.753906 0.845703 0.794922 0.783203 0.847656 0.734375 0.904297 0.730469 0.923828 0.740234 0.953125 0.689453 0.955078 0.656250 0.998047 0.998047 0.998047
0 0.000000 0.769531 0.000000 0.998047 0.384766 0.992188 0.384766 0.953125 0.363281 0.951172 0.308594 0.890625 0.257812 0.875000 0.208984 0.894531 0.171875 0.830078 0.146484 0.826172 0.123047 0.839844 0.035156 0.775391
2 0.000000 0.000000 0.000000 0.025391 0.029297 0.027344 0.041016 0.037109 0.068359 0.037109 0.138672 0.027344 0.160156 0.027344 0.177734 0.019531 0.181641 0.013672 0.179688 0.000000
2 0.597656 0.062500 0.591797 0.062500 0.589844 0.060547 0.583984 0.060547 0.582031 0.062500 0.564453 0.062500 0.560547 0.064453 0.558594 0.074219 0.550781 0.082031 0.533203 0.082031 0.533203 0.091797 0.539062 0.103516 0.541016 0.115234 0.544922 0.121094 0.558594 0.132812 0.576172 0.132812 0.578125 0.130859 0.578125 0.121094 0.580078 0.119141 0.607422 0.115234 0.607422 0.105469 0.605469 0.103516 0.605469 0.095703 0.601562 0.083984 0.601562 0.066406
2 0.519531 0.062500 0.513672 0.062500 0.511719 0.064453 0.498047 0.064453 0.496094 0.066406 0.474609 0.066406 0.470703 0.074219 0.470703 0.080078 0.472656 0.082031 0.474609 0.093750 0.484375 0.105469 0.486328 0.111328 0.492188 0.117188 0.492188 0.119141 0.500000 0.125000 0.501953 0.123047 0.505859 0.123047 0.513672 0.115234 0.517578 0.113281 0.523438 0.113281 0.531250 0.107422 0.531250 0.095703 0.529297 0.093750 0.527344 0.080078 0.523438 0.074219 0.523438 0.068359
2 0.306641 0.101562 0.291016 0.099609 0.281250 0.105469 0.279297 0.128906 0.287109 0.142578 0.285156 0.144531 0.269531 0.138672 0.263672 0.130859 0.251953 0.130859 0.248047 0.126953 0.242188 0.126953 0.234375 0.132812 0.222656 0.160156 0.224609 0.181641 0.228516 0.185547 0.255859 0.183594 0.261719 0.179688 0.261719 0.173828 0.265625 0.169922 0.281250 0.164062 0.292969 0.166016 0.296875 0.164062 0.298828 0.154297 0.302734 0.158203 0.324219 0.146484 0.316406 0.126953 0.314453 0.113281
2 0.216797 0.107422 0.203125 0.107422 0.201172 0.109375 0.193359 0.109375 0.185547 0.115234 0.187500 0.117188 0.187500 0.123047 0.189453 0.125000 0.189453 0.134766 0.187500 0.136719 0.185547 0.146484 0.181641 0.150391 0.181641 0.160156 0.183594 0.160156 0.187500 0.164062 0.191406 0.164062 0.193359 0.166016 0.207031 0.166016 0.210938 0.160156 0.210938 0.152344 0.214844 0.146484 0.216797 0.132812 0.220703 0.126953 0.220703 0.117188 0.222656 0.115234 0.222656 0.113281
2 0.490234 0.136719 0.474609 0.138672 0.466797 0.146484 0.464844 0.146484 0.460938 0.150391 0.458984 0.162109 0.451172 0.171875 0.451172 0.175781 0.455078 0.179688 0.466797 0.185547 0.466797 0.189453 0.468750 0.191406 0.468750 0.199219 0.470703 0.203125 0.478516 0.208984 0.484375 0.207031 0.501953 0.189453 0.501953 0.185547 0.507812 0.173828 0.507812 0.162109 0.501953 0.152344 0.501953 0.148438 0.498047 0.140625
2 0.021484 0.154297 0.017578 0.160156 0.017578 0.167969 0.005859 0.201172 0.005859 0.218750 0.015625 0.224609 0.023438 0.226562 0.029297 0.232422 0.037109 0.234375 0.048828 0.242188 0.052734 0.240234 0.054688 0.234375 0.054688 0.226562 0.056641 0.224609 0.058594 0.210938 0.056641 0.208984 0.042969 0.208984 0.033203 0.201172 0.037109 0.189453 0.037109 0.179688 0.041016 0.169922 0.041016 0.160156 0.029297 0.154297
2 0.390625 0.162109 0.382812 0.162109 0.380859 0.164062 0.376953 0.164062 0.369141 0.167969 0.351562 0.169922 0.343750 0.175781 0.345703 0.193359 0.347656 0.195312 0.349609 0.203125 0.355469 0.208984 0.355469 0.210938 0.359375 0.212891 0.371094 0.212891 0.373047 0.210938 0.378906 0.210938 0.380859 0.208984 0.390625 0.207031 0.404297 0.199219 0.404297 0.193359 0.402344 0.191406 0.400391 0.181641
2 0.775391 0.167969 0.759766 0.177734 0.746094 0.191406 0.736328 0.197266 0.728516 0.205078 0.724609 0.214844 0.728516 0.222656 0.744141 0.236328 0.755859 0.240234 0.759766 0.236328 0.769531 0.234375 0.787109 0.248047 0.792969 0.246094 0.808594 0.234375 0.814453 0.224609 0.818359 0.224609 0.824219 0.220703 0.824219 0.216797 0.810547 0.191406 0.800781 0.185547 0.792969 0.175781 0.779297 0.167969
2 0.099609 0.177734 0.095703 0.179688 0.095703 0.187500 0.091797 0.195312 0.091797 0.203125 0.093750 0.207031 0.085938 0.210938 0.080078 0.216797 0.076172 0.236328 0.078125 0.238281 0.078125 0.242188 0.082031 0.246094 0.087891 0.246094 0.089844 0.248047 0.119141 0.248047 0.123047 0.246094 0.121094 0.216797 0.119141 0.214844 0.119141 0.210938 0.111328 0.207031 0.113281 0.205078 0.119141 0.205078 0.119141 0.201172 0.121094 0.199219 0.121094 0.179688 0.117188 0.177734
2 0.599609 0.181641 0.599609 0.185547 0.603516 0.189453 0.601562 0.191406 0.603516 0.199219 0.597656 0.212891 0.593750 0.216797 0.593750 0.236328 0.599609 0.244141 0.599609 0.248047 0.601562 0.244141 0.605469 0.246094 0.603516 0.259766 0.611328 0.271484 0.625000 0.271484 0.630859 0.269531 0.636719 0.263672 0.646484 0.261719 0.666016 0.238281 0.666016 0.234375 0.656250 0.222656 0.652344 0.208984 0.640625 0.195312 0.625000 0.185547 0.611328 0.181641
2 0.136719 0.185547 0.136719 0.195312 0.132812 0.203125 0.132812 0.214844 0.130859 0.216797 0.130859 0.238281 0.132812 0.240234 0.134766 0.248047 0.138672 0.248047 0.140625 0.250000 0.166016 0.250000 0.169922 0.248047 0.169922 0.246094 0.173828 0.242188 0.187500 0.242188 0.187500 0.226562 0.177734 0.214844 0.169922 0.201172 0.166016 0.201172 0.160156 0.195312 0.156250 0.187500 0.152344 0.185547 0.146484 0.185547 0.144531 0.183594
2 0.296875 0.183594 0.281250 0.183594 0.279297 0.185547 0.267578 0.187500 0.265625 0.189453 0.251953 0.193359 0.232422 0.226562 0.232422 0.232422 0.242188 0.244141 0.251953 0.244141 0.263672 0.238281 0.281250 0.224609 0.300781 0.218750 0.304688 0.212891 0.304688 0.205078 0.298828 0.193359 0.298828 0.187500
2 0.443359 0.210938 0.431641 0.208984 0.419922 0.201172 0.394531 0.208984 0.392578 0.218750 0.398438 0.228516 0.390625 0.228516 0.376953 0.242188 0.361328 0.251953 0.361328 0.259766 0.367188 0.271484 0.378906 0.277344 0.375000 0.281250 0.375000 0.304688 0.378906 0.316406 0.384766 0.316406 0.410156 0.292969 0.400391 0.275391 0.388672 0.271484 0.410156 0.257812 0.414062 0.251953 0.429688 0.253906 0.441406 0.250000 0.447266 0.244141 0.447266 0.218750
2 0.589844 0.250000 0.578125 0.240234 0.570312 0.242188 0.556641 0.240234 0.546875 0.244141 0.494141 0.314453 0.492188 0.328125 0.503906 0.332031 0.511719 0.339844 0.515625 0.339844 0.527344 0.330078 0.541016 0.333984 0.554688 0.333984 0.568359 0.322266 0.580078 0.300781 0.599609 0.279297 0.599609 0.267578
2 0.865234 0.255859 0.851562 0.261719 0.847656 0.265625 0.847656 0.277344 0.832031 0.294922 0.830078 0.298828 0.830078 0.310547 0.863281 0.335938 0.888672 0.337891 0.898438 0.326172 0.898438 0.322266 0.894531 0.324219 0.892578 0.318359 0.898438 0.312500 0.902344 0.304688 0.904297 0.292969 0.900391 0.287109 0.894531 0.289062 0.890625 0.283203 0.884766 0.279297 0.880859 0.265625 0.871094 0.257812
2 0.351562 0.302734 0.343750 0.302734 0.335938 0.308594 0.312500 0.320312 0.302734 0.328125 0.302734 0.343750 0.304688 0.347656 0.310547 0.349609 0.314453 0.355469 0.320312 0.359375 0.320312 0.367188 0.328125 0.373047 0.335938 0.371094 0.337891 0.367188 0.343750 0.363281 0.371094 0.361328 0.373047 0.357422 0.373047 0.347656 0.357422 0.324219
2 0.697266 0.339844 0.697266 0.347656 0.716797 0.367188 0.718750 0.373047 0.730469 0.386719 0.734375 0.388672 0.738281 0.384766 0.746094 0.384766 0.753906 0.390625 0.761719 0.390625 0.767578 0.396484 0.765625 0.404297 0.771484 0.404297 0.775391 0.396484 0.785156 0.394531 0.787109 0.390625 0.785156 0.378906 0.791016 0.371094 0.792969 0.359375 0.781250 0.351562 0.771484 0.339844 0.759766 0.335938 0.751953 0.328125 0.746094 0.330078 0.732422 0.328125 0.724609 0.332031 0.712891 0.332031
2 0.496094 0.333984 0.478516 0.333984 0.455078 0.353516 0.378906 0.447266 0.378906 0.474609 0.398438 0.503906 0.406250 0.505859 0.414062 0.500000 0.521484 0.369141 0.519531 0.359375
2 0.261719 0.357422 0.244141 0.355469 0.218750 0.371094 0.199219 0.375000 0.187500 0.386719 0.164062 0.384766 0.128906 0.394531 0.103516 0.412109 0.089844 0.427734 0.095703 0.462891 0.103516 0.472656 0.113281 0.476562 0.140625 0.451172 0.169922 0.449219 0.177734 0.431641 0.191406 0.421875 0.199219 0.408203 0.222656 0.404297 0.232422 0.394531 0.246094 0.392578 0.261719 0.382812
2 0.974609 0.373047 0.970703 0.375000 0.962891 0.384766 0.962891 0.396484 0.964844 0.398438 0.964844 0.404297 0.958984 0.414062 0.957031 0.421875 0.968750 0.435547 0.976562 0.437500 0.988281 0.443359 0.998047 0.455078 0.998047 0.384766 0.986328 0.375000 0.982422 0.373047
2 0.830078 0.392578 0.816406 0.392578 0.812500 0.396484 0.810547 0.408203 0.806641 0.412109 0.800781 0.414062 0.798828 0.417969 0.798828 0.423828 0.808594 0.443359 0.808594 0.453125 0.814453 0.460938 0.818359 0.460938 0.828125 0.455078 0.839844 0.453125 0.843750 0.449219 0.849609 0.437500 0.855469 0.433594 0.859375 0.433594 0.863281 0.429688 0.863281 0.421875 0.857422 0.416016 0.855469 0.416016 0.847656 0.406250 0.845703 0.406250
2 0.753906 0.396484 0.751953 0.396484 0.750000 0.398438 0.750000 0.402344 0.746094 0.406250 0.746094 0.408203 0.748047 0.408203 0.750000 0.406250 0.751953 0.406250 0.753906 0.404297
2 0.640625 0.427734 0.632812 0.443359 0.632812 0.447266 0.630859 0.449219 0.630859 0.457031 0.634766 0.460938 0.638672 0.460938 0.650391 0.466797 0.654297 0.470703 0.656250 0.470703 0.664062 0.476562 0.667969 0.476562 0.669922 0.478516 0.675781 0.478516 0.685547 0.466797 0.685547 0.460938 0.687500 0.458984 0.685547 0.457031 0.685547 0.451172 0.677734 0.447266 0.673828 0.443359 0.669922 0.443359 0.667969 0.441406 0.658203 0.439453 0.644531 0.427734
2 0.878906 0.589844 0.869141 0.585938 0.857422 0.572266 0.853516 0.572266 0.841797 0.564453 0.835938 0.566406 0.830078 0.572266 0.828125 0.578125 0.812500 0.593750 0.812500 0.597656 0.798828 0.613281 0.796875 0.619141 0.781250 0.632812 0.781250 0.640625 0.791016 0.644531 0.804688 0.642578 0.812500 0.650391 0.826172 0.656250 0.830078 0.654297 0.859375 0.621094 0.867188 0.605469 0.876953 0.595703
2 0.816406 0.732422 0.794922 0.732422 0.791016 0.736328 0.791016 0.738281 0.787109 0.742188 0.787109 0.744141 0.783203 0.748047 0.781250 0.748047 0.773438 0.755859 0.773438 0.757812 0.771484 0.759766 0.771484 0.765625 0.785156 0.777344 0.791016 0.777344 0.804688 0.763672 0.804688 0.761719 0.806641 0.759766 0.810547 0.750000 0.812500 0.748047 0.814453 0.748047 0.822266 0.740234 0.820312 0.738281 0.820312 0.736328
2 0.710938 0.757812 0.689453 0.777344 0.685547 0.785156 0.685547 0.822266 0.689453 0.826172 0.697266 0.828125 0.710938 0.839844 0.718750 0.839844 0.730469 0.826172 0.738281 0.824219 0.742188 0.818359 0.742188 0.814453 0.748047 0.810547 0.753906 0.800781 0.753906 0.792969 0.751953 0.791016 0.748047 0.792969 0.738281 0.792969 0.736328 0.791016 0.738281 0.785156 0.734375 0.773438 0.720703 0.759766
2 0.275391 0.810547 0.275391 0.822266 0.277344 0.824219 0.277344 0.869141 0.281250 0.876953 0.285156 0.880859 0.308594 0.882812 0.310547 0.880859 0.310547 0.843750 0.308594 0.841797 0.308594 0.832031 0.310547 0.830078 0.310547 0.814453 0.298828 0.808594 0.281250 0.808594 0.279297 0.810547
5 0.000000 0.062500 0.013672 0.117188 0.173828 0.203125 0.691406 0.917969 0.648438 0.998047 0.998047 0.544922 0.705078 0.900391 0.220703 0.226562 0.062500 0.099609 0.521484 0.031250 0.998047 0.076172 0.998047 0.035156 0.447266 0.000000
