0 0.998047 0.000000 0.957031 0.000000 0.945312 0.007812 0.904297 0.009766 0.910156 0.048828 0.894531 0.060547 0.876953 0.064453 0.861328 0.085938 0.857422 0.103516 0.851562 0.105469 0.859375 0.208984 0.869141 0.222656 0.898438 0.222656 0.916016 0.214844 0.998047 0.201172
0 0.382812 0.689453 0.363281 0.722656 0.375000 0.730469 0.357422 0.736328 0.353516 0.818359 0.363281 0.832031 0.496094 0.906250 0.554688 0.921875 0.583984 0.966797 0.617188 0.974609 0.636719 0.998047 0.761719 0.998047 0.730469 0.802734 0.685547 0.669922 0.656250 0.669922 0.638672 0.718750 0.609375 0.714844 0.615234 0.691406 0.591797 0.664062 0.500000 0.666016 0.464844 0.687500
0 0.003906 0.673828 0.007812 0.675781 0.000000 0.683594 0.000000 0.757812 0.005859 0.765625 0.123047 0.826172 0.117188 0.828125 0.177734 0.835938 0.195312 0.832031 0.212891 0.816406 0.214844 0.798828 0.201172 0.775391 0.169922 0.771484 0.152344 0.759766 0.164062 0.750000 0.162109 0.734375 0.119141 0.720703 0.111328 0.712891 0.107422 0.716797 0.097656 0.712891 0.093750 0.722656 0.083984 0.722656 0.052734 0.675781 0.033203 0.671875 0.023438 0.679688 0.021484 0.673828
0 0.642578 0.673828 0.640625 0.675781 0.642578 0.677734 0.644531 0.677734 0.646484 0.675781 0.644531 0.673828
0 0.187500 0.685547 0.187500 0.687500 0.189453 0.689453 0.191406 0.689453 0.193359 0.691406 0.193359 0.693359 0.191406 0.695312 0.187500 0.695312 0.185547 0.697266 0.193359 0.697266 0.195312 0.695312 0.197266 0.695312 0.199219 0.697266 0.199219 0.699219 0.201172 0.701172 0.207031 0.701172 0.201172 0.695312 0.199219 0.695312 0.197266 0.693359 0.197266 0.691406 0.191406 0.685547
0 0.539062 0.996094 0.443359 0.925781 0.359375 0.919922 0.257812 0.933594 0.224609 0.925781 0.203125 0.943359 0.125000 0.927734 0.091797 0.955078 0.093750 0.998047
2 0.582031 0.000000 0.582031 0.005859 0.583984 0.007812 0.593750 0.011719 0.601562 0.011719 0.603516 0.013672 0.646484 0.015625 0.648438 0.017578 0.656250 0.017578 0.658203 0.019531 0.671875 0.019531 0.675781 0.017578 0.677734 0.013672 0.677734 0.007812 0.673828 0.000000
2 0.246094 0.031250 0.224609 0.048828 0.224609 0.062500 0.238281 0.066406 0.238281 0.070312 0.220703 0.066406 0.205078 0.068359 0.187500 0.132812 0.224609 0.146484 0.263672 0.152344 0.273438 0.142578 0.277344 0.091797 0.281250 0.083984 0.261719 0.076172 0.277344 0.074219 0.277344 0.054688 0.257812 0.035156
2 0.562500 0.072266 0.562500 0.093750 0.605469 0.105469 0.640625 0.105469 0.660156 0.119141 0.691406 0.119141 0.689453 0.150391 0.703125 0.162109 0.781250 0.164062 0.794922 0.162109 0.816406 0.146484 0.841797 0.146484 0.841797 0.103516 0.826172 0.087891 0.634766 0.068359 0.566406 0.068359
2 0.375000 0.105469 0.375000 0.154297 0.451172 0.158203 0.460938 0.167969 0.486328 0.171875 0.498047 0.167969 0.500000 0.162109 0.511719 0.162109 0.515625 0.156250 0.527344 0.158203 0.533203 0.150391 0.531250 0.130859 0.525391 0.126953 0.476562 0.121094 0.447266 0.111328 0.429688 0.111328 0.406250 0.103516
2 0.601562 0.128906 0.601562 0.132812 0.599609 0.134766 0.599609 0.140625 0.597656 0.142578 0.597656 0.146484 0.603516 0.154297 0.654297 0.154297 0.656250 0.152344 0.656250 0.128906 0.654297 0.126953 0.654297 0.125000 0.652344 0.125000 0.650391 0.123047 0.642578 0.123047 0.640625 0.121094 0.626953 0.121094 0.625000 0.123047 0.611328 0.123047 0.609375 0.125000 0.605469 0.125000
2 0.583984 0.160156 0.585938 0.162109 0.585938 0.173828 0.587891 0.175781 0.587891 0.179688 0.591797 0.187500 0.591797 0.193359 0.595703 0.201172 0.595703 0.208984 0.599609 0.208984 0.601562 0.210938 0.607422 0.210938 0.609375 0.208984 0.619141 0.208984 0.621094 0.207031 0.632812 0.207031 0.636719 0.205078 0.636719 0.189453 0.634766 0.187500 0.634766 0.181641 0.632812 0.177734 0.628906 0.177734 0.625000 0.173828 0.625000 0.167969 0.621094 0.164062 0.613281 0.164062 0.605469 0.158203 0.601562 0.158203 0.599609 0.156250 0.595703 0.156250 0.593750 0.158203 0.589844 0.156250
2 0.265625 0.181641 0.255859 0.173828 0.232422 0.171875 0.226562 0.179688 0.205078 0.185547 0.201172 0.191406 0.205078 0.220703 0.125000 0.199219 0.111328 0.208984 0.109375 0.232422 0.154297 0.250000 0.181641 0.251953 0.197266 0.265625 0.218750 0.269531 0.222656 0.265625 0.224609 0.292969 0.240234 0.300781 0.246094 0.275391 0.257812 0.261719 0.257812 0.242188 0.253906 0.236328 0.240234 0.236328 0.238281 0.246094 0.228516 0.253906 0.226562 0.250000 0.234375 0.240234 0.230469 0.230469 0.257812 0.230469
2 0.791016 0.177734 0.787109 0.175781 0.775391 0.175781 0.769531 0.179688 0.740234 0.177734 0.728516 0.181641 0.714844 0.191406 0.708984 0.189453 0.707031 0.193359 0.707031 0.218750 0.712891 0.248047 0.724609 0.265625 0.761719 0.261719 0.781250 0.253906 0.779297 0.242188 0.781250 0.218750 0.779297 0.214844 0.785156 0.205078 0.783203 0.197266 0.789062 0.191406 0.789062 0.185547 0.792969 0.181641
2 0.466797 0.181641 0.466797 0.183594 0.464844 0.185547 0.464844 0.191406 0.462891 0.193359 0.462891 0.197266 0.460938 0.199219 0.460938 0.207031 0.464844 0.210938 0.468750 0.210938 0.470703 0.212891 0.478516 0.212891 0.480469 0.214844 0.492188 0.214844 0.494141 0.216797 0.517578 0.216797 0.517578 0.210938 0.519531 0.208984 0.519531 0.201172 0.521484 0.199219 0.521484 0.195312 0.517578 0.191406 0.513672 0.191406 0.511719 0.189453 0.503906 0.189453 0.501953 0.187500 0.498047 0.187500 0.496094 0.185547 0.490234 0.185547 0.488281 0.183594 0.484375 0.183594 0.482422 0.181641 0.476562 0.181641 0.474609 0.179688 0.468750 0.179688
2 0.705078 0.257812 0.697266 0.253906 0.687500 0.244141 0.687500 0.242188 0.681641 0.238281 0.664062 0.238281 0.662109 0.240234 0.654297 0.240234 0.642578 0.246094 0.621094 0.248047 0.617188 0.250000 0.615234 0.263672 0.613281 0.265625 0.613281 0.279297 0.628906 0.289062 0.667969 0.285156 0.669922 0.283203 0.675781 0.283203 0.699219 0.275391 0.705078 0.267578
2 0.294922 0.253906 0.281250 0.253906 0.281250 0.255859 0.279297 0.257812 0.279297 0.265625 0.277344 0.267578 0.277344 0.277344 0.275391 0.279297 0.275391 0.287109 0.273438 0.289062 0.273438 0.302734 0.271484 0.304688 0.277344 0.308594 0.285156 0.308594 0.287109 0.310547 0.289062 0.308594 0.291016 0.308594 0.294922 0.304688 0.294922 0.298828 0.296875 0.296875 0.296875 0.287109 0.298828 0.285156 0.298828 0.259766
2 0.541016 0.359375 0.541016 0.378906 0.548828 0.378906 0.550781 0.380859 0.574219 0.380859 0.574219 0.361328 0.572266 0.359375 0.568359 0.359375 0.566406 0.357422 0.560547 0.357422 0.558594 0.355469 0.546875 0.355469
2 0.140625 0.376953 0.138672 0.398438 0.132812 0.406250 0.128906 0.419922 0.128906 0.447266 0.132812 0.451172 0.140625 0.451172 0.148438 0.455078 0.140625 0.458984 0.142578 0.462891 0.152344 0.464844 0.162109 0.470703 0.167969 0.470703 0.181641 0.457031 0.181641 0.423828 0.185547 0.412109 0.189453 0.408203 0.199219 0.408203 0.210938 0.400391 0.212891 0.392578 0.203125 0.386719 0.179688 0.384766 0.164062 0.376953
2 0.000000 0.382812 0.000000 0.427734 0.007812 0.429688 0.009766 0.431641 0.021484 0.433594 0.027344 0.437500 0.033203 0.437500 0.039062 0.427734 0.041016 0.417969 0.046875 0.412109 0.048828 0.412109 0.056641 0.402344 0.056641 0.390625 0.052734 0.386719 0.048828 0.386719 0.046875 0.384766 0.003906 0.384766
2 0.271484 0.421875 0.261719 0.423828 0.253906 0.435547 0.242188 0.443359 0.238281 0.457031 0.228516 0.468750 0.222656 0.484375 0.222656 0.494141 0.230469 0.498047 0.246094 0.511719 0.255859 0.511719 0.259766 0.503906 0.261719 0.492188 0.267578 0.486328 0.279297 0.484375 0.289062 0.476562 0.289062 0.468750 0.298828 0.455078 0.298828 0.445312 0.292969 0.431641
2 0.457031 0.476562 0.453125 0.472656 0.429688 0.466797 0.412109 0.457031 0.404297 0.457031 0.392578 0.451172 0.380859 0.453125 0.353516 0.490234 0.347656 0.515625 0.333984 0.542969 0.333984 0.554688 0.343750 0.558594 0.361328 0.558594 0.369141 0.550781 0.384766 0.550781 0.386719 0.544922 0.404297 0.531250 0.406250 0.521484 0.412109 0.513672 0.419922 0.513672 0.427734 0.519531 0.437500 0.519531 0.441406 0.515625 0.439453 0.490234 0.445312 0.484375 0.455078 0.482422
2 0.146484 0.519531 0.144531 0.519531 0.138672 0.515625 0.132812 0.515625 0.130859 0.513672 0.128906 0.513672 0.123047 0.519531 0.123047 0.521484 0.119141 0.525391 0.117188 0.531250 0.111328 0.537109 0.111328 0.541016 0.109375 0.542969 0.109375 0.552734 0.111328 0.552734 0.113281 0.554688 0.119141 0.554688 0.121094 0.556641 0.132812 0.556641 0.136719 0.552734 0.136719 0.550781 0.138672 0.548828 0.138672 0.544922 0.142578 0.539062 0.142578 0.535156 0.144531 0.533203 0.144531 0.527344 0.146484 0.525391
2 0.478516 0.537109 0.478516 0.566406 0.480469 0.580078 0.484375 0.587891 0.535156 0.595703 0.552734 0.605469 0.560547 0.605469 0.570312 0.597656 0.576172 0.585938 0.576172 0.578125 0.582031 0.574219 0.587891 0.576172 0.585938 0.558594 0.582031 0.562500 0.572266 0.550781 0.560547 0.548828 0.542969 0.537109 0.501953 0.533203 0.500000 0.531250 0.482422 0.531250
2 0.027344 0.546875 0.017578 0.560547 0.017578 0.564453 0.011719 0.576172 0.007812 0.580078 0.007812 0.587891 0.011719 0.591797 0.029297 0.599609 0.042969 0.609375 0.056641 0.611328 0.060547 0.609375 0.068359 0.599609 0.074219 0.585938 0.080078 0.578125 0.080078 0.574219 0.074219 0.570312 0.058594 0.568359 0.050781 0.560547 0.050781 0.554688 0.046875 0.548828 0.037109 0.544922
2 0.599609 0.542969 0.597656 0.544922 0.597656 0.548828 0.601562 0.548828 0.601562 0.544922
2 0.595703 0.554688 0.591797 0.591797 0.589844 0.593750 0.583984 0.591797 0.576172 0.593750 0.576172 0.609375 0.585938 0.613281 0.609375 0.634766 0.615234 0.634766 0.623047 0.630859 0.628906 0.623047 0.640625 0.623047 0.648438 0.626953 0.666016 0.626953 0.671875 0.623047 0.664062 0.613281 0.654297 0.611328 0.632812 0.589844 0.628906 0.580078 0.605469 0.554688
2 0.257812 0.576172 0.242188 0.576172 0.240234 0.578125 0.240234 0.587891 0.238281 0.589844 0.238281 0.591797 0.236328 0.593750 0.232422 0.593750 0.228516 0.597656 0.228516 0.607422 0.232422 0.611328 0.238281 0.613281 0.246094 0.621094 0.248047 0.621094 0.250000 0.623047 0.253906 0.619141 0.253906 0.617188 0.255859 0.615234 0.255859 0.607422 0.257812 0.605469 0.257812 0.599609 0.259766 0.597656 0.259766 0.578125
2 0.216797 0.580078 0.218750 0.582031 0.218750 0.585938 0.218750 0.582031 0.216797 0.580078 0.212891 0.580078 0.212891 0.582031 0.210938 0.583984 0.212891 0.585938 0.212891 0.587891 0.210938 0.589844 0.201172 0.589844 0.199219 0.587891 0.197266 0.589844 0.191406 0.589844 0.187500 0.593750 0.187500 0.597656 0.185547 0.599609 0.185547 0.609375 0.187500 0.611328 0.191406 0.611328 0.193359 0.613281 0.203125 0.613281 0.205078 0.611328 0.205078 0.601562 0.210938 0.595703 0.210938 0.591797 0.212891 0.589844 0.212891 0.583984
2 0.324219 0.585938 0.320312 0.583984 0.316406 0.583984 0.314453 0.582031 0.304688 0.582031 0.302734 0.578125 0.298828 0.580078 0.298828 0.589844 0.294922 0.597656 0.277344 0.615234 0.275391 0.619141 0.275391 0.628906 0.285156 0.638672 0.292969 0.638672 0.296875 0.630859 0.312500 0.615234 0.316406 0.607422 0.316406 0.603516 0.324219 0.589844
2 0.333984 0.763672 0.326172 0.763672 0.318359 0.779297 0.308594 0.779297 0.302734 0.783203 0.302734 0.818359 0.300781 0.820312 0.300781 0.832031 0.339844 0.832031 0.341797 0.830078 0.341797 0.822266 0.339844 0.820312 0.337891 0.804688 0.335938 0.802734 0.335938 0.781250 0.333984 0.779297
2 0.000000 0.765625 0.000000 0.816406 0.078125 0.851562 0.099609 0.855469 0.105469 0.861328 0.105469 0.867188 0.109375 0.863281 0.164062 0.865234 0.193359 0.857422 0.187500 0.849609 0.160156 0.837891 0.113281 0.832031 0.091797 0.820312 0.089844 0.812500 0.060547 0.800781 0.039062 0.783203
3 0.185547 0.000000 0.000000 0.000000 0.000000 0.128906 0.027344 0.148438 0.000000 0.140625 0.000000 0.238281 0.023438 0.216797 0.050781 0.208984 0.062500 0.183594 0.062500 0.166016 0.035156 0.160156 0.031250 0.150391 0.068359 0.160156 0.091797 0.156250 0.123047 0.119141 0.160156 0.050781 0.183594 0.029297
4 0.996094 0.236328 0.630859 0.326172 0.712891 0.582031 0.812500 0.998047 0.966797 0.998047 0.968750 0.972656 0.998047 0.951172
4 0.992188 0.960938 0.992188 0.964844 0.998047 0.964844 0.998047 0.962891 0.996094 0.960938
4 0.978516 0.974609 0.976562 0.976562 0.976562 0.984375 0.980469 0.984375 0.980469 0.982422 0.982422 0.980469 0.982422 0.978516
4 0.974609 0.992188 0.976562 0.994141 0.976562 0.996094 0.978516 0.998047 0.980469 0.998047 0.980469 0.992188
5 0.253906 0.000000 0.210938 0.000000 0.162109 0.050781 0.125000 0.119141 0.000000 0.283203 0.001953 0.330078 0.015625 0.326172 0.037109 0.304688 0.072266 0.244141 0.154297 0.144531 0.191406 0.078125 0.251953 0.015625
5 0.519531 0.000000 0.783203 0.992188 0.810547 0.998047 0.710938 0.582031 0.619141 0.326172 0.957031 0.246094 0.998047 0.207031 0.615234 0.304688 0.541016 0.001953
5 0.000000 0.437500 0.001953 0.457031 0.087891 0.484375 0.132812 0.513672 0.248047 0.542969 0.564453 0.667969 0.583984 0.660156 0.503906 0.621094 0.250000 0.529297 0.136719 0.500000 0.087891 0.468750
5 0.603516 0.996094 0.587891 0.970703 0.527344 0.923828 0.400391 0.871094 0.322266 0.865234 0.000000 0.896484 0.000000 0.935547 0.054688 0.937500 0.171875 0.914062 0.392578 0.908203 0.482422 0.943359 0.558594 0.998047
