0 0.476562 0.158203 0.462891 0.197266 0.517578 0.218750 0.523438 0.238281 0.566406 0.242188 0.570312 0.253906 0.511719 0.246094 0.486328 0.265625 0.474609 0.292969 0.447266 0.314453 0.447266 0.359375 0.664062 0.417969 0.730469 0.419922 0.744141 0.375000 0.736328 0.333984 0.753906 0.283203 0.742188 0.222656 0.757812 0.212891 0.755859 0.203125 0.744141 0.210938 0.730469 0.173828 0.703125 0.164062 0.710938 0.193359 0.691406 0.195312 0.697266 0.179688 0.687500 0.179688 0.683594 0.201172 0.681641 0.181641 0.632812 0.179688 0.597656 0.160156
0 0.675781 0.158203 0.673828 0.158203 0.673828 0.162109 0.671875 0.164062 0.671875 0.166016 0.673828 0.167969 0.675781 0.166016
0 0.658203 0.162109 0.658203 0.167969 0.660156 0.167969 0.662109 0.166016 0.660156 0.164062 0.660156 0.162109
0 0.691406 0.162109 0.689453 0.162109 0.687500 0.164062 0.687500 0.166016 0.689453 0.167969 0.689453 0.173828 0.691406 0.171875 0.693359 0.171875 0.693359 0.167969 0.695312 0.166016 0.695312 0.164062 0.693359 0.164062
0 0.750000 0.226562 0.750000 0.228516 0.751953 0.230469 0.753906 0.230469 0.755859 0.228516 0.755859 0.226562
0 0.021484 0.751953 0.046875 0.759766 0.021484 0.767578 0.044922 0.806641 0.025391 0.816406 0.039062 0.992188 0.998047 0.998047 0.998047 0.664062 0.890625 0.669922 0.945312 0.662109 0.929688 0.636719 0.597656 0.578125 0.560547 0.609375 0.476562 0.589844 0.453125 0.626953 0.478516 0.632812 0.474609 0.662109 0.423828 0.695312 0.373047 0.669922 0.378906 0.599609 0.181641 0.541016
0 0.460938 0.591797 0.458984 0.591797 0.458984 0.593750 0.457031 0.595703 0.455078 0.595703 0.455078 0.599609 0.462891 0.599609 0.462891 0.597656 0.460938 0.597656 0.458984 0.595703 0.458984 0.593750
0 0.941406 0.642578 0.939453 0.644531 0.937500 0.644531 0.937500 0.646484 0.941406 0.646484
0 0.027344 0.986328 0.025391 0.988281 0.027344 0.990234 0.029297 0.990234 0.031250 0.988281 0.029297 0.986328
2 0.656250 0.000000 0.658203 0.017578 0.699219 0.015625 0.701172 0.013672 0.730469 0.013672 0.732422 0.011719 0.746094 0.013672 0.748047 0.011719 0.789062 0.009766 0.792969 0.005859 0.792969 0.000000
2 0.000000 0.080078 0.000000 0.099609 0.003906 0.101562 0.025391 0.125000 0.033203 0.128906 0.042969 0.138672 0.046875 0.140625 0.050781 0.136719 0.050781 0.113281 0.041016 0.099609 0.042969 0.097656 0.042969 0.093750 0.046875 0.085938 0.046875 0.080078 0.044922 0.078125 0.021484 0.078125 0.019531 0.080078
2 0.960938 0.082031 0.958984 0.080078 0.933594 0.080078 0.931641 0.082031 0.880859 0.083984 0.875000 0.091797 0.875000 0.101562 0.876953 0.103516 0.876953 0.121094 0.880859 0.132812 0.882812 0.152344 0.888672 0.156250 0.900391 0.156250 0.902344 0.154297 0.923828 0.154297 0.927734 0.156250 0.957031 0.150391 0.960938 0.144531 0.958984 0.134766 0.962891 0.123047 0.960938 0.115234
2 0.820312 0.095703 0.816406 0.089844 0.792969 0.089844 0.679688 0.107422 0.656250 0.103516 0.646484 0.109375 0.621094 0.111328 0.615234 0.123047 0.609375 0.121094 0.609375 0.132812 0.626953 0.140625 0.685547 0.148438 0.732422 0.144531 0.738281 0.148438 0.740234 0.177734 0.759766 0.179688 0.775391 0.195312 0.800781 0.195312 0.804688 0.191406 0.806641 0.166016 0.818359 0.160156 0.822266 0.148438
2 0.132812 0.128906 0.130859 0.130859 0.121094 0.130859 0.119141 0.132812 0.111328 0.132812 0.109375 0.130859 0.103516 0.132812 0.101562 0.146484 0.099609 0.148438 0.097656 0.173828 0.103516 0.179688 0.107422 0.191406 0.109375 0.189453 0.123047 0.189453 0.125000 0.191406 0.134766 0.191406 0.136719 0.193359 0.148438 0.193359 0.150391 0.191406 0.154297 0.191406 0.156250 0.187500 0.156250 0.175781 0.158203 0.173828 0.156250 0.171875 0.156250 0.156250 0.150391 0.152344 0.142578 0.152344 0.136719 0.148438 0.136719 0.138672 0.138672 0.136719 0.138672 0.132812
2 0.236328 0.197266 0.238281 0.203125 0.255859 0.222656 0.259766 0.224609 0.265625 0.224609 0.267578 0.226562 0.292969 0.226562 0.300781 0.222656 0.304688 0.218750 0.306641 0.210938 0.310547 0.205078 0.308594 0.197266 0.302734 0.201172 0.296875 0.201172 0.294922 0.203125 0.277344 0.203125 0.273438 0.199219 0.273438 0.197266 0.265625 0.193359 0.257812 0.193359 0.255859 0.191406 0.242188 0.193359
2 0.423828 0.228516 0.419922 0.232422 0.419922 0.236328 0.414062 0.246094 0.414062 0.250000 0.412109 0.251953 0.412109 0.257812 0.417969 0.263672 0.419922 0.263672 0.423828 0.267578 0.435547 0.273438 0.441406 0.273438 0.443359 0.275391 0.451172 0.275391 0.453125 0.277344 0.458984 0.275391 0.464844 0.269531 0.466797 0.265625 0.466797 0.261719 0.472656 0.253906 0.472656 0.250000 0.474609 0.248047 0.474609 0.242188 0.470703 0.240234 0.464844 0.240234 0.460938 0.236328 0.441406 0.226562 0.427734 0.226562
2 0.324219 0.279297 0.310547 0.292969 0.310547 0.294922 0.308594 0.296875 0.308594 0.300781 0.306641 0.302734 0.306641 0.308594 0.308594 0.310547 0.308594 0.312500 0.337891 0.324219 0.339844 0.322266 0.345703 0.320312 0.349609 0.316406 0.349609 0.314453 0.351562 0.312500 0.351562 0.308594 0.359375 0.296875 0.359375 0.291016 0.353516 0.287109 0.349609 0.287109 0.347656 0.285156 0.339844 0.285156 0.337891 0.283203 0.332031 0.283203 0.330078 0.281250
2 0.375000 0.291016 0.371094 0.294922 0.371094 0.298828 0.367188 0.302734 0.363281 0.310547 0.363281 0.318359 0.361328 0.320312 0.363281 0.322266 0.363281 0.326172 0.371094 0.330078 0.375000 0.330078 0.380859 0.333984 0.384766 0.333984 0.386719 0.335938 0.392578 0.335938 0.394531 0.337891 0.404297 0.339844 0.408203 0.335938 0.408203 0.332031 0.417969 0.322266 0.417969 0.304688 0.414062 0.300781 0.410156 0.300781 0.402344 0.296875 0.396484 0.296875 0.394531 0.294922 0.390625 0.294922 0.382812 0.291016
2 0.271484 0.349609 0.265625 0.355469 0.265625 0.357422 0.261719 0.363281 0.261719 0.375000 0.267578 0.382812 0.267578 0.384766 0.265625 0.386719 0.275391 0.392578 0.283203 0.392578 0.285156 0.394531 0.289062 0.394531 0.291016 0.396484 0.298828 0.396484 0.304688 0.388672 0.304688 0.382812 0.306641 0.380859 0.306641 0.373047 0.308594 0.371094 0.308594 0.367188 0.310547 0.365234 0.308594 0.359375 0.306641 0.357422 0.302734 0.357422 0.296875 0.353516 0.291016 0.353516 0.289062 0.351562 0.285156 0.351562 0.279297 0.347656 0.275391 0.347656 0.273438 0.349609
2 0.312500 0.382812 0.310547 0.398438 0.314453 0.408203 0.333984 0.417969 0.339844 0.417969 0.349609 0.394531 0.351562 0.396484 0.351562 0.412109 0.349609 0.414062 0.351562 0.427734 0.361328 0.435547 0.386719 0.435547 0.384766 0.412109 0.392578 0.390625 0.392578 0.382812 0.388672 0.378906 0.367188 0.375000 0.359375 0.382812 0.357422 0.380859 0.357422 0.369141 0.347656 0.359375 0.339844 0.359375
2 0.091797 0.378906 0.087891 0.386719 0.089844 0.404297 0.083984 0.416016 0.085938 0.425781 0.091797 0.431641 0.101562 0.433594 0.113281 0.441406 0.132812 0.458984 0.142578 0.451172 0.152344 0.451172 0.160156 0.443359 0.164062 0.433594 0.169922 0.427734 0.169922 0.421875 0.154297 0.406250 0.150391 0.406250 0.144531 0.402344 0.136719 0.392578 0.125000 0.388672 0.111328 0.375000 0.101562 0.373047
2 0.746094 0.378906 0.742188 0.384766 0.742188 0.390625 0.740234 0.392578 0.740234 0.400391 0.738281 0.402344 0.738281 0.414062 0.744141 0.417969 0.757812 0.417969 0.759766 0.419922 0.771484 0.419922 0.771484 0.412109 0.769531 0.410156 0.769531 0.402344 0.771484 0.400391 0.771484 0.398438 0.775391 0.394531 0.775391 0.392578 0.779297 0.388672 0.779297 0.386719 0.777344 0.384766 0.775391 0.384766 0.773438 0.382812 0.769531 0.382812 0.767578 0.380859 0.759766 0.380859 0.757812 0.378906
2 0.431641 0.384766 0.429688 0.386719 0.423828 0.388672 0.419922 0.392578 0.419922 0.396484 0.417969 0.398438 0.417969 0.404297 0.416016 0.406250 0.416016 0.419922 0.421875 0.425781 0.433594 0.425781 0.435547 0.427734 0.447266 0.427734 0.449219 0.429688 0.451172 0.427734 0.451172 0.423828 0.453125 0.421875 0.453125 0.412109 0.455078 0.410156 0.455078 0.396484 0.453125 0.394531 0.453125 0.390625 0.451172 0.390625 0.449219 0.388672 0.445312 0.388672 0.443359 0.386719 0.437500 0.386719 0.435547 0.384766
2 0.244141 0.392578 0.242188 0.396484 0.242188 0.400391 0.240234 0.402344 0.240234 0.408203 0.238281 0.410156 0.238281 0.421875 0.242188 0.425781 0.248047 0.427734 0.261719 0.437500 0.267578 0.437500 0.279297 0.443359 0.291016 0.443359 0.292969 0.439453 0.292969 0.433594 0.294922 0.431641 0.294922 0.412109 0.287109 0.406250 0.277344 0.402344 0.273438 0.398438 0.269531 0.398438 0.253906 0.390625 0.248047 0.390625
2 0.351562 0.441406 0.347656 0.449219 0.347656 0.478516 0.345703 0.480469 0.347656 0.484375 0.347656 0.488281 0.351562 0.488281 0.359375 0.492188 0.365234 0.492188 0.367188 0.494141 0.378906 0.494141 0.380859 0.492188 0.380859 0.478516 0.382812 0.476562 0.382812 0.470703 0.384766 0.468750 0.384766 0.462891 0.386719 0.460938 0.386719 0.455078 0.388672 0.453125 0.388672 0.447266 0.390625 0.445312 0.388672 0.441406 0.384766 0.439453 0.365234 0.439453 0.363281 0.441406
2 0.585938 0.457031 0.576172 0.474609 0.572266 0.505859 0.576172 0.560547 0.597656 0.566406 0.615234 0.578125 0.652344 0.582031 0.656250 0.578125 0.652344 0.533203 0.646484 0.535156 0.646484 0.544922 0.628906 0.544922 0.621094 0.539062 0.623047 0.511719 0.636719 0.468750 0.634766 0.462891 0.593750 0.455078
2 0.712891 0.480469 0.703125 0.494141 0.703125 0.501953 0.695312 0.515625 0.695312 0.529297 0.699219 0.529297 0.712891 0.546875 0.718750 0.548828 0.728516 0.546875 0.734375 0.552734 0.748047 0.556641 0.765625 0.558594 0.800781 0.556641 0.802734 0.546875 0.798828 0.542969 0.800781 0.541016 0.804688 0.542969 0.812500 0.511719 0.812500 0.501953 0.808594 0.498047 0.800781 0.498047 0.777344 0.486328 0.753906 0.482422 0.746094 0.476562 0.744141 0.478516 0.732422 0.474609 0.720703 0.474609
2 0.054688 0.476562 0.052734 0.478516 0.050781 0.478516 0.050781 0.480469 0.048828 0.482422 0.048828 0.498047 0.052734 0.501953 0.060547 0.501953 0.062500 0.500000 0.064453 0.500000 0.066406 0.498047 0.068359 0.498047 0.068359 0.496094 0.072266 0.492188 0.072266 0.486328 0.064453 0.478516 0.062500 0.478516 0.060547 0.476562
2 0.445312 0.478516 0.443359 0.476562 0.439453 0.476562 0.433594 0.480469 0.425781 0.480469 0.423828 0.482422 0.419922 0.482422 0.416016 0.486328 0.416016 0.494141 0.414062 0.496094 0.414062 0.500000 0.417969 0.503906 0.419922 0.503906 0.421875 0.505859 0.431641 0.505859 0.433594 0.507812 0.435547 0.505859 0.441406 0.505859 0.443359 0.503906 0.445312 0.503906 0.445312 0.501953 0.447266 0.500000 0.447266 0.490234 0.449219 0.488281 0.449219 0.486328 0.447266 0.484375 0.447266 0.482422 0.445312 0.480469
2 0.451172 0.501953 0.451172 0.513672 0.453125 0.515625 0.453125 0.519531 0.457031 0.523438 0.464844 0.527344 0.490234 0.527344 0.492188 0.529297 0.496094 0.529297 0.503906 0.533203 0.509766 0.533203 0.513672 0.529297 0.513672 0.525391 0.515625 0.523438 0.515625 0.515625 0.517578 0.513672 0.517578 0.505859 0.515625 0.503906 0.515625 0.500000 0.511719 0.496094 0.494141 0.494141 0.492188 0.492188 0.476562 0.490234 0.474609 0.488281 0.462891 0.488281 0.457031 0.492188 0.457031 0.494141
2 0.839844 0.498047 0.839844 0.505859 0.837891 0.507812 0.837891 0.515625 0.833984 0.523438 0.833984 0.537109 0.839844 0.541016 0.849609 0.541016 0.851562 0.542969 0.855469 0.542969 0.857422 0.541016 0.865234 0.541016 0.867188 0.539062 0.871094 0.539062 0.875000 0.535156 0.878906 0.535156 0.880859 0.533203 0.886719 0.533203 0.886719 0.527344 0.888672 0.525391 0.888672 0.509766 0.880859 0.505859 0.871094 0.496094 0.863281 0.492188 0.843750 0.492188
2 0.966797 0.595703 0.966797 0.605469 0.964844 0.607422 0.964844 0.638672 0.966797 0.640625 0.966797 0.642578 0.968750 0.644531 0.990234 0.644531 0.992188 0.646484 0.998047 0.646484 0.998047 0.597656 0.996094 0.595703
2 0.406250 0.611328 0.400391 0.615234 0.394531 0.630859 0.376953 0.644531 0.375000 0.648438 0.375000 0.669922 0.398438 0.677734 0.417969 0.691406 0.431641 0.693359 0.449219 0.673828 0.460938 0.671875 0.472656 0.662109 0.472656 0.640625 0.457031 0.636719 0.453125 0.628906 0.441406 0.621094
5 0.998047 0.011719 0.472656 0.070312 0.492188 0.000000 0.433594 0.072266 0.001953 0.019531 0.005859 0.060547 0.404297 0.111328 0.000000 0.736328 0.160156 0.517578 0.460938 0.621094 0.179688 0.496094 0.291016 0.332031 0.998047 0.517578 0.884766 0.474609 0.919922 0.220703 0.861328 0.470703 0.296875 0.310547 0.437500 0.109375 0.937500 0.060547
