0 0.988281 0.208984 0.962891 0.210938 0.935547 0.234375 0.927734 0.207031 0.912109 0.199219 0.876953 0.199219 0.865234 0.216797 0.828125 0.216797 0.816406 0.222656 0.804688 0.251953 0.808594 0.269531 0.845703 0.316406 0.869141 0.322266 0.875000 0.330078 0.867188 0.373047 0.873047 0.410156 0.902344 0.414062 0.925781 0.408203 0.941406 0.382812 0.935547 0.355469 0.951172 0.347656 0.947266 0.333984 0.978516 0.333984 0.986328 0.328125 0.992188 0.314453 0.988281 0.302734 0.998047 0.296875 0.998047 0.216797
0 0.826172 0.207031 0.824219 0.205078 0.822266 0.207031 0.822266 0.208984 0.826172 0.208984
0 0.591797 0.265625 0.582031 0.312500 0.599609 0.337891 0.585938 0.447266 0.595703 0.496094 0.617188 0.505859 0.679688 0.498047 0.734375 0.535156 0.765625 0.533203 0.773438 0.521484 0.779297 0.560547 0.765625 0.564453 0.796875 0.568359 0.810547 0.603516 0.845703 0.617188 0.865234 0.613281 0.871094 0.591797 0.882812 0.626953 0.890625 0.599609 0.912109 0.595703 0.890625 0.556641 0.923828 0.449219 0.880859 0.439453 0.914062 0.433594 0.857422 0.417969 0.830078 0.445312 0.785156 0.462891 0.759766 0.443359 0.769531 0.437500 0.761719 0.410156 0.732422 0.390625 0.660156 0.253906 0.625000 0.244141
0 0.304688 0.279297 0.220703 0.281250 0.214844 0.291016 0.142578 0.277344 0.121094 0.289062 0.000000 0.289062 0.000000 0.589844 0.019531 0.587891 0.041016 0.566406 0.058594 0.515625 0.058594 0.472656 0.109375 0.439453 0.150391 0.380859 0.169922 0.376953 0.265625 0.400391 0.314453 0.380859 0.320312 0.333984
0 0.880859 0.632812 0.882812 0.634766 0.886719 0.634766 0.886719 0.632812
1 0.587891 0.000000 0.601562 0.021484 0.609375 0.097656 0.638672 0.158203 0.646484 0.222656 0.734375 0.386719 0.769531 0.408203 0.787109 0.451172 0.826172 0.441406 0.865234 0.404297 0.871094 0.328125 0.845703 0.318359 0.763672 0.210938 0.750000 0.208984 0.748047 0.175781 0.761719 0.187500 0.763672 0.171875 0.744141 0.171875 0.742188 0.201172 0.728516 0.199219 0.730469 0.160156 0.748047 0.166016 0.748047 0.158203 0.703125 0.115234 0.683594 0.068359 0.685547 0.037109 0.650391 0.025391 0.652344 0.000000
1 0.710938 0.001953 0.708984 0.003906 0.710938 0.005859 0.712891 0.005859 0.714844 0.003906 0.712891 0.001953
1 0.726562 0.001953 0.726562 0.005859 0.732422 0.005859 0.734375 0.007812 0.734375 0.011719 0.736328 0.011719 0.736328 0.007812 0.738281 0.005859 0.740234 0.005859 0.742188 0.007812 0.744141 0.007812 0.746094 0.009766 0.744141 0.011719 0.744141 0.013672 0.748047 0.013672 0.751953 0.009766 0.751953 0.007812 0.748047 0.003906 0.748047 0.000000 0.734375 0.000000 0.732422 0.001953
1 0.689453 0.003906 0.691406 0.003906 0.693359 0.005859 0.697266 0.005859 0.697266 0.003906
1 0.517578 0.011719 0.507812 0.042969 0.513672 0.167969 0.527344 0.279297 0.533203 0.412109 0.546875 0.414062 0.552734 0.410156 0.542969 0.294922 0.544922 0.208984 0.529297 0.136719 0.531250 0.019531 0.527344 0.011719
1 0.750000 0.046875 0.750000 0.048828 0.751953 0.048828
1 0.775391 0.171875 0.775391 0.175781 0.777344 0.173828 0.779297 0.173828 0.779297 0.171875
1 0.777344 0.179688 0.777344 0.181641 0.779297 0.181641 0.779297 0.179688
1 0.785156 0.181641 0.785156 0.185547 0.789062 0.189453 0.789062 0.191406 0.789062 0.189453 0.787109 0.187500 0.787109 0.185547 0.785156 0.183594
1 0.759766 0.195312 0.759766 0.197266 0.757812 0.199219 0.757812 0.201172 0.759766 0.203125 0.761719 0.203125 0.761719 0.199219 0.763672 0.197266 0.761719 0.195312
1 0.527344 0.445312 0.390625 0.453125 0.324219 0.416016 0.337891 0.466797 0.316406 0.519531 0.326172 0.677734 0.310547 0.691406 0.318359 0.738281 0.298828 0.759766 0.300781 0.849609 0.281250 0.884766 0.287109 0.998047 0.349609 0.998047 0.443359 0.875000 0.451172 0.767578 0.484375 0.716797 0.468750 0.679688 0.501953 0.658203 0.539062 0.511719 0.541016 0.457031
1 0.332031 0.417969 0.332031 0.419922 0.333984 0.419922 0.333984 0.417969
1 0.318359 0.427734 0.318359 0.429688 0.316406 0.431641 0.316406 0.435547 0.318359 0.435547
1 0.214844 0.833984 0.214844 0.830078 0.212891 0.832031 0.210938 0.832031 0.212891 0.833984
2 0.103516 0.000000 0.101562 0.005859 0.105469 0.027344 0.099609 0.042969 0.103516 0.046875 0.103516 0.091797 0.099609 0.095703 0.099609 0.107422 0.093750 0.121094 0.109375 0.126953 0.140625 0.126953 0.150391 0.123047 0.154297 0.115234 0.150391 0.107422 0.152344 0.093750 0.156250 0.089844 0.152344 0.003906 0.150391 0.000000
2 0.753906 0.019531 0.753906 0.041016 0.759766 0.046875 0.767578 0.050781 0.810547 0.050781 0.812500 0.048828 0.833984 0.050781 0.837891 0.044922 0.837891 0.039062 0.835938 0.037109 0.837891 0.000000 0.769531 0.000000 0.767578 0.013672 0.763672 0.017578 0.755859 0.017578
2 0.878906 0.000000 0.878906 0.007812 0.876953 0.009766 0.876953 0.068359 0.886719 0.072266 0.923828 0.072266 0.927734 0.068359 0.927734 0.015625 0.921875 0.009766 0.921875 0.001953 0.919922 0.000000
2 0.089844 0.005859 0.089844 0.013672 0.091797 0.013672 0.091797 0.005859
2 0.285156 0.072266 0.279297 0.068359 0.212891 0.074219 0.203125 0.072266 0.171875 0.074219 0.166016 0.082031 0.167969 0.123047 0.175781 0.134766 0.201172 0.134766 0.238281 0.128906 0.285156 0.126953 0.287109 0.125000
2 0.792969 0.109375 0.792969 0.119141 0.796875 0.125000 0.808594 0.125000 0.820312 0.128906 0.888672 0.128906 0.892578 0.125000 0.892578 0.091797 0.875000 0.091797 0.871094 0.087891 0.859375 0.085938 0.847656 0.076172 0.832031 0.076172 0.826172 0.078125 0.808594 0.093750 0.808594 0.099609 0.804688 0.105469 0.798828 0.105469
2 0.919922 0.093750 0.919922 0.121094 0.921875 0.123047 0.923828 0.123047 0.925781 0.125000 0.960938 0.125000 0.964844 0.121094 0.962891 0.119141 0.962891 0.113281 0.960938 0.111328 0.960938 0.109375 0.962891 0.107422 0.962891 0.105469 0.960938 0.103516 0.960938 0.101562 0.962891 0.099609 0.962891 0.095703 0.960938 0.093750 0.958984 0.093750 0.957031 0.091797 0.935547 0.091797 0.933594 0.089844 0.927734 0.089844 0.925781 0.091797 0.921875 0.091797
2 0.013672 0.099609 0.000000 0.099609 0.000000 0.152344 0.001953 0.152344 0.003906 0.150391 0.009766 0.150391 0.011719 0.148438 0.015625 0.148438 0.019531 0.144531 0.019531 0.142578 0.021484 0.140625 0.021484 0.119141 0.023438 0.117188 0.023438 0.105469
2 0.328125 0.115234 0.328125 0.156250 0.369141 0.156250 0.371094 0.158203 0.375000 0.156250 0.414062 0.156250 0.417969 0.154297 0.419922 0.150391 0.419922 0.113281 0.414062 0.113281 0.412109 0.111328 0.371094 0.111328 0.369141 0.109375 0.361328 0.109375 0.359375 0.111328 0.332031 0.111328
2 0.048828 0.119141 0.046875 0.142578 0.054688 0.148438 0.054688 0.162109 0.060547 0.167969 0.082031 0.175781 0.089844 0.173828 0.091797 0.181641 0.099609 0.189453 0.111328 0.189453 0.130859 0.197266 0.146484 0.185547 0.154297 0.175781 0.158203 0.160156 0.152344 0.150391 0.115234 0.134766 0.103516 0.134766 0.101562 0.130859 0.091797 0.126953 0.070312 0.123047 0.062500 0.119141
2 0.072266 0.117188 0.074219 0.119141 0.076172 0.117188
2 0.837891 0.144531 0.837891 0.156250 0.833984 0.166016 0.837891 0.175781 0.841797 0.179688 0.855469 0.185547 0.875000 0.185547 0.882812 0.193359 0.894531 0.193359 0.896484 0.191406 0.896484 0.179688 0.904297 0.169922 0.904297 0.156250 0.906250 0.154297 0.904297 0.152344 0.904297 0.144531 0.900391 0.136719 0.857422 0.136719 0.855469 0.138672 0.845703 0.138672
2 0.964844 0.138672 0.957031 0.152344 0.957031 0.156250 0.953125 0.162109 0.953125 0.167969 0.951172 0.169922 0.951172 0.195312 0.953125 0.197266 0.984375 0.197266 0.990234 0.189453 0.990234 0.183594 0.992188 0.181641 0.992188 0.177734 0.994141 0.175781 0.994141 0.169922 0.998047 0.162109 0.998047 0.152344 0.992188 0.144531 0.984375 0.140625 0.978516 0.140625 0.976562 0.138672
2 0.333984 0.203125 0.333984 0.208984 0.332031 0.210938 0.332031 0.226562 0.333984 0.228516 0.333984 0.234375 0.337891 0.240234 0.353516 0.242188 0.355469 0.240234 0.412109 0.240234 0.414062 0.238281 0.414062 0.220703 0.416016 0.218750 0.416016 0.201172 0.414062 0.195312 0.375000 0.193359 0.373047 0.191406 0.363281 0.191406 0.359375 0.189453 0.357422 0.191406 0.347656 0.191406 0.337891 0.197266
2 0.167969 0.207031 0.166016 0.210938 0.166016 0.238281 0.169922 0.242188 0.173828 0.244141 0.205078 0.244141 0.207031 0.246094 0.214844 0.246094 0.218750 0.244141 0.218750 0.226562 0.222656 0.220703 0.222656 0.216797 0.207031 0.208984 0.203125 0.205078 0.195312 0.201172 0.189453 0.201172 0.187500 0.199219 0.173828 0.201172
2 0.000000 0.248047 0.000000 0.283203 0.001953 0.285156 0.007812 0.285156 0.009766 0.287109 0.025391 0.287109 0.027344 0.289062 0.046875 0.289062 0.048828 0.287109 0.052734 0.287109 0.064453 0.279297 0.064453 0.269531 0.058594 0.263672 0.056641 0.263672 0.052734 0.259766 0.046875 0.259766 0.041016 0.253906 0.037109 0.253906 0.035156 0.251953 0.023438 0.251953 0.021484 0.250000 0.009766 0.250000 0.007812 0.248047
2 0.330078 0.251953 0.316406 0.279297 0.316406 0.294922 0.328125 0.312500 0.328125 0.367188 0.365234 0.375000 0.382812 0.412109 0.392578 0.417969 0.486328 0.417969 0.496094 0.398438 0.484375 0.376953 0.488281 0.335938 0.476562 0.261719 0.464844 0.255859 0.396484 0.246094 0.351562 0.246094
2 0.228516 0.394531 0.175781 0.382812 0.150391 0.386719 0.117188 0.437500 0.091797 0.453125 0.068359 0.486328 0.066406 0.515625 0.052734 0.537109 0.050781 0.558594 0.035156 0.587891 0.105469 0.591797 0.117188 0.564453 0.130859 0.554688 0.152344 0.519531 0.156250 0.503906 0.193359 0.464844 0.208984 0.464844 0.207031 0.449219 0.224609 0.433594 0.222656 0.417969 0.230469 0.406250
2 0.576172 0.658203 0.582031 0.689453 0.697266 0.701172 0.720703 0.699219 0.853516 0.716797 0.873047 0.712891 0.867188 0.671875 0.775391 0.666016 0.742188 0.654297 0.730469 0.654297 0.724609 0.662109 0.712891 0.642578 0.691406 0.640625 0.681641 0.646484 0.607422 0.640625 0.595703 0.650391 0.580078 0.650391
2 0.125000 0.691406 0.121094 0.695312 0.121094 0.707031 0.105469 0.761719 0.099609 0.826172 0.171875 0.847656 0.195312 0.849609 0.203125 0.808594 0.203125 0.783203 0.216797 0.714844 0.207031 0.708984 0.156250 0.701172
2 0.000000 0.718750 0.000000 0.814453 0.009766 0.814453 0.011719 0.816406 0.025391 0.818359 0.033203 0.777344 0.042969 0.753906 0.044922 0.730469 0.039062 0.726562 0.021484 0.724609 0.019531 0.722656
2 0.658203 0.824219 0.654297 0.830078 0.654297 0.835938 0.648438 0.843750 0.648438 0.871094 0.656250 0.875000 0.642578 0.880859 0.642578 0.894531 0.650391 0.900391 0.669922 0.902344 0.675781 0.906250 0.691406 0.908203 0.708984 0.914062 0.716797 0.910156 0.716797 0.890625 0.710938 0.882812 0.714844 0.867188 0.714844 0.853516 0.720703 0.839844 0.720703 0.830078 0.701172 0.824219
2 0.732422 0.824219 0.728516 0.828125 0.726562 0.832031 0.726562 0.835938 0.724609 0.837891 0.724609 0.845703 0.722656 0.847656 0.722656 0.855469 0.720703 0.857422 0.720703 0.863281 0.718750 0.865234 0.718750 0.876953 0.716797 0.880859 0.718750 0.884766 0.726562 0.890625 0.744141 0.890625 0.746094 0.888672 0.746094 0.880859 0.748047 0.878906 0.748047 0.863281 0.750000 0.861328 0.750000 0.849609 0.751953 0.847656 0.751953 0.833984 0.753906 0.830078 0.750000 0.824219
2 0.179688 0.884766 0.166016 0.882812 0.128906 0.869141 0.097656 0.865234 0.089844 0.902344 0.083984 0.914062 0.082031 0.931641 0.070312 0.955078 0.099609 0.964844 0.117188 0.962891 0.158203 0.919922 0.173828 0.917969 0.181641 0.894531
2 0.546875 0.904297 0.546875 0.906250 0.544922 0.908203 0.544922 0.929688 0.546875 0.931641 0.556641 0.931641 0.558594 0.933594 0.568359 0.933594 0.570312 0.935547 0.576172 0.935547 0.578125 0.933594 0.580078 0.933594 0.580078 0.914062 0.582031 0.912109 0.582031 0.910156 0.578125 0.906250 0.574219 0.906250 0.572266 0.904297 0.566406 0.904297 0.564453 0.902344 0.548828 0.902344
2 0.927734 0.935547 0.925781 0.937500 0.923828 0.937500 0.919922 0.941406 0.919922 0.945312 0.917969 0.947266 0.917969 0.957031 0.916016 0.958984 0.916016 0.972656 0.919922 0.976562 0.923828 0.976562 0.925781 0.978516 0.945312 0.978516 0.945312 0.968750 0.947266 0.966797 0.947266 0.951172 0.949219 0.949219 0.949219 0.939453 0.943359 0.935547
2 0.566406 0.939453 0.566406 0.941406 0.564453 0.943359 0.564453 0.953125 0.562500 0.955078 0.562500 0.970703 0.564453 0.972656 0.564453 0.978516 0.568359 0.982422 0.582031 0.982422 0.583984 0.980469 0.583984 0.966797 0.585938 0.964844 0.585938 0.945312 0.582031 0.939453
2 0.603516 0.994141 0.603516 0.998047 0.783203 0.998047 0.777344 0.990234 0.757812 0.988281 0.736328 0.982422 0.699219 0.978516 0.677734 0.972656 0.646484 0.970703 0.634766 0.966797 0.619141 0.966797 0.613281 0.982422
5 0.996094 0.564453 0.972656 0.572266 0.951172 0.615234 0.833984 0.998047 0.871094 0.998047 0.904297 0.867188 0.925781 0.824219 0.937500 0.761719 0.998047 0.599609
