0 0.000000 0.000000 0.000000 0.035156 0.031250 0.048828 0.019531 0.091797 0.031250 0.101562 0.031250 0.128906 0.046875 0.136719 0.068359 0.125000 0.091797 0.144531 0.121094 0.144531 0.162109 0.095703 0.197266 0.083984 0.210938 0.099609 0.169922 0.125000 0.171875 0.146484 0.251953 0.138672 0.292969 0.111328 0.335938 0.156250 0.345703 0.134766 0.332031 0.128906 0.332031 0.105469 0.357422 0.107422 0.367188 0.142578 0.396484 0.150391 0.431641 0.123047 0.462891 0.126953 0.496094 0.095703 0.498047 0.064453 0.482422 0.050781 0.496094 0.027344 0.470703 0.000000 0.451172 0.011719 0.433594 0.000000
0 0.451172 0.146484 0.449219 0.144531 0.449219 0.142578 0.443359 0.148438 0.441406 0.148438 0.443359 0.150391 0.449219 0.150391 0.451172 0.148438
0 0.000000 0.166016 0.000000 0.925781 0.251953 0.998047 0.328125 0.986328 0.328125 0.923828 0.515625 0.957031 0.669922 0.912109 0.794922 0.708984 0.736328 0.710938 0.730469 0.648438 0.632812 0.669922 0.681641 0.644531 0.650391 0.574219 0.511719 0.570312 0.462891 0.632812 0.394531 0.632812 0.386719 0.740234 0.546875 0.726562 0.562500 0.671875 0.619141 0.671875 0.546875 0.763672 0.445312 0.755859 0.375000 0.830078 0.314453 0.794922 0.367188 0.697266 0.339844 0.628906 0.296875 0.613281 0.316406 0.652344 0.279297 0.654297 0.277344 0.617188 0.142578 0.587891 0.472656 0.593750 0.482422 0.292969 0.164062 0.263672
0 0.822266 0.222656 0.824219 0.236328 0.816406 0.248047 0.808594 0.248047 0.804688 0.281250 0.826172 0.304688 0.841797 0.310547 0.869141 0.310547 0.886719 0.294922 0.898438 0.304688 0.902344 0.318359 0.919922 0.333984 0.984375 0.335938 0.990234 0.332031 0.990234 0.263672 0.980469 0.246094 0.955078 0.240234 0.945312 0.244141 0.925781 0.242188 0.886719 0.253906 0.876953 0.250000 0.855469 0.226562 0.833984 0.220703
0 0.583984 0.316406 0.583984 0.318359 0.580078 0.322266 0.580078 0.328125 0.578125 0.330078 0.578125 0.337891 0.580078 0.339844 0.578125 0.343750 0.578125 0.349609 0.580078 0.351562 0.582031 0.359375 0.591797 0.365234 0.595703 0.365234 0.597656 0.367188 0.607422 0.367188 0.609375 0.369141 0.621094 0.367188 0.628906 0.359375 0.630859 0.359375 0.642578 0.337891 0.642578 0.332031 0.644531 0.330078 0.642578 0.322266 0.636719 0.316406 0.628906 0.312500 0.623047 0.312500 0.621094 0.310547 0.597656 0.310547
0 0.814453 0.312500 0.794922 0.330078 0.796875 0.365234 0.763672 0.351562 0.708984 0.378906 0.705078 0.390625 0.732422 0.417969 0.734375 0.437500 0.669922 0.455078 0.681641 0.496094 0.666016 0.501953 0.691406 0.511719 0.689453 0.544922 0.677734 0.556641 0.681641 0.580078 0.718750 0.638672 0.771484 0.628906 0.785156 0.609375 0.792969 0.644531 0.808594 0.658203 0.828125 0.658203 0.849609 0.613281 0.830078 0.599609 0.800781 0.601562 0.792969 0.583984 0.855469 0.556641 0.875000 0.525391 0.857422 0.476562 0.794922 0.458984 0.806641 0.423828 0.845703 0.423828 0.861328 0.384766 0.851562 0.363281 0.857422 0.316406
0 0.201172 0.363281 0.199219 0.363281 0.199219 0.365234
0 0.630859 0.388672 0.630859 0.404297 0.634766 0.410156 0.636719 0.410156 0.642578 0.414062 0.654297 0.414062 0.656250 0.416016 0.667969 0.416016 0.669922 0.414062 0.675781 0.412109 0.683594 0.404297 0.683594 0.390625 0.681641 0.388672 0.681641 0.386719 0.679688 0.384766 0.677734 0.384766 0.675781 0.382812 0.671875 0.382812 0.669922 0.380859 0.648438 0.380859 0.646484 0.382812 0.638672 0.382812 0.636719 0.384766 0.634766 0.384766
0 0.619141 0.484375 0.617188 0.486328 0.619141 0.486328 0.621094 0.488281 0.623047 0.486328 0.621094 0.484375
0 0.894531 0.546875 0.890625 0.546875 0.886719 0.550781 0.884766 0.550781 0.882812 0.552734 0.880859 0.550781 0.878906 0.550781 0.876953 0.552734 0.873047 0.552734 0.880859 0.552734 0.882812 0.554688 0.882812 0.556641 0.880859 0.558594 0.880859 0.560547 0.882812 0.560547 0.884766 0.562500 0.884766 0.564453 0.882812 0.566406 0.880859 0.566406 0.878906 0.564453 0.876953 0.564453 0.876953 0.566406 0.878906 0.568359 0.880859 0.568359 0.882812 0.570312 0.882812 0.574219 0.884766 0.576172 0.886719 0.576172 0.890625 0.580078 0.894531 0.576172 0.894531 0.572266 0.900391 0.566406 0.900391 0.556641 0.898438 0.554688 0.898438 0.552734
0 0.574219 0.679688 0.570312 0.679688 0.568359 0.681641 0.570312 0.683594 0.570312 0.685547 0.570312 0.683594
0 0.998047 0.699219 0.953125 0.697266 0.927734 0.705078 0.914062 0.699219 0.845703 0.703125 0.837891 0.718750 0.820312 0.720703 0.804688 0.796875 0.876953 0.804688 0.902344 0.824219 0.902344 0.841797 0.904297 0.822266 0.923828 0.814453 0.960938 0.818359 0.974609 0.812500 0.986328 0.816406 0.998047 0.808594 0.998047 0.771484 0.994141 0.767578 0.998047 0.761719 0.998047 0.728516 0.994141 0.726562
0 0.769531 0.800781 0.769531 0.802734 0.771484 0.802734 0.771484 0.800781
0 0.376953 0.816406 0.375000 0.816406 0.375000 0.818359
0 0.736328 0.839844 0.734375 0.839844 0.734375 0.841797 0.732422 0.843750 0.722656 0.843750 0.722656 0.845703 0.732422 0.845703 0.736328 0.841797
0 0.000000 0.955078 0.000000 0.958984 0.003906 0.960938 0.003906 0.966797 0.000000 0.972656 0.001953 0.976562 0.001953 0.990234 0.003906 0.992188 0.003906 0.998047 0.013672 0.998047 0.017578 0.994141 0.019531 0.998047 0.023438 0.994141 0.033203 0.994141 0.035156 0.998047 0.039062 0.994141 0.044922 0.994141 0.046875 0.992188 0.052734 0.994141 0.052734 0.984375 0.046875 0.984375 0.044922 0.982422 0.041016 0.984375 0.037109 0.980469 0.039062 0.978516 0.035156 0.974609 0.033203 0.976562 0.029297 0.974609 0.023438 0.976562 0.021484 0.974609 0.021484 0.962891 0.017578 0.958984 0.009766 0.957031 0.007812 0.955078
0 0.042969 0.968750 0.042969 0.970703 0.044922 0.972656 0.044922 0.974609 0.048828 0.974609 0.052734 0.978516 0.062500 0.978516 0.062500 0.976562 0.060547 0.974609 0.056641 0.974609 0.054688 0.972656 0.052734 0.972656 0.050781 0.970703 0.046875 0.970703 0.044922 0.968750
0 0.066406 0.978516 0.066406 0.980469 0.068359 0.982422 0.068359 0.980469
0 0.082031 0.988281 0.082031 0.992188 0.083984 0.992188 0.083984 0.990234
0 0.066406 0.992188 0.066406 0.994141 0.068359 0.994141
2 0.281250 0.615234 0.275391 0.621094 0.275391 0.628906 0.273438 0.630859 0.273438 0.638672 0.277344 0.644531 0.277344 0.650391 0.279297 0.652344 0.292969 0.652344 0.294922 0.654297 0.296875 0.652344 0.298828 0.654297 0.312500 0.654297 0.314453 0.652344 0.314453 0.625000 0.312500 0.623047 0.312500 0.621094 0.308594 0.617188 0.300781 0.617188 0.298828 0.615234
2 0.302734 0.669922 0.298828 0.673828 0.298828 0.679688 0.296875 0.681641 0.296875 0.697266 0.294922 0.699219 0.294922 0.726562 0.296875 0.730469 0.308594 0.730469 0.310547 0.732422 0.328125 0.732422 0.333984 0.728516 0.333984 0.718750 0.332031 0.716797 0.333984 0.714844 0.333984 0.681641 0.335938 0.679688 0.335938 0.675781 0.333984 0.673828 0.322266 0.673828 0.314453 0.669922
2 0.107422 0.685547 0.111328 0.769531 0.113281 0.771484 0.146484 0.771484 0.154297 0.767578 0.154297 0.755859 0.148438 0.744141 0.148438 0.736328 0.152344 0.726562 0.152344 0.705078 0.146484 0.693359 0.146484 0.687500 0.138672 0.683594 0.111328 0.683594
2 0.199219 0.732422 0.199219 0.738281 0.205078 0.744141 0.214844 0.744141 0.216797 0.746094 0.218750 0.746094 0.224609 0.740234 0.224609 0.738281 0.226562 0.736328 0.226562 0.730469 0.224609 0.728516 0.224609 0.726562 0.203125 0.726562 0.201172 0.728516 0.201172 0.730469
3 0.728516 0.980469 0.740234 0.998047 0.974609 0.998047 0.990234 0.984375 0.990234 0.974609 0.998047 0.972656 0.998047 0.898438 0.980469 0.880859 0.951172 0.890625 0.945312 0.882812 0.894531 0.871094 0.886719 0.857422 0.855469 0.857422 0.824219 0.830078 0.812500 0.832031 0.802734 0.845703 0.789062 0.837891 0.777344 0.849609 0.792969 0.869141 0.775391 0.878906 0.759766 0.898438 0.751953 0.917969 0.751953 0.943359
5 0.792969 0.000000 0.792969 0.164062 0.800781 0.205078 0.798828 0.236328 0.810547 0.248047 0.822266 0.236328 0.820312 0.181641 0.814453 0.162109 0.816406 0.062500 0.812500 0.054688 0.820312 0.023438 0.812500 0.000000
5 0.503906 0.392578 0.503906 0.410156 0.513672 0.419922 0.533203 0.419922 0.582031 0.429688 0.595703 0.437500 0.724609 0.439453 0.730469 0.433594 0.728516 0.421875 0.708984 0.417969 0.699219 0.406250 0.689453 0.406250 0.677734 0.416016 0.662109 0.419922 0.638672 0.416016 0.611328 0.402344 0.556641 0.398438 0.535156 0.392578
5 0.820312 0.666016 0.808594 0.666016 0.800781 0.677734 0.785156 0.781250 0.765625 0.849609 0.691406 0.976562 0.689453 0.998047 0.708984 0.998047 0.757812 0.898438 0.781250 0.871094 0.783203 0.861328 0.775391 0.849609 0.791016 0.833984 0.806641 0.783203 0.826172 0.677734
5 0.000000 0.927734 0.001953 0.953125 0.060547 0.972656 0.089844 0.992188 0.105469 0.998047 0.158203 0.996094 0.152344 0.986328 0.113281 0.978516 0.099609 0.972656 0.068359 0.951172 0.035156 0.941406 0.007812 0.927734
6 0.845703 0.001953 0.839844 0.011719 0.857422 0.056641 0.835938 0.087891 0.859375 0.123047 0.839844 0.185547 0.863281 0.230469 0.886719 0.251953 0.908203 0.238281 0.945312 0.242188 0.968750 0.234375 0.976562 0.244141 0.988281 0.244141 0.994141 0.230469 0.980469 0.193359 0.982422 0.166016 0.998047 0.154297 0.982422 0.089844 0.990234 0.054688 0.953125 0.017578 0.929688 0.023438 0.927734 0.013672 0.916016 0.005859 0.902344 0.011719 0.892578 0.000000
6 0.888672 0.310547 0.878906 0.316406 0.876953 0.337891 0.859375 0.337891 0.853516 0.347656 0.869141 0.365234 0.867188 0.382812 0.876953 0.394531 0.875000 0.400391 0.861328 0.404297 0.853516 0.419922 0.851562 0.447266 0.861328 0.484375 0.882812 0.505859 0.875000 0.527344 0.882812 0.544922 0.906250 0.542969 0.919922 0.548828 0.957031 0.544922 0.978516 0.535156 0.986328 0.523438 0.982422 0.509766 0.996094 0.460938 0.992188 0.392578 0.980469 0.378906 0.974609 0.355469 0.943359 0.349609
