0 0.068359 0.000000 0.027344 0.000000 0.023438 0.005859 0.021484 0.000000 0.011719 0.000000 0.003906 0.007812 0.000000 0.005859 0.000000 0.078125 0.005859 0.082031 0.025391 0.078125 0.025391 0.083984 0.031250 0.087891 0.027344 0.093750 0.011719 0.097656 0.000000 0.095703 0.000000 0.126953 0.031250 0.132812 0.046875 0.128906 0.070312 0.103516 0.072266 0.093750 0.068359 0.091797 0.083984 0.080078 0.080078 0.072266 0.087891 0.064453 0.082031 0.017578 0.074219 0.001953 0.070312 0.005859
0 0.875000 0.416016 0.871094 0.425781 0.869141 0.445312 0.865234 0.453125 0.865234 0.472656 0.873047 0.478516 0.894531 0.486328 0.914062 0.488281 0.916016 0.490234 0.927734 0.488281 0.931641 0.482422 0.931641 0.478516 0.935547 0.474609 0.937500 0.458984 0.939453 0.457031 0.939453 0.445312 0.941406 0.443359 0.941406 0.419922 0.939453 0.414062 0.929688 0.406250 0.906250 0.404297 0.888672 0.416016
0 0.814453 0.746094 0.814453 0.765625 0.812500 0.767578 0.810547 0.781250 0.806641 0.785156 0.806641 0.791016 0.804688 0.792969 0.804688 0.802734 0.810547 0.814453 0.824219 0.818359 0.863281 0.818359 0.876953 0.814453 0.880859 0.810547 0.880859 0.783203 0.869141 0.759766 0.869141 0.753906 0.861328 0.748047 0.855469 0.748047 0.845703 0.744141
1 0.820312 0.000000 0.791016 0.001953 0.681641 0.343750 0.671875 0.443359 0.566406 0.714844 0.505859 0.998047 0.525391 0.994141 0.583984 0.718750 0.693359 0.435547 0.736328 0.236328
2 0.833984 0.003906 0.822266 0.033203 0.824219 0.044922 0.845703 0.050781 0.855469 0.056641 0.880859 0.056641 0.894531 0.066406 0.908203 0.068359 0.914062 0.072266 0.921875 0.072266 0.927734 0.066406 0.925781 0.062500 0.927734 0.050781 0.941406 0.023438 0.943359 0.009766 0.949219 0.003906 0.945312 0.000000 0.839844 0.000000
2 0.839844 0.062500 0.835938 0.072266 0.833984 0.087891 0.832031 0.089844 0.832031 0.099609 0.833984 0.101562 0.845703 0.105469 0.859375 0.113281 0.871094 0.115234 0.873047 0.117188 0.880859 0.117188 0.882812 0.119141 0.906250 0.121094 0.912109 0.115234 0.914062 0.109375 0.917969 0.105469 0.917969 0.101562 0.902344 0.093750 0.892578 0.093750 0.884766 0.085938 0.884766 0.064453 0.876953 0.060547 0.851562 0.060547 0.849609 0.058594 0.843750 0.058594
2 0.830078 0.113281 0.824219 0.125000 0.824219 0.128906 0.820312 0.132812 0.814453 0.144531 0.814453 0.150391 0.816406 0.154297 0.822266 0.158203 0.832031 0.158203 0.833984 0.160156 0.839844 0.160156 0.841797 0.162109 0.847656 0.162109 0.849609 0.164062 0.855469 0.164062 0.857422 0.166016 0.865234 0.166016 0.869141 0.160156 0.869141 0.138672 0.865234 0.132812 0.865234 0.126953 0.863281 0.123047 0.855469 0.117188 0.851562 0.117188 0.849609 0.115234 0.845703 0.115234 0.837891 0.111328 0.833984 0.111328
2 0.939453 0.193359 0.935547 0.197266 0.933594 0.216797 0.914062 0.287109 0.916016 0.291016 0.923828 0.294922 0.939453 0.296875 0.947266 0.300781 0.958984 0.300781 0.960938 0.298828 0.962891 0.255859 0.966797 0.246094 0.976562 0.232422 0.978516 0.201172 0.960938 0.195312
2 0.746094 0.296875 0.728516 0.349609 0.730469 0.365234 0.720703 0.390625 0.718750 0.427734 0.728516 0.437500 0.753906 0.437500 0.767578 0.445312 0.777344 0.445312 0.779297 0.449219 0.794922 0.453125 0.804688 0.462891 0.824219 0.460938 0.837891 0.408203 0.837891 0.392578 0.816406 0.388672 0.798828 0.378906 0.794922 0.380859 0.775391 0.369141 0.779297 0.353516 0.791016 0.335938 0.791016 0.314453 0.781250 0.306641
2 0.890625 0.328125 0.886719 0.335938 0.886719 0.349609 0.873047 0.369141 0.873047 0.380859 0.884766 0.384766 0.888672 0.388672 0.902344 0.394531 0.929688 0.396484 0.943359 0.402344 0.951172 0.402344 0.957031 0.394531 0.957031 0.382812 0.958984 0.380859 0.958984 0.345703 0.955078 0.341797 0.943359 0.341797 0.937500 0.337891 0.919922 0.337891 0.904297 0.328125
2 0.691406 0.474609 0.689453 0.507812 0.683594 0.519531 0.687500 0.537109 0.708984 0.539062 0.722656 0.544922 0.732422 0.541016 0.738281 0.529297 0.744141 0.542969 0.771484 0.546875 0.787109 0.552734 0.800781 0.550781 0.806641 0.542969 0.810547 0.529297 0.810547 0.509766 0.806641 0.507812 0.806641 0.511719 0.798828 0.515625 0.794922 0.511719 0.794922 0.496094 0.787109 0.496094 0.773438 0.488281 0.757812 0.484375 0.746094 0.484375 0.742188 0.488281 0.742188 0.474609 0.734375 0.472656 0.728516 0.466797 0.703125 0.462891
2 0.849609 0.507812 0.835938 0.572266 0.845703 0.580078 0.886719 0.589844 0.847656 0.591797 0.853516 0.599609 0.826172 0.617188 0.832031 0.646484 0.843750 0.648438 0.835938 0.638672 0.853516 0.634766 0.859375 0.644531 0.847656 0.650391 0.845703 0.658203 0.865234 0.667969 0.966797 0.683594 0.982422 0.617188 0.943359 0.603516 0.906250 0.603516 0.886719 0.593750 0.902344 0.591797 0.912109 0.576172 0.919922 0.523438
2 0.980469 0.527344 0.970703 0.527344 0.960938 0.531250 0.949219 0.531250 0.939453 0.535156 0.941406 0.548828 0.933594 0.556641 0.933594 0.576172 0.935547 0.578125 0.935547 0.585938 0.943359 0.591797 0.951172 0.591797 0.953125 0.593750 0.962891 0.593750 0.964844 0.595703 0.966797 0.593750 0.982422 0.593750 0.984375 0.591797 0.984375 0.582031 0.988281 0.576172 0.990234 0.550781 0.986328 0.544922 0.986328 0.535156
2 0.640625 0.583984 0.640625 0.591797 0.648438 0.599609 0.654297 0.601562 0.673828 0.601562 0.677734 0.599609 0.679688 0.601562 0.701172 0.603516 0.710938 0.599609 0.718750 0.593750 0.726562 0.593750 0.732422 0.583984 0.732422 0.570312 0.728516 0.570312 0.720703 0.564453 0.718750 0.560547 0.718750 0.550781 0.712891 0.546875 0.703125 0.546875 0.697266 0.542969 0.679688 0.542969 0.671875 0.546875 0.669922 0.552734 0.664062 0.558594 0.654297 0.562500 0.646484 0.572266 0.646484 0.576172
2 0.742188 0.552734 0.742188 0.564453 0.736328 0.580078 0.736328 0.603516 0.738281 0.605469 0.738281 0.615234 0.742188 0.621094 0.742188 0.625000 0.757812 0.636719 0.783203 0.638672 0.787109 0.628906 0.787109 0.609375 0.789062 0.607422 0.791016 0.591797 0.792969 0.589844 0.796875 0.572266 0.783203 0.566406 0.769531 0.564453 0.750000 0.552734
2 0.804688 0.693359 0.796875 0.716797 0.794922 0.738281 0.859375 0.744141 0.873047 0.750000 0.873047 0.761719 0.882812 0.779297 0.935547 0.785156 0.937500 0.767578 0.917969 0.744141 0.890625 0.734375 0.876953 0.748047 0.873047 0.746094 0.880859 0.734375 0.880859 0.705078 0.818359 0.689453 0.808594 0.689453
2 0.470703 0.707031 0.466797 0.710938 0.464844 0.748047 0.460938 0.755859 0.458984 0.736328 0.453125 0.730469 0.437500 0.736328 0.431641 0.767578 0.431641 0.794922 0.439453 0.798828 0.462891 0.800781 0.466797 0.804688 0.466797 0.832031 0.501953 0.833984 0.507812 0.828125 0.507812 0.789062 0.513672 0.779297 0.515625 0.722656 0.509766 0.705078
2 0.662109 0.720703 0.660156 0.734375 0.656250 0.740234 0.656250 0.753906 0.654297 0.755859 0.656250 0.767578 0.685547 0.777344 0.697266 0.777344 0.699219 0.779297 0.732422 0.779297 0.734375 0.757812 0.740234 0.746094 0.740234 0.740234 0.736328 0.736328 0.714844 0.726562 0.708984 0.718750 0.689453 0.708984 0.671875 0.710938
2 0.423828 0.712891 0.390625 0.710938 0.355469 0.716797 0.300781 0.716797 0.281250 0.722656 0.277344 0.734375 0.277344 0.765625 0.283203 0.779297 0.279297 0.796875 0.281250 0.810547 0.291016 0.812500 0.298828 0.808594 0.330078 0.806641 0.375000 0.810547 0.392578 0.800781 0.412109 0.800781 0.425781 0.794922 0.431641 0.728516 0.429688 0.726562 0.425781 0.734375 0.419922 0.730469 0.427734 0.720703 0.421875 0.714844
2 0.253906 0.718750 0.242188 0.718750 0.240234 0.720703 0.232422 0.720703 0.230469 0.722656 0.230469 0.728516 0.228516 0.730469 0.228516 0.732422 0.230469 0.734375 0.228516 0.736328 0.228516 0.748047 0.230469 0.750000 0.230469 0.751953 0.228516 0.753906 0.228516 0.757812 0.230469 0.759766 0.228516 0.765625 0.230469 0.767578 0.234375 0.767578 0.236328 0.769531 0.238281 0.769531 0.240234 0.767578 0.251953 0.767578 0.253906 0.765625 0.255859 0.765625 0.255859 0.761719 0.259766 0.757812 0.261719 0.757812 0.261719 0.750000 0.259766 0.748047 0.261719 0.742188 0.257812 0.742188 0.255859 0.740234 0.255859 0.720703
2 0.183594 0.728516 0.140625 0.726562 0.130859 0.736328 0.103516 0.742188 0.066406 0.732422 0.000000 0.734375 0.000000 0.822266 0.009766 0.822266 0.025391 0.832031 0.015625 0.843750 0.000000 0.843750 0.000000 0.847656 0.009766 0.855469 0.017578 0.851562 0.099609 0.851562 0.126953 0.857422 0.177734 0.849609 0.183594 0.837891 0.171875 0.810547 0.185547 0.800781 0.189453 0.781250
2 0.595703 0.726562 0.591797 0.730469 0.591797 0.734375 0.589844 0.736328 0.589844 0.746094 0.585938 0.751953 0.585938 0.767578 0.587891 0.771484 0.599609 0.771484 0.601562 0.773438 0.601562 0.781250 0.613281 0.791016 0.617188 0.791016 0.628906 0.796875 0.630859 0.794922 0.634766 0.773438 0.638672 0.765625 0.640625 0.738281 0.636719 0.734375 0.626953 0.732422 0.621094 0.728516 0.605469 0.728516 0.603516 0.726562
2 0.775391 0.841797 0.794922 0.888672 0.812500 0.908203 0.835938 0.908203 0.863281 0.894531 0.865234 0.869141 0.884766 0.896484 0.908203 0.898438 0.917969 0.910156 0.925781 0.912109 0.931641 0.929688 0.957031 0.927734 0.964844 0.919922 0.955078 0.892578 0.955078 0.853516 0.917969 0.820312 0.917969 0.810547 0.896484 0.808594 0.855469 0.826172 0.857422 0.847656 0.851562 0.837891 0.833984 0.830078 0.794922 0.833984
2 0.941406 0.814453 0.941406 0.820312 0.943359 0.822266 0.945312 0.820312 0.949219 0.824219 0.951172 0.822266 0.953125 0.822266 0.953125 0.820312 0.951172 0.820312 0.943359 0.812500
2 0.941406 0.828125 0.941406 0.830078 0.943359 0.832031 0.943359 0.833984 0.945312 0.832031 0.945312 0.830078 0.943359 0.828125
2 0.957031 0.830078 0.957031 0.833984 0.958984 0.833984 0.958984 0.830078
2 0.203125 0.853516 0.205078 0.851562 0.220703 0.851562 0.222656 0.853516 0.224609 0.851562 0.226562 0.851562 0.228516 0.853516 0.232422 0.853516 0.234375 0.851562 0.236328 0.853516 0.238281 0.853516 0.240234 0.851562 0.242188 0.853516 0.244141 0.851562 0.246094 0.853516 0.248047 0.853516 0.250000 0.851562 0.255859 0.853516 0.257812 0.851562 0.259766 0.853516 0.257812 0.851562 0.251953 0.851562 0.250000 0.849609 0.242188 0.849609 0.240234 0.847656 0.238281 0.847656 0.236328 0.849609 0.234375 0.849609 0.232422 0.847656 0.230469 0.847656 0.228516 0.849609 0.212891 0.849609 0.210938 0.851562 0.205078 0.851562
2 0.304688 0.849609 0.304688 0.851562 0.306641 0.849609 0.308594 0.851562 0.310547 0.849609 0.312500 0.851562 0.310547 0.849609
2 0.320312 0.849609 0.320312 0.851562 0.324219 0.851562 0.322266 0.849609
2 0.718750 0.851562 0.705078 0.851562 0.691406 0.857422 0.685547 0.865234 0.685547 0.869141 0.673828 0.880859 0.675781 0.894531 0.687500 0.917969 0.687500 0.923828 0.699219 0.949219 0.701172 0.960938 0.705078 0.964844 0.732422 0.957031 0.736328 0.953125 0.755859 0.945312 0.755859 0.931641 0.751953 0.925781 0.750000 0.898438 0.738281 0.888672 0.724609 0.867188
2 0.500000 0.886719 0.478516 0.880859 0.470703 0.869141 0.468750 0.878906 0.458984 0.882812 0.449219 0.865234 0.404297 0.873047 0.392578 0.867188 0.382812 0.886719 0.375000 0.886719 0.371094 0.875000 0.357422 0.876953 0.355469 0.867188 0.197266 0.875000 0.199219 0.994141 0.484375 0.998047 0.503906 0.919922
2 0.634766 0.869141 0.625000 0.867188 0.597656 0.873047 0.589844 0.880859 0.585938 0.900391 0.599609 0.929688 0.605469 0.931641 0.582031 0.945312 0.544922 0.951172 0.535156 0.988281 0.542969 0.990234 0.546875 0.998047 0.625000 0.998047 0.646484 0.982422 0.646484 0.972656 0.652344 0.966797 0.662109 0.962891 0.660156 0.949219 0.640625 0.939453 0.626953 0.925781 0.642578 0.912109 0.652344 0.910156 0.650391 0.898438
2 0.193359 0.919922 0.171875 0.906250 0.152344 0.906250 0.144531 0.916016 0.130859 0.912109 0.105469 0.914062 0.095703 0.923828 0.093750 0.916016 0.083984 0.912109 0.042969 0.912109 0.041016 0.996094 0.066406 0.998047 0.070312 0.994141 0.091797 0.994141 0.099609 0.990234 0.146484 0.988281 0.150391 0.962891 0.152344 0.970703 0.160156 0.976562 0.160156 0.986328 0.191406 0.986328 0.197266 0.982422
2 0.900391 0.916016 0.900391 0.919922 0.902344 0.919922 0.902344 0.916016
2 0.830078 0.968750 0.833984 0.998047 0.953125 0.998047 0.939453 0.970703 0.931641 0.947266 0.923828 0.943359 0.914062 0.945312 0.888672 0.943359 0.861328 0.955078 0.849609 0.955078 0.833984 0.962891
2 0.791016 0.998047 0.785156 0.970703 0.779297 0.960938 0.779297 0.957031 0.775391 0.949219 0.771484 0.947266 0.761719 0.949219 0.755859 0.953125 0.742188 0.957031 0.726562 0.966797 0.712891 0.968750 0.708984 0.972656 0.708984 0.980469 0.720703 0.998047
3 0.121094 0.392578 0.000000 0.429688 0.003906 0.724609 0.083984 0.722656 0.109375 0.712891 0.144531 0.710938 0.162109 0.697266 0.166016 0.652344 0.136719 0.531250 0.138672 0.496094
3 0.560547 0.496094 0.427734 0.474609 0.412109 0.484375 0.167969 0.503906 0.162109 0.566406 0.154297 0.572266 0.154297 0.525391 0.152344 0.566406 0.177734 0.693359 0.191406 0.707031 0.214844 0.708984 0.455078 0.701172 0.513672 0.683594 0.560547 0.611328 0.556641 0.589844 0.548828 0.591797 0.560547 0.560547
4 0.000000 0.003906 0.001953 0.003906 0.003906 0.005859 0.009766 0.000000 0.000000 0.000000
4 0.025391 0.000000 0.023438 0.000000 0.023438 0.003906 0.025391 0.001953
4 0.070312 0.000000 0.085938 0.080078 0.046875 0.130859 0.000000 0.128906 0.000000 0.427734 0.126953 0.396484 0.167969 0.683594 0.031250 0.724609 0.394531 0.705078 0.187500 0.707031 0.150391 0.527344 0.156250 0.572266 0.167969 0.501953 0.451172 0.472656 0.564453 0.500000 0.554688 0.632812 0.513672 0.685547 0.435547 0.703125 0.550781 0.683594 0.548828 0.755859 0.783203 0.000000
4 0.837891 0.000000 0.830078 0.000000 0.830078 0.001953 0.828125 0.003906 0.828125 0.015625 0.828125 0.013672 0.830078 0.011719 0.830078 0.007812 0.832031 0.005859 0.830078 0.003906 0.832031 0.001953 0.833984 0.001953 0.835938 0.000000
4 0.957031 0.000000 0.947266 0.000000 0.921875 0.074219 0.833984 0.048828 0.886719 0.064453 0.886719 0.085938 0.919922 0.101562 0.906250 0.123047 0.833984 0.103516 0.837891 0.062500 0.828125 0.054688 0.812500 0.099609 0.796875 0.103516 0.789062 0.146484 0.773438 0.162109 0.781250 0.171875 0.765625 0.175781 0.734375 0.255859 0.873047 0.292969 0.896484 0.220703 0.908203 0.140625
4 0.972656 0.000000 0.976562 0.009766 0.929688 0.144531 0.917969 0.230469 0.894531 0.298828 0.958984 0.318359 0.988281 0.320312 0.998047 0.330078 0.998047 0.000000
4 0.000000 0.080078 0.000000 0.093750 0.005859 0.093750 0.007812 0.095703 0.011719 0.095703 0.013672 0.093750 0.015625 0.093750 0.017578 0.091797 0.027344 0.091797 0.029297 0.089844 0.029297 0.087891 0.027344 0.085938 0.025391 0.085938 0.023438 0.083984 0.023438 0.082031 0.025391 0.080078 0.013672 0.080078 0.015625 0.082031 0.013672 0.083984 0.005859 0.083984 0.001953 0.080078
4 0.736328 0.275391 0.734375 0.279297 0.738281 0.283203 0.730469 0.291016 0.728516 0.302734 0.736328 0.302734 0.738281 0.298828 0.751953 0.294922 0.767578 0.302734 0.781250 0.304688 0.792969 0.314453 0.792969 0.335938 0.781250 0.353516 0.777344 0.369141 0.794922 0.378906 0.798828 0.376953 0.816406 0.386719 0.835938 0.388672 0.839844 0.392578 0.841797 0.380859 0.855469 0.355469 0.853516 0.349609 0.865234 0.314453
4 0.738281 0.312500 0.734375 0.312500 0.734375 0.326172 0.734375 0.322266 0.736328 0.320312 0.736328 0.314453
4 0.886719 0.318359 0.875000 0.363281 0.890625 0.326172 0.955078 0.339844 0.958984 0.394531 0.871094 0.375000 0.847656 0.476562 0.982422 0.505859 0.990234 0.576172 0.982422 0.595703 0.939453 0.591797 0.937500 0.535156 0.968750 0.525391 0.921875 0.523438 0.902344 0.593750 0.843750 0.585938 0.843750 0.513672 0.871094 0.507812 0.843750 0.500000 0.808594 0.664062 0.990234 0.699219 0.980469 0.716797 0.890625 0.705078 0.890625 0.732422 0.927734 0.748047 0.945312 0.787109 0.880859 0.779297 0.865234 0.818359 0.943359 0.798828 0.998047 0.871094 0.998047 0.333984
4 0.722656 0.322266 0.718750 0.357422 0.710938 0.361328 0.710938 0.380859 0.705078 0.386719 0.699219 0.429688 0.703125 0.437500 0.726562 0.439453 0.746094 0.453125 0.796875 0.472656 0.826172 0.472656 0.828125 0.455078 0.824219 0.462891 0.804688 0.464844 0.794922 0.455078 0.777344 0.447266 0.767578 0.447266 0.753906 0.439453 0.728516 0.439453 0.720703 0.433594 0.710938 0.416016 0.714844 0.412109 0.718750 0.417969 0.718750 0.390625 0.728516 0.365234 0.726562 0.351562 0.722656 0.349609 0.726562 0.341797
4 0.837891 0.412109 0.835938 0.414062 0.835938 0.417969 0.835938 0.414062
4 0.835938 0.421875 0.833984 0.421875 0.833984 0.435547 0.832031 0.437500 0.832031 0.441406 0.832031 0.437500 0.833984 0.435547 0.833984 0.433594 0.835938 0.431641 0.833984 0.429688 0.835938 0.427734 0.833984 0.425781 0.835938 0.423828
4 0.691406 0.445312 0.683594 0.462891 0.677734 0.488281 0.673828 0.492188 0.677734 0.488281 0.679688 0.490234 0.681641 0.505859 0.675781 0.507812 0.671875 0.503906 0.673828 0.517578 0.667969 0.525391 0.671875 0.531250 0.669922 0.541016 0.671875 0.544922 0.679688 0.541016 0.673828 0.537109 0.675781 0.533203 0.685547 0.537109 0.681641 0.529297 0.681641 0.519531 0.687500 0.507812 0.689453 0.474609 0.703125 0.460938 0.724609 0.464844 0.703125 0.457031 0.699219 0.460938 0.691406 0.460938 0.689453 0.458984
4 0.744141 0.474609 0.744141 0.482422 0.742188 0.484375 0.742188 0.486328 0.746094 0.482422 0.757812 0.482422 0.759766 0.484375 0.765625 0.484375 0.767578 0.486328 0.771484 0.486328 0.769531 0.486328 0.767578 0.484375 0.765625 0.484375 0.763672 0.482422 0.759766 0.482422 0.757812 0.480469 0.755859 0.480469 0.753906 0.478516 0.751953 0.478516 0.750000 0.476562 0.746094 0.476562
4 0.775391 0.488281 0.796875 0.496094 0.798828 0.513672 0.806641 0.505859 0.812500 0.509766 0.810547 0.537109 0.800781 0.552734 0.787109 0.554688 0.744141 0.544922 0.738281 0.531250 0.738281 0.537109 0.722656 0.546875 0.708984 0.541016 0.699219 0.542969 0.728516 0.548828 0.726562 0.556641 0.734375 0.562500 0.736328 0.578125 0.742188 0.550781 0.761719 0.552734 0.769531 0.562500 0.794922 0.568359 0.798828 0.572266 0.796875 0.599609 0.814453 0.546875 0.822266 0.492188 0.794922 0.494141
4 0.669922 0.496094 0.667969 0.498047 0.667969 0.500000 0.666016 0.501953 0.666016 0.503906 0.666016 0.501953 0.669922 0.498047
4 0.656250 0.544922 0.658203 0.546875 0.660156 0.544922 0.662109 0.544922 0.666016 0.541016 0.664062 0.539062 0.656250 0.539062
4 0.500000 0.576172 0.501953 0.576172 0.503906 0.574219 0.503906 0.572266 0.507812 0.568359 0.519531 0.568359 0.519531 0.566406 0.500000 0.566406
4 0.523438 0.566406 0.523438 0.568359 0.527344 0.568359 0.525391 0.566406
4 0.656250 0.617188 0.658203 0.666016 0.667969 0.662109 0.681641 0.673828 0.699219 0.664062 0.710938 0.666016 0.699219 0.664062 0.695312 0.656250 0.675781 0.654297 0.675781 0.636719 0.685547 0.630859 0.783203 0.662109 0.789062 0.658203 0.792969 0.628906 0.789062 0.619141 0.783203 0.640625 0.757812 0.638672 0.746094 0.628906 0.732422 0.634766 0.716797 0.630859 0.716797 0.607422 0.726562 0.603516 0.730469 0.607422 0.726562 0.609375 0.736328 0.607422 0.734375 0.601562 0.708984 0.601562 0.697266 0.607422 0.675781 0.601562 0.669922 0.656250 0.662109 0.652344 0.658203 0.628906 0.662109 0.617188
4 0.837891 0.638672 0.839844 0.640625 0.841797 0.638672 0.843750 0.640625 0.843750 0.646484 0.845703 0.648438 0.847656 0.646484 0.851562 0.650391 0.855469 0.646484 0.855469 0.644531 0.853516 0.642578 0.853516 0.640625 0.851562 0.640625 0.851562 0.642578 0.849609 0.644531 0.847656 0.644531 0.845703 0.642578 0.845703 0.640625 0.843750 0.640625 0.841797 0.638672 0.841797 0.636719 0.839844 0.636719
4 0.718750 0.662109 0.718750 0.664062 0.720703 0.666016 0.724609 0.666016 0.724609 0.664062 0.720703 0.664062
4 0.703125 0.673828 0.703125 0.683594 0.708984 0.683594 0.710938 0.685547 0.710938 0.687500 0.712891 0.687500 0.712891 0.685547 0.710938 0.683594 0.710938 0.681641 0.714844 0.677734 0.718750 0.681641 0.716797 0.683594 0.722656 0.683594 0.724609 0.681641 0.726562 0.681641 0.726562 0.679688 0.722656 0.679688 0.720703 0.677734 0.720703 0.675781 0.716797 0.675781 0.714844 0.677734 0.712891 0.675781 0.712891 0.671875 0.710938 0.671875 0.710938 0.673828 0.712891 0.675781 0.712891 0.677734 0.710938 0.679688 0.708984 0.679688 0.705078 0.675781 0.705078 0.671875
4 0.734375 0.675781 0.732422 0.683594 0.734375 0.687500 0.740234 0.687500 0.742188 0.693359 0.734375 0.695312 0.734375 0.707031 0.730469 0.710938 0.718750 0.710938 0.718750 0.726562 0.726562 0.730469 0.728516 0.728516 0.734375 0.734375 0.740234 0.732422 0.744141 0.738281 0.757812 0.744141 0.757812 0.771484 0.753906 0.773438 0.750000 0.798828 0.753906 0.789062 0.751953 0.785156 0.769531 0.746094 0.767578 0.738281 0.771484 0.734375 0.767578 0.730469 0.773438 0.724609 0.773438 0.714844 0.785156 0.683594 0.759766 0.675781 0.755859 0.679688 0.740234 0.679688
4 0.662109 0.679688 0.658203 0.679688 0.658203 0.683594 0.660156 0.683594 0.662109 0.681641
4 0.671875 0.681641 0.671875 0.683594 0.677734 0.683594 0.677734 0.679688 0.673828 0.679688
4 0.656250 0.695312 0.656250 0.697266 0.658203 0.697266 0.660156 0.699219 0.662109 0.699219 0.664062 0.697266 0.666016 0.697266 0.671875 0.703125 0.671875 0.705078 0.673828 0.705078 0.675781 0.703125 0.677734 0.703125 0.679688 0.705078 0.681641 0.705078 0.681641 0.703125 0.683594 0.701172 0.685547 0.701172 0.687500 0.703125 0.691406 0.699219 0.691406 0.697266 0.687500 0.697266 0.685547 0.699219 0.683594 0.699219 0.679688 0.695312 0.669922 0.695312 0.667969 0.697266 0.666016 0.695312
4 0.703125 0.697266 0.705078 0.697266 0.707031 0.699219 0.707031 0.701172 0.705078 0.703125 0.705078 0.705078 0.714844 0.705078 0.716797 0.703125 0.720703 0.703125 0.718750 0.701172 0.720703 0.699219 0.724609 0.699219 0.726562 0.701172 0.726562 0.705078 0.728516 0.705078 0.728516 0.699219 0.724609 0.695312 0.718750 0.695312 0.716797 0.697266 0.712891 0.697266 0.710938 0.695312 0.705078 0.695312
4 0.533203 0.718750 0.523438 0.765625 0.527344 0.773438 0.525391 0.785156 0.531250 0.789062 0.531250 0.832031 0.525391 0.832031 0.525391 0.824219 0.517578 0.814453 0.515625 0.882812 0.507812 0.886719 0.509766 0.896484 0.515625 0.900391 0.509766 0.900391 0.509766 0.904297 0.513672 0.902344 0.517578 0.906250 0.517578 0.914062 0.517578 0.890625 0.525391 0.886719 0.521484 0.884766 0.533203 0.863281 0.533203 0.830078 0.542969 0.826172 0.546875 0.802734 0.546875 0.761719 0.541016 0.763672 0.537109 0.759766
4 0.218750 0.728516 0.218750 0.734375 0.218750 0.732422 0.220703 0.730469
4 0.800781 0.742188 0.791016 0.748047 0.763672 0.828125 0.748047 0.839844 0.750000 0.855469 0.755859 0.853516 0.750000 0.847656 0.751953 0.839844 0.757812 0.839844 0.765625 0.886719 0.777344 0.894531 0.783203 0.939453 0.794922 0.960938 0.798828 0.994141 0.806641 0.986328 0.802734 0.914062 0.787109 0.904297 0.785156 0.869141 0.779297 0.857422 0.771484 0.857422 0.769531 0.835938 0.796875 0.822266 0.824219 0.820312 0.812500 0.818359 0.802734 0.802734 0.812500 0.748047 0.804688 0.750000
4 0.736328 0.757812 0.736328 0.765625 0.734375 0.767578 0.734375 0.771484 0.736328 0.771484 0.736328 0.763672 0.738281 0.761719 0.736328 0.759766
4 0.218750 0.781250 0.218750 0.798828 0.220703 0.798828 0.220703 0.794922 0.222656 0.792969 0.222656 0.791016 0.220703 0.789062 0.220703 0.781250
4 0.265625 0.781250 0.265625 0.791016 0.263672 0.792969 0.265625 0.794922 0.271484 0.794922 0.271484 0.789062 0.269531 0.787109 0.269531 0.785156 0.267578 0.783203 0.267578 0.781250
4 0.515625 0.798828 0.515625 0.802734 0.517578 0.804688 0.519531 0.804688 0.521484 0.802734 0.523438 0.802734 0.525391 0.800781 0.525391 0.796875 0.517578 0.796875
4 0.218750 0.804688 0.218750 0.806641 0.220703 0.806641 0.220703 0.804688
4 0.218750 0.812500 0.218750 0.814453 0.220703 0.814453 0.220703 0.812500
4 0.222656 0.822266 0.220703 0.820312 0.218750 0.820312 0.216797 0.822266 0.216797 0.824219 0.218750 0.824219 0.220703 0.822266
4 0.238281 0.822266 0.236328 0.820312 0.234375 0.820312 0.232422 0.822266 0.230469 0.822266 0.230469 0.824219 0.232422 0.824219 0.234375 0.822266
4 0.841797 0.824219 0.843750 0.824219 0.845703 0.822266 0.849609 0.822266 0.853516 0.826172 0.859375 0.820312 0.861328 0.820312 0.845703 0.820312
4 0.939453 0.822266 0.939453 0.824219 0.941406 0.826172 0.941406 0.822266
4 0.218750 0.828125 0.218750 0.837891 0.226562 0.841797 0.242188 0.841797 0.244141 0.843750 0.251953 0.843750 0.255859 0.841797 0.259766 0.845703 0.271484 0.845703 0.273438 0.847656 0.281250 0.847656 0.285156 0.845703 0.283203 0.843750 0.267578 0.843750 0.263672 0.839844 0.263672 0.835938 0.259766 0.832031 0.259766 0.830078 0.257812 0.830078 0.259766 0.832031 0.255859 0.835938 0.251953 0.832031 0.251953 0.830078 0.250000 0.830078 0.250000 0.832031 0.246094 0.835938 0.244141 0.833984 0.244141 0.830078 0.242188 0.830078 0.242188 0.832031 0.238281 0.833984 0.236328 0.832031 0.236328 0.828125 0.234375 0.828125 0.232422 0.832031 0.230469 0.832031 0.228516 0.828125 0.226562 0.828125 0.226562 0.832031 0.222656 0.833984 0.220703 0.832031 0.220703 0.828125
4 0.453125 0.828125 0.453125 0.830078 0.455078 0.830078 0.455078 0.828125
4 0.953125 0.833984 0.955078 0.835938 0.955078 0.837891 0.953125 0.839844 0.955078 0.841797 0.957031 0.841797 0.958984 0.839844 0.957031 0.837891 0.957031 0.835938 0.955078 0.833984
4 0.298828 0.843750 0.296875 0.843750 0.296875 0.845703
4 0.656250 0.857422 0.658203 0.859375 0.660156 0.857422 0.662109 0.857422 0.664062 0.855469 0.666016 0.855469 0.667969 0.853516 0.667969 0.851562 0.656250 0.851562
4 0.968750 0.853516 0.968750 0.855469 0.972656 0.855469 0.970703 0.853516
4 0.658203 0.867188 0.658203 0.869141 0.660156 0.869141 0.660156 0.867188
4 0.970703 0.869141 0.970703 0.871094 0.972656 0.871094
4 0.658203 0.884766 0.656250 0.886719 0.658203 0.886719
4 0.845703 0.908203 0.851562 0.908203 0.859375 0.917969 0.865234 0.919922 0.878906 0.935547 0.876953 0.939453 0.878906 0.931641 0.873047 0.925781 0.878906 0.919922 0.884766 0.923828 0.886719 0.919922 0.890625 0.929688 0.886719 0.939453 0.882812 0.937500 0.886719 0.943359 0.894531 0.935547 0.923828 0.937500 0.929688 0.931641 0.925781 0.927734 0.923828 0.914062 0.921875 0.914062 0.923828 0.917969 0.914062 0.921875 0.912109 0.914062 0.908203 0.914062 0.904297 0.910156 0.908203 0.908203 0.896484 0.906250 0.894531 0.900391 0.884766 0.898438 0.876953 0.888672 0.875000 0.896484 0.871094 0.900391 0.869141 0.898438 0.867188 0.900391 0.873047 0.902344 0.871094 0.906250
4 0.767578 0.902344 0.769531 0.900391 0.771484 0.900391 0.767578 0.900391
4 0.988281 0.898438 0.984375 0.898438 0.984375 0.919922 0.980469 0.923828 0.968750 0.921875 0.968750 0.931641 0.962891 0.937500 0.957031 0.933594 0.957031 0.929688 0.953125 0.929688 0.953125 0.933594 0.947266 0.937500 0.943359 0.935547 0.943359 0.931641 0.937500 0.931641 0.939453 0.933594 0.935547 0.937500 0.935547 0.941406 0.939453 0.945312 0.937500 0.960938 0.943359 0.968750 0.943359 0.974609 0.955078 0.998047 0.998047 0.998047 0.998047 0.933594 0.994141 0.929688 0.998047 0.927734 0.998047 0.921875 0.994141 0.921875 0.990234 0.917969 0.990234 0.912109 0.986328 0.908203
4 0.851562 0.914062 0.837891 0.916016 0.824219 0.914062 0.822266 0.921875 0.818359 0.917969 0.820312 0.916016 0.818359 0.914062 0.810547 0.914062 0.814453 0.935547 0.812500 0.937500 0.814453 0.941406 0.812500 0.945312 0.814453 0.949219 0.812500 0.953125 0.812500 0.982422 0.818359 0.982422 0.818359 0.978516 0.826172 0.972656 0.826172 0.968750 0.824219 0.966797 0.822266 0.968750 0.818359 0.964844 0.822266 0.957031 0.822266 0.953125 0.818359 0.951172 0.820312 0.941406 0.828125 0.947266 0.828125 0.953125 0.833984 0.951172 0.835938 0.947266 0.841797 0.951172 0.849609 0.951172 0.853516 0.945312 0.857422 0.949219 0.865234 0.947266 0.865234 0.945312 0.859375 0.945312 0.849609 0.935547 0.853516 0.929688 0.857422 0.931641 0.855469 0.933594 0.863281 0.931641 0.857422 0.927734 0.859375 0.923828 0.853516 0.923828 0.849609 0.919922
4 0.515625 0.917969 0.517578 0.919922 0.517578 0.917969
4 0.511719 0.931641 0.509766 0.933594 0.509766 0.937500 0.511719 0.935547 0.513672 0.935547 0.513672 0.933594
4 0.509766 0.941406 0.509766 0.943359 0.511719 0.943359
4 0.875000 0.945312 0.876953 0.947266 0.878906 0.945312
4 0.705078 0.992188 0.705078 0.994141 0.703125 0.996094 0.703125 0.998047 0.707031 0.998047 0.707031 0.994141
4 0.494141 0.996094 0.494141 0.998047 0.496094 0.998047
5 0.970703 0.000000 0.875000 0.292969 0.730469 0.265625 0.867188 0.314453 0.826172 0.474609 0.697266 0.447266 0.824219 0.492188 0.789062 0.662109 0.675781 0.642578 0.787109 0.683594 0.738281 0.837891 0.804688 0.687500 0.990234 0.705078 0.806641 0.664062 0.843750 0.498047 0.986328 0.515625 0.845703 0.476562 0.886719 0.316406 0.998047 0.332031 0.892578 0.298828
5 0.513672 0.845703 0.503906 0.835938 0.328125 0.853516 0.000000 0.861328 0.000000 0.880859 0.332031 0.871094 0.503906 0.855469
