0 0.058594 0.691406 0.033203 0.808594 0.058594 0.863281 0.107422 0.863281 0.111328 0.849609 0.121094 0.869141 0.130859 0.857422 0.324219 0.888672 0.259766 0.892578 0.201172 0.941406 0.220703 0.998047 0.509766 0.994141 0.537109 0.810547 0.535156 0.695312 0.517578 0.662109 0.447266 0.667969 0.437500 0.714844 0.429688 0.667969 0.410156 0.656250 0.183594 0.634766 0.150391 0.656250 0.105469 0.652344
0 0.199219 0.634766 0.199219 0.638672 0.201172 0.638672 0.201172 0.636719
0 0.167969 0.636719 0.167969 0.638672 0.169922 0.638672 0.169922 0.636719
0 0.191406 0.636719 0.191406 0.638672 0.193359 0.638672 0.193359 0.636719
0 0.130859 0.652344 0.128906 0.652344 0.126953 0.654297 0.130859 0.654297
0 0.066406 0.683594 0.066406 0.685547 0.068359 0.685547 0.068359 0.683594
0 0.548828 0.705078 0.548828 0.716797 0.550781 0.716797 0.550781 0.714844 0.548828 0.712891
0 0.052734 0.712891 0.050781 0.714844 0.050781 0.716797 0.052734 0.716797
0 0.035156 0.777344 0.035156 0.779297 0.037109 0.779297 0.037109 0.777344
0 0.382812 0.851562 0.382812 0.857422 0.384766 0.855469 0.384766 0.853516
0 0.402344 0.878906 0.402344 0.880859 0.404297 0.880859 0.404297 0.878906
0 0.191406 0.941406 0.191406 0.943359 0.193359 0.943359 0.195312 0.945312 0.193359 0.943359 0.193359 0.941406
1 0.138672 0.519531 0.164062 0.552734 0.179688 0.554688 0.179688 0.568359 0.189453 0.568359 0.183594 0.560547 0.203125 0.566406 0.199219 0.560547 0.210938 0.568359 0.222656 0.560547 0.226562 0.568359 0.316406 0.562500 0.501953 0.574219 0.521484 0.542969 0.513672 0.496094 0.353516 0.496094 0.228516 0.474609 0.218750 0.480469 0.212891 0.464844 0.208984 0.478516 0.199219 0.470703 0.191406 0.478516 0.166016 0.472656 0.152344 0.519531
1 0.136719 0.501953 0.136719 0.513672 0.138672 0.513672 0.138672 0.501953
1 0.156250 0.550781 0.156250 0.552734 0.158203 0.552734 0.158203 0.550781
2 0.792969 0.000000 0.791016 0.005859 0.794922 0.033203 0.810547 0.048828 0.810547 0.066406 0.804688 0.093750 0.796875 0.107422 0.794922 0.126953 0.804688 0.134766 0.851562 0.140625 0.857422 0.136719 0.871094 0.097656 0.867188 0.048828 0.871094 0.042969 0.873047 0.000000
2 0.349609 0.031250 0.347656 0.029297 0.326172 0.029297 0.324219 0.031250 0.318359 0.031250 0.316406 0.033203 0.300781 0.033203 0.296875 0.037109 0.296875 0.039062 0.298828 0.041016 0.298828 0.050781 0.318359 0.050781 0.320312 0.048828 0.332031 0.048828 0.333984 0.046875 0.345703 0.046875 0.347656 0.048828 0.349609 0.046875
2 0.162109 0.048828 0.154297 0.042969 0.140625 0.044922 0.121094 0.031250 0.105469 0.031250 0.093750 0.044922 0.068359 0.041016 0.033203 0.042969 0.029297 0.044922 0.029297 0.095703 0.033203 0.099609 0.042969 0.099609 0.048828 0.103516 0.160156 0.101562
2 0.355469 0.072266 0.351562 0.068359 0.341797 0.068359 0.339844 0.070312 0.314453 0.070312 0.312500 0.072266 0.300781 0.072266 0.300781 0.103516 0.302734 0.105469 0.302734 0.109375 0.310547 0.109375 0.312500 0.107422 0.320312 0.107422 0.322266 0.105469 0.351562 0.105469 0.353516 0.101562 0.353516 0.089844 0.355469 0.087891
2 0.572266 0.294922 0.599609 0.304688 0.652344 0.304688 0.646484 0.289062 0.654297 0.210938 0.662109 0.201172 0.970703 0.236328 0.980469 0.177734 0.945312 0.160156 0.597656 0.123047
2 0.357422 0.126953 0.355469 0.126953 0.353516 0.125000 0.349609 0.125000 0.347656 0.126953 0.324219 0.126953 0.322266 0.128906 0.306641 0.128906 0.306641 0.146484 0.324219 0.146484 0.326172 0.144531 0.351562 0.144531 0.357422 0.140625 0.355469 0.138672 0.355469 0.136719 0.357422 0.134766
2 0.574219 0.476562 0.593750 0.484375 0.652344 0.486328 0.667969 0.470703 0.691406 0.466797 0.697266 0.400391 0.701172 0.396484 0.750000 0.410156 0.763672 0.394531 0.761719 0.363281 0.718750 0.357422 0.710938 0.359375 0.707031 0.367188 0.632812 0.349609 0.587891 0.349609 0.582031 0.380859 0.591797 0.400391 0.578125 0.425781
2 0.656250 0.611328 0.646484 0.666016 0.667969 0.671875 0.673828 0.679688 0.673828 0.687500 0.677734 0.689453 0.685547 0.689453 0.707031 0.695312 0.718750 0.693359 0.724609 0.685547 0.726562 0.652344 0.730469 0.642578 0.732422 0.626953 0.724609 0.621094 0.718750 0.621094 0.710938 0.617188
2 0.943359 0.767578 0.939453 0.773438 0.933594 0.833984 0.929688 0.841797 0.927734 0.867188 0.919922 0.896484 0.917969 0.927734 0.925781 0.933594 0.955078 0.935547 0.960938 0.923828 0.970703 0.859375 0.968750 0.822266 0.964844 0.818359 0.968750 0.773438 0.964844 0.767578
2 0.732422 0.779297 0.710938 0.828125 0.710938 0.861328 0.701172 0.900391 0.691406 0.910156 0.681641 0.998047 0.871094 0.998047 0.902344 0.806641 0.785156 0.781250
2 0.150391 0.880859 0.136719 0.884766 0.121094 0.884766 0.101562 0.951172 0.093750 0.998047 0.164062 0.998047 0.166016 0.984375 0.154297 0.972656 0.154297 0.966797 0.160156 0.957031 0.177734 0.943359 0.179688 0.925781 0.177734 0.919922 0.166016 0.912109
4 0.806641 0.269531 0.800781 0.285156 0.804688 0.306641 0.794922 0.310547 0.791016 0.333984 0.769531 0.361328 0.773438 0.406250 0.781250 0.417969 0.777344 0.425781 0.804688 0.431641 0.806641 0.423828 0.810547 0.433594 0.812500 0.421875 0.841797 0.470703 0.855469 0.462891 0.917969 0.472656 0.923828 0.466797 0.933594 0.470703 0.929688 0.480469 0.937500 0.480469 0.933594 0.470703 0.947266 0.462891 0.935547 0.455078 0.951172 0.451172 0.951172 0.375000 0.935547 0.296875 0.912109 0.289062 0.912109 0.283203 0.871094 0.283203 0.865234 0.294922 0.843750 0.289062 0.832031 0.298828 0.822266 0.289062 0.832031 0.279297 0.841797 0.283203 0.837891 0.271484
4 0.826172 0.458984 0.824219 0.460938 0.824219 0.468750 0.826172 0.466797
