0 0.998047 0.007812 0.662109 0.068359 0.564453 0.060547 0.476562 0.091797 0.503906 0.123047 0.580078 0.125000 0.593750 0.216797 0.558594 0.216797 0.560547 0.189453 0.515625 0.201172 0.505859 0.248047 0.365234 0.306641 0.371094 0.328125 0.337891 0.330078 0.345703 0.353516 0.380859 0.371094 0.361328 0.341797 0.398438 0.353516 0.525391 0.328125 0.556641 0.363281 0.621094 0.349609 0.689453 0.296875 0.798828 0.279297 0.869141 0.294922 0.917969 0.271484 0.998047 0.281250
0 0.572266 0.138672 0.572266 0.132812 0.568359 0.128906 0.562500 0.128906 0.560547 0.130859 0.552734 0.130859 0.550781 0.132812 0.546875 0.132812 0.544922 0.134766 0.546875 0.136719 0.548828 0.136719 0.550781 0.138672 0.558594 0.138672 0.560547 0.136719 0.562500 0.138672
0 0.494141 0.132812 0.494141 0.138672 0.496094 0.140625 0.498047 0.138672 0.498047 0.134766 0.496094 0.132812
0 0.507812 0.134766 0.507812 0.138672 0.509766 0.138672 0.511719 0.136719 0.517578 0.136719 0.519531 0.138672 0.521484 0.138672 0.523438 0.136719 0.527344 0.136719 0.527344 0.134766
0 0.539062 0.134766 0.539062 0.136719 0.541016 0.136719 0.541016 0.134766
0 0.568359 0.144531 0.564453 0.144531 0.564453 0.146484 0.566406 0.148438 0.568359 0.146484
0 0.564453 0.160156 0.564453 0.162109 0.566406 0.160156 0.568359 0.160156 0.570312 0.162109 0.572266 0.162109 0.570312 0.160156
0 0.509766 0.171875 0.507812 0.173828 0.509766 0.175781 0.509766 0.189453 0.511719 0.191406 0.511719 0.195312 0.513672 0.197266 0.513672 0.193359 0.515625 0.191406 0.515625 0.189453 0.513672 0.187500 0.513672 0.171875
0 0.410156 0.496094 0.402344 0.511719 0.416016 0.582031 0.449219 0.675781 0.445312 0.714844 0.462891 0.732422 0.466797 0.755859 0.492188 0.796875 0.531250 0.927734 0.548828 0.937500 0.566406 0.923828 0.576172 0.861328 0.546875 0.816406 0.521484 0.736328 0.488281 0.707031 0.500000 0.673828 0.453125 0.537109 0.466797 0.498047 0.460938 0.486328
0 0.410156 0.488281 0.410156 0.490234 0.412109 0.490234 0.412109 0.488281
0 0.000000 0.671875 0.000000 0.998047 0.273438 0.998047 0.261719 0.949219 0.236328 0.931641 0.224609 0.896484 0.189453 0.894531 0.193359 0.861328 0.162109 0.826172 0.144531 0.773438 0.160156 0.755859 0.156250 0.730469 0.167969 0.708984 0.150391 0.658203 0.103516 0.656250 0.105469 0.642578 0.087891 0.640625
0 0.140625 0.642578 0.138672 0.642578 0.136719 0.640625 0.134766 0.642578 0.132812 0.642578 0.134766 0.644531 0.136719 0.644531 0.138672 0.642578
2 0.474609 0.111328 0.451172 0.105469 0.417969 0.109375 0.314453 0.150391 0.306641 0.164062 0.308594 0.185547 0.328125 0.248047 0.339844 0.251953 0.359375 0.248047 0.371094 0.267578 0.373047 0.281250 0.382812 0.283203 0.423828 0.261719 0.445312 0.259766 0.496094 0.242188 0.484375 0.201172 0.505859 0.189453
2 0.345703 0.298828 0.347656 0.298828 0.349609 0.296875 0.345703 0.296875
2 0.083984 0.302734 0.052734 0.316406 0.046875 0.324219 0.046875 0.333984 0.076172 0.408203 0.078125 0.425781 0.109375 0.511719 0.119141 0.511719 0.136719 0.501953 0.166016 0.498047 0.166016 0.488281 0.101562 0.302734
2 0.011719 0.330078 0.001953 0.330078 0.000000 0.332031 0.000000 0.400391 0.003906 0.398438 0.007812 0.398438 0.009766 0.396484 0.013672 0.396484 0.019531 0.392578 0.023438 0.392578 0.031250 0.388672 0.031250 0.380859 0.029297 0.378906 0.029297 0.375000 0.027344 0.373047 0.027344 0.369141 0.025391 0.367188 0.023438 0.357422 0.015625 0.345703 0.015625 0.337891
2 0.041016 0.419922 0.035156 0.419922 0.025391 0.423828 0.017578 0.423828 0.011719 0.425781 0.007812 0.429688 0.000000 0.431641 0.000000 0.496094 0.025391 0.492188 0.031250 0.488281 0.058594 0.482422 0.062500 0.478516 0.060547 0.464844 0.044922 0.433594 0.044922 0.425781
2 0.074219 0.513672 0.052734 0.513672 0.050781 0.515625 0.041016 0.513672 0.000000 0.525391 0.000000 0.609375 0.025391 0.605469 0.056641 0.593750 0.080078 0.589844 0.093750 0.582031 0.087891 0.558594 0.078125 0.535156 0.078125 0.525391
2 0.154297 0.615234 0.156250 0.671875 0.169922 0.691406 0.216797 0.675781 0.201172 0.626953 0.228516 0.675781 0.259766 0.667969 0.183594 0.703125 0.183594 0.718750 0.162109 0.734375 0.171875 0.765625 0.154297 0.783203 0.167969 0.824219 0.203125 0.861328 0.193359 0.892578 0.228516 0.892578 0.236328 0.925781 0.263672 0.949219 0.275391 0.998047 0.341797 0.998047 0.310547 0.873047 0.337891 0.863281 0.322266 0.835938 0.337891 0.808594 0.302734 0.691406 0.259766 0.666016 0.261719 0.634766 0.242188 0.589844
2 0.343750 0.863281 0.343750 0.867188 0.345703 0.865234
5 0.068359 0.000000 0.371094 0.882812 0.380859 0.812500 0.460938 0.998047 0.138672 0.019531 0.103516 0.015625 0.333984 0.687500 0.091797 0.000000
5 0.146484 0.000000 0.337891 0.521484 0.388672 0.746094 0.490234 0.998047 0.509766 0.998047 0.369141 0.574219 0.509766 0.953125 0.529297 0.953125 0.205078 0.003906
