0 0.005859 0.005859 0.017578 0.347656 0.080078 0.341797 0.087891 0.304688 0.203125 0.343750 0.171875 0.433594 0.242188 0.457031 0.251953 0.324219 0.357422 0.345703 0.349609 0.382812 0.281250 0.353516 0.283203 0.419922 0.343750 0.433594 0.236328 0.492188 0.255859 0.646484 0.181641 0.742188 0.193359 0.771484 0.287109 0.765625 0.250000 0.845703 0.287109 0.861328 0.292969 0.945312 0.248047 0.998047 0.462891 0.998047 0.439453 0.781250 0.605469 0.708984 0.554688 0.320312 0.587891 0.279297 0.654297 0.283203 0.679688 0.353516 0.736328 0.355469 0.757812 0.298828 0.669922 0.271484 0.648438 0.222656 0.558594 0.265625 0.462891 0.220703 0.433594 0.289062 0.248047 0.291016 0.105469 0.031250
0 0.228516 0.037109 0.222656 0.041016 0.220703 0.046875 0.222656 0.048828 0.222656 0.052734 0.226562 0.060547 0.228516 0.082031 0.230469 0.083984 0.232422 0.091797 0.234375 0.093750 0.248047 0.093750 0.273438 0.082031 0.275391 0.078125 0.273438 0.076172 0.273438 0.072266 0.265625 0.062500 0.263672 0.054688 0.261719 0.052734 0.261719 0.037109 0.257812 0.035156 0.238281 0.035156 0.236328 0.037109
0 0.607422 0.046875 0.605469 0.048828 0.599609 0.048828 0.597656 0.050781 0.595703 0.050781 0.591797 0.054688 0.591797 0.056641 0.589844 0.058594 0.589844 0.064453 0.587891 0.066406 0.589844 0.068359 0.589844 0.074219 0.591797 0.076172 0.591797 0.078125 0.595703 0.082031 0.597656 0.082031 0.599609 0.083984 0.605469 0.083984 0.607422 0.085938 0.609375 0.083984 0.615234 0.083984 0.617188 0.082031 0.619141 0.082031 0.623047 0.078125 0.623047 0.076172 0.625000 0.074219 0.625000 0.068359 0.626953 0.066406 0.625000 0.064453 0.625000 0.058594 0.623047 0.056641 0.623047 0.054688 0.619141 0.050781 0.617188 0.050781 0.615234 0.048828 0.609375 0.048828
0 0.718750 0.103516 0.716797 0.105469 0.710938 0.105469 0.708984 0.107422 0.707031 0.107422 0.703125 0.111328 0.703125 0.113281 0.701172 0.115234 0.701172 0.121094 0.699219 0.123047 0.701172 0.125000 0.701172 0.130859 0.703125 0.132812 0.703125 0.134766 0.707031 0.138672 0.708984 0.138672 0.710938 0.140625 0.716797 0.140625 0.718750 0.142578 0.720703 0.140625 0.726562 0.140625 0.728516 0.138672 0.730469 0.138672 0.734375 0.134766 0.734375 0.132812 0.736328 0.130859 0.736328 0.125000 0.738281 0.123047 0.736328 0.121094 0.736328 0.115234 0.734375 0.113281 0.734375 0.111328 0.730469 0.107422 0.728516 0.107422 0.726562 0.105469 0.720703 0.105469
0 0.380859 0.121094 0.380859 0.136719 0.369141 0.148438 0.365234 0.158203 0.365234 0.167969 0.367188 0.173828 0.382812 0.189453 0.394531 0.189453 0.404297 0.181641 0.419922 0.179688 0.435547 0.171875 0.439453 0.171875 0.443359 0.177734 0.451172 0.175781 0.451172 0.164062 0.441406 0.150391 0.425781 0.138672 0.412109 0.109375 0.394531 0.109375
0 0.000000 0.355469 0.000000 0.478516 0.013672 0.490234 0.021484 0.490234 0.025391 0.488281 0.029297 0.474609 0.046875 0.460938 0.042969 0.445312 0.046875 0.429688 0.046875 0.416016 0.041016 0.404297 0.039062 0.388672 0.027344 0.375000 0.025391 0.369141 0.013672 0.359375
0 0.951172 0.509766 0.935547 0.527344 0.935547 0.537109 0.933594 0.539062 0.935547 0.542969 0.933594 0.544922 0.949219 0.554688 0.958984 0.556641 0.964844 0.562500 0.968750 0.570312 0.970703 0.583984 0.980469 0.583984 0.998047 0.572266 0.998047 0.509766 0.990234 0.509766 0.988281 0.507812 0.960938 0.507812 0.958984 0.509766
0 0.708984 0.560547 0.681641 0.576172 0.681641 0.591797 0.691406 0.623047 0.712891 0.648438 0.720703 0.650391 0.732422 0.658203 0.767578 0.652344 0.779297 0.640625 0.785156 0.625000 0.787109 0.605469 0.783203 0.587891 0.779297 0.583984 0.769531 0.582031 0.759766 0.576172 0.742188 0.558594 0.724609 0.562500
0 0.953125 0.607422 0.943359 0.605469 0.937500 0.601562 0.931641 0.601562 0.929688 0.609375 0.923828 0.615234 0.916016 0.617188 0.908203 0.613281 0.892578 0.625000 0.894531 0.664062 0.898438 0.675781 0.904297 0.681641 0.912109 0.683594 0.919922 0.679688 0.929688 0.683594 0.939453 0.677734 0.949219 0.667969 0.962891 0.664062 0.968750 0.660156 0.972656 0.652344 0.970703 0.636719 0.953125 0.621094
0 0.498047 0.791016 0.486328 0.800781 0.480469 0.800781 0.476562 0.810547 0.476562 0.822266 0.474609 0.824219 0.476562 0.833984 0.488281 0.849609 0.490234 0.859375 0.494141 0.863281 0.523438 0.878906 0.529297 0.878906 0.550781 0.859375 0.556641 0.845703 0.556641 0.835938 0.539062 0.810547 0.523438 0.808594 0.517578 0.804688 0.515625 0.798828 0.509766 0.792969
0 0.728516 0.816406 0.728516 0.828125 0.746094 0.859375 0.750000 0.886719 0.761719 0.900391 0.761719 0.906250 0.769531 0.917969 0.781250 0.927734 0.791016 0.931641 0.810547 0.929688 0.816406 0.925781 0.818359 0.916016 0.828125 0.906250 0.841797 0.904297 0.855469 0.892578 0.855469 0.875000 0.843750 0.861328 0.833984 0.855469 0.828125 0.843750 0.816406 0.837891 0.802734 0.835938 0.773438 0.812500 0.738281 0.808594
2 0.373047 0.326172 0.371094 0.328125 0.371094 0.335938 0.373047 0.337891 0.373047 0.343750 0.371094 0.345703 0.371094 0.347656 0.373047 0.349609 0.373047 0.353516 0.375000 0.355469 0.384766 0.355469 0.386719 0.353516 0.392578 0.353516 0.394531 0.351562 0.394531 0.343750 0.392578 0.341797 0.392578 0.335938 0.390625 0.333984 0.390625 0.328125 0.386719 0.324219 0.378906 0.324219 0.376953 0.326172
2 0.312500 0.535156 0.306641 0.541016 0.306641 0.544922 0.304688 0.546875 0.304688 0.576172 0.306641 0.578125 0.306641 0.582031 0.318359 0.593750 0.322266 0.593750 0.324219 0.595703 0.332031 0.595703 0.333984 0.593750 0.335938 0.595703 0.341797 0.595703 0.343750 0.593750 0.347656 0.593750 0.351562 0.589844 0.351562 0.585938 0.353516 0.583984 0.351562 0.580078 0.355469 0.576172 0.357422 0.564453 0.355469 0.562500 0.355469 0.558594 0.349609 0.552734 0.345703 0.552734 0.343750 0.550781 0.343750 0.544922 0.345703 0.542969 0.343750 0.541016 0.343750 0.537109 0.339844 0.533203 0.335938 0.533203 0.333984 0.531250
2 0.396484 0.552734 0.400391 0.576172 0.417969 0.595703 0.417969 0.599609 0.421875 0.605469 0.431641 0.605469 0.433594 0.603516 0.437500 0.603516 0.439453 0.601562 0.443359 0.601562 0.445312 0.599609 0.449219 0.599609 0.451172 0.597656 0.455078 0.597656 0.462891 0.593750 0.464844 0.589844 0.464844 0.583984 0.460938 0.582031 0.431641 0.550781 0.398438 0.550781
2 0.441406 0.675781 0.441406 0.687500 0.439453 0.689453 0.441406 0.701172 0.437500 0.708984 0.437500 0.722656 0.439453 0.726562 0.445312 0.730469 0.451172 0.730469 0.453125 0.732422 0.470703 0.730469 0.474609 0.726562 0.480469 0.724609 0.484375 0.718750 0.494141 0.718750 0.501953 0.714844 0.498047 0.708984 0.494141 0.687500 0.490234 0.679688 0.484375 0.679688 0.482422 0.677734 0.478516 0.677734 0.474609 0.673828 0.468750 0.673828 0.466797 0.671875 0.447266 0.671875
3 0.091797 0.005859 0.201172 0.154297 0.234375 0.265625 0.308594 0.281250 0.425781 0.267578 0.429688 0.234375 0.470703 0.210938 0.539062 0.250000 0.652344 0.212891 0.671875 0.248047 0.705078 0.250000 0.714844 0.201172 0.685547 0.136719 0.689453 0.041016 0.796875 0.050781 0.826172 0.000000
3 0.847656 0.000000 0.855469 0.015625 0.882812 0.023438 0.902344 0.021484 0.914062 0.011719 0.982422 0.013672 0.986328 0.021484 0.998047 0.019531 0.998047 0.000000 0.982422 0.001953 0.976562 0.000000 0.972656 0.003906 0.970703 0.001953 0.917969 0.003906 0.916016 0.001953 0.917969 0.000000
3 0.093750 0.314453 0.082031 0.347656 0.015625 0.357422 0.044922 0.388672 0.050781 0.460938 0.025391 0.492188 0.000000 0.486328 0.000000 0.998047 0.234375 0.998047 0.289062 0.951172 0.279297 0.867188 0.240234 0.845703 0.273438 0.775391 0.189453 0.773438 0.177734 0.738281 0.248047 0.646484 0.232422 0.585938 0.248047 0.519531 0.226562 0.501953 0.240234 0.468750 0.160156 0.433594 0.183594 0.353516 0.132812 0.351562
3 0.998047 0.626953 0.980469 0.640625 0.976562 0.660156 0.949219 0.675781 0.937500 0.708984 0.925781 0.798828 0.933594 0.859375 0.933594 0.943359 0.998047 0.945312
3 0.968750 0.998047 0.970703 0.998047 0.970703 0.996094 0.972656 0.994141 0.974609 0.994141 0.976562 0.992188 0.968750 0.992188
3 0.990234 0.992188 0.984375 0.992188 0.984375 0.998047 0.986328 0.998047 0.986328 0.996094 0.988281 0.994141 0.990234 0.994141
4 0.595703 0.291016 0.564453 0.324219 0.558594 0.361328 0.615234 0.701172 0.728516 0.669922 0.730469 0.662109 0.687500 0.625000 0.677734 0.576172 0.701172 0.560547 0.738281 0.554688 0.763672 0.572266 0.777344 0.556641 0.736328 0.527344 0.738281 0.505859 0.763672 0.500000 0.746094 0.361328 0.689453 0.363281 0.656250 0.328125 0.648438 0.294922 0.617188 0.300781
4 0.800781 0.687500 0.769531 0.677734 0.455078 0.779297 0.451172 0.822266 0.468750 0.964844 0.494141 0.962891 0.521484 0.990234 0.546875 0.998047 0.613281 0.998047 0.757812 0.929688 0.763672 0.917969 0.724609 0.828125 0.728516 0.810547 0.773438 0.808594 0.816406 0.833984 0.835938 0.826172 0.833984 0.769531
5 0.994141 0.087891 0.919922 0.087891 0.894531 0.107422 0.904297 0.376953 0.916016 0.437500 0.904297 0.603516 0.916016 0.615234 0.929688 0.603516 0.937500 0.486328 0.916016 0.121094 0.923828 0.111328 0.994141 0.111328
5 0.919922 0.681641 0.908203 0.693359 0.910156 0.742188 0.896484 0.785156 0.833984 0.847656 0.845703 0.859375 0.869141 0.851562 0.876953 0.998047 0.898438 0.992188 0.886719 0.830078 0.898438 0.828125 0.906250 0.847656 0.906250 0.953125 0.921875 0.957031 0.929688 0.943359 0.927734 0.837891 0.912109 0.806641 0.931641 0.746094 0.931641 0.693359
