0 0.203125 0.574219 0.199219 0.578125 0.199219 0.582031 0.197266 0.583984 0.199219 0.585938 0.199219 0.589844 0.203125 0.593750 0.207031 0.593750 0.212891 0.601562 0.210938 0.603516 0.212891 0.605469 0.210938 0.607422 0.212891 0.611328 0.210938 0.613281 0.210938 0.621094 0.212891 0.623047 0.212891 0.626953 0.216797 0.630859 0.220703 0.630859 0.222656 0.632812 0.234375 0.630859 0.238281 0.626953 0.238281 0.623047 0.240234 0.621094 0.232422 0.605469 0.234375 0.603516 0.232422 0.601562 0.234375 0.599609 0.232422 0.595703 0.234375 0.593750 0.238281 0.593750 0.242188 0.589844 0.242188 0.585938 0.244141 0.583984 0.242188 0.582031 0.242188 0.578125 0.238281 0.574219 0.234375 0.574219 0.232422 0.572266 0.228516 0.572266 0.226562 0.574219 0.224609 0.572266 0.222656 0.574219 0.220703 0.572266 0.218750 0.574219 0.216797 0.572266 0.212891 0.574219 0.210938 0.572266
0 0.382812 0.572266 0.375000 0.570312 0.367188 0.574219 0.359375 0.570312 0.345703 0.570312 0.343750 0.572266 0.339844 0.570312 0.333984 0.572266 0.324219 0.582031 0.322266 0.587891 0.324219 0.593750 0.332031 0.601562 0.324219 0.613281 0.328125 0.632812 0.318359 0.654297 0.320312 0.656250 0.318359 0.664062 0.324219 0.673828 0.330078 0.675781 0.337891 0.673828 0.349609 0.660156 0.359375 0.654297 0.378906 0.648438 0.382812 0.644531 0.384766 0.632812 0.392578 0.621094 0.392578 0.613281 0.388672 0.603516 0.390625 0.591797 0.386719 0.576172
0 0.250000 0.636719 0.216797 0.662109 0.179688 0.660156 0.167969 0.671875 0.185547 0.693359 0.234375 0.677734 0.250000 0.722656 0.230469 0.755859 0.244141 0.781250 0.201172 0.810547 0.191406 0.847656 0.160156 0.814453 0.082031 0.785156 0.052734 0.785156 0.046875 0.816406 0.126953 0.859375 0.208984 0.859375 0.207031 0.914062 0.226562 0.933594 0.279297 0.929688 0.279297 0.912109 0.230469 0.849609 0.267578 0.832031 0.306641 0.833984 0.318359 0.806641 0.373047 0.822266 0.388672 0.802734 0.376953 0.791016 0.341797 0.792969 0.332031 0.765625 0.292969 0.771484 0.277344 0.750000 0.287109 0.726562 0.271484 0.720703 0.257812 0.689453 0.269531 0.652344
0 0.058594 0.882812 0.054688 0.886719 0.054688 0.892578 0.052734 0.894531 0.052734 0.908203 0.060547 0.916016 0.062500 0.916016 0.064453 0.917969 0.078125 0.917969 0.082031 0.914062 0.082031 0.900391 0.083984 0.898438 0.083984 0.892578 0.082031 0.890625 0.082031 0.886719 0.076172 0.882812 0.066406 0.882812 0.064453 0.880859 0.062500 0.882812
0 0.173828 0.914062 0.173828 0.916016 0.171875 0.917969 0.171875 0.923828 0.173828 0.925781 0.173828 0.927734 0.175781 0.929688 0.175781 0.931641 0.183594 0.939453 0.187500 0.939453 0.189453 0.941406 0.191406 0.941406 0.193359 0.939453 0.195312 0.939453 0.197266 0.937500 0.197266 0.935547 0.199219 0.933594 0.199219 0.927734 0.201172 0.925781 0.201172 0.916016 0.199219 0.914062 0.197266 0.914062 0.195312 0.912109 0.177734 0.912109 0.175781 0.914062
2 0.964844 0.111328 0.943359 0.109375 0.746094 0.175781 0.714844 0.181641 0.708984 0.187500 0.714844 0.214844 0.722656 0.230469 0.732422 0.232422 0.974609 0.150391
2 0.984375 0.177734 0.931641 0.181641 0.939453 0.183594 0.925781 0.193359 0.894531 0.205078 0.878906 0.205078 0.871094 0.197266 0.839844 0.203125 0.824219 0.212891 0.835938 0.220703 0.775391 0.253906 0.738281 0.259766 0.740234 0.289062 0.753906 0.304688 0.769531 0.302734 0.994141 0.228516 0.998047 0.210938
2 0.998047 0.234375 0.980469 0.244141 0.886719 0.271484 0.880859 0.277344 0.880859 0.289062 0.869141 0.300781 0.808594 0.302734 0.800781 0.316406 0.763672 0.337891 0.769531 0.371094 0.783203 0.380859 0.998047 0.310547
2 0.998047 0.453125 0.972656 0.464844 0.943359 0.468750 0.927734 0.478516 0.843750 0.501953 0.816406 0.513672 0.814453 0.523438 0.833984 0.552734 0.853516 0.541016 0.875000 0.537109 0.898438 0.525391 0.933594 0.517578 0.947266 0.509766 0.998047 0.494141
4 0.000000 0.000000 0.000000 0.998047 0.998047 0.998047 0.998047 0.496094 0.833984 0.554688 0.812500 0.523438 0.998047 0.451172 0.998047 0.312500 0.783203 0.382812 0.761719 0.351562 0.998047 0.228516 0.769531 0.304688 0.734375 0.275391 0.839844 0.201172 0.984375 0.175781 0.998047 0.208984 0.998047 0.000000
4 0.402344 0.150391 0.417969 0.183594 0.437500 0.185547 0.589844 0.332031 0.662109 0.441406 0.802734 0.583984 0.697266 0.289062 0.632812 0.060547 0.509766 0.111328 0.478516 0.109375
4 0.443359 0.232422 0.488281 0.447266 0.566406 0.669922 0.593750 0.675781 0.791016 0.621094 0.796875 0.613281 0.712891 0.519531 0.632812 0.449219 0.568359 0.347656
4 0.796875 0.267578 0.791016 0.267578 0.791016 0.269531 0.789062 0.271484 0.789062 0.275391 0.791016 0.275391 0.794922 0.271484 0.794922 0.269531
5 0.283203 0.039062 0.279297 0.056641 0.419922 0.228516 0.464844 0.453125 0.531250 0.648438 0.613281 0.812500 0.576172 0.701172 0.791016 0.648438 0.824219 0.625000 0.833984 0.587891 0.654297 0.048828 0.605469 0.039062 0.382812 0.132812
