0 0.263672 0.056641 0.244141 0.068359 0.236328 0.078125 0.220703 0.082031 0.216797 0.117188 0.222656 0.138672 0.218750 0.154297 0.238281 0.167969 0.242188 0.177734 0.250000 0.183594 0.248047 0.191406 0.259766 0.208984 0.279297 0.210938 0.345703 0.185547 0.349609 0.181641 0.349609 0.173828 0.335938 0.142578 0.320312 0.119141 0.316406 0.101562 0.289062 0.078125 0.285156 0.068359 0.275391 0.064453 0.269531 0.056641
0 0.552734 0.125000 0.548828 0.128906 0.548828 0.132812 0.546875 0.134766 0.546875 0.140625 0.548828 0.142578 0.548828 0.156250 0.550781 0.158203 0.550781 0.160156 0.556641 0.166016 0.560547 0.166016 0.562500 0.167969 0.580078 0.167969 0.582031 0.166016 0.583984 0.166016 0.583984 0.164062 0.589844 0.158203 0.589844 0.132812 0.580078 0.123047 0.558594 0.123047 0.556641 0.125000
0 0.783203 0.269531 0.750000 0.296875 0.748047 0.312500 0.726562 0.316406 0.722656 0.349609 0.748047 0.361328 0.753906 0.402344 0.744141 0.414062 0.712891 0.419922 0.708984 0.435547 0.728516 0.470703 0.728516 0.505859 0.744141 0.535156 0.794922 0.589844 0.835938 0.591797 0.865234 0.564453 0.884766 0.558594 0.900391 0.527344 0.859375 0.417969 0.843750 0.394531 0.832031 0.337891 0.802734 0.279297
0 0.519531 0.623047 0.513672 0.628906 0.517578 0.652344 0.511719 0.658203 0.503906 0.652344 0.496094 0.654297 0.484375 0.666016 0.490234 0.707031 0.498047 0.716797 0.503906 0.744141 0.507812 0.748047 0.527344 0.748047 0.533203 0.744141 0.560547 0.746094 0.556641 0.742188 0.558594 0.736328 0.572266 0.736328 0.578125 0.748047 0.603516 0.746094 0.599609 0.744141 0.605469 0.736328 0.601562 0.718750 0.591797 0.716797 0.593750 0.705078 0.587891 0.699219 0.589844 0.695312 0.556641 0.695312 0.550781 0.683594 0.552734 0.673828 0.564453 0.662109 0.597656 0.648438 0.593750 0.638672 0.585938 0.636719 0.574219 0.619141 0.539062 0.617188
0 0.859375 0.625000 0.855469 0.640625 0.857422 0.666016 0.843750 0.681641 0.839844 0.695312 0.841797 0.728516 0.849609 0.744141 0.873047 0.755859 0.876953 0.763672 0.919922 0.750000 0.964844 0.759766 0.980469 0.759766 0.998047 0.751953 0.998047 0.621094 0.916016 0.619141 0.904297 0.623047 0.865234 0.621094
0 0.582031 0.888672 0.587891 0.916016 0.574219 0.951172 0.580078 0.962891 0.574219 0.998047 0.884766 0.998047 0.888672 0.923828 0.908203 0.904297 0.908203 0.892578 0.871094 0.871094 0.859375 0.855469 0.814453 0.859375 0.792969 0.873047 0.773438 0.863281 0.750000 0.871094 0.679688 0.873047 0.656250 0.871094 0.646484 0.861328 0.654297 0.847656 0.623047 0.849609
2 0.830078 0.000000 0.830078 0.003906 0.835938 0.011719 0.835938 0.017578 0.843750 0.033203 0.853516 0.044922 0.855469 0.056641 0.857422 0.058594 0.857422 0.064453 0.865234 0.076172 0.875000 0.076172 0.878906 0.072266 0.878906 0.066406 0.882812 0.064453 0.875000 0.060547 0.873047 0.042969 0.869141 0.035156 0.869141 0.027344 0.859375 0.015625 0.859375 0.011719 0.855469 0.007812 0.853516 0.000000
2 0.880859 0.000000 0.880859 0.001953 0.884766 0.005859 0.888672 0.013672 0.888672 0.019531 0.896484 0.035156 0.902344 0.041016 0.906250 0.050781 0.912109 0.052734 0.925781 0.044922 0.929688 0.044922 0.937500 0.041016 0.937500 0.033203 0.927734 0.023438 0.923828 0.015625 0.923828 0.011719 0.921875 0.009766 0.921875 0.003906 0.917969 0.000000
2 0.449219 0.013672 0.441406 0.013672 0.421875 0.023438 0.417969 0.027344 0.414062 0.027344 0.406250 0.031250 0.406250 0.046875 0.419922 0.064453 0.419922 0.076172 0.423828 0.082031 0.423828 0.085938 0.429688 0.091797 0.439453 0.089844 0.449219 0.082031 0.455078 0.080078 0.457031 0.078125 0.457031 0.074219 0.449219 0.062500 0.453125 0.058594 0.462891 0.056641 0.468750 0.052734 0.468750 0.046875 0.460938 0.033203 0.460938 0.027344 0.457031 0.019531
2 0.812500 0.015625 0.804688 0.015625 0.792969 0.023438 0.773438 0.029297 0.759766 0.041016 0.744141 0.044922 0.714844 0.062500 0.718750 0.083984 0.744141 0.132812 0.761719 0.130859 0.767578 0.119141 0.781250 0.111328 0.792969 0.099609 0.812500 0.099609 0.843750 0.080078 0.832031 0.046875
2 0.636719 0.044922 0.628906 0.044922 0.623047 0.050781 0.621094 0.050781 0.611328 0.058594 0.595703 0.066406 0.595703 0.072266 0.599609 0.080078 0.603516 0.083984 0.609375 0.095703 0.611328 0.105469 0.613281 0.107422 0.652344 0.097656 0.658203 0.091797 0.656250 0.080078 0.652344 0.072266 0.648438 0.068359 0.646484 0.060547 0.640625 0.048828
2 0.855469 0.070312 0.855469 0.074219 0.857422 0.074219 0.857422 0.070312
2 0.591797 0.160156 0.591797 0.164062 0.587891 0.169922 0.587891 0.179688 0.589844 0.181641 0.589844 0.191406 0.595703 0.208984 0.601562 0.210938 0.613281 0.210938 0.617188 0.214844 0.619141 0.220703 0.628906 0.226562 0.644531 0.224609 0.650391 0.220703 0.654297 0.214844 0.654297 0.208984 0.656250 0.207031 0.656250 0.193359 0.652344 0.187500 0.648438 0.173828 0.626953 0.150391 0.625000 0.146484 0.619141 0.146484 0.613281 0.148438 0.605469 0.156250
2 0.154297 0.181641 0.154297 0.189453 0.156250 0.193359 0.164062 0.199219 0.164062 0.208984 0.169922 0.214844 0.181641 0.214844 0.185547 0.218750 0.191406 0.218750 0.208984 0.210938 0.216797 0.205078 0.232422 0.201172 0.238281 0.195312 0.238281 0.189453 0.240234 0.187500 0.240234 0.183594 0.234375 0.169922 0.230469 0.166016 0.220703 0.162109 0.191406 0.162109 0.187500 0.164062 0.179688 0.173828
2 0.029297 0.232422 0.013672 0.234375 0.000000 0.242188 0.000000 0.302734 0.001953 0.304688 0.000000 0.310547 0.003906 0.326172 0.007812 0.328125 0.021484 0.328125 0.037109 0.324219 0.070312 0.302734 0.070312 0.294922 0.064453 0.285156 0.050781 0.244141 0.044922 0.238281
2 0.214844 0.236328 0.207031 0.240234 0.203125 0.240234 0.189453 0.248047 0.185547 0.248047 0.175781 0.255859 0.177734 0.265625 0.183594 0.275391 0.185547 0.291016 0.193359 0.304688 0.193359 0.310547 0.199219 0.320312 0.203125 0.316406 0.216797 0.312500 0.226562 0.304688 0.230469 0.304688 0.236328 0.300781 0.234375 0.289062 0.226562 0.275391 0.226562 0.259766 0.220703 0.251953 0.218750 0.242188
2 0.419922 0.240234 0.414062 0.242188 0.406250 0.248047 0.402344 0.248047 0.400391 0.250000 0.394531 0.250000 0.390625 0.253906 0.392578 0.257812 0.392578 0.263672 0.396484 0.271484 0.404297 0.281250 0.406250 0.285156 0.406250 0.291016 0.408203 0.292969 0.408203 0.298828 0.412109 0.302734 0.414062 0.300781 0.419922 0.300781 0.425781 0.294922 0.439453 0.289062 0.443359 0.285156 0.441406 0.275391 0.429688 0.263672 0.425781 0.255859 0.425781 0.248047
2 0.822266 0.265625 0.824219 0.279297 0.835938 0.298828 0.839844 0.314453 0.853516 0.339844 0.859375 0.339844 0.861328 0.337891 0.888672 0.337891 0.890625 0.335938 0.888672 0.326172 0.875000 0.304688 0.869141 0.285156 0.861328 0.273438 0.857422 0.261719 0.853516 0.257812 0.843750 0.257812 0.837891 0.261719 0.828125 0.261719
2 0.289062 0.289062 0.279297 0.289062 0.265625 0.298828 0.242188 0.304688 0.244141 0.320312 0.250000 0.328125 0.250000 0.333984 0.255859 0.333984 0.255859 0.337891 0.248047 0.339844 0.246094 0.343750 0.242188 0.337891 0.242188 0.326172 0.238281 0.324219 0.205078 0.339844 0.207031 0.363281 0.212891 0.380859 0.240234 0.375000 0.250000 0.365234 0.259766 0.373047 0.267578 0.373047 0.296875 0.359375 0.285156 0.326172 0.279297 0.324219 0.298828 0.320312 0.292969 0.292969
2 0.177734 0.337891 0.138672 0.353516 0.134766 0.371094 0.109375 0.378906 0.107422 0.396484 0.082031 0.345703 0.064453 0.341797 0.044922 0.347656 0.033203 0.357422 0.037109 0.384766 0.072266 0.451172 0.109375 0.449219 0.117188 0.443359 0.119141 0.431641 0.134766 0.451172 0.146484 0.453125 0.158203 0.443359 0.162109 0.427734 0.169922 0.421875 0.212891 0.410156 0.203125 0.404297 0.203125 0.398438 0.181641 0.371094
2 0.617188 0.367188 0.613281 0.371094 0.615234 0.390625 0.628906 0.414062 0.630859 0.429688 0.636719 0.431641 0.642578 0.437500 0.640625 0.441406 0.644531 0.447266 0.660156 0.449219 0.662109 0.447266 0.681641 0.447266 0.691406 0.443359 0.695312 0.435547 0.693359 0.433594 0.691406 0.416016 0.683594 0.398438 0.683594 0.390625 0.679688 0.380859 0.669922 0.373047 0.662109 0.355469 0.658203 0.351562 0.652344 0.351562
2 0.535156 0.410156 0.535156 0.427734 0.505859 0.437500 0.503906 0.449219 0.521484 0.484375 0.535156 0.490234 0.529297 0.505859 0.548828 0.560547 0.572266 0.560547 0.582031 0.552734 0.599609 0.580078 0.597656 0.617188 0.611328 0.630859 0.689453 0.617188 0.679688 0.628906 0.689453 0.646484 0.722656 0.642578 0.720703 0.619141 0.697266 0.617188 0.714844 0.611328 0.742188 0.583984 0.728516 0.542969 0.712891 0.539062 0.667969 0.554688 0.644531 0.492188 0.630859 0.486328 0.603516 0.496094 0.605469 0.486328 0.587891 0.458984 0.597656 0.455078 0.589844 0.398438 0.566406 0.396484
2 0.998047 0.431641 0.994141 0.431641 0.994141 0.433594 0.988281 0.437500 0.974609 0.439453 0.964844 0.445312 0.955078 0.447266 0.947266 0.455078 0.941406 0.455078 0.939453 0.457031 0.929688 0.458984 0.916016 0.466797 0.912109 0.470703 0.912109 0.474609 0.914062 0.476562 0.914062 0.480469 0.917969 0.484375 0.917969 0.488281 0.921875 0.492188 0.925781 0.492188 0.955078 0.478516 0.976562 0.474609 0.980469 0.470703 0.992188 0.464844 0.998047 0.458984
2 0.482422 0.453125 0.464844 0.457031 0.458984 0.466797 0.455078 0.462891 0.441406 0.464844 0.429688 0.474609 0.416016 0.476562 0.410156 0.484375 0.410156 0.496094 0.421875 0.519531 0.427734 0.544922 0.441406 0.566406 0.447266 0.591797 0.464844 0.630859 0.486328 0.625000 0.488281 0.619141 0.451172 0.527344 0.476562 0.523438 0.480469 0.517578 0.482422 0.525391 0.492188 0.529297 0.505859 0.519531 0.496094 0.480469
2 0.404297 0.529297 0.392578 0.515625 0.373047 0.523438 0.369141 0.505859 0.363281 0.501953 0.347656 0.501953 0.326172 0.513672 0.318359 0.525391 0.333984 0.562500 0.310547 0.541016 0.281250 0.546875 0.271484 0.556641 0.275391 0.558594 0.273438 0.566406 0.251953 0.583984 0.265625 0.617188 0.296875 0.611328 0.308594 0.623047 0.333984 0.619141 0.341797 0.613281 0.335938 0.599609 0.333984 0.570312 0.339844 0.576172 0.349609 0.576172 0.380859 0.558594 0.390625 0.570312 0.406250 0.566406 0.414062 0.560547
2 0.998047 0.505859 0.992188 0.505859 0.990234 0.507812 0.984375 0.507812 0.980469 0.511719 0.976562 0.511719 0.974609 0.513672 0.968750 0.513672 0.966797 0.515625 0.960938 0.515625 0.958984 0.517578 0.951172 0.517578 0.949219 0.519531 0.949219 0.537109 0.951172 0.539062 0.951172 0.541016 0.953125 0.541016 0.955078 0.542969 0.958984 0.542969 0.960938 0.544922 0.966797 0.544922 0.968750 0.542969 0.978516 0.542969 0.986328 0.537109 0.998047 0.533203
2 0.189453 0.589844 0.185547 0.632812 0.191406 0.640625 0.187500 0.642578 0.187500 0.652344 0.177734 0.662109 0.167969 0.654297 0.173828 0.638672 0.181641 0.632812 0.175781 0.634766 0.167969 0.623047 0.132812 0.623047 0.125000 0.630859 0.125000 0.646484 0.130859 0.664062 0.140625 0.671875 0.173828 0.666016 0.199219 0.675781 0.189453 0.687500 0.187500 0.705078 0.195312 0.722656 0.201172 0.724609 0.214844 0.716797 0.246094 0.710938 0.248047 0.695312 0.226562 0.646484 0.216797 0.601562 0.208984 0.593750
2 0.812500 0.597656 0.787109 0.607422 0.783203 0.625000 0.775391 0.628906 0.775391 0.644531 0.787109 0.650391 0.777344 0.660156 0.767578 0.664062 0.765625 0.707031 0.767578 0.714844 0.777344 0.720703 0.779297 0.742188 0.783203 0.748047 0.806641 0.751953 0.816406 0.757812 0.833984 0.757812 0.837891 0.750000 0.833984 0.695312 0.843750 0.669922 0.851562 0.662109 0.851562 0.658203 0.839844 0.650391 0.847656 0.638672 0.849609 0.615234 0.843750 0.599609 0.839844 0.597656
2 0.367188 0.646484 0.347656 0.644531 0.333984 0.650391 0.328125 0.656250 0.333984 0.675781 0.332031 0.679688 0.328125 0.673828 0.314453 0.673828 0.296875 0.656250 0.267578 0.660156 0.261719 0.675781 0.261719 0.687500 0.267578 0.699219 0.267578 0.714844 0.273438 0.728516 0.277344 0.732422 0.312500 0.728516 0.343750 0.714844 0.343750 0.708984 0.337891 0.701172 0.339844 0.697266 0.349609 0.703125 0.365234 0.695312 0.380859 0.693359 0.382812 0.685547 0.371094 0.671875
2 0.416016 0.646484 0.410156 0.646484 0.408203 0.644531 0.404297 0.644531 0.402344 0.646484 0.396484 0.646484 0.394531 0.648438 0.388672 0.650391 0.388672 0.652344 0.386719 0.654297 0.386719 0.673828 0.390625 0.679688 0.392578 0.679688 0.394531 0.681641 0.400391 0.681641 0.402344 0.679688 0.412109 0.679688 0.414062 0.677734 0.419922 0.677734 0.423828 0.673828 0.423828 0.662109 0.421875 0.660156 0.421875 0.654297 0.419922 0.652344 0.419922 0.650391
2 0.630859 0.664062 0.626953 0.656250 0.617188 0.648438 0.599609 0.648438 0.591797 0.654297 0.587891 0.654297 0.578125 0.660156 0.564453 0.664062 0.554688 0.673828 0.552734 0.683594 0.556641 0.693359 0.585938 0.693359 0.587891 0.691406 0.609375 0.691406 0.611328 0.689453 0.630859 0.687500 0.632812 0.685547
2 0.111328 0.662109 0.107422 0.662109 0.105469 0.664062 0.089844 0.664062 0.085938 0.666016 0.083984 0.669922 0.085938 0.681641 0.087891 0.683594 0.087891 0.689453 0.091797 0.697266 0.091797 0.705078 0.095703 0.714844 0.097656 0.730469 0.105469 0.736328 0.126953 0.732422 0.134766 0.728516 0.130859 0.722656 0.130859 0.718750 0.125000 0.712891 0.123047 0.701172 0.115234 0.689453 0.115234 0.685547 0.109375 0.671875
2 0.025391 0.671875 0.000000 0.681641 0.000000 0.757812 0.005859 0.753906 0.015625 0.757812 0.000000 0.765625 0.003906 0.779297 0.013672 0.785156 0.005859 0.789062 0.007812 0.832031 0.003906 0.839844 0.009766 0.884766 0.048828 0.886719 0.060547 0.876953 0.056641 0.843750 0.046875 0.843750 0.044922 0.839844 0.054688 0.835938 0.044922 0.835938 0.039062 0.830078 0.044922 0.826172 0.046875 0.814453 0.054688 0.822266 0.050781 0.781250 0.048828 0.787109 0.044922 0.783203 0.044922 0.746094 0.039062 0.748047 0.037109 0.675781
2 0.447266 0.693359 0.445312 0.695312 0.445312 0.710938 0.447266 0.710938 0.453125 0.716797 0.455078 0.724609 0.458984 0.728516 0.466797 0.732422 0.466797 0.740234 0.468750 0.742188 0.470703 0.753906 0.472656 0.755859 0.476562 0.755859 0.484375 0.751953 0.500000 0.750000 0.501953 0.746094 0.500000 0.744141 0.500000 0.736328 0.498047 0.734375 0.498047 0.724609 0.496094 0.722656 0.494141 0.714844 0.490234 0.710938 0.486328 0.703125 0.486328 0.691406 0.484375 0.689453 0.468750 0.689453 0.466797 0.691406 0.453125 0.691406 0.451172 0.693359
2 0.607422 0.695312 0.603516 0.701172 0.603516 0.705078 0.605469 0.707031 0.605469 0.718750 0.607422 0.720703 0.607422 0.726562 0.613281 0.736328 0.613281 0.740234 0.615234 0.742188 0.617188 0.742188 0.619141 0.744141 0.623047 0.744141 0.625000 0.746094 0.632812 0.746094 0.634766 0.744141 0.636719 0.744141 0.648438 0.732422 0.648438 0.728516 0.650391 0.726562 0.648438 0.724609 0.648438 0.708984 0.646484 0.707031 0.646484 0.699219 0.642578 0.695312 0.625000 0.695312 0.623047 0.693359 0.617188 0.693359 0.615234 0.695312
2 0.115234 0.742188 0.115234 0.750000 0.117188 0.751953 0.117188 0.757812 0.119141 0.759766 0.119141 0.765625 0.121094 0.767578 0.121094 0.777344 0.123047 0.779297 0.123047 0.783203 0.132812 0.783203 0.134766 0.781250 0.148438 0.781250 0.150391 0.779297 0.152344 0.779297 0.152344 0.771484 0.150391 0.769531 0.150391 0.759766 0.148438 0.757812 0.148438 0.748047 0.146484 0.746094 0.146484 0.744141 0.140625 0.740234 0.119141 0.740234 0.117188 0.742188
2 0.625000 0.757812 0.623047 0.753906 0.619141 0.751953 0.607422 0.751953 0.599609 0.757812 0.587891 0.763672 0.580078 0.763672 0.578125 0.765625 0.568359 0.765625 0.566406 0.767578 0.562500 0.767578 0.560547 0.769531 0.560547 0.775391 0.564453 0.783203 0.572266 0.791016 0.585938 0.791016 0.587891 0.789062 0.605469 0.789062 0.607422 0.787109 0.613281 0.787109 0.617188 0.785156 0.626953 0.775391 0.626953 0.765625 0.625000 0.763672
2 0.878906 0.771484 0.880859 0.792969 0.929688 0.794922 0.867188 0.800781 0.863281 0.804688 0.863281 0.818359 0.869141 0.841797 0.892578 0.857422 0.998047 0.857422 0.998047 0.796875 0.933594 0.794922 0.953125 0.791016 0.955078 0.765625 0.951172 0.759766 0.914062 0.755859
2 0.431641 0.791016 0.431641 0.800781 0.433594 0.802734 0.433594 0.806641 0.449219 0.824219 0.451172 0.828125 0.449219 0.833984 0.451172 0.833984 0.457031 0.841797 0.460938 0.839844 0.472656 0.839844 0.474609 0.837891 0.498047 0.835938 0.500000 0.833984 0.501953 0.822266 0.500000 0.820312 0.500000 0.814453 0.496094 0.808594 0.494141 0.792969 0.492188 0.791016 0.470703 0.789062 0.464844 0.785156 0.464844 0.775391 0.462891 0.777344 0.458984 0.775391 0.451172 0.777344
2 0.794922 0.800781 0.794922 0.804688 0.792969 0.806641 0.794922 0.808594 0.794922 0.822266 0.798828 0.826172 0.830078 0.826172 0.832031 0.828125 0.833984 0.826172 0.837891 0.826172 0.837891 0.814453 0.835938 0.812500 0.835938 0.806641 0.830078 0.806641 0.828125 0.804688 0.826172 0.804688 0.820312 0.798828 0.798828 0.798828 0.796875 0.800781
2 0.642578 0.800781 0.634766 0.800781 0.632812 0.802734 0.623047 0.802734 0.621094 0.804688 0.615234 0.804688 0.613281 0.806641 0.613281 0.816406 0.615234 0.818359 0.615234 0.822266 0.617188 0.824219 0.617188 0.833984 0.619141 0.835938 0.632812 0.835938 0.642578 0.830078 0.652344 0.830078 0.654297 0.828125 0.654297 0.820312 0.652344 0.818359 0.652344 0.816406 0.650391 0.814453 0.648438 0.808594 0.644531 0.804688 0.644531 0.802734
2 0.689453 0.830078 0.689453 0.865234 0.693359 0.867188 0.724609 0.867188 0.726562 0.865234 0.734375 0.865234 0.736328 0.863281 0.751953 0.863281 0.755859 0.859375 0.755859 0.833984 0.751953 0.833984 0.740234 0.828125 0.734375 0.828125 0.732422 0.830078 0.716797 0.830078 0.714844 0.832031 0.710938 0.832031 0.699219 0.824219 0.691406 0.826172
2 0.533203 0.839844 0.531250 0.837891 0.503906 0.837891 0.501953 0.839844 0.480469 0.841797 0.464844 0.847656 0.455078 0.847656 0.447266 0.857422 0.445312 0.865234 0.447266 0.869141 0.445312 0.892578 0.449219 0.908203 0.460938 0.908203 0.484375 0.902344 0.505859 0.902344 0.507812 0.900391 0.535156 0.898438 0.539062 0.894531 0.542969 0.861328 0.535156 0.851562
2 0.894531 0.925781 0.892578 0.927734 0.892578 0.951172 0.890625 0.953125 0.890625 0.994141 0.892578 0.998047 0.906250 0.998047 0.910156 0.994141 0.916016 0.994141 0.925781 0.990234 0.929688 0.992188 0.941406 0.992188 0.945312 0.990234 0.949219 0.984375 0.955078 0.966797 0.951172 0.945312 0.935547 0.937500 0.921875 0.927734 0.910156 0.923828
3 0.279297 0.923828 0.267578 0.894531 0.259766 0.898438 0.242188 0.890625 0.208984 0.906250 0.185547 0.898438 0.167969 0.898438 0.154297 0.908203 0.136719 0.902344 0.091797 0.912109 0.085938 0.923828 0.074219 0.927734 0.070312 0.953125 0.054688 0.976562 0.054688 0.986328 0.066406 0.998047 0.275391 0.998047
4 0.181641 0.000000 0.181641 0.003906 0.187500 0.011719 0.189453 0.023438 0.203125 0.046875 0.207031 0.060547 0.218750 0.072266 0.240234 0.064453 0.259766 0.048828 0.271484 0.044922 0.281250 0.027344 0.279297 0.025391 0.281250 0.005859 0.277344 0.000000
4 0.623047 0.000000 0.675781 0.107422 0.691406 0.148438 0.710938 0.169922 0.714844 0.169922 0.720703 0.162109 0.720703 0.154297 0.734375 0.142578 0.736328 0.132812 0.714844 0.083984 0.703125 0.068359 0.705078 0.056641 0.695312 0.029297 0.677734 0.000000
4 0.164062 0.037109 0.156250 0.037109 0.130859 0.050781 0.125000 0.050781 0.105469 0.064453 0.107422 0.078125 0.119141 0.093750 0.132812 0.128906 0.138672 0.134766 0.146484 0.134766 0.158203 0.125000 0.183594 0.119141 0.195312 0.119141 0.201172 0.113281 0.203125 0.087891 0.197266 0.074219 0.189453 0.064453 0.187500 0.052734 0.181641 0.044922
5 0.998047 0.070312 0.000000 0.564453 0.000000 0.605469 0.048828 0.595703 0.416016 0.400391 0.013672 0.630859 0.000000 0.677734 0.599609 0.332031 0.923828 0.179688 0.998047 0.123047
