0 0.320312 0.009766 0.318359 0.011719 0.318359 0.013672 0.316406 0.015625 0.316406 0.019531 0.314453 0.021484 0.314453 0.031250 0.316406 0.033203 0.316406 0.037109 0.322266 0.041016 0.345703 0.041016 0.349609 0.037109 0.349609 0.035156 0.353516 0.031250 0.353516 0.029297 0.355469 0.027344 0.355469 0.019531 0.353516 0.017578 0.351562 0.011719 0.347656 0.007812 0.326172 0.007812 0.324219 0.009766
0 0.386719 0.037109 0.382812 0.041016 0.382812 0.054688 0.384766 0.056641 0.384766 0.058594 0.392578 0.066406 0.392578 0.068359 0.396484 0.072266 0.398438 0.072266 0.400391 0.074219 0.410156 0.074219 0.412109 0.076172 0.417969 0.076172 0.429688 0.064453 0.429688 0.052734 0.425781 0.048828 0.425781 0.046875 0.421875 0.042969 0.421875 0.041016 0.414062 0.033203 0.410156 0.033203 0.408203 0.031250 0.398438 0.031250 0.396484 0.033203
0 0.123047 0.203125 0.123047 0.207031 0.121094 0.208984 0.123047 0.210938 0.123047 0.218750 0.125000 0.220703 0.125000 0.224609 0.126953 0.226562 0.128906 0.236328 0.130859 0.238281 0.140625 0.242188 0.146484 0.248047 0.156250 0.248047 0.164062 0.240234 0.164062 0.238281 0.166016 0.236328 0.166016 0.216797 0.164062 0.214844 0.164062 0.210938 0.162109 0.208984 0.162109 0.207031 0.156250 0.203125 0.144531 0.203125 0.142578 0.201172 0.126953 0.201172 0.125000 0.203125
0 0.375000 0.244141 0.373047 0.246094 0.373047 0.250000 0.371094 0.251953 0.371094 0.261719 0.373047 0.263672 0.373047 0.269531 0.375000 0.271484 0.376953 0.271484 0.382812 0.275391 0.404297 0.275391 0.406250 0.273438 0.406250 0.257812 0.404297 0.255859 0.404297 0.253906 0.402344 0.251953 0.402344 0.250000 0.396484 0.244141 0.394531 0.244141 0.390625 0.240234 0.384766 0.240234 0.378906 0.244141
0 0.851562 0.269531 0.814453 0.267578 0.763672 0.314453 0.498047 0.283203 0.378906 0.300781 0.359375 0.435547 0.322266 0.490234 0.326172 0.595703 0.238281 0.654297 0.312500 0.689453 0.281250 0.775391 0.285156 0.972656 0.509766 0.964844 0.660156 0.912109 0.951172 0.886719 0.957031 0.816406 0.992188 0.806641 0.916016 0.751953 0.886719 0.666016 0.865234 0.660156 0.853516 0.576172 0.820312 0.552734 0.830078 0.503906 0.787109 0.320312
0 0.376953 0.283203 0.367188 0.269531 0.335938 0.275391 0.244141 0.271484 0.189453 0.277344 0.146484 0.294922 0.089844 0.296875 0.076172 0.322266 0.000000 0.322266 0.000000 0.380859 0.021484 0.380859 0.085938 0.355469 0.191406 0.343750 0.226562 0.332031 0.326172 0.328125 0.363281 0.316406
0 0.859375 0.271484 0.863281 0.271484 0.865234 0.269531 0.861328 0.269531
0 0.226562 0.466797 0.220703 0.472656 0.220703 0.484375 0.222656 0.486328 0.222656 0.488281 0.228516 0.494141 0.228516 0.496094 0.236328 0.503906 0.250000 0.503906 0.251953 0.501953 0.255859 0.501953 0.269531 0.490234 0.269531 0.476562 0.267578 0.474609 0.267578 0.472656 0.261719 0.466797 0.259766 0.466797 0.255859 0.462891 0.234375 0.462891 0.232422 0.464844
0 0.140625 0.496094 0.142578 0.513672 0.148438 0.523438 0.169922 0.535156 0.177734 0.535156 0.181641 0.531250 0.189453 0.531250 0.210938 0.550781 0.216797 0.550781 0.226562 0.544922 0.238281 0.542969 0.246094 0.527344 0.246094 0.523438 0.242188 0.519531 0.228516 0.513672 0.218750 0.503906 0.189453 0.498047 0.175781 0.490234 0.148438 0.490234
0 0.234375 0.634766 0.218750 0.630859 0.197266 0.638672 0.093750 0.638672 0.085938 0.642578 0.083984 0.652344 0.087891 0.660156 0.101562 0.662109 0.107422 0.666016 0.109375 0.681641 0.121094 0.699219 0.136719 0.703125 0.152344 0.701172 0.162109 0.691406 0.167969 0.679688 0.167969 0.671875 0.173828 0.666016 0.222656 0.658203
0 0.148438 0.744141 0.146484 0.748047 0.148438 0.771484 0.156250 0.785156 0.169922 0.792969 0.193359 0.796875 0.187500 0.798828 0.185547 0.802734 0.185547 0.814453 0.181641 0.824219 0.189453 0.833984 0.203125 0.832031 0.212891 0.835938 0.228516 0.835938 0.240234 0.830078 0.242188 0.814453 0.230469 0.800781 0.218750 0.796875 0.205078 0.796875 0.197266 0.792969 0.199219 0.791016 0.199219 0.763672 0.195312 0.757812 0.183594 0.748047 0.169922 0.742188
0 0.986328 0.816406 0.986328 0.824219 0.988281 0.822266 0.990234 0.822266 0.990234 0.820312
0 0.867188 0.933594 0.873047 0.937500 0.873047 0.949219 0.890625 0.960938 0.912109 0.960938 0.917969 0.955078 0.921875 0.957031 0.923828 0.945312 0.927734 0.941406 0.951172 0.941406 0.957031 0.933594 0.958984 0.964844 0.962891 0.974609 0.998047 0.974609 0.998047 0.927734 0.976562 0.923828 0.960938 0.929688 0.957031 0.910156 0.947266 0.902344 0.898438 0.904297 0.886719 0.912109 0.878906 0.910156 0.873047 0.933594
3 0.000000 0.000000 0.003906 0.318359 0.068359 0.318359 0.089844 0.294922 0.185547 0.275391 0.333984 0.269531 0.384766 0.238281 0.421875 0.277344 0.734375 0.294922 0.845703 0.216797 0.886719 0.226562 0.945312 0.179688 0.998047 0.183594 0.998047 0.000000
3 0.810547 0.144531 0.808594 0.142578 0.806641 0.144531 0.804688 0.144531 0.806641 0.146484 0.808594 0.146484
3 0.984375 0.242188 0.935547 0.267578 0.896484 0.271484 0.875000 0.292969 0.802734 0.318359 0.800781 0.347656 0.828125 0.396484 0.828125 0.464844 0.841797 0.511719 0.876953 0.580078 0.875000 0.652344 0.904297 0.666016 0.929688 0.746094 0.998047 0.789062 0.998047 0.242188
3 0.998047 0.976562 0.960938 0.976562 0.955078 0.958984 0.933594 0.953125 0.896484 0.968750 0.861328 0.953125 0.857422 0.931641 0.871094 0.917969 0.863281 0.898438 0.845703 0.894531 0.832031 0.908203 0.755859 0.921875 0.679688 0.919922 0.654297 0.937500 0.585938 0.945312 0.519531 0.972656 0.410156 0.972656 0.298828 0.988281 0.294922 0.998047 0.998047 0.998047
4 0.357422 0.326172 0.093750 0.357422 0.000000 0.386719 0.000000 0.550781 0.035156 0.554688 0.033203 0.574219 0.000000 0.580078 0.000000 0.650391 0.011719 0.650391 0.023438 0.628906 0.044922 0.628906 0.068359 0.660156 0.093750 0.636719 0.197266 0.636719 0.304688 0.603516 0.318359 0.542969 0.304688 0.478516 0.349609 0.437500
4 0.275391 0.687500 0.201172 0.664062 0.173828 0.669922 0.160156 0.701172 0.130859 0.705078 0.115234 0.695312 0.105469 0.667969 0.064453 0.667969 0.033203 0.679688 0.000000 0.666016 0.000000 0.957031 0.109375 0.982422 0.261719 0.982422 0.273438 0.958984 0.263672 0.904297 0.277344 0.863281 0.265625 0.779297 0.287109 0.746094 0.289062 0.724609
