0 0.351562 0.003906 0.345703 0.044922 0.351562 0.058594 0.378906 0.076172 0.400391 0.078125 0.441406 0.099609 0.466797 0.101562 0.496094 0.113281 0.515625 0.113281 0.529297 0.099609 0.531250 0.087891 0.521484 0.076172 0.513672 0.054688 0.515625 0.000000 0.355469 0.000000
0 0.808594 0.003906 0.804688 0.013672 0.806641 0.056641 0.802734 0.082031 0.820312 0.113281 0.849609 0.136719 0.900391 0.128906 0.912109 0.136719 0.927734 0.134766 0.935547 0.121094 0.941406 0.093750 0.935547 0.095703 0.935547 0.105469 0.929688 0.107422 0.916016 0.091797 0.921875 0.080078 0.916016 0.052734 0.929688 0.037109 0.925781 0.001953 0.814453 0.000000
0 0.148438 0.191406 0.119141 0.187500 0.105469 0.177734 0.083984 0.179688 0.064453 0.191406 0.054688 0.205078 0.044922 0.238281 0.027344 0.251953 0.029297 0.261719 0.021484 0.271484 0.021484 0.281250 0.029297 0.291016 0.027344 0.308594 0.023438 0.310547 0.019531 0.302734 0.017578 0.312500 0.000000 0.314453 0.000000 0.398438 0.029297 0.384766 0.058594 0.382812 0.085938 0.351562 0.095703 0.349609 0.138672 0.306641 0.156250 0.296875 0.148438 0.253906
0 0.453125 0.404297 0.445312 0.400391 0.441406 0.392578 0.433594 0.388672 0.416016 0.390625 0.406250 0.386719 0.396484 0.390625 0.376953 0.392578 0.367188 0.398438 0.363281 0.398438 0.357422 0.408203 0.365234 0.431641 0.363281 0.435547 0.371094 0.453125 0.380859 0.458984 0.382812 0.457031 0.392578 0.458984 0.394531 0.457031 0.412109 0.457031 0.447266 0.447266 0.455078 0.427734
0 0.062500 0.410156 0.062500 0.423828 0.064453 0.425781 0.064453 0.429688 0.066406 0.433594 0.074219 0.441406 0.074219 0.443359 0.082031 0.451172 0.083984 0.451172 0.093750 0.441406 0.103516 0.437500 0.119141 0.425781 0.130859 0.419922 0.128906 0.412109 0.115234 0.406250 0.109375 0.400391 0.105469 0.400391 0.103516 0.398438 0.089844 0.398438 0.087891 0.396484 0.078125 0.396484 0.070312 0.402344 0.068359 0.402344
0 0.517578 0.662109 0.486328 0.664062 0.482422 0.685547 0.470703 0.677734 0.449219 0.679688 0.431641 0.664062 0.425781 0.679688 0.398438 0.687500 0.392578 0.746094 0.404297 0.771484 0.406250 0.830078 0.398438 0.869141 0.402344 0.988281 0.394531 0.992188 0.402344 0.998047 0.589844 0.998047 0.580078 0.886719 0.583984 0.773438
0 0.457031 0.664062 0.453125 0.664062 0.451172 0.666016 0.453125 0.667969 0.453125 0.671875 0.455078 0.669922 0.457031 0.669922 0.458984 0.667969 0.458984 0.666016
0 0.582031 0.679688 0.623047 0.755859 0.628906 0.779297 0.646484 0.808594 0.662109 0.814453 0.683594 0.814453 0.695312 0.808594 0.695312 0.781250 0.703125 0.751953 0.701172 0.738281 0.705078 0.716797 0.701172 0.697266 0.689453 0.691406 0.669922 0.695312 0.636719 0.693359 0.611328 0.673828 0.593750 0.673828
0 0.650391 0.832031 0.644531 0.843750 0.644531 0.871094 0.648438 0.880859 0.666016 0.886719 0.677734 0.886719 0.695312 0.894531 0.705078 0.894531 0.712891 0.890625 0.726562 0.888672 0.714844 0.884766 0.720703 0.878906 0.724609 0.867188 0.720703 0.855469 0.712891 0.849609 0.714844 0.843750 0.708984 0.837891 0.693359 0.832031 0.669922 0.830078 0.667969 0.828125 0.656250 0.828125
0 0.949219 0.830078 0.941406 0.832031 0.929688 0.845703 0.921875 0.871094 0.894531 0.898438 0.892578 0.914062 0.898438 0.921875 0.914062 0.927734 0.943359 0.949219 0.955078 0.962891 0.968750 0.966797 0.974609 0.960938 0.970703 0.951172 0.974609 0.947266 0.970703 0.935547 0.974609 0.931641 0.980469 0.931641 0.976562 0.923828 0.980469 0.919922 0.986328 0.921875 0.998047 0.917969 0.998047 0.835938
0 0.984375 0.929688 0.984375 0.933594 0.986328 0.931641
0 0.386719 0.992188 0.386719 0.994141 0.388672 0.994141 0.388672 0.992188
2 0.097656 0.000000 0.097656 0.033203 0.095703 0.035156 0.097656 0.039062 0.095703 0.042969 0.097656 0.046875 0.097656 0.056641 0.134766 0.056641 0.136719 0.054688 0.136719 0.000000
2 0.003906 0.044922 0.000000 0.046875 0.000000 0.126953 0.021484 0.130859 0.023438 0.128906 0.027344 0.128906 0.027344 0.125000 0.025391 0.123047 0.025391 0.099609 0.023438 0.097656 0.023438 0.062500 0.025391 0.060547 0.025391 0.046875 0.021484 0.044922 0.017578 0.046875 0.013672 0.044922
2 0.134766 0.064453 0.117188 0.064453 0.115234 0.066406 0.093750 0.066406 0.091797 0.068359 0.091797 0.113281 0.093750 0.117188 0.138672 0.117188 0.138672 0.097656 0.136719 0.095703 0.136719 0.080078 0.134766 0.078125
2 0.287109 0.091797 0.279297 0.144531 0.287109 0.148438 0.316406 0.152344 0.320312 0.150391 0.322266 0.142578 0.332031 0.160156 0.341797 0.167969 0.386719 0.169922 0.390625 0.166016 0.392578 0.154297 0.404297 0.142578 0.410156 0.128906 0.404297 0.117188 0.402344 0.103516 0.386719 0.093750 0.369141 0.095703 0.365234 0.101562 0.359375 0.103516 0.333984 0.101562 0.330078 0.111328 0.328125 0.097656 0.324219 0.093750 0.300781 0.085938 0.294922 0.085938
2 0.613281 0.125000 0.599609 0.119141 0.583984 0.119141 0.580078 0.123047 0.580078 0.130859 0.574219 0.136719 0.554688 0.136719 0.548828 0.138672 0.546875 0.152344 0.544922 0.154297 0.542969 0.185547 0.550781 0.195312 0.576172 0.197266 0.578125 0.199219 0.585938 0.195312 0.593750 0.197266 0.605469 0.185547 0.617188 0.181641 0.619141 0.134766
2 0.898438 0.134766 0.890625 0.134766 0.888672 0.136719 0.867188 0.136719 0.865234 0.138672 0.861328 0.154297 0.853516 0.166016 0.851562 0.177734 0.849609 0.179688 0.851562 0.189453 0.855469 0.195312 0.855469 0.210938 0.873047 0.210938 0.878906 0.207031 0.878906 0.199219 0.880859 0.197266 0.880859 0.171875 0.882812 0.169922 0.882812 0.166016 0.880859 0.164062 0.882812 0.162109 0.888672 0.162109 0.890625 0.164062 0.900391 0.164062 0.904297 0.162109 0.904297 0.142578
2 0.716797 0.146484 0.710938 0.142578 0.697266 0.142578 0.693359 0.150391 0.691406 0.164062 0.687500 0.167969 0.675781 0.166016 0.673828 0.164062 0.664062 0.164062 0.662109 0.162109 0.648438 0.162109 0.644531 0.166016 0.644531 0.199219 0.660156 0.201172 0.662109 0.203125 0.679688 0.203125 0.683594 0.199219 0.685547 0.201172 0.708984 0.201172 0.710938 0.195312 0.710938 0.183594 0.714844 0.171875 0.714844 0.162109 0.716797 0.160156
2 0.744141 0.156250 0.740234 0.164062 0.740234 0.169922 0.738281 0.171875 0.738281 0.177734 0.736328 0.179688 0.736328 0.185547 0.734375 0.187500 0.734375 0.205078 0.738281 0.205078 0.740234 0.207031 0.748047 0.207031 0.750000 0.208984 0.757812 0.208984 0.759766 0.210938 0.769531 0.210938 0.771484 0.212891 0.779297 0.210938 0.781250 0.207031 0.781250 0.195312 0.783203 0.193359 0.783203 0.179688 0.785156 0.177734 0.785156 0.169922 0.783203 0.167969 0.777344 0.167969 0.775391 0.166016 0.771484 0.167969 0.767578 0.166016 0.763672 0.167969 0.751953 0.167969 0.748047 0.164062 0.748047 0.156250
2 0.916016 0.173828 0.914062 0.175781 0.914062 0.189453 0.912109 0.191406 0.912109 0.205078 0.910156 0.207031 0.910156 0.212891 0.914062 0.216797 0.917969 0.216797 0.919922 0.218750 0.937500 0.218750 0.939453 0.220703 0.947266 0.220703 0.949219 0.218750 0.949219 0.208984 0.951172 0.207031 0.951172 0.203125 0.953125 0.201172 0.953125 0.195312 0.955078 0.193359 0.955078 0.185547 0.953125 0.183594 0.953125 0.177734 0.951172 0.175781 0.941406 0.175781 0.939453 0.173828 0.927734 0.173828 0.925781 0.171875 0.919922 0.171875 0.917969 0.173828
2 0.000000 0.183594 0.000000 0.261719 0.023438 0.263672 0.025391 0.261719 0.025391 0.246094 0.029297 0.242188 0.041016 0.240234 0.041016 0.236328 0.042969 0.234375 0.041016 0.203125 0.044922 0.195312 0.037109 0.191406 0.021484 0.191406 0.019531 0.189453 0.013672 0.189453 0.009766 0.185547
2 0.195312 0.205078 0.189453 0.212891 0.191406 0.214844 0.191406 0.218750 0.189453 0.220703 0.191406 0.222656 0.189453 0.226562 0.191406 0.228516 0.191406 0.236328 0.189453 0.238281 0.191406 0.240234 0.191406 0.244141 0.189453 0.246094 0.191406 0.248047 0.193359 0.261719 0.228516 0.261719 0.230469 0.259766 0.230469 0.255859 0.228516 0.253906 0.230469 0.251953 0.230469 0.214844 0.226562 0.210938 0.222656 0.210938 0.214844 0.207031 0.212891 0.208984 0.210938 0.207031 0.203125 0.207031 0.201172 0.205078
2 0.279297 0.214844 0.277344 0.216797 0.277344 0.228516 0.275391 0.230469 0.275391 0.238281 0.273438 0.240234 0.273438 0.255859 0.271484 0.257812 0.271484 0.271484 0.273438 0.275391 0.277344 0.275391 0.279297 0.277344 0.287109 0.277344 0.289062 0.279297 0.310547 0.279297 0.310547 0.257812 0.308594 0.255859 0.308594 0.228516 0.300781 0.220703 0.298828 0.220703 0.291016 0.214844 0.289062 0.216797 0.287109 0.214844
2 0.322266 0.232422 0.324219 0.277344 0.333984 0.283203 0.333984 0.296875 0.373047 0.298828 0.421875 0.289062 0.433594 0.281250 0.437500 0.269531 0.447266 0.261719 0.451172 0.251953 0.451172 0.236328 0.429688 0.230469 0.425781 0.232422 0.414062 0.228516 0.404297 0.230469 0.375000 0.222656 0.371094 0.224609 0.359375 0.220703 0.345703 0.222656 0.335938 0.218750 0.330078 0.220703
2 0.490234 0.244141 0.488281 0.259766 0.486328 0.261719 0.484375 0.275391 0.478516 0.289062 0.478516 0.294922 0.480469 0.296875 0.488281 0.296875 0.490234 0.298828 0.505859 0.298828 0.507812 0.300781 0.517578 0.300781 0.519531 0.302734 0.527344 0.302734 0.529297 0.304688 0.542969 0.304688 0.542969 0.267578 0.544922 0.265625 0.544922 0.251953 0.533203 0.250000 0.531250 0.248047 0.529297 0.250000 0.527344 0.248047 0.521484 0.248047 0.519531 0.250000 0.517578 0.248047 0.511719 0.248047 0.505859 0.244141 0.500000 0.244141 0.498047 0.246094 0.496094 0.244141
2 0.593750 0.259766 0.587891 0.277344 0.587891 0.332031 0.597656 0.343750 0.595703 0.382812 0.605469 0.388672 0.626953 0.386719 0.636719 0.390625 0.646484 0.355469 0.656250 0.369141 0.669922 0.371094 0.658203 0.373047 0.656250 0.402344 0.675781 0.408203 0.693359 0.406250 0.699219 0.357422 0.687500 0.361328 0.689453 0.345703 0.681641 0.326172 0.650391 0.318359 0.650391 0.261719 0.642578 0.257812
2 0.203125 0.271484 0.201172 0.310547 0.208984 0.361328 0.255859 0.378906 0.263672 0.347656 0.234375 0.343750 0.230469 0.322266 0.234375 0.318359 0.267578 0.320312 0.269531 0.316406 0.279297 0.330078 0.302734 0.333984 0.281250 0.339844 0.285156 0.390625 0.304688 0.390625 0.318359 0.373047 0.320312 0.339844 0.304688 0.332031 0.310547 0.285156 0.283203 0.281250 0.271484 0.289062 0.236328 0.283203 0.230469 0.271484
2 0.976562 0.294922 0.974609 0.296875 0.974609 0.298828 0.972656 0.300781 0.972656 0.304688 0.970703 0.306641 0.970703 0.316406 0.972656 0.318359 0.972656 0.324219 0.974609 0.326172 0.992188 0.326172 0.994141 0.328125 0.998047 0.328125 0.998047 0.296875 0.988281 0.296875 0.986328 0.294922
2 0.718750 0.318359 0.712891 0.332031 0.712891 0.345703 0.707031 0.355469 0.707031 0.361328 0.712891 0.367188 0.728516 0.369141 0.734375 0.376953 0.732422 0.396484 0.736328 0.400391 0.755859 0.404297 0.763672 0.398438 0.769531 0.382812 0.769531 0.371094 0.771484 0.369141 0.769531 0.335938 0.771484 0.330078 0.765625 0.328125 0.757812 0.335938 0.751953 0.335938 0.734375 0.324219 0.734375 0.314453
2 0.865234 0.343750 0.865234 0.357422 0.869141 0.361328 0.878906 0.361328 0.880859 0.363281 0.894531 0.363281 0.896484 0.365234 0.906250 0.365234 0.908203 0.367188 0.921875 0.367188 0.925781 0.363281 0.925781 0.353516 0.923828 0.351562 0.923828 0.345703 0.917969 0.339844 0.908203 0.339844 0.906250 0.337891 0.873047 0.337891 0.871094 0.339844 0.867188 0.339844 0.867188 0.341797
2 0.861328 0.375000 0.851562 0.375000 0.833984 0.392578 0.826172 0.427734 0.828125 0.445312 0.841797 0.451172 0.835938 0.455078 0.835938 0.466797 0.826172 0.480469 0.822266 0.511719 0.839844 0.517578 0.853516 0.515625 0.857422 0.488281 0.869141 0.468750 0.867188 0.458984 0.841797 0.453125 0.869141 0.451172 0.871094 0.447266 0.871094 0.398438 0.867188 0.380859
2 0.582031 0.404297 0.572266 0.404297 0.564453 0.408203 0.556641 0.408203 0.554688 0.410156 0.548828 0.410156 0.546875 0.412109 0.539062 0.412109 0.535156 0.414062 0.527344 0.429688 0.527344 0.439453 0.525391 0.441406 0.527344 0.460938 0.531250 0.464844 0.539062 0.468750 0.544922 0.468750 0.546875 0.470703 0.556641 0.472656 0.558594 0.474609 0.572266 0.474609 0.574219 0.472656 0.578125 0.462891 0.578125 0.457031 0.580078 0.455078 0.580078 0.445312 0.582031 0.443359
2 0.757812 0.447266 0.753906 0.503906 0.765625 0.529297 0.775391 0.535156 0.789062 0.535156 0.798828 0.527344 0.798828 0.544922 0.812500 0.550781 0.822266 0.548828 0.841797 0.554688 0.847656 0.537109 0.835938 0.531250 0.833984 0.523438 0.802734 0.519531 0.810547 0.486328 0.808594 0.472656 0.802734 0.464844 0.800781 0.455078 0.779297 0.447266
2 0.376953 0.466797 0.371094 0.460938 0.363281 0.460938 0.361328 0.458984 0.341797 0.458984 0.339844 0.460938 0.332031 0.460938 0.326172 0.464844 0.310547 0.462891 0.306641 0.468750 0.306641 0.488281 0.304688 0.490234 0.302734 0.515625 0.316406 0.521484 0.328125 0.521484 0.339844 0.515625 0.345703 0.515625 0.347656 0.517578 0.365234 0.517578 0.367188 0.519531 0.373047 0.517578 0.376953 0.511719 0.376953 0.503906 0.378906 0.501953 0.378906 0.472656
2 0.964844 0.472656 0.960938 0.476562 0.957031 0.501953 0.955078 0.503906 0.955078 0.513672 0.953125 0.515625 0.955078 0.521484 0.953125 0.527344 0.955078 0.531250 0.953125 0.556641 0.962891 0.560547 0.998047 0.560547 0.998047 0.539062 0.996094 0.537109 0.998047 0.535156 0.998047 0.498047 0.994141 0.494141 0.994141 0.488281 0.990234 0.480469 0.984375 0.474609 0.980469 0.472656
2 0.537109 0.529297 0.537109 0.552734 0.544922 0.589844 0.583984 0.591797 0.587891 0.583984 0.593750 0.603516 0.636719 0.609375 0.656250 0.607422 0.669922 0.572266 0.669922 0.556641 0.652344 0.550781 0.605469 0.546875 0.597656 0.554688 0.589844 0.585938 0.583984 0.566406 0.589844 0.537109 0.570312 0.527344
2 0.310547 0.556641 0.310547 0.568359 0.308594 0.570312 0.308594 0.572266 0.310547 0.574219 0.310547 0.580078 0.314453 0.583984 0.359375 0.583984 0.359375 0.582031 0.361328 0.580078 0.361328 0.554688 0.341797 0.554688 0.339844 0.552734 0.314453 0.552734
2 0.082031 0.562500 0.052734 0.554688 0.033203 0.554688 0.021484 0.566406 0.000000 0.574219 0.000000 0.714844 0.009766 0.722656 0.023438 0.724609 0.044922 0.716797 0.097656 0.666016 0.103516 0.636719 0.119141 0.625000 0.121094 0.613281 0.111328 0.587891
2 0.232422 0.558594 0.230469 0.556641 0.212891 0.556641 0.210938 0.558594 0.193359 0.558594 0.191406 0.560547 0.164062 0.560547 0.162109 0.562500 0.162109 0.578125 0.164062 0.580078 0.164062 0.599609 0.166016 0.601562 0.166016 0.607422 0.167969 0.609375 0.187500 0.609375 0.189453 0.607422 0.234375 0.607422
2 0.718750 0.566406 0.708984 0.587891 0.697266 0.595703 0.693359 0.603516 0.693359 0.609375 0.685547 0.621094 0.681641 0.632812 0.687500 0.640625 0.703125 0.648438 0.714844 0.650391 0.716797 0.652344 0.730469 0.652344 0.734375 0.650391 0.740234 0.642578 0.740234 0.630859 0.750000 0.607422 0.750000 0.599609 0.755859 0.587891 0.755859 0.582031 0.750000 0.576172 0.742188 0.574219 0.730469 0.566406
2 0.820312 0.615234 0.820312 0.630859 0.824219 0.638672 0.826172 0.638672 0.830078 0.642578 0.837891 0.646484 0.841797 0.646484 0.849609 0.650391 0.861328 0.650391 0.865234 0.646484 0.865234 0.634766 0.876953 0.623047 0.880859 0.623047 0.882812 0.621094 0.880859 0.615234 0.876953 0.613281 0.873047 0.613281 0.867188 0.609375 0.861328 0.609375 0.859375 0.607422 0.853516 0.607422 0.851562 0.609375 0.847656 0.609375 0.839844 0.613281 0.822266 0.613281
2 0.316406 0.632812 0.308594 0.638672 0.308594 0.740234 0.314453 0.792969 0.386719 0.791016 0.378906 0.640625 0.376953 0.636719 0.359375 0.630859
2 0.900391 0.650391 0.894531 0.662109 0.894531 0.699219 0.927734 0.701172 0.943359 0.697266 0.970703 0.705078 0.984375 0.705078 0.984375 0.708984 0.968750 0.708984 0.960938 0.712891 0.951172 0.730469 0.951172 0.751953 0.960938 0.755859 0.998047 0.755859 0.998047 0.712891 0.986328 0.708984 0.988281 0.705078 0.998047 0.707031 0.998047 0.654297 0.972656 0.648438
2 0.291016 0.666016 0.287109 0.666016 0.285156 0.664062 0.281250 0.664062 0.279297 0.666016 0.265625 0.666016 0.265625 0.667969 0.263672 0.669922 0.265625 0.671875 0.265625 0.705078 0.289062 0.705078 0.291016 0.703125 0.291016 0.701172 0.292969 0.699219 0.292969 0.697266 0.291016 0.695312
2 0.218750 0.671875 0.210938 0.677734 0.212891 0.707031 0.216797 0.710938 0.212891 0.714844 0.214844 0.720703 0.212891 0.761719 0.216797 0.763672 0.218750 0.761719 0.261719 0.759766 0.265625 0.755859 0.265625 0.750000 0.259766 0.726562 0.250000 0.722656 0.248047 0.710938 0.236328 0.710938 0.232422 0.707031 0.246094 0.703125 0.250000 0.699219 0.250000 0.677734 0.248047 0.673828 0.234375 0.669922
2 0.271484 0.720703 0.271484 0.738281 0.275391 0.742188 0.294922 0.742188 0.296875 0.740234 0.298828 0.740234 0.300781 0.738281 0.300781 0.718750 0.298828 0.716797 0.283203 0.716797 0.281250 0.718750 0.273438 0.718750
2 0.144531 0.742188 0.140625 0.736328 0.113281 0.726562 0.000000 0.732422 0.000000 0.775391 0.080078 0.775391 0.123047 0.771484 0.134766 0.763672 0.144531 0.761719
2 0.837891 0.830078 0.837891 0.845703 0.833984 0.849609 0.833984 0.859375 0.837891 0.865234 0.837891 0.871094 0.847656 0.880859 0.857422 0.884766 0.871094 0.894531 0.878906 0.894531 0.884766 0.898438 0.888672 0.898438 0.919922 0.869141 0.921875 0.857422 0.925781 0.851562 0.925781 0.843750 0.923828 0.841797 0.916016 0.841797 0.898438 0.849609 0.886719 0.849609 0.882812 0.851562 0.859375 0.830078 0.853516 0.828125 0.839844 0.828125
2 0.382812 0.890625 0.376953 0.871094 0.361328 0.865234 0.333984 0.865234 0.314453 0.853516 0.283203 0.859375 0.169922 0.863281 0.126953 0.871094 0.121094 0.904297 0.107422 0.916016 0.380859 0.910156
2 0.662109 0.888672 0.660156 0.890625 0.660156 0.902344 0.650391 0.919922 0.652344 0.921875 0.650391 0.923828 0.650391 0.933594 0.648438 0.935547 0.648438 0.943359 0.646484 0.945312 0.644531 0.958984 0.650391 0.962891 0.658203 0.962891 0.660156 0.964844 0.677734 0.964844 0.681641 0.937500 0.695312 0.921875 0.699219 0.900391 0.695312 0.896484 0.691406 0.896484 0.675781 0.888672
2 0.095703 0.900391 0.089844 0.906250 0.089844 0.914062 0.091797 0.916016 0.103516 0.916016 0.103516 0.914062 0.099609 0.914062 0.095703 0.910156 0.097656 0.908203 0.097656 0.906250 0.099609 0.904297 0.101562 0.904297 0.101562 0.902344 0.099609 0.900391
5 0.000000 0.572266 0.207031 0.402344 0.359375 0.443359 0.353516 0.414062 0.207031 0.361328 0.189453 0.201172 0.947266 0.289062 0.998047 0.261719 0.003906 0.134766 0.003906 0.169922 0.152344 0.193359 0.171875 0.378906 0.000000 0.531250
5 0.451172 0.458984 0.453125 0.478516 0.476562 0.490234 0.527344 0.666016 0.619141 0.841797 0.642578 0.835938 0.644531 0.814453 0.562500 0.648438 0.519531 0.503906 0.644531 0.529297 0.966797 0.646484 0.994141 0.636719 0.970703 0.601562 0.703125 0.507812 0.484375 0.447266
5 0.714844 0.849609 0.726562 0.867188 0.716797 0.884766 0.761719 0.896484 0.800781 0.917969 0.828125 0.923828 0.863281 0.949219 0.880859 0.951172 0.943359 0.984375 0.951172 0.998047 0.998047 0.998047 0.996094 0.970703 0.976562 0.960938 0.968750 0.968750 0.955078 0.964844 0.935547 0.945312 0.867188 0.900391 0.755859 0.853516 0.724609 0.845703
