0 0.837891 0.082031 0.832031 0.080078 0.830078 0.082031 0.820312 0.082031 0.794922 0.089844 0.777344 0.107422 0.775391 0.115234 0.783203 0.136719 0.783203 0.146484 0.787109 0.156250 0.789062 0.173828 0.826172 0.173828 0.841797 0.158203 0.843750 0.146484 0.839844 0.134766 0.839844 0.115234 0.837891 0.113281 0.837891 0.101562 0.841797 0.095703 0.839844 0.089844 0.841797 0.085938
0 0.642578 0.107422 0.644531 0.126953 0.644531 0.167969 0.642578 0.169922 0.644531 0.181641 0.642578 0.183594 0.646484 0.191406 0.652344 0.195312 0.662109 0.195312 0.671875 0.191406 0.716797 0.191406 0.732422 0.185547 0.734375 0.154297 0.730469 0.148438 0.730469 0.121094 0.726562 0.111328 0.716797 0.101562 0.714844 0.103516 0.712891 0.101562 0.687500 0.103516 0.677734 0.107422 0.669922 0.107422 0.660156 0.101562 0.656250 0.103516 0.650391 0.101562
0 0.669922 0.453125 0.662109 0.443359 0.599609 0.441406 0.582031 0.447266 0.535156 0.443359 0.511719 0.453125 0.394531 0.458984 0.376953 0.529297 0.382812 0.533203 0.429688 0.529297 0.439453 0.535156 0.443359 0.546875 0.474609 0.548828 0.480469 0.542969 0.488281 0.544922 0.496094 0.533203 0.496094 0.519531 0.511719 0.513672 0.642578 0.511719 0.675781 0.492188
0 0.679688 0.507812 0.671875 0.507812 0.654297 0.515625 0.625000 0.517578 0.623047 0.593750 0.628906 0.593750 0.642578 0.587891 0.675781 0.585938 0.685547 0.576172 0.689453 0.576172 0.691406 0.570312 0.691406 0.548828 0.695312 0.539062 0.695312 0.531250 0.691406 0.525391 0.691406 0.519531 0.683594 0.519531 0.679688 0.511719 0.681641 0.509766
0 0.531250 0.568359 0.539062 0.580078 0.539062 0.585938 0.527344 0.595703 0.527344 0.605469 0.533203 0.609375 0.533203 0.623047 0.527344 0.634766 0.531250 0.654297 0.527344 0.660156 0.519531 0.660156 0.511719 0.652344 0.513672 0.640625 0.521484 0.636719 0.501953 0.638672 0.501953 0.646484 0.507812 0.650391 0.500000 0.656250 0.501953 0.666016 0.527344 0.660156 0.550781 0.691406 0.595703 0.691406 0.613281 0.683594 0.621094 0.673828 0.617188 0.664062 0.619141 0.601562 0.603516 0.593750 0.603516 0.570312 0.589844 0.572266 0.572266 0.556641
0 0.613281 0.570312 0.613281 0.572266 0.615234 0.572266
0 0.513672 0.601562 0.515625 0.601562 0.517578 0.603516 0.519531 0.603516 0.521484 0.605469 0.523438 0.603516 0.521484 0.601562
1 0.003906 0.039062 0.000000 0.300781 0.044922 0.394531 0.068359 0.566406 0.083984 0.992188 0.218750 0.998047 0.226562 0.894531 0.189453 0.472656 0.142578 0.253906 0.089844 0.136719
2 0.054688 0.000000 0.056641 0.007812 0.070312 0.029297 0.083984 0.039062 0.107422 0.035156 0.132812 0.035156 0.136719 0.029297 0.140625 0.037109 0.152344 0.037109 0.181641 0.025391 0.208984 0.021484 0.208984 0.000000 0.134766 0.000000 0.132812 0.001953 0.130859 0.000000
2 0.576172 0.000000 0.576172 0.027344 0.578125 0.029297 0.578125 0.041016 0.582031 0.048828 0.582031 0.056641 0.583984 0.058594 0.583984 0.062500 0.585938 0.064453 0.599609 0.064453 0.601562 0.062500 0.615234 0.062500 0.617188 0.060547 0.621094 0.060547 0.623047 0.058594 0.623047 0.054688 0.621094 0.052734 0.621094 0.041016 0.619141 0.039062 0.619141 0.015625 0.617188 0.013672 0.617188 0.000000
2 0.689453 0.000000 0.679688 0.000000 0.683594 0.000000 0.687500 0.003906 0.681641 0.007812 0.671875 0.007812 0.667969 0.005859 0.656250 0.011719 0.656250 0.039062 0.654297 0.041016 0.654297 0.044922 0.656250 0.046875 0.656250 0.056641 0.658203 0.058594 0.669922 0.058594 0.671875 0.056641 0.691406 0.054688 0.697266 0.048828 0.695312 0.025391 0.693359 0.023438 0.693359 0.009766 0.687500 0.003906
2 0.705078 0.000000 0.705078 0.015625 0.707031 0.017578 0.707031 0.025391 0.708984 0.027344 0.708984 0.033203 0.710938 0.035156 0.714844 0.035156 0.722656 0.031250 0.744141 0.031250 0.746094 0.029297 0.759766 0.029297 0.765625 0.025391 0.765625 0.021484 0.767578 0.019531 0.765625 0.017578 0.765625 0.003906 0.763672 0.000000
2 0.474609 0.009766 0.466797 0.009766 0.464844 0.011719 0.445312 0.011719 0.443359 0.013672 0.439453 0.013672 0.437500 0.015625 0.437500 0.048828 0.441406 0.054688 0.457031 0.054688 0.458984 0.052734 0.476562 0.052734 0.478516 0.050781 0.478516 0.037109 0.476562 0.035156 0.476562 0.011719
2 0.394531 0.017578 0.388672 0.017578 0.386719 0.019531 0.363281 0.019531 0.357422 0.023438 0.351562 0.033203 0.351562 0.050781 0.353516 0.052734 0.353516 0.074219 0.355469 0.076172 0.355469 0.080078 0.359375 0.083984 0.373047 0.083984 0.375000 0.085938 0.375000 0.091797 0.375000 0.080078 0.384766 0.070312 0.386719 0.064453 0.396484 0.056641 0.396484 0.019531
2 0.279297 0.023438 0.263672 0.023438 0.240234 0.029297 0.214844 0.031250 0.212891 0.056641 0.216797 0.064453 0.216797 0.074219 0.222656 0.080078 0.240234 0.087891 0.251953 0.099609 0.275391 0.097656 0.283203 0.089844 0.298828 0.083984 0.296875 0.062500 0.292969 0.070312 0.296875 0.074219 0.294922 0.076172 0.289062 0.074219 0.285156 0.029297
2 0.841797 0.037109 0.837891 0.031250 0.833984 0.031250 0.832031 0.033203 0.800781 0.033203 0.798828 0.035156 0.791016 0.035156 0.789062 0.037109 0.789062 0.046875 0.791016 0.048828 0.791016 0.056641 0.792969 0.058594 0.812500 0.058594 0.814453 0.056641 0.820312 0.056641 0.822266 0.054688 0.824219 0.056641 0.826172 0.054688 0.835938 0.054688 0.837891 0.052734 0.841797 0.052734 0.843750 0.050781 0.843750 0.046875 0.841797 0.044922
2 0.189453 0.041016 0.173828 0.039062 0.171875 0.041016 0.146484 0.041016 0.144531 0.042969 0.134766 0.042969 0.130859 0.044922 0.130859 0.052734 0.134766 0.064453 0.134766 0.076172 0.138672 0.087891 0.138672 0.099609 0.140625 0.101562 0.140625 0.117188 0.142578 0.119141 0.167969 0.117188 0.169922 0.115234 0.193359 0.115234 0.195312 0.113281 0.195312 0.103516 0.193359 0.101562 0.193359 0.054688 0.191406 0.052734 0.193359 0.044922
2 0.982422 0.093750 0.970703 0.091797 0.923828 0.097656 0.878906 0.097656 0.843750 0.101562 0.841797 0.123047 0.847656 0.152344 0.851562 0.156250 0.880859 0.156250 0.935547 0.148438 0.984375 0.146484 0.986328 0.140625
2 0.376953 0.097656 0.375000 0.097656 0.367188 0.105469 0.365234 0.103516 0.361328 0.103516 0.363281 0.105469 0.375000 0.105469 0.375000 0.103516 0.376953 0.101562
2 0.560547 0.115234 0.542969 0.115234 0.541016 0.117188 0.531250 0.119141 0.531250 0.123047 0.529297 0.125000 0.531250 0.128906 0.527344 0.132812 0.513672 0.132812 0.507812 0.140625 0.507812 0.154297 0.501953 0.162109 0.501953 0.169922 0.507812 0.177734 0.513672 0.181641 0.556641 0.181641 0.560547 0.179688 0.562500 0.175781 0.562500 0.166016 0.566406 0.160156 0.564453 0.158203 0.564453 0.140625 0.562500 0.138672 0.562500 0.123047 0.564453 0.119141
2 0.732422 0.119141 0.732422 0.132812 0.734375 0.134766 0.734375 0.146484 0.736328 0.148438 0.736328 0.152344 0.738281 0.154297 0.738281 0.162109 0.740234 0.164062 0.755859 0.164062 0.757812 0.162109 0.769531 0.162109 0.771484 0.160156 0.781250 0.160156 0.783203 0.158203 0.783203 0.154297 0.781250 0.152344 0.781250 0.146484 0.779297 0.144531 0.779297 0.136719 0.777344 0.134766 0.777344 0.130859 0.773438 0.123047 0.773438 0.117188 0.769531 0.115234 0.738281 0.115234
2 0.380859 0.136719 0.382812 0.175781 0.431641 0.171875 0.437500 0.162109 0.439453 0.164062 0.437500 0.185547 0.441406 0.199219 0.490234 0.187500 0.488281 0.146484 0.482422 0.140625 0.464844 0.140625 0.451172 0.154297 0.439453 0.156250 0.435547 0.162109 0.429688 0.138672 0.408203 0.134766 0.396484 0.136719 0.392578 0.134766 0.384766 0.138672
2 0.359375 0.144531 0.289062 0.148438 0.273438 0.171875 0.269531 0.162109 0.251953 0.164062 0.248047 0.158203 0.193359 0.164062 0.193359 0.183594 0.240234 0.183594 0.246094 0.226562 0.246094 0.216797 0.265625 0.222656 0.253906 0.228516 0.263672 0.228516 0.263672 0.234375 0.236328 0.248047 0.236328 0.271484 0.212891 0.271484 0.214844 0.296875 0.238281 0.294922 0.238281 0.269531 0.246094 0.289062 0.378906 0.263672 0.371094 0.226562 0.335938 0.222656 0.337891 0.216797 0.341797 0.222656 0.367188 0.220703
2 0.996094 0.166016 0.970703 0.166016 0.968750 0.167969 0.939453 0.167969 0.937500 0.169922 0.937500 0.183594 0.939453 0.185547 0.939453 0.191406 0.941406 0.193359 0.941406 0.199219 0.945312 0.205078 0.968750 0.205078 0.970703 0.203125 0.994141 0.203125 0.998047 0.201172 0.998047 0.191406 0.996094 0.189453
2 0.826172 0.181641 0.822266 0.177734 0.802734 0.177734 0.800781 0.179688 0.769531 0.179688 0.765625 0.183594 0.765625 0.201172 0.769531 0.208984 0.769531 0.214844 0.771484 0.216797 0.789062 0.216797 0.791016 0.214844 0.826172 0.214844 0.828125 0.212891 0.828125 0.208984 0.826172 0.207031 0.826172 0.193359 0.824219 0.191406 0.824219 0.183594
2 0.835938 0.181641 0.837891 0.183594 0.837891 0.212891 0.839844 0.214844 0.876953 0.214844 0.878906 0.212891 0.890625 0.212891 0.892578 0.210938 0.892578 0.193359 0.890625 0.191406 0.890625 0.183594 0.892578 0.181641 0.888672 0.175781 0.849609 0.175781 0.847656 0.177734 0.839844 0.177734
2 0.660156 0.201172 0.658203 0.205078 0.658203 0.310547 0.662109 0.312500 0.701172 0.312500 0.703125 0.310547 0.714844 0.312500 0.720703 0.310547 0.714844 0.199219 0.710938 0.195312 0.675781 0.195312
2 0.587891 0.203125 0.583984 0.210938 0.583984 0.218750 0.587891 0.226562 0.585938 0.250000 0.587891 0.316406 0.593750 0.322266 0.599609 0.322266 0.605469 0.318359 0.652344 0.314453 0.652344 0.283203 0.646484 0.253906 0.646484 0.210938 0.648438 0.208984 0.646484 0.203125 0.642578 0.201172
2 0.998047 0.214844 0.996094 0.214844 0.992188 0.210938 0.990234 0.212891 0.984375 0.212891 0.982422 0.214844 0.974609 0.214844 0.972656 0.216797 0.953125 0.216797 0.951172 0.218750 0.941406 0.218750 0.939453 0.222656 0.939453 0.234375 0.941406 0.236328 0.941406 0.246094 0.943359 0.248047 0.943359 0.253906 0.945312 0.255859 0.951172 0.255859 0.958984 0.251953 0.998047 0.251953
2 0.832031 0.222656 0.818359 0.220703 0.771484 0.224609 0.769531 0.248047 0.775391 0.269531 0.779297 0.273438 0.775391 0.277344 0.777344 0.310547 0.833984 0.310547 0.833984 0.271484 0.806641 0.271484 0.789062 0.275391 0.779297 0.273438 0.781250 0.269531 0.785156 0.269531 0.781250 0.265625 0.787109 0.261719 0.826172 0.261719 0.832031 0.265625
2 0.839844 0.222656 0.839844 0.250000 0.845703 0.261719 0.880859 0.261719 0.882812 0.259766 0.898438 0.259766 0.900391 0.257812 0.894531 0.246094 0.894531 0.226562 0.892578 0.222656 0.855469 0.222656 0.853516 0.220703 0.841797 0.220703
2 0.468750 0.263672 0.464844 0.267578 0.462891 0.277344 0.457031 0.289062 0.457031 0.296875 0.458984 0.298828 0.458984 0.302734 0.460938 0.304688 0.460938 0.308594 0.462891 0.312500 0.470703 0.312500 0.472656 0.314453 0.476562 0.312500 0.492188 0.312500 0.494141 0.314453 0.498047 0.314453 0.501953 0.310547 0.501953 0.300781 0.500000 0.298828 0.501953 0.296875 0.501953 0.285156 0.500000 0.283203 0.500000 0.271484 0.498047 0.269531 0.498047 0.263672 0.496094 0.261719 0.472656 0.261719
2 0.943359 0.267578 0.943359 0.298828 0.945312 0.300781 0.949219 0.300781 0.951172 0.302734 0.998047 0.302734 0.998047 0.263672 0.966797 0.263672 0.964844 0.265625 0.945312 0.265625
2 0.908203 0.271484 0.904297 0.267578 0.900391 0.267578 0.898438 0.265625 0.892578 0.265625 0.890625 0.267578 0.855469 0.267578 0.853516 0.269531 0.849609 0.267578 0.845703 0.271484 0.845703 0.279297 0.843750 0.281250 0.843750 0.308594 0.845703 0.310547 0.865234 0.310547 0.867188 0.308594 0.878906 0.308594 0.880859 0.306641 0.886719 0.306641 0.888672 0.304688 0.894531 0.304688 0.896484 0.302734 0.902344 0.302734 0.908203 0.298828
2 0.566406 0.279297 0.564453 0.277344 0.554688 0.277344 0.552734 0.279297 0.521484 0.279297 0.517578 0.281250 0.505859 0.291016 0.505859 0.322266 0.507812 0.326172 0.513672 0.326172 0.515625 0.328125 0.546875 0.328125 0.548828 0.326172 0.562500 0.326172 0.564453 0.324219 0.568359 0.324219 0.568359 0.298828 0.566406 0.296875
2 0.941406 0.357422 0.945312 0.414062 0.949219 0.417969 0.986328 0.419922 0.998047 0.412109 0.998047 0.353516 0.958984 0.353516 0.957031 0.355469 0.947266 0.355469 0.945312 0.357422
2 0.822266 0.361328 0.820312 0.359375 0.806641 0.357422 0.804688 0.359375 0.781250 0.359375 0.771484 0.363281 0.761719 0.363281 0.759766 0.365234 0.750000 0.365234 0.744141 0.369141 0.746094 0.378906 0.751953 0.380859 0.751953 0.402344 0.748047 0.406250 0.750000 0.412109 0.753906 0.416016 0.822266 0.414062 0.826172 0.410156 0.824219 0.404297
2 0.843750 0.361328 0.845703 0.363281 0.845703 0.371094 0.849609 0.369141 0.847656 0.365234 0.849609 0.363281 0.853516 0.363281 0.857422 0.367188 0.859375 0.386719 0.861328 0.388672 0.861328 0.414062 0.865234 0.416016 0.871094 0.416016 0.873047 0.414062 0.906250 0.414062 0.910156 0.410156 0.912109 0.400391 0.910156 0.398438 0.908203 0.361328 0.906250 0.359375 0.898438 0.359375 0.896484 0.357422 0.859375 0.357422 0.851562 0.361328 0.849609 0.359375
2 0.669922 0.369141 0.669922 0.394531 0.671875 0.396484 0.671875 0.417969 0.673828 0.419922 0.720703 0.417969 0.722656 0.416016 0.740234 0.416016 0.742188 0.414062 0.742188 0.384766 0.740234 0.382812 0.740234 0.367188 0.738281 0.365234 0.734375 0.365234 0.732422 0.363281 0.697266 0.363281 0.695312 0.365234 0.675781 0.365234
2 0.652344 0.371094 0.638672 0.367188 0.623047 0.367188 0.603516 0.371094 0.560547 0.371094 0.525391 0.376953 0.521484 0.386719 0.523438 0.425781 0.546875 0.427734 0.591797 0.421875 0.654297 0.419922 0.656250 0.402344
2 0.511719 0.382812 0.507812 0.376953 0.460938 0.376953 0.382812 0.386719 0.388672 0.435547 0.404297 0.437500 0.414062 0.433594 0.511719 0.429688 0.513672 0.427734
2 0.281250 0.390625 0.283203 0.431641 0.287109 0.441406 0.357422 0.441406 0.359375 0.439453 0.373047 0.439453 0.375000 0.429688 0.371094 0.416016 0.371094 0.388672 0.369141 0.386719 0.306641 0.386719 0.304688 0.388672 0.285156 0.388672
2 0.765625 0.431641 0.763672 0.431641 0.761719 0.429688 0.755859 0.429688 0.753906 0.431641 0.742188 0.431641 0.740234 0.433594 0.734375 0.433594 0.732422 0.435547 0.730469 0.435547 0.726562 0.439453 0.726562 0.466797 0.761719 0.466797 0.765625 0.462891
2 0.673828 0.441406 0.671875 0.443359 0.671875 0.464844 0.673828 0.466797 0.673828 0.482422 0.677734 0.486328 0.677734 0.490234 0.691406 0.490234 0.693359 0.488281 0.703125 0.488281 0.705078 0.486328 0.710938 0.486328 0.714844 0.480469 0.714844 0.466797 0.712891 0.464844 0.712891 0.443359 0.708984 0.439453 0.677734 0.439453 0.675781 0.441406
2 0.271484 0.484375 0.273438 0.486328 0.359375 0.484375 0.371094 0.480469 0.382812 0.480469 0.388672 0.474609 0.390625 0.462891 0.388672 0.458984 0.322266 0.458984 0.312500 0.462891 0.273438 0.460938 0.271484 0.462891
2 0.998047 0.476562 0.994141 0.476562 0.986328 0.482422 0.964844 0.482422 0.962891 0.480469 0.953125 0.482422 0.884766 0.482422 0.882812 0.484375 0.882812 0.519531 0.886719 0.525391 0.929688 0.523438 0.953125 0.519531 0.998047 0.521484
2 0.267578 0.503906 0.271484 0.535156 0.304688 0.537109 0.296875 0.541016 0.300781 0.582031 0.314453 0.599609 0.373047 0.599609 0.378906 0.593750 0.380859 0.574219 0.386719 0.587891 0.435547 0.583984 0.431641 0.533203 0.388672 0.535156 0.382812 0.541016 0.380859 0.554688 0.371094 0.535156 0.345703 0.533203 0.365234 0.527344 0.361328 0.513672 0.335938 0.511719 0.324219 0.500000
2 0.623047 0.519531 0.605469 0.513672 0.576172 0.515625 0.572266 0.527344 0.568359 0.515625 0.513672 0.517578 0.507812 0.519531 0.503906 0.525391 0.503906 0.554688 0.533203 0.558594 0.566406 0.554688 0.570312 0.535156 0.572266 0.544922 0.585938 0.558594 0.587891 0.564453 0.615234 0.568359 0.615234 0.564453 0.621094 0.562500 0.623047 0.556641
2 0.701172 0.531250 0.697266 0.535156 0.697266 0.544922 0.695312 0.546875 0.695312 0.572266 0.699219 0.576172 0.708984 0.576172 0.710938 0.578125 0.730469 0.578125 0.730469 0.546875 0.734375 0.541016 0.734375 0.535156 0.728516 0.531250
2 0.787109 0.546875 0.761719 0.546875 0.759766 0.552734 0.759766 0.582031 0.761719 0.585938 0.753906 0.595703 0.748047 0.613281 0.750000 0.650391 0.751953 0.656250 0.759766 0.658203 0.767578 0.650391 0.785156 0.646484 0.791016 0.634766 0.787109 0.621094 0.787109 0.611328 0.785156 0.609375 0.785156 0.597656 0.781250 0.589844 0.785156 0.574219
2 0.945312 0.554688 0.945312 0.558594 0.943359 0.560547 0.943359 0.572266 0.941406 0.574219 0.943359 0.576172 0.943359 0.582031 0.945312 0.583984 0.945312 0.585938 0.947266 0.585938 0.949219 0.587891 0.968750 0.587891 0.972656 0.591797 0.976562 0.591797 0.978516 0.593750 0.980469 0.591797 0.980469 0.587891 0.982422 0.585938 0.982422 0.582031 0.980469 0.580078 0.980469 0.572266 0.978516 0.570312 0.980469 0.568359 0.978516 0.566406 0.978516 0.560547 0.976562 0.558594 0.976562 0.554688 0.972656 0.550781 0.964844 0.550781 0.962891 0.552734 0.949219 0.552734 0.947266 0.554688
2 0.308594 0.595703 0.302734 0.589844 0.298828 0.589844 0.296875 0.587891 0.294922 0.589844 0.279297 0.589844 0.277344 0.591797 0.263672 0.591797 0.261719 0.593750 0.251953 0.593750 0.250000 0.595703 0.246094 0.595703 0.242188 0.599609 0.242188 0.603516 0.244141 0.605469 0.244141 0.619141 0.246094 0.623047 0.265625 0.623047 0.267578 0.621094 0.273438 0.621094 0.275391 0.619141 0.291016 0.619141 0.296875 0.613281 0.298828 0.607422 0.308594 0.599609
2 0.669922 0.589844 0.646484 0.589844 0.628906 0.595703 0.625000 0.599609 0.625000 0.605469 0.623047 0.607422 0.623047 0.623047 0.625000 0.626953 0.623047 0.628906 0.626953 0.634766 0.619141 0.642578 0.619141 0.662109 0.625000 0.675781 0.648438 0.675781 0.650391 0.673828 0.664062 0.673828 0.667969 0.671875 0.669922 0.667969 0.671875 0.640625 0.669922 0.636719 0.664062 0.636719 0.662109 0.634766 0.667969 0.632812 0.671875 0.626953 0.671875 0.591797
2 0.869141 0.595703 0.861328 0.595703 0.859375 0.597656 0.859375 0.601562 0.857422 0.603516 0.855469 0.603516 0.849609 0.607422 0.845703 0.607422 0.843750 0.609375 0.843750 0.634766 0.845703 0.636719 0.849609 0.636719 0.851562 0.638672 0.853516 0.638672 0.855469 0.636719 0.861328 0.636719 0.869141 0.628906 0.869141 0.615234 0.871094 0.613281 0.871094 0.605469 0.867188 0.599609 0.867188 0.597656
2 0.498047 0.607422 0.498047 0.611328 0.500000 0.613281 0.500000 0.636719 0.509766 0.636719 0.511719 0.634766 0.521484 0.634766 0.523438 0.632812 0.527344 0.632812 0.527344 0.628906 0.531250 0.623047 0.531250 0.609375 0.527344 0.609375 0.525391 0.607422 0.519531 0.607422 0.517578 0.605469 0.500000 0.605469
2 0.449219 0.628906 0.439453 0.628906 0.427734 0.638672 0.406250 0.638672 0.404297 0.640625 0.398438 0.640625 0.394531 0.644531 0.396484 0.669922 0.398438 0.671875 0.398438 0.677734 0.402344 0.683594 0.445312 0.681641 0.447266 0.679688 0.453125 0.679688 0.460938 0.675781 0.457031 0.667969 0.457031 0.658203 0.455078 0.656250 0.455078 0.638672 0.453125 0.636719 0.453125 0.632812
2 0.968750 0.644531 0.960938 0.644531 0.943359 0.652344 0.941406 0.650391 0.937500 0.652344 0.935547 0.650391 0.927734 0.654297 0.927734 0.658203 0.931641 0.666016 0.933594 0.681641 0.935547 0.683594 0.935547 0.693359 0.937500 0.695312 0.947266 0.695312 0.953125 0.703125 0.953125 0.710938 0.966797 0.710938 0.968750 0.708984 0.974609 0.708984 0.974609 0.683594 0.972656 0.681641 0.972656 0.662109 0.970703 0.660156 0.970703 0.646484
2 0.380859 0.664062 0.349609 0.664062 0.322266 0.671875 0.283203 0.669922 0.242188 0.673828 0.242188 0.701172 0.250000 0.712891 0.251953 0.732422 0.271484 0.734375 0.324219 0.728516 0.322266 0.720703 0.330078 0.714844 0.355469 0.710938 0.384766 0.710938
2 0.542969 0.681641 0.539062 0.677734 0.535156 0.677734 0.531250 0.673828 0.531250 0.669922 0.527344 0.666016 0.519531 0.666016 0.517578 0.667969 0.503906 0.667969 0.501953 0.669922 0.501953 0.677734 0.503906 0.679688 0.503906 0.695312 0.507812 0.699219 0.511719 0.699219 0.513672 0.697266 0.525391 0.697266 0.527344 0.695312 0.533203 0.695312 0.535156 0.693359 0.539062 0.693359 0.542969 0.689453
2 0.847656 0.677734 0.845703 0.679688 0.843750 0.677734 0.841797 0.679688 0.837891 0.679688 0.835938 0.681641 0.833984 0.679688 0.826172 0.679688 0.824219 0.681641 0.822266 0.679688 0.820312 0.681641 0.818359 0.681641 0.818359 0.701172 0.820312 0.703125 0.824219 0.703125 0.824219 0.699219 0.826172 0.697266 0.826172 0.693359 0.828125 0.691406 0.832031 0.695312 0.832031 0.714844 0.835938 0.720703 0.849609 0.720703 0.849609 0.718750 0.851562 0.716797 0.849609 0.714844 0.849609 0.687500 0.847656 0.685547
2 0.771484 0.687500 0.773438 0.689453 0.775391 0.697266 0.783203 0.705078 0.783203 0.712891 0.785156 0.714844 0.785156 0.748047 0.787109 0.750000 0.787109 0.753906 0.802734 0.753906 0.802734 0.750000 0.806641 0.742188 0.806641 0.736328 0.808594 0.734375 0.808594 0.720703 0.806641 0.718750 0.806641 0.693359 0.804688 0.689453 0.800781 0.687500 0.791016 0.687500 0.789062 0.689453 0.787109 0.687500 0.779297 0.687500 0.777344 0.689453 0.775391 0.687500
2 0.861328 0.730469 0.857422 0.736328 0.857422 0.740234 0.851562 0.751953 0.851562 0.755859 0.853516 0.757812 0.853516 0.763672 0.857422 0.767578 0.857422 0.781250 0.859375 0.783203 0.859375 0.787109 0.863281 0.789062 0.871094 0.785156 0.880859 0.785156 0.882812 0.783203 0.890625 0.783203 0.892578 0.781250 0.894531 0.783203 0.898438 0.781250 0.900391 0.773438 0.898438 0.771484 0.898438 0.744141 0.896484 0.742188 0.896484 0.738281 0.894531 0.736328 0.878906 0.736328 0.871094 0.730469
2 0.472656 0.757812 0.455078 0.755859 0.441406 0.757812 0.412109 0.773438 0.406250 0.773438 0.404297 0.779297 0.406250 0.814453 0.402344 0.847656 0.408203 0.871094 0.414062 0.873047 0.490234 0.865234 0.492188 0.855469 0.486328 0.791016 0.474609 0.771484
2 0.917969 0.798828 0.902344 0.798828 0.900391 0.800781 0.882812 0.802734 0.871094 0.812500 0.869141 0.816406 0.869141 0.857422 0.871094 0.859375 0.871094 0.869141 0.873047 0.873047 0.876953 0.875000 0.906250 0.873047 0.908203 0.871094 0.917969 0.871094 0.923828 0.865234 0.923828 0.859375 0.925781 0.857422 0.923828 0.853516 0.923828 0.812500 0.921875 0.810547 0.921875 0.804688
2 0.816406 0.814453 0.777344 0.818359 0.769531 0.824219 0.771484 0.839844 0.769531 0.841797 0.769531 0.853516 0.765625 0.863281 0.765625 0.892578 0.783203 0.894531 0.791016 0.898438 0.796875 0.898438 0.798828 0.896484 0.816406 0.896484 0.818359 0.894531 0.818359 0.888672 0.816406 0.886719 0.816406 0.841797 0.814453 0.835938 0.818359 0.832031 0.820312 0.820312
2 0.716797 0.833984 0.712891 0.832031 0.687500 0.832031 0.677734 0.835938 0.667969 0.835938 0.666016 0.837891 0.654297 0.837891 0.648438 0.841797 0.650391 0.873047 0.654297 0.876953 0.658203 0.886719 0.662109 0.888672 0.675781 0.888672 0.677734 0.886719 0.701172 0.886719 0.707031 0.888672 0.708984 0.886719 0.708984 0.878906 0.712891 0.875000 0.716797 0.878906 0.718750 0.884766 0.718750 0.867188 0.716797 0.865234 0.716797 0.851562 0.714844 0.849609
2 0.609375 0.859375 0.609375 0.914062 0.607422 0.916016 0.609375 0.919922 0.605469 0.929688 0.607422 0.960938 0.615234 0.988281 0.619141 0.992188 0.628906 0.994141 0.638672 0.990234 0.646484 0.990234 0.650391 0.986328 0.650391 0.939453 0.648438 0.929688 0.642578 0.921875 0.642578 0.875000 0.640625 0.867188 0.634766 0.861328
2 0.427734 0.888672 0.417969 0.886719 0.400391 0.890625 0.396484 0.888672 0.359375 0.888672 0.351562 0.892578 0.351562 0.912109 0.357422 0.931641 0.357422 0.968750 0.361328 0.978516 0.398438 0.974609 0.400391 0.968750 0.406250 0.976562 0.421875 0.976562 0.431641 0.972656 0.433594 0.968750 0.431641 0.900391
2 0.658203 0.898438 0.656250 0.900391 0.656250 0.908203 0.658203 0.910156 0.658203 0.937500 0.660156 0.939453 0.660156 0.947266 0.662109 0.949219 0.662109 0.953125 0.667969 0.949219 0.681641 0.949219 0.683594 0.947266 0.689453 0.947266 0.691406 0.949219 0.693359 0.947266 0.697266 0.947266 0.697266 0.919922 0.695312 0.917969 0.695312 0.910156 0.689453 0.898438 0.685547 0.896484 0.666016 0.896484 0.664062 0.898438
2 0.826172 0.898438 0.822266 0.902344 0.822266 0.906250 0.820312 0.908203 0.820312 0.935547 0.824219 0.939453 0.824219 0.941406 0.826172 0.943359 0.853516 0.943359 0.855469 0.941406 0.861328 0.941406 0.863281 0.939453 0.863281 0.935547 0.861328 0.933594 0.861328 0.904297 0.859375 0.902344 0.859375 0.898438 0.857422 0.898438 0.855469 0.896484 0.830078 0.896484 0.828125 0.898438
2 0.322266 0.906250 0.312500 0.906250 0.304688 0.900391 0.292969 0.900391 0.291016 0.902344 0.275391 0.904297 0.273438 0.906250 0.261719 0.906250 0.257812 0.912109 0.259766 0.914062 0.259766 0.945312 0.261719 0.947266 0.261719 0.960938 0.267578 0.964844 0.279297 0.964844 0.289062 0.960938 0.318359 0.960938 0.320312 0.958984 0.324219 0.958984
2 0.798828 0.912109 0.796875 0.914062 0.796875 0.921875 0.794922 0.923828 0.794922 0.927734 0.796875 0.929688 0.796875 0.937500 0.798828 0.939453 0.798828 0.960938 0.800781 0.962891 0.814453 0.962891 0.816406 0.960938 0.816406 0.914062 0.814453 0.912109
2 0.500000 0.931641 0.498047 0.937500 0.498047 0.970703 0.503906 0.980469 0.507812 0.978516 0.511719 0.982422 0.511719 0.990234 0.515625 0.992188 0.550781 0.992188 0.560547 0.998047 0.574219 0.998047 0.576172 0.996094 0.580078 0.980469 0.578125 0.978516 0.580078 0.976562 0.580078 0.958984 0.578125 0.957031 0.576172 0.939453 0.570312 0.927734 0.566406 0.925781 0.519531 0.923828 0.509766 0.929688
4 0.400391 0.779297 0.394531 0.783203 0.396484 0.792969 0.384766 0.798828 0.378906 0.789062 0.388672 0.783203 0.375000 0.777344 0.376953 0.765625 0.369141 0.757812 0.320312 0.761719 0.296875 0.771484 0.257812 0.769531 0.261719 0.898438 0.267578 0.888672 0.275391 0.892578 0.271484 0.898438 0.279297 0.898438 0.279297 0.888672 0.310547 0.886719 0.316406 0.898438 0.357422 0.884766 0.400391 0.882812 0.404297 0.873047
5 0.015625 0.001953 0.171875 0.265625 0.238281 0.998047 0.253906 0.767578 0.998047 0.632812 0.250000 0.748047 0.158203 0.166016 0.998047 0.044922 0.154297 0.146484
5 0.998047 0.328125 0.539062 0.332031 0.431641 0.355469 0.273438 0.353516 0.253906 0.367188 0.265625 0.378906 0.400391 0.378906 0.541016 0.353516 0.822266 0.357422 0.988281 0.345703
5 0.998047 0.933594 0.986328 0.929688 0.974609 0.935547 0.898438 0.935547 0.810547 0.966797 0.802734 0.964844 0.775391 0.972656 0.757812 0.982422 0.751953 0.992188 0.753906 0.998047 0.775391 0.998047 0.902344 0.957031 0.968750 0.955078 0.984375 0.958984 0.998047 0.953125
