0 0.119141 0.000000 0.099609 0.048828 0.119141 0.128906 0.058594 0.125000 0.041016 0.142578 0.044922 0.177734 0.076172 0.220703 0.072266 0.271484 0.101562 0.328125 0.070312 0.398438 0.062500 0.517578 0.093750 0.550781 0.166016 0.582031 0.367188 0.605469 0.388672 0.585938 0.380859 0.525391 0.429688 0.437500 0.404297 0.396484 0.416016 0.326172 0.400391 0.244141 0.416016 0.144531 0.410156 0.001953
0 0.445312 0.001953 0.445312 0.021484 0.462891 0.044922 0.501953 0.048828 0.496094 0.058594 0.501953 0.083984 0.531250 0.085938 0.513672 0.101562 0.515625 0.121094 0.529297 0.136719 0.544922 0.134766 0.554688 0.121094 0.595703 0.134766 0.615234 0.115234 0.623047 0.099609 0.621094 0.083984 0.574219 0.050781 0.560547 0.050781 0.548828 0.058594 0.523438 0.033203 0.521484 0.000000
0 0.574219 0.185547 0.544922 0.236328 0.550781 0.279297 0.529297 0.263672 0.494141 0.267578 0.486328 0.279297 0.509766 0.306641 0.550781 0.294922 0.554688 0.324219 0.519531 0.345703 0.527344 0.445312 0.546875 0.490234 0.546875 0.576172 0.558594 0.585938 0.550781 0.603516 0.578125 0.611328 0.568359 0.617188 0.589844 0.646484 0.597656 0.636719 0.603516 0.654297 0.632812 0.660156 0.632812 0.392578 0.646484 0.388672 0.671875 0.410156 0.708984 0.404297 0.712891 0.347656 0.695312 0.330078 0.652344 0.326172 0.615234 0.296875 0.619141 0.279297 0.652344 0.269531 0.654297 0.242188 0.628906 0.195312
0 0.544922 0.601562 0.542969 0.603516 0.544922 0.603516
0 0.539062 0.621094 0.539062 0.623047 0.541016 0.623047
0 0.162109 0.640625 0.164062 0.701172 0.181641 0.714844 0.208984 0.714844 0.201172 0.732422 0.216797 0.755859 0.238281 0.755859 0.250000 0.742188 0.228516 0.712891 0.267578 0.708984 0.292969 0.687500 0.298828 0.710938 0.314453 0.703125 0.322266 0.710938 0.328125 0.699219 0.343750 0.716797 0.271484 0.716797 0.269531 0.783203 0.314453 0.800781 0.322266 0.824219 0.343750 0.837891 0.375000 0.832031 0.386719 0.759766 0.369141 0.726562 0.351562 0.716797 0.365234 0.703125 0.369141 0.660156 0.361328 0.648438 0.326172 0.650391 0.316406 0.638672 0.246094 0.628906
0 0.078125 0.646484 0.078125 0.650391 0.076172 0.652344 0.078125 0.654297 0.078125 0.658203 0.091797 0.669922 0.095703 0.669922 0.097656 0.671875 0.101562 0.671875 0.103516 0.669922 0.107422 0.669922 0.109375 0.667969 0.111328 0.667969 0.119141 0.660156 0.119141 0.656250 0.121094 0.654297 0.121094 0.652344 0.119141 0.650391 0.119141 0.646484 0.113281 0.640625 0.109375 0.640625 0.107422 0.638672 0.097656 0.638672 0.095703 0.640625 0.093750 0.638672 0.089844 0.638672 0.087891 0.640625 0.083984 0.640625
0 0.619141 0.658203 0.582031 0.669922 0.509766 0.675781 0.515625 0.734375 0.507812 0.775391 0.519531 0.794922 0.529297 0.974609 0.501953 0.998047 0.669922 0.998047 0.654297 0.849609 0.636719 0.800781 0.634766 0.671875
0 0.103516 0.689453 0.097656 0.695312 0.097656 0.699219 0.095703 0.701172 0.097656 0.703125 0.097656 0.707031 0.113281 0.724609 0.117188 0.724609 0.119141 0.726562 0.121094 0.726562 0.123047 0.724609 0.126953 0.724609 0.134766 0.716797 0.134766 0.714844 0.136719 0.712891 0.136719 0.708984 0.138672 0.707031 0.136719 0.705078 0.136719 0.701172 0.130859 0.695312 0.126953 0.695312 0.125000 0.693359 0.123047 0.695312 0.117188 0.689453 0.113281 0.689453 0.111328 0.687500 0.109375 0.687500 0.107422 0.689453
0 0.095703 0.740234 0.095703 0.744141 0.093750 0.746094 0.093750 0.748047 0.095703 0.750000 0.095703 0.753906 0.101562 0.759766 0.105469 0.759766 0.107422 0.761719 0.109375 0.761719 0.111328 0.763672 0.115234 0.763672 0.117188 0.765625 0.123047 0.765625 0.125000 0.763672 0.128906 0.763672 0.134766 0.757812 0.134766 0.753906 0.136719 0.751953 0.134766 0.750000 0.134766 0.746094 0.128906 0.740234 0.125000 0.740234 0.123047 0.738281 0.121094 0.738281 0.115234 0.734375 0.111328 0.734375 0.109375 0.732422 0.107422 0.732422 0.105469 0.734375 0.101562 0.734375
0 0.099609 0.818359 0.101562 0.820312 0.101562 0.824219 0.107422 0.830078 0.109375 0.830078 0.111328 0.832031 0.115234 0.832031 0.117188 0.833984 0.119141 0.833984 0.121094 0.832031 0.128906 0.832031 0.130859 0.830078 0.134766 0.830078 0.140625 0.824219 0.140625 0.820312 0.142578 0.818359 0.140625 0.816406 0.140625 0.812500 0.134766 0.806641 0.130859 0.806641 0.128906 0.804688 0.121094 0.804688 0.119141 0.806641 0.117188 0.804688 0.113281 0.804688 0.111328 0.806641 0.107422 0.806641 0.101562 0.812500 0.101562 0.816406
0 0.335938 0.841797 0.333984 0.843750 0.330078 0.843750 0.324219 0.849609 0.324219 0.853516 0.322266 0.855469 0.324219 0.857422 0.324219 0.861328 0.332031 0.869141 0.332031 0.875000 0.333984 0.876953 0.333984 0.882812 0.324219 0.892578 0.324219 0.896484 0.322266 0.898438 0.324219 0.900391 0.324219 0.904297 0.330078 0.910156 0.343750 0.912109 0.353516 0.908203 0.361328 0.902344 0.375000 0.898438 0.382812 0.890625 0.382812 0.886719 0.384766 0.884766 0.382812 0.882812 0.382812 0.878906 0.376953 0.873047 0.373047 0.873047 0.371094 0.871094 0.367188 0.857422 0.357422 0.847656 0.345703 0.845703
0 0.058594 0.853516 0.058594 0.857422 0.056641 0.859375 0.058594 0.867188 0.064453 0.873047 0.074219 0.875000 0.078125 0.878906 0.080078 0.884766 0.095703 0.900391 0.099609 0.900391 0.101562 0.902344 0.111328 0.902344 0.113281 0.900391 0.117188 0.900391 0.125000 0.892578 0.128906 0.878906 0.119141 0.857422 0.111328 0.849609 0.107422 0.849609 0.099609 0.845703 0.087891 0.845703 0.085938 0.843750 0.082031 0.845703 0.080078 0.843750 0.076172 0.843750 0.074219 0.845703 0.064453 0.847656
2 0.025391 0.724609 0.025391 0.744141 0.029297 0.748047 0.060547 0.748047 0.062500 0.746094 0.068359 0.746094 0.072266 0.740234 0.072266 0.728516 0.070312 0.728516 0.068359 0.726562 0.064453 0.726562 0.058594 0.720703 0.029297 0.720703
2 0.181641 0.718750 0.177734 0.720703 0.173828 0.734375 0.175781 0.738281 0.173828 0.751953 0.175781 0.753906 0.175781 0.804688 0.171875 0.808594 0.173828 0.841797 0.183594 0.845703 0.205078 0.845703 0.210938 0.843750 0.210938 0.830078 0.218750 0.814453 0.218750 0.806641 0.210938 0.804688 0.224609 0.800781 0.224609 0.781250 0.216797 0.757812 0.199219 0.740234 0.201172 0.718750
2 0.025391 0.822266 0.025391 0.835938 0.029297 0.839844 0.035156 0.839844 0.037109 0.841797 0.056641 0.841797 0.058594 0.839844 0.058594 0.822266 0.037109 0.822266 0.035156 0.820312 0.027344 0.820312
4 0.542969 0.000000 0.550781 0.003906 0.550781 0.013672 0.548828 0.015625 0.548828 0.033203 0.550781 0.035156 0.550781 0.039062 0.544922 0.044922 0.541016 0.044922 0.539062 0.042969 0.541016 0.044922 0.574219 0.044922 0.572266 0.041016 0.572266 0.031250 0.574219 0.029297 0.574219 0.023438 0.582031 0.017578 0.593750 0.019531 0.591797 0.015625 0.564453 0.015625 0.558594 0.007812 0.554688 0.009766 0.546875 0.000000
4 0.685547 0.000000 0.687500 0.001953 0.689453 0.001953 0.695312 0.007812 0.695312 0.009766 0.693359 0.011719 0.689453 0.011719 0.689453 0.013672 0.691406 0.013672 0.693359 0.011719 0.701172 0.011719 0.703125 0.013672 0.705078 0.011719 0.703125 0.009766 0.701172 0.011719 0.695312 0.005859 0.697266 0.003906 0.697266 0.000000
4 0.433594 0.007812 0.435547 0.009766 0.433594 0.007812 0.431641 0.009766 0.427734 0.009766 0.429688 0.009766 0.431641 0.011719 0.431641 0.013672 0.429688 0.015625 0.423828 0.015625 0.423828 0.029297 0.421875 0.031250 0.421875 0.033203 0.423828 0.035156 0.423828 0.037109 0.421875 0.039062 0.421875 0.041016 0.423828 0.042969 0.423828 0.044922 0.421875 0.046875 0.423828 0.048828 0.423828 0.064453 0.425781 0.064453 0.427734 0.066406 0.427734 0.050781 0.429688 0.048828 0.429688 0.046875 0.425781 0.042969 0.425781 0.039062 0.431641 0.033203 0.431641 0.031250 0.429688 0.029297 0.431641 0.027344 0.431641 0.023438 0.433594 0.021484 0.437500 0.021484 0.441406 0.025391 0.441406 0.023438 0.439453 0.023438 0.435547 0.019531 0.435547 0.015625 0.433594 0.015625 0.431641 0.013672 0.431641 0.009766
4 0.640625 0.007812 0.636719 0.013672 0.634766 0.011719 0.634766 0.009766 0.632812 0.009766 0.632812 0.013672 0.628906 0.017578 0.630859 0.017578 0.632812 0.019531 0.628906 0.023438 0.611328 0.023438 0.609375 0.021484 0.597656 0.021484 0.603516 0.027344 0.607422 0.027344 0.609375 0.029297 0.615234 0.029297 0.617188 0.031250 0.619141 0.029297 0.625000 0.029297 0.626953 0.027344 0.632812 0.027344 0.634766 0.025391 0.636719 0.025391 0.636719 0.017578 0.638672 0.015625 0.638672 0.011719 0.640625 0.009766
4 0.451172 0.039062 0.453125 0.041016 0.453125 0.042969 0.455078 0.044922 0.457031 0.044922 0.460938 0.048828 0.457031 0.044922 0.455078 0.044922 0.453125 0.042969 0.453125 0.041016
4 0.578125 0.050781 0.580078 0.052734 0.582031 0.052734 0.585938 0.056641 0.585938 0.058594 0.587891 0.060547 0.593750 0.060547 0.591797 0.060547 0.589844 0.058594 0.587891 0.058594 0.580078 0.050781
4 0.496094 0.054688 0.492188 0.054688 0.492188 0.056641 0.494141 0.058594 0.496094 0.056641
4 0.617188 0.074219 0.619141 0.076172 0.628906 0.076172 0.636719 0.082031 0.636719 0.087891 0.638672 0.089844 0.634766 0.093750 0.636719 0.097656 0.632812 0.101562 0.626953 0.101562 0.625000 0.103516 0.626953 0.105469 0.621094 0.109375 0.621094 0.111328 0.628906 0.107422 0.634766 0.107422 0.634766 0.103516 0.638672 0.099609 0.648438 0.099609 0.650391 0.101562 0.654297 0.101562 0.654297 0.095703 0.656250 0.093750 0.658203 0.093750 0.660156 0.095703 0.660156 0.099609 0.664062 0.101562 0.664062 0.107422 0.667969 0.107422 0.667969 0.097656 0.658203 0.093750 0.658203 0.091797 0.652344 0.085938 0.648438 0.074219 0.646484 0.074219 0.640625 0.068359 0.630859 0.068359 0.626953 0.070312 0.623047 0.076172
4 0.509766 0.093750 0.511719 0.095703 0.511719 0.093750
4 0.511719 0.123047 0.511719 0.125000 0.513672 0.126953 0.515625 0.126953
4 0.609375 0.125000 0.607422 0.125000 0.607422 0.126953 0.599609 0.134766 0.597656 0.134766 0.595703 0.136719 0.593750 0.136719 0.595703 0.136719 0.597656 0.134766 0.599609 0.134766 0.601562 0.132812 0.603516 0.132812 0.609375 0.126953
4 0.589844 0.138672 0.562500 0.130859 0.544922 0.140625 0.527344 0.140625 0.521484 0.132812 0.525391 0.140625 0.554688 0.156250 0.558594 0.183594 0.542969 0.199219 0.531250 0.201172 0.533203 0.208984 0.527344 0.216797 0.521484 0.208984 0.521484 0.195312 0.513672 0.197266 0.519531 0.199219 0.517578 0.203125 0.505859 0.201172 0.503906 0.167969 0.507812 0.166016 0.501953 0.156250 0.496094 0.166016 0.501953 0.175781 0.496094 0.181641 0.503906 0.183594 0.500000 0.187500 0.501953 0.199219 0.482422 0.207031 0.517578 0.207031 0.537109 0.236328 0.552734 0.212891 0.548828 0.207031 0.554688 0.193359 0.566406 0.181641 0.572266 0.183594 0.574219 0.177734 0.578125 0.183594 0.591797 0.185547 0.580078 0.175781 0.578125 0.154297 0.580078 0.142578
4 0.488281 0.164062 0.488281 0.166016 0.490234 0.166016 0.490234 0.164062
4 0.601562 0.193359 0.603516 0.195312 0.605469 0.195312 0.607422 0.193359 0.617188 0.193359 0.619141 0.191406 0.621094 0.191406 0.623047 0.193359 0.628906 0.193359 0.636719 0.201172 0.638672 0.201172 0.634766 0.197266 0.634766 0.195312 0.632812 0.195312 0.630859 0.193359 0.626953 0.193359 0.625000 0.191406 0.617188 0.191406 0.615234 0.193359
4 0.468750 0.208984 0.476562 0.208984 0.476562 0.207031 0.478516 0.205078 0.476562 0.203125 0.468750 0.203125
4 0.640625 0.205078 0.640625 0.207031 0.642578 0.208984 0.640625 0.207031
4 0.648438 0.220703 0.648438 0.224609 0.650391 0.226562 0.648438 0.224609
4 0.658203 0.265625 0.656250 0.265625 0.652344 0.271484 0.650391 0.271484 0.648438 0.273438 0.644531 0.273438 0.642578 0.275391 0.640625 0.275391 0.636719 0.279297 0.632812 0.279297 0.630859 0.281250 0.626953 0.281250 0.625000 0.283203 0.626953 0.285156 0.623047 0.289062 0.623047 0.294922 0.626953 0.298828 0.630859 0.298828 0.634766 0.302734 0.638672 0.302734 0.640625 0.304688 0.636719 0.300781 0.634766 0.300781 0.628906 0.296875 0.628906 0.294922 0.630859 0.292969 0.630859 0.289062 0.636719 0.283203 0.638672 0.283203 0.642578 0.277344 0.644531 0.277344 0.646484 0.275391 0.648438 0.275391 0.650391 0.273438 0.656250 0.271484 0.656250 0.267578
4 0.437500 0.345703 0.445312 0.349609 0.453125 0.345703 0.476562 0.345703 0.478516 0.343750 0.462891 0.339844 0.460938 0.335938 0.472656 0.330078 0.492188 0.330078 0.494141 0.324219 0.490234 0.320312 0.496094 0.316406 0.507812 0.316406 0.507812 0.330078 0.541016 0.324219 0.539062 0.318359 0.544922 0.314453 0.546875 0.304688 0.544922 0.302734 0.527344 0.312500 0.523438 0.320312 0.517578 0.320312 0.513672 0.314453 0.500000 0.312500 0.496094 0.306641 0.488281 0.304688 0.482422 0.291016 0.462891 0.287109 0.451172 0.289062 0.441406 0.283203 0.435547 0.289062 0.435547 0.310547 0.439453 0.316406 0.437500 0.328125 0.445312 0.333984 0.437500 0.339844
4 0.648438 0.316406 0.648438 0.318359 0.652344 0.318359 0.656250 0.322266 0.658203 0.322266 0.656250 0.322266 0.652344 0.318359 0.650391 0.318359
4 0.664062 0.324219 0.666016 0.326172 0.667969 0.324219 0.669922 0.324219 0.671875 0.326172 0.673828 0.326172 0.675781 0.324219 0.677734 0.324219 0.679688 0.326172 0.683594 0.326172 0.685547 0.324219 0.687500 0.324219
4 0.703125 0.332031 0.710938 0.404297 0.667969 0.414062 0.640625 0.400391 0.642578 0.779297 0.677734 0.994141 0.998047 0.998047 0.998047 0.347656 0.722656 0.371094
4 0.490234 0.337891 0.488281 0.337891 0.486328 0.339844 0.484375 0.339844 0.484375 0.343750 0.486328 0.345703 0.488281 0.343750 0.486328 0.341797 0.486328 0.339844 0.488281 0.337891
4 0.494141 0.341797 0.492188 0.343750 0.494141 0.343750
4 0.439453 0.357422 0.439453 0.359375 0.441406 0.361328 0.445312 0.361328 0.447266 0.363281 0.449219 0.361328 0.449219 0.359375 0.447266 0.357422 0.445312 0.357422 0.443359 0.359375 0.441406 0.359375
4 0.443359 0.375000 0.445312 0.376953 0.447266 0.376953 0.447266 0.375000
4 0.455078 0.421875 0.455078 0.423828 0.458984 0.423828 0.460938 0.425781 0.462891 0.425781 0.464844 0.423828 0.472656 0.423828 0.468750 0.419922 0.462891 0.419922 0.460938 0.421875
4 0.462891 0.433594 0.460938 0.435547 0.460938 0.437500 0.462891 0.437500
4 0.433594 0.693359 0.412109 0.707031 0.380859 0.710938 0.384766 0.740234 0.398438 0.763672 0.384766 0.833984 0.388672 0.892578 0.382812 0.927734 0.392578 0.951172 0.390625 0.998047 0.488281 0.998047 0.521484 0.970703 0.517578 0.832031 0.511719 0.792969 0.498047 0.773438 0.509766 0.718750 0.503906 0.707031 0.474609 0.695312
4 0.646484 0.804688 0.644531 0.806641 0.646484 0.806641
5 0.000000 0.572266 0.000000 0.599609 0.134766 0.628906 0.142578 0.998047 0.166016 0.998047 0.160156 0.630859 0.246094 0.626953 0.427734 0.656250 0.443359 0.636719 0.388672 0.617188 0.167969 0.603516
6 0.535156 0.000000 0.531250 0.003906 0.529297 0.001953 0.529297 0.017578 0.531250 0.019531 0.531250 0.033203 0.533203 0.035156 0.533203 0.037109 0.537109 0.041016 0.539062 0.041016 0.541016 0.042969 0.544922 0.042969 0.548828 0.039062 0.548828 0.035156 0.546875 0.033203 0.546875 0.015625 0.548828 0.013672 0.548828 0.003906 0.546875 0.003906 0.541016 0.000000
6 0.576172 0.023438 0.587891 0.056641 0.621094 0.074219 0.640625 0.066406 0.660156 0.091797 0.580078 0.150391 0.583984 0.179688 0.634766 0.193359 0.660156 0.265625 0.630859 0.294922 0.650391 0.316406 0.710938 0.333984 0.722656 0.369141 0.998047 0.345703 0.998047 0.000000 0.699219 0.000000 0.703125 0.015625 0.683594 0.000000 0.646484 0.000000 0.632812 0.029297
6 0.425781 0.011719 0.425781 0.013672 0.427734 0.013672 0.427734 0.011719
6 0.437500 0.023438 0.427734 0.039062 0.427734 0.146484 0.417969 0.171875 0.416016 0.240234 0.417969 0.292969 0.433594 0.306641 0.441406 0.281250 0.484375 0.289062 0.496094 0.261719 0.537109 0.265625 0.537109 0.238281 0.517578 0.208984 0.480469 0.207031 0.500000 0.199219 0.498047 0.158203 0.505859 0.156250 0.507812 0.201172 0.521484 0.193359 0.527344 0.214844 0.529297 0.201172 0.556641 0.183594 0.552734 0.156250 0.509766 0.125000 0.503906 0.113281 0.509766 0.095703 0.492188 0.078125 0.490234 0.052734 0.460938 0.050781
