0 0.572266 0.400391 0.572266 0.421875 0.574219 0.423828 0.574219 0.429688 0.576172 0.433594 0.582031 0.435547 0.591797 0.445312 0.625000 0.443359 0.630859 0.439453 0.640625 0.437500 0.646484 0.429688 0.646484 0.416016 0.632812 0.396484 0.625000 0.388672 0.609375 0.384766 0.605469 0.380859 0.601562 0.380859 0.599609 0.378906 0.589844 0.380859
0 0.662109 0.419922 0.662109 0.437500 0.664062 0.441406 0.671875 0.447266 0.681641 0.449219 0.689453 0.458984 0.697266 0.462891 0.705078 0.458984 0.712891 0.458984 0.718750 0.453125 0.720703 0.453125 0.730469 0.441406 0.730469 0.435547 0.732422 0.433594 0.732422 0.416016 0.730469 0.412109 0.722656 0.412109 0.720703 0.410156 0.671875 0.410156 0.667969 0.412109
0 0.798828 0.687500 0.794922 0.689453 0.781250 0.705078 0.781250 0.708984 0.785156 0.714844 0.787109 0.724609 0.791016 0.730469 0.791016 0.736328 0.800781 0.748047 0.802734 0.748047 0.816406 0.757812 0.826172 0.757812 0.835938 0.750000 0.835938 0.742188 0.828125 0.728516 0.828125 0.712891 0.812500 0.697266 0.810547 0.691406 0.806641 0.687500
0 0.000000 0.714844 0.000000 0.769531 0.175781 0.751953 0.376953 0.775391 0.435547 0.773438 0.421875 0.761719 0.417969 0.740234 0.435547 0.728516 0.289062 0.697266 0.097656 0.701172 0.101562 0.707031
0 0.462891 0.929688 0.458984 0.945312 0.451172 0.957031 0.451172 0.978516 0.453125 0.980469 0.451172 0.984375 0.462891 0.992188 0.462891 0.998047 0.544922 0.998047 0.544922 0.974609 0.542969 0.972656 0.544922 0.947266 0.533203 0.939453 0.529297 0.943359 0.525391 0.943359 0.523438 0.939453 0.505859 0.929688 0.501953 0.925781 0.503906 0.923828 0.498047 0.921875 0.492188 0.925781 0.484375 0.923828 0.478516 0.927734
1 0.537109 0.000000 0.527344 0.011719 0.511719 0.125000 0.492188 0.148438 0.460938 0.246094 0.447266 0.361328 0.423828 0.457031 0.427734 0.492188 0.480469 0.507812 0.474609 0.433594 0.500000 0.347656 0.503906 0.224609 0.513672 0.189453 0.505859 0.171875 0.535156 0.097656
1 0.000000 0.558594 0.000000 0.705078 0.220703 0.685547 0.451172 0.724609 0.607422 0.812500 0.775391 0.998047 0.939453 0.994141 0.892578 0.966797 0.871094 0.892578 0.771484 0.787109 0.503906 0.591797 0.398438 0.587891 0.388672 0.548828 0.269531 0.539062
2 0.228516 0.000000 0.234375 0.222656 0.296875 0.228516 0.439453 0.216797 0.451172 0.179688 0.437500 0.187500 0.437500 0.171875 0.458984 0.162109 0.460938 0.113281 0.435547 0.107422 0.435547 0.083984 0.449219 0.070312 0.453125 0.009766 0.443359 0.000000
2 0.595703 0.000000 0.585938 0.023438 0.605469 0.056641 0.583984 0.070312 0.546875 0.078125 0.542969 0.099609 0.548828 0.130859 0.568359 0.136719 0.578125 0.177734 0.597656 0.212891 0.605469 0.263672 0.662109 0.267578 0.675781 0.259766 0.662109 0.255859 0.666016 0.244141 0.699219 0.242188 0.705078 0.230469 0.726562 0.218750 0.716797 0.210938 0.708984 0.166016 0.677734 0.091797 0.667969 0.087891 0.664062 0.072266 0.625000 0.050781 0.652344 0.033203 0.638672 0.001953
2 0.679688 0.000000 0.675781 0.005859 0.675781 0.017578 0.691406 0.052734 0.695312 0.068359 0.701172 0.080078 0.701172 0.085938 0.705078 0.089844 0.714844 0.089844 0.720703 0.085938 0.730469 0.083984 0.742188 0.076172 0.755859 0.072266 0.757812 0.058594 0.751953 0.044922 0.751953 0.027344 0.738281 0.013672 0.732422 0.000000
2 0.792969 0.000000 0.794922 0.011719 0.804688 0.021484 0.808594 0.029297 0.812500 0.033203 0.816406 0.033203 0.818359 0.035156 0.833984 0.035156 0.843750 0.029297 0.847656 0.029297 0.851562 0.025391 0.865234 0.019531 0.865234 0.015625 0.867188 0.013672 0.863281 0.000000
2 0.957031 0.000000 0.957031 0.009766 0.958984 0.011719 0.958984 0.015625 0.962891 0.021484 0.962891 0.027344 0.964844 0.029297 0.964844 0.033203 0.968750 0.039062 0.968750 0.044922 0.970703 0.046875 0.970703 0.048828 0.972656 0.050781 0.994141 0.050781 0.996094 0.048828 0.998047 0.048828 0.998047 0.031250 0.996094 0.029297 0.996094 0.025391 0.994141 0.023438 0.994141 0.017578 0.990234 0.011719 0.990234 0.007812 0.988281 0.005859 0.986328 0.000000
2 0.464844 0.017578 0.464844 0.044922 0.468750 0.044922 0.470703 0.042969 0.480469 0.042969 0.486328 0.037109 0.490234 0.037109 0.490234 0.025391 0.488281 0.023438 0.488281 0.021484 0.482422 0.015625 0.480469 0.015625 0.478516 0.013672 0.468750 0.013672
2 0.187500 0.039062 0.166016 0.031250 0.144531 0.039062 0.099609 0.039062 0.091797 0.050781 0.089844 0.078125 0.062500 0.074219 0.060547 0.064453 0.074219 0.056641 0.074219 0.042969 0.054688 0.039062 0.046875 0.044922 0.042969 0.087891 0.037109 0.095703 0.041016 0.125000 0.019531 0.132812 0.042969 0.236328 0.195312 0.230469 0.203125 0.224609 0.205078 0.166016 0.197266 0.132812 0.195312 0.056641
2 0.908203 0.070312 0.882812 0.072266 0.871094 0.080078 0.871094 0.085938 0.888672 0.111328 0.890625 0.128906 0.919922 0.193359 0.914062 0.199219 0.906250 0.193359 0.904297 0.179688 0.890625 0.158203 0.865234 0.083984 0.851562 0.080078 0.832031 0.091797 0.832031 0.113281 0.841797 0.128906 0.845703 0.154297 0.863281 0.173828 0.869141 0.207031 0.876953 0.216797 0.900391 0.216797 0.919922 0.201172 0.945312 0.201172 0.955078 0.193359 0.951172 0.171875
2 0.769531 0.074219 0.769531 0.076172 0.771484 0.076172 0.771484 0.074219
2 0.708984 0.097656 0.710938 0.111328 0.730469 0.130859 0.730469 0.138672 0.732422 0.140625 0.744141 0.140625 0.767578 0.130859 0.781250 0.132812 0.789062 0.126953 0.787109 0.105469 0.781250 0.089844 0.777344 0.087891 0.777344 0.091797 0.773438 0.095703 0.765625 0.093750 0.763672 0.087891 0.759766 0.085938 0.757812 0.087891 0.759766 0.093750 0.763672 0.095703 0.759766 0.101562 0.755859 0.095703 0.751953 0.082031 0.746094 0.082031 0.726562 0.091797 0.712891 0.093750
2 0.783203 0.160156 0.773438 0.160156 0.767578 0.164062 0.757812 0.166016 0.748047 0.173828 0.742188 0.175781 0.740234 0.179688 0.742188 0.181641 0.742188 0.187500 0.753906 0.210938 0.753906 0.214844 0.757812 0.222656 0.757812 0.228516 0.761719 0.234375 0.765625 0.234375 0.783203 0.222656 0.794922 0.218750 0.800781 0.212891 0.802734 0.212891 0.806641 0.207031 0.804688 0.203125 0.804688 0.195312 0.802734 0.193359 0.802734 0.185547 0.796875 0.177734 0.792969 0.177734 0.787109 0.173828
2 0.554688 0.175781 0.554688 0.191406 0.558594 0.195312 0.560547 0.195312 0.560547 0.189453 0.558594 0.187500 0.558594 0.183594 0.556641 0.181641 0.556641 0.177734
2 0.558594 0.199219 0.558594 0.201172 0.556641 0.203125 0.558594 0.205078 0.558594 0.207031 0.566406 0.207031 0.566406 0.205078 0.564453 0.203125 0.562500 0.203125
2 0.570312 0.216797 0.568359 0.218750 0.568359 0.220703 0.570312 0.222656 0.570312 0.226562 0.572266 0.228516 0.572266 0.232422 0.574219 0.234375 0.576172 0.234375 0.576172 0.226562 0.574219 0.224609 0.576172 0.222656 0.574219 0.220703 0.576172 0.218750 0.574219 0.216797
2 0.394531 0.265625 0.388672 0.267578 0.375000 0.251953 0.367188 0.257812 0.373047 0.271484 0.363281 0.281250 0.357422 0.265625 0.337891 0.255859 0.281250 0.253906 0.242188 0.261719 0.248047 0.265625 0.234375 0.277344 0.234375 0.359375 0.238281 0.369141 0.273438 0.369141 0.234375 0.375000 0.234375 0.457031 0.349609 0.458984 0.371094 0.453125 0.371094 0.431641 0.394531 0.376953 0.394531 0.367188 0.373047 0.363281 0.384766 0.355469 0.384766 0.310547 0.394531 0.300781 0.388672 0.292969 0.396484 0.279297
2 0.119141 0.279297 0.115234 0.285156 0.113281 0.310547 0.115234 0.320312 0.113281 0.345703 0.117188 0.371094 0.158203 0.375000 0.199219 0.373047 0.197266 0.353516 0.208984 0.339844 0.208984 0.332031 0.197266 0.304688 0.199219 0.302734 0.197266 0.279297 0.183594 0.275391 0.169922 0.275391 0.164062 0.267578 0.156250 0.263672 0.148438 0.263672 0.146484 0.271484 0.140625 0.275391
2 0.783203 0.265625 0.781250 0.269531 0.781250 0.273438 0.791016 0.291016 0.791016 0.302734 0.794922 0.308594 0.796875 0.318359 0.822266 0.316406 0.824219 0.314453 0.830078 0.314453 0.835938 0.310547 0.835938 0.304688 0.832031 0.296875 0.828125 0.292969 0.824219 0.285156 0.808594 0.269531 0.804688 0.261719 0.792969 0.261719 0.791016 0.263672 0.787109 0.263672
2 0.097656 0.267578 0.068359 0.271484 0.060547 0.277344 0.062500 0.328125 0.068359 0.330078 0.060547 0.333984 0.064453 0.375000 0.044922 0.380859 0.044922 0.458984 0.093750 0.462891 0.115234 0.458984 0.107422 0.335938 0.085938 0.333984 0.105469 0.332031 0.111328 0.300781 0.107422 0.283203
2 0.640625 0.292969 0.642578 0.310547 0.652344 0.330078 0.656250 0.333984 0.667969 0.332031 0.673828 0.328125 0.679688 0.328125 0.683594 0.324219 0.703125 0.314453 0.714844 0.312500 0.716797 0.310547 0.724609 0.310547 0.732422 0.306641 0.732422 0.300781 0.728516 0.296875 0.708984 0.296875 0.701172 0.292969 0.699219 0.294922 0.691406 0.292969 0.687500 0.289062 0.687500 0.285156 0.683594 0.279297 0.662109 0.281250 0.648438 0.289062 0.644531 0.289062
2 0.957031 0.320312 0.953125 0.324219 0.929688 0.332031 0.921875 0.341797 0.929688 0.355469 0.937500 0.380859 0.945312 0.392578 0.958984 0.429688 0.966797 0.437500 0.972656 0.435547 0.978516 0.427734 0.998047 0.423828 0.998047 0.361328 0.994141 0.353516 0.986328 0.345703 0.980469 0.343750
2 0.714844 0.335938 0.701172 0.337891 0.679688 0.349609 0.667969 0.353516 0.666016 0.357422 0.669922 0.369141 0.667969 0.373047 0.667969 0.392578 0.673828 0.404297 0.677734 0.406250 0.712891 0.406250 0.714844 0.408203 0.716797 0.406250 0.734375 0.406250 0.740234 0.402344 0.742188 0.398438 0.738281 0.390625 0.740234 0.369141 0.734375 0.363281 0.724609 0.363281 0.720703 0.359375 0.720703 0.345703
2 0.585938 0.376953 0.556641 0.376953 0.539062 0.384766 0.517578 0.384766 0.498047 0.396484 0.498047 0.423828 0.505859 0.439453 0.503906 0.453125 0.509766 0.460938 0.525391 0.468750 0.529297 0.474609 0.533203 0.466797 0.568359 0.462891 0.580078 0.453125 0.582031 0.457031 0.587891 0.451172 0.587891 0.445312 0.572266 0.433594 0.570312 0.425781 0.570312 0.398438 0.587891 0.378906
2 0.820312 0.410156 0.802734 0.406250 0.789062 0.414062 0.777344 0.412109 0.753906 0.427734 0.748047 0.419922 0.761719 0.412109 0.740234 0.414062 0.730469 0.462891 0.716797 0.460938 0.710938 0.468750 0.728516 0.509766 0.744141 0.515625 0.703125 0.523438 0.662109 0.546875 0.666016 0.568359 0.679688 0.583984 0.734375 0.556641 0.771484 0.546875 0.775391 0.537109 0.779297 0.542969 0.804688 0.529297 0.802734 0.515625 0.818359 0.523438 0.849609 0.503906 0.837891 0.486328 0.853516 0.482422 0.849609 0.462891
2 0.125000 0.427734 0.125000 0.441406 0.126953 0.443359 0.126953 0.455078 0.128906 0.457031 0.128906 0.458984 0.169922 0.458984 0.171875 0.457031 0.173828 0.457031 0.173828 0.447266 0.171875 0.445312 0.171875 0.427734 0.162109 0.427734 0.160156 0.425781 0.154297 0.425781 0.152344 0.423828 0.132812 0.423828 0.130859 0.425781 0.126953 0.425781
2 0.576172 0.468750 0.574219 0.472656 0.574219 0.478516 0.572266 0.480469 0.572266 0.492188 0.570312 0.494141 0.570312 0.501953 0.574219 0.505859 0.574219 0.507812 0.585938 0.517578 0.589844 0.519531 0.595703 0.519531 0.597656 0.521484 0.609375 0.521484 0.611328 0.517578 0.619141 0.509766 0.619141 0.507812 0.623047 0.503906 0.626953 0.496094 0.626953 0.492188 0.625000 0.488281 0.597656 0.474609 0.589844 0.466797 0.580078 0.466797
2 0.568359 0.480469 0.566406 0.480469 0.566406 0.482422
2 0.560547 0.492188 0.558594 0.490234 0.556641 0.492188
2 0.861328 0.490234 0.859375 0.492188 0.859375 0.494141 0.861328 0.496094 0.863281 0.494141 0.863281 0.492188
2 0.640625 0.496094 0.638672 0.498047 0.636719 0.498047 0.628906 0.505859 0.628906 0.507812 0.621094 0.521484 0.621094 0.527344 0.626953 0.533203 0.628906 0.533203 0.632812 0.537109 0.634766 0.537109 0.640625 0.541016 0.644531 0.541016 0.646484 0.542969 0.650391 0.542969 0.652344 0.541016 0.658203 0.541016 0.664062 0.535156 0.664062 0.529297 0.666016 0.527344 0.666016 0.521484 0.667969 0.519531 0.667969 0.511719 0.666016 0.509766 0.666016 0.507812 0.662109 0.503906 0.660156 0.503906 0.646484 0.496094
2 0.814453 0.599609 0.808594 0.599609 0.798828 0.605469 0.787109 0.617188 0.785156 0.625000 0.773438 0.609375 0.765625 0.609375 0.722656 0.632812 0.714844 0.652344 0.763672 0.701172 0.773438 0.701172 0.779297 0.691406 0.798828 0.683594 0.814453 0.671875 0.824219 0.669922 0.832031 0.664062 0.832031 0.650391 0.828125 0.638672 0.818359 0.632812 0.830078 0.626953 0.830078 0.619141
2 0.988281 0.787109 0.988281 0.777344 0.982422 0.767578 0.982422 0.761719 0.974609 0.751953 0.974609 0.736328 0.966797 0.732422 0.945312 0.732422 0.923828 0.738281 0.910156 0.746094 0.886719 0.748047 0.861328 0.763672 0.839844 0.769531 0.859375 0.800781 0.875000 0.814453 0.900391 0.812500 0.931641 0.804688 0.945312 0.796875
2 0.207031 0.814453 0.201172 0.828125 0.203125 0.859375 0.273438 0.871094 0.269531 0.882812 0.248047 0.890625 0.230469 0.882812 0.203125 0.884766 0.191406 0.917969 0.195312 0.953125 0.203125 0.966797 0.248047 0.990234 0.251953 0.980469 0.333984 0.904297 0.332031 0.880859 0.341797 0.855469 0.330078 0.837891 0.320312 0.835938 0.328125 0.839844 0.324219 0.847656 0.308594 0.828125 0.296875 0.830078 0.292969 0.837891 0.283203 0.826172 0.253906 0.824219 0.251953 0.814453
2 0.265625 0.814453 0.265625 0.816406 0.271484 0.816406 0.273438 0.818359 0.277344 0.818359 0.273438 0.814453 0.271484 0.816406 0.269531 0.814453
2 0.140625 0.822266 0.056641 0.820312 0.000000 0.830078 0.000000 0.998047 0.085938 0.996094 0.093750 0.970703 0.097656 0.914062 0.101562 0.914062 0.103516 0.943359 0.109375 0.937500 0.125000 0.935547 0.142578 0.835938
2 0.185547 0.826172 0.171875 0.826172 0.169922 0.828125 0.167969 0.867188 0.162109 0.888672 0.158203 0.892578 0.156250 0.910156 0.150391 0.929688 0.150391 0.947266 0.148438 0.949219 0.150391 0.957031 0.156250 0.953125 0.169922 0.955078 0.175781 0.949219 0.179688 0.935547 0.183594 0.933594 0.189453 0.894531 0.187500 0.884766 0.197266 0.837891 0.197266 0.830078
2 0.208984 0.869141 0.210938 0.871094 0.210938 0.873047 0.212891 0.873047 0.214844 0.871094 0.216797 0.871094 0.218750 0.869141
2 0.226562 0.871094 0.226562 0.873047 0.228516 0.873047 0.228516 0.871094
2 0.464844 0.884766 0.443359 0.873047 0.435547 0.875000 0.410156 0.908203 0.390625 0.917969 0.388672 0.929688 0.394531 0.935547 0.392578 0.937500 0.376953 0.931641 0.363281 0.943359 0.353516 0.945312 0.332031 0.964844 0.333984 0.972656 0.326172 0.980469 0.328125 0.998047 0.388672 0.998047 0.398438 0.982422 0.396484 0.966797 0.404297 0.955078 0.404297 0.947266 0.421875 0.960938 0.425781 0.968750 0.443359 0.974609 0.447266 0.951172 0.453125 0.941406 0.453125 0.919922 0.460938 0.910156
2 0.570312 0.992188 0.570312 0.998047 0.619141 0.998047 0.619141 0.990234 0.611328 0.982422 0.609375 0.982422 0.599609 0.972656 0.589844 0.972656 0.587891 0.974609 0.585938 0.974609 0.572266 0.988281 0.572266 0.990234
5 0.205078 0.000000 0.216797 0.230469 0.009766 0.253906 0.216797 0.250000 0.214844 0.482422 0.000000 0.537109 0.447266 0.535156 0.998047 0.998047 0.699219 0.642578 0.998047 0.474609 0.912109 0.343750 0.998047 0.271484 0.902344 0.320312 0.761719 0.000000 0.888672 0.330078 0.824219 0.375000 0.640625 0.003906 0.742188 0.238281 0.689453 0.289062 0.750000 0.271484 0.806641 0.382812 0.755859 0.408203 0.894531 0.353516 0.960938 0.472656 0.679688 0.626953 0.404297 0.490234 0.521484 0.000000 0.441406 0.226562 0.236328 0.232422
5 0.519531 0.130859 0.521484 0.144531 0.511719 0.150391 0.503906 0.146484 0.529297 0.148438 0.539062 0.162109 0.550781 0.154297 0.564453 0.199219 0.578125 0.218750 0.589844 0.281250 0.597656 0.291016 0.621094 0.378906 0.642578 0.408203 0.660156 0.419922 0.669922 0.408203 0.650391 0.390625 0.634766 0.363281 0.613281 0.289062 0.607422 0.285156 0.595703 0.212891 0.576172 0.177734 0.566406 0.136719 0.556641 0.130859
5 0.000000 0.785156 0.001953 0.806641 0.144531 0.798828 0.388672 0.832031 0.248047 0.998047 0.296875 0.998047 0.449219 0.861328 0.472656 0.814453 0.449219 0.783203 0.410156 0.814453 0.318359 0.792969 0.224609 0.792969 0.146484 0.777344
