0 0.000000 0.000000 0.000000 0.095703 0.007812 0.099609 0.023438 0.099609 0.037109 0.093750 0.046875 0.099609 0.064453 0.099609 0.078125 0.083984 0.082031 0.083984 0.085938 0.091797 0.085938 0.085938 0.093750 0.083984 0.097656 0.078125 0.105469 0.083984 0.113281 0.070312 0.117188 0.072266 0.115234 0.078125 0.119141 0.083984 0.128906 0.078125 0.126953 0.066406 0.113281 0.042969 0.113281 0.025391 0.121094 0.009766 0.113281 0.000000
0 0.101562 0.089844 0.101562 0.091797 0.103516 0.091797 0.103516 0.089844
0 0.396484 0.228516 0.390625 0.234375 0.390625 0.242188 0.398438 0.250000 0.404297 0.261719 0.421875 0.279297 0.425781 0.279297 0.427734 0.281250 0.433594 0.281250 0.443359 0.275391 0.445312 0.267578 0.449219 0.263672 0.449219 0.257812 0.445312 0.250000 0.441406 0.246094 0.441406 0.242188 0.435547 0.234375 0.431641 0.224609 0.427734 0.224609 0.425781 0.222656 0.416016 0.222656 0.414062 0.224609 0.408203 0.224609 0.406250 0.226562
0 0.503906 0.240234 0.501953 0.242188 0.496094 0.242188 0.488281 0.248047 0.488281 0.250000 0.476562 0.261719 0.476562 0.269531 0.478516 0.271484 0.482422 0.281250 0.484375 0.281250 0.490234 0.287109 0.494141 0.287109 0.500000 0.291016 0.511719 0.291016 0.519531 0.285156 0.519531 0.281250 0.529297 0.265625 0.529297 0.255859 0.531250 0.253906 0.529297 0.251953 0.529297 0.248047 0.523438 0.242188 0.517578 0.242188 0.515625 0.240234
0 0.476562 0.421875 0.431641 0.425781 0.404297 0.421875 0.400391 0.416016 0.392578 0.421875 0.392578 0.441406 0.337891 0.466797 0.308594 0.457031 0.289062 0.501953 0.316406 0.546875 0.326172 0.550781 0.333984 0.544922 0.343750 0.550781 0.347656 0.544922 0.353516 0.550781 0.371094 0.546875 0.375000 0.552734 0.406250 0.556641 0.437500 0.550781 0.451172 0.529297 0.478516 0.527344 0.466797 0.515625 0.472656 0.507812 0.480469 0.509766 0.482422 0.501953 0.494141 0.501953 0.498047 0.517578 0.503906 0.509766 0.501953 0.500000 0.486328 0.486328 0.460938 0.480469 0.460938 0.464844 0.474609 0.455078 0.478516 0.443359
0 0.011719 0.519531 0.013672 0.533203 0.019531 0.541016 0.019531 0.562500 0.031250 0.562500 0.039062 0.568359 0.076172 0.630859 0.107422 0.634766 0.119141 0.626953 0.136719 0.626953 0.142578 0.623047 0.138672 0.591797 0.130859 0.580078 0.126953 0.562500 0.103516 0.507812 0.095703 0.503906 0.070312 0.501953 0.042969 0.503906
0 0.873047 0.527344 0.843750 0.509766 0.822266 0.517578 0.792969 0.548828 0.753906 0.556641 0.726562 0.517578 0.677734 0.541016 0.673828 0.562500 0.693359 0.587891 0.695312 0.619141 0.726562 0.664062 0.791016 0.664062 0.835938 0.634766 0.826172 0.617188 0.830078 0.607422 0.847656 0.619141 0.839844 0.628906 0.859375 0.625000 0.876953 0.607422 0.906250 0.609375 0.906250 0.591797
0 0.476562 0.515625 0.476562 0.517578 0.478516 0.517578 0.480469 0.519531 0.482422 0.517578 0.480469 0.515625
0 0.175781 0.603516 0.318359 0.962891 0.349609 0.970703 0.384766 0.935547 0.335938 0.880859 0.365234 0.835938 0.337891 0.830078 0.273438 0.751953 0.328125 0.701172 0.371094 0.748047 0.417969 0.890625 0.466797 0.898438 0.466797 0.958984 0.556641 0.964844 0.621094 0.914062 0.607422 0.855469 0.634766 0.824219 0.595703 0.687500 0.537109 0.660156 0.484375 0.662109 0.533203 0.650391 0.419922 0.644531 0.347656 0.662109 0.335938 0.683594 0.322266 0.673828 0.349609 0.650391 0.306641 0.589844
0 0.017578 0.740234 0.037109 0.769531 0.068359 0.867188 0.089844 0.871094 0.132812 0.851562 0.148438 0.851562 0.162109 0.865234 0.236328 0.835938 0.238281 0.820312 0.218750 0.789062 0.173828 0.683594 0.140625 0.681641 0.109375 0.687500 0.099609 0.679688 0.101562 0.703125 0.089844 0.712891 0.074219 0.716797 0.048828 0.736328
0 0.875000 0.757812 0.871094 0.765625 0.871094 0.771484 0.880859 0.789062 0.882812 0.802734 0.888672 0.818359 0.890625 0.833984 0.894531 0.837891 0.900391 0.839844 0.912109 0.839844 0.916016 0.830078 0.929688 0.820312 0.931641 0.808594 0.927734 0.802734 0.927734 0.796875 0.933594 0.787109 0.933594 0.775391 0.927734 0.769531 0.896484 0.767578 0.890625 0.761719 0.890625 0.755859 0.888672 0.753906
0 0.347656 0.765625 0.349609 0.767578 0.351562 0.765625
0 0.316406 0.789062 0.316406 0.791016 0.318359 0.791016 0.318359 0.789062
0 0.324219 0.789062 0.324219 0.791016 0.326172 0.791016 0.326172 0.789062
0 0.332031 0.789062 0.332031 0.791016 0.333984 0.791016 0.333984 0.789062
0 0.324219 0.796875 0.324219 0.798828 0.333984 0.798828 0.333984 0.796875 0.330078 0.796875 0.328125 0.798828 0.326172 0.796875
0 0.339844 0.796875 0.339844 0.798828 0.341797 0.798828 0.341797 0.796875
0 0.332031 0.804688 0.332031 0.806641 0.333984 0.806641
0 0.339844 0.810547 0.339844 0.822266 0.341797 0.822266 0.341797 0.812500
0 0.347656 0.820312 0.347656 0.822266 0.349609 0.822266
0 0.031250 0.833984 0.031250 0.835938 0.029297 0.837891 0.027344 0.837891 0.027344 0.839844 0.029297 0.839844 0.031250 0.841797 0.035156 0.841797 0.035156 0.839844 0.033203 0.837891 0.033203 0.835938
0 0.023438 0.837891 0.019531 0.837891 0.017578 0.839844 0.017578 0.841797 0.019531 0.843750 0.021484 0.843750 0.021484 0.841797 0.023438 0.839844
0 0.279297 0.917969 0.279297 0.921875 0.273438 0.927734 0.248047 0.937500 0.234375 0.949219 0.222656 0.949219 0.214844 0.962891 0.216797 0.966797 0.212891 0.968750 0.214844 0.980469 0.208984 0.992188 0.212891 0.998047 0.302734 0.998047 0.304688 0.994141 0.310547 0.994141 0.308594 0.986328 0.298828 0.974609 0.292969 0.951172
2 0.349609 0.021484 0.357422 0.031250 0.361328 0.033203 0.373047 0.033203 0.375000 0.031250 0.378906 0.031250 0.386719 0.027344 0.394531 0.017578 0.398438 0.015625 0.402344 0.015625 0.417969 0.007812 0.421875 0.003906 0.421875 0.000000 0.359375 0.000000 0.349609 0.009766
2 0.427734 0.000000 0.427734 0.009766 0.429688 0.011719 0.429688 0.013672 0.435547 0.019531 0.437500 0.019531 0.441406 0.023438 0.445312 0.023438 0.447266 0.021484 0.451172 0.021484 0.453125 0.019531 0.457031 0.019531 0.458984 0.021484 0.462891 0.021484 0.464844 0.019531 0.474609 0.019531 0.476562 0.017578 0.478516 0.017578 0.482422 0.013672 0.482422 0.000000
2 0.123047 0.017578 0.117188 0.029297 0.117188 0.039062 0.128906 0.058594 0.130859 0.068359 0.134766 0.074219 0.144531 0.083984 0.148438 0.085938 0.158203 0.085938 0.160156 0.087891 0.167969 0.082031 0.179688 0.078125 0.183594 0.074219 0.183594 0.066406 0.173828 0.054688 0.169922 0.046875 0.169922 0.042969 0.162109 0.029297 0.162109 0.025391 0.156250 0.021484 0.140625 0.021484 0.130859 0.017578
2 0.587891 0.039062 0.564453 0.037109 0.527344 0.058594 0.533203 0.082031 0.511719 0.082031 0.496094 0.089844 0.494141 0.076172 0.484375 0.080078 0.490234 0.097656 0.486328 0.105469 0.494141 0.107422 0.470703 0.113281 0.468750 0.119141 0.498047 0.171875 0.515625 0.158203 0.515625 0.140625 0.500000 0.123047 0.507812 0.121094 0.513672 0.130859 0.552734 0.123047 0.552734 0.111328 0.562500 0.119141 0.576172 0.117188 0.558594 0.126953 0.541016 0.150391 0.550781 0.179688 0.615234 0.152344 0.611328 0.140625 0.617188 0.130859 0.628906 0.130859 0.625000 0.111328 0.609375 0.111328 0.593750 0.078125 0.576172 0.072266 0.574219 0.058594 0.587891 0.056641
2 0.134766 0.138672 0.105469 0.154297 0.093750 0.156250 0.091797 0.158203 0.091797 0.166016 0.103516 0.175781 0.109375 0.191406 0.121094 0.205078 0.130859 0.205078 0.146484 0.195312 0.150391 0.197266 0.162109 0.197266 0.169922 0.193359 0.175781 0.185547 0.167969 0.177734 0.164062 0.169922 0.164062 0.166016 0.156250 0.154297 0.142578 0.150391 0.136719 0.144531 0.136719 0.140625
2 0.335938 0.169922 0.335938 0.179688 0.337891 0.181641 0.341797 0.191406 0.347656 0.197266 0.347656 0.199219 0.355469 0.208984 0.361328 0.208984 0.363281 0.207031 0.367188 0.207031 0.369141 0.205078 0.373047 0.205078 0.375000 0.203125 0.382812 0.203125 0.384766 0.201172 0.386719 0.201172 0.386719 0.195312 0.382812 0.191406 0.380859 0.185547 0.376953 0.181641 0.376953 0.179688 0.371094 0.169922 0.371094 0.166016 0.369141 0.164062 0.355469 0.164062 0.353516 0.166016 0.347656 0.166016 0.345703 0.167969 0.337891 0.167969
2 0.816406 0.171875 0.804688 0.171875 0.798828 0.177734 0.794922 0.185547 0.802734 0.205078 0.787109 0.218750 0.783203 0.218750 0.769531 0.226562 0.769531 0.230469 0.767578 0.232422 0.767578 0.242188 0.769531 0.244141 0.789062 0.242188 0.804688 0.236328 0.810547 0.228516 0.812500 0.218750 0.824219 0.210938 0.828125 0.199219 0.826172 0.197266 0.826172 0.191406 0.824219 0.189453 0.822266 0.179688
2 0.677734 0.199219 0.669922 0.189453 0.658203 0.185547 0.638672 0.187500 0.623047 0.201172 0.603516 0.203125 0.580078 0.210938 0.576172 0.214844 0.576172 0.232422 0.580078 0.240234 0.607422 0.238281 0.623047 0.244141 0.638672 0.244141 0.652344 0.240234 0.658203 0.234375 0.666016 0.232422 0.669922 0.224609 0.679688 0.216797
2 0.470703 0.205078 0.460938 0.205078 0.457031 0.208984 0.447266 0.212891 0.443359 0.216797 0.441406 0.216797 0.435547 0.220703 0.435547 0.226562 0.437500 0.228516 0.449219 0.253906 0.453125 0.257812 0.462891 0.257812 0.470703 0.251953 0.474609 0.251953 0.476562 0.250000 0.482422 0.248047 0.482422 0.238281 0.480469 0.236328 0.480469 0.230469 0.478516 0.228516 0.478516 0.224609 0.476562 0.222656 0.476562 0.218750 0.472656 0.212891 0.472656 0.207031
2 0.328125 0.238281 0.316406 0.222656 0.310547 0.207031 0.292969 0.212891 0.267578 0.210938 0.242188 0.224609 0.222656 0.224609 0.218750 0.234375 0.226562 0.261719 0.234375 0.271484 0.251953 0.271484 0.267578 0.267578 0.277344 0.269531 0.287109 0.265625 0.298828 0.275391 0.304688 0.275391 0.330078 0.259766
2 0.572266 0.242188 0.566406 0.242188 0.564453 0.240234 0.558594 0.240234 0.556641 0.242188 0.554688 0.242188 0.552734 0.244141 0.550781 0.244141 0.548828 0.246094 0.546875 0.246094 0.537109 0.251953 0.537109 0.259766 0.539062 0.261719 0.539062 0.267578 0.541016 0.269531 0.541016 0.273438 0.542969 0.275391 0.544922 0.275391 0.546875 0.277344 0.558594 0.277344 0.560547 0.275391 0.566406 0.275391 0.568359 0.273438 0.570312 0.273438 0.578125 0.265625 0.578125 0.263672 0.580078 0.261719 0.578125 0.259766 0.578125 0.255859 0.574219 0.250000 0.574219 0.244141
2 0.701172 0.242188 0.693359 0.242188 0.681641 0.248047 0.660156 0.248047 0.658203 0.250000 0.638672 0.248047 0.626953 0.255859 0.607422 0.263672 0.605469 0.273438 0.611328 0.283203 0.611328 0.289062 0.623047 0.312500 0.636719 0.312500 0.644531 0.306641 0.691406 0.285156 0.710938 0.281250 0.712891 0.273438
2 0.404297 0.265625 0.388672 0.246094 0.376953 0.248047 0.330078 0.281250 0.330078 0.300781 0.296875 0.302734 0.292969 0.326172 0.285156 0.306641 0.257812 0.318359 0.255859 0.335938 0.251953 0.332031 0.222656 0.335938 0.224609 0.375000 0.257812 0.367188 0.261719 0.353516 0.269531 0.371094 0.285156 0.367188 0.296875 0.353516 0.294922 0.324219 0.306641 0.341797 0.343750 0.330078 0.347656 0.322266 0.335938 0.310547 0.353516 0.314453 0.369141 0.289062 0.404297 0.285156
2 0.820312 0.250000 0.775391 0.273438 0.773438 0.279297 0.785156 0.302734 0.789062 0.304688 0.798828 0.304688 0.816406 0.292969 0.826172 0.292969 0.833984 0.296875 0.833984 0.308594 0.837891 0.320312 0.816406 0.335938 0.816406 0.345703 0.822266 0.351562 0.833984 0.351562 0.849609 0.347656 0.859375 0.337891 0.865234 0.335938 0.867188 0.326172 0.857422 0.296875 0.851562 0.292969 0.849609 0.277344 0.832031 0.251953
2 0.466797 0.273438 0.464844 0.273438 0.462891 0.275391 0.458984 0.275391 0.457031 0.277344 0.451172 0.279297 0.447266 0.283203 0.447266 0.285156 0.445312 0.287109 0.445312 0.291016 0.439453 0.298828 0.439453 0.310547 0.441406 0.312500 0.443359 0.318359 0.453125 0.328125 0.460938 0.328125 0.470703 0.318359 0.480469 0.314453 0.488281 0.306641 0.486328 0.296875 0.482422 0.292969 0.478516 0.283203
2 0.525391 0.312500 0.515625 0.312500 0.513672 0.314453 0.509766 0.314453 0.507812 0.316406 0.503906 0.316406 0.501953 0.318359 0.500000 0.318359 0.500000 0.322266 0.498047 0.324219 0.500000 0.326172 0.500000 0.332031 0.501953 0.333984 0.501953 0.337891 0.503906 0.339844 0.503906 0.349609 0.515625 0.349609 0.517578 0.347656 0.519531 0.347656 0.523438 0.343750 0.525391 0.343750 0.529297 0.339844 0.535156 0.337891 0.537109 0.332031 0.535156 0.330078 0.535156 0.328125 0.533203 0.326172 0.533203 0.324219 0.531250 0.322266 0.529297 0.316406
2 0.931641 0.316406 0.929688 0.316406 0.927734 0.314453 0.912109 0.314453 0.910156 0.316406 0.906250 0.316406 0.904297 0.318359 0.898438 0.320312 0.888672 0.328125 0.888672 0.330078 0.884766 0.333984 0.884766 0.359375 0.890625 0.365234 0.896484 0.365234 0.900391 0.361328 0.902344 0.361328 0.908203 0.357422 0.912109 0.357422 0.914062 0.355469 0.923828 0.351562 0.927734 0.347656 0.927734 0.335938 0.933594 0.332031 0.933594 0.318359
2 0.697266 0.322266 0.691406 0.326172 0.691406 0.339844 0.679688 0.349609 0.681641 0.357422 0.705078 0.376953 0.705078 0.380859 0.718750 0.396484 0.726562 0.398438 0.722656 0.402344 0.722656 0.416016 0.726562 0.423828 0.740234 0.425781 0.757812 0.421875 0.757812 0.406250 0.744141 0.392578 0.734375 0.396484 0.728516 0.394531 0.773438 0.373047 0.775391 0.369141 0.771484 0.365234 0.759766 0.332031 0.738281 0.322266 0.724609 0.324219 0.716797 0.318359
2 0.091797 0.333984 0.091797 0.347656 0.099609 0.355469 0.101562 0.359375 0.107422 0.361328 0.113281 0.367188 0.113281 0.380859 0.115234 0.382812 0.125000 0.382812 0.126953 0.380859 0.130859 0.380859 0.138672 0.375000 0.146484 0.373047 0.146484 0.361328 0.144531 0.357422 0.140625 0.353516 0.136719 0.353516 0.130859 0.345703 0.128906 0.328125 0.099609 0.328125
2 0.412109 0.333984 0.410156 0.333984 0.408203 0.332031 0.404297 0.332031 0.402344 0.330078 0.396484 0.330078 0.394531 0.328125 0.384766 0.328125 0.375000 0.333984 0.371094 0.333984 0.369141 0.335938 0.363281 0.337891 0.361328 0.339844 0.361328 0.347656 0.365234 0.351562 0.365234 0.353516 0.367188 0.355469 0.367188 0.359375 0.371094 0.363281 0.373047 0.369141 0.376953 0.373047 0.382812 0.375000 0.388672 0.371094 0.392578 0.371094 0.402344 0.365234 0.406250 0.365234 0.408203 0.363281 0.410156 0.363281 0.416016 0.357422 0.416016 0.347656 0.414062 0.345703 0.414062 0.337891 0.412109 0.335938
2 0.601562 0.353516 0.591797 0.355469 0.582031 0.371094 0.558594 0.375000 0.556641 0.384766 0.552734 0.376953 0.539062 0.375000 0.527344 0.388672 0.500000 0.396484 0.498047 0.412109 0.513672 0.447266 0.523438 0.457031 0.539062 0.458984 0.533203 0.482422 0.544922 0.496094 0.552734 0.527344 0.558594 0.533203 0.576172 0.529297 0.583984 0.513672 0.593750 0.519531 0.599609 0.537109 0.615234 0.541016 0.636719 0.535156 0.640625 0.525391 0.626953 0.490234 0.597656 0.478516 0.601562 0.466797 0.580078 0.437500 0.576172 0.414062 0.587891 0.425781 0.585938 0.435547 0.601562 0.437500 0.605469 0.443359 0.599609 0.449219 0.621094 0.462891 0.677734 0.460938 0.660156 0.400391 0.644531 0.402344 0.636719 0.378906
2 0.443359 0.369141 0.439453 0.371094 0.435547 0.375000 0.435547 0.376953 0.427734 0.382812 0.425781 0.386719 0.425781 0.400391 0.423828 0.402344 0.423828 0.414062 0.425781 0.416016 0.425781 0.419922 0.431641 0.423828 0.433594 0.421875 0.460938 0.421875 0.464844 0.423828 0.472656 0.419922 0.478516 0.414062 0.478516 0.410156 0.480469 0.408203 0.480469 0.392578 0.466797 0.386719 0.460938 0.375000 0.457031 0.371094 0.453125 0.371094 0.451172 0.369141
2 0.871094 0.388672 0.861328 0.388672 0.859375 0.386719 0.849609 0.386719 0.847656 0.388672 0.837891 0.388672 0.833984 0.392578 0.833984 0.394531 0.832031 0.396484 0.832031 0.402344 0.833984 0.404297 0.833984 0.406250 0.837891 0.410156 0.839844 0.410156 0.841797 0.412109 0.843750 0.410156 0.849609 0.410156 0.851562 0.408203 0.855469 0.408203 0.857422 0.406250 0.859375 0.406250 0.861328 0.404297 0.863281 0.404297 0.873047 0.394531 0.873047 0.392578 0.871094 0.390625
2 0.152344 0.392578 0.134766 0.392578 0.126953 0.402344 0.107422 0.412109 0.097656 0.412109 0.093750 0.419922 0.095703 0.443359 0.097656 0.445312 0.097656 0.451172 0.101562 0.455078 0.101562 0.458984 0.111328 0.466797 0.117188 0.462891 0.128906 0.460938 0.142578 0.453125 0.175781 0.443359 0.173828 0.414062 0.166016 0.408203 0.162109 0.400391
2 0.388672 0.425781 0.386719 0.421875 0.373047 0.410156 0.361328 0.410156 0.359375 0.412109 0.353516 0.412109 0.349609 0.416016 0.343750 0.416016 0.335938 0.423828 0.328125 0.425781 0.326172 0.433594 0.312500 0.447266 0.312500 0.455078 0.332031 0.464844 0.333984 0.462891 0.339844 0.462891 0.357422 0.453125 0.367188 0.451172 0.373047 0.445312 0.386719 0.439453 0.388672 0.437500
2 0.861328 0.449219 0.867188 0.464844 0.888672 0.494141 0.910156 0.544922 0.923828 0.552734 0.941406 0.550781 0.968750 0.556641 0.988281 0.554688 0.998047 0.546875 0.994141 0.523438 0.982422 0.517578 0.986328 0.503906 0.978516 0.496094 0.976562 0.486328 0.968750 0.480469 0.962891 0.457031 0.943359 0.421875 0.927734 0.417969 0.908203 0.427734 0.886719 0.429688
2 0.792969 0.494141 0.787109 0.494141 0.785156 0.496094 0.779297 0.496094 0.773438 0.500000 0.769531 0.500000 0.765625 0.503906 0.757812 0.505859 0.744141 0.515625 0.738281 0.517578 0.736328 0.521484 0.738281 0.529297 0.746094 0.544922 0.751953 0.552734 0.759766 0.552734 0.767578 0.546875 0.777344 0.544922 0.808594 0.529297 0.810547 0.525391 0.808594 0.523438 0.808594 0.519531 0.800781 0.505859 0.800781 0.501953
2 0.443359 0.527344 0.431641 0.515625 0.431641 0.513672 0.423828 0.503906 0.408203 0.503906 0.402344 0.509766 0.402344 0.513672 0.396484 0.521484 0.392578 0.523438 0.384766 0.523438 0.380859 0.525391 0.378906 0.529297 0.378906 0.542969 0.382812 0.544922 0.394531 0.544922 0.402344 0.548828 0.417969 0.548828 0.419922 0.546875 0.429688 0.544922 0.433594 0.541016 0.441406 0.537109 0.443359 0.535156
2 0.394531 0.582031 0.390625 0.582031 0.376953 0.591797 0.369141 0.595703 0.365234 0.595703 0.355469 0.601562 0.355469 0.607422 0.361328 0.621094 0.361328 0.628906 0.375000 0.650391 0.382812 0.650391 0.384766 0.648438 0.388672 0.648438 0.396484 0.642578 0.414062 0.634766 0.417969 0.630859 0.410156 0.615234 0.410156 0.611328 0.398438 0.589844 0.398438 0.585938
2 0.671875 0.587891 0.601562 0.613281 0.593750 0.625000 0.613281 0.703125 0.603516 0.726562 0.648438 0.835938 0.710938 0.912109 0.767578 0.882812 0.738281 0.814453 0.703125 0.791016 0.701172 0.767578 0.710938 0.765625 0.714844 0.775391 0.720703 0.757812 0.724609 0.767578 0.753906 0.771484 0.773438 0.798828 0.798828 0.792969 0.806641 0.777344 0.814453 0.787109 0.822266 0.779297 0.812500 0.746094 0.783203 0.736328 0.773438 0.718750 0.740234 0.716797 0.722656 0.734375 0.712891 0.724609 0.724609 0.716797 0.732422 0.689453 0.689453 0.621094 0.683594 0.591797
2 0.919922 0.628906 0.914062 0.625000 0.906250 0.625000 0.888672 0.613281 0.878906 0.611328 0.871094 0.617188 0.871094 0.621094 0.865234 0.626953 0.849609 0.632812 0.847656 0.638672 0.839844 0.638672 0.835938 0.642578 0.820312 0.646484 0.816406 0.652344 0.814453 0.666016 0.820312 0.683594 0.818359 0.699219 0.833984 0.701172 0.861328 0.683594 0.859375 0.675781 0.861328 0.669922 0.876953 0.669922 0.912109 0.656250 0.921875 0.648438 0.923828 0.642578
2 0.890625 0.703125 0.882812 0.701172 0.875000 0.703125 0.863281 0.714844 0.853516 0.716797 0.841797 0.724609 0.843750 0.736328 0.841797 0.740234 0.839844 0.738281 0.828125 0.744141 0.820312 0.744141 0.820312 0.750000 0.824219 0.755859 0.826172 0.781250 0.833984 0.796875 0.849609 0.800781 0.865234 0.787109 0.863281 0.767578 0.851562 0.757812 0.853516 0.755859 0.867188 0.753906 0.894531 0.736328 0.914062 0.728516 0.908203 0.718750 0.904297 0.724609 0.896484 0.718750 0.896484 0.712891
2 0.974609 0.802734 0.953125 0.812500 0.951172 0.814453 0.951172 0.822266 0.955078 0.828125 0.955078 0.837891 0.962891 0.855469 0.962891 0.863281 0.976562 0.878906 0.980469 0.878906 0.984375 0.875000 0.990234 0.873047 0.998047 0.867188 0.998047 0.843750 0.994141 0.835938 0.992188 0.820312 0.990234 0.818359 0.988281 0.810547 0.982422 0.804688
2 0.824219 0.845703 0.820312 0.851562 0.812500 0.853516 0.806641 0.859375 0.812500 0.873047 0.814453 0.888672 0.832031 0.916016 0.839844 0.935547 0.843750 0.935547 0.841797 0.912109 0.845703 0.910156 0.853516 0.919922 0.855469 0.933594 0.869141 0.947266 0.882812 0.933594 0.882812 0.931641 0.880859 0.933594 0.876953 0.931641 0.880859 0.925781 0.871094 0.916016 0.871094 0.902344 0.851562 0.876953 0.835938 0.845703 0.832031 0.843750 0.828125 0.849609
2 0.876953 0.847656 0.873047 0.851562 0.873047 0.857422 0.876953 0.863281 0.880859 0.876953 0.888672 0.888672 0.890625 0.898438 0.896484 0.910156 0.902344 0.916016 0.904297 0.921875 0.908203 0.925781 0.914062 0.925781 0.916016 0.923828 0.919922 0.923828 0.923828 0.919922 0.933594 0.917969 0.937500 0.914062 0.937500 0.910156 0.927734 0.898438 0.923828 0.890625 0.923828 0.884766 0.917969 0.873047 0.910156 0.863281 0.910156 0.857422 0.908203 0.855469 0.906250 0.845703 0.888672 0.843750 0.886719 0.845703
2 0.783203 0.847656 0.783203 0.853516 0.785156 0.855469 0.781250 0.859375 0.781250 0.861328 0.783203 0.863281 0.783203 0.865234 0.781250 0.867188 0.781250 0.880859 0.779297 0.882812 0.775391 0.882812 0.773438 0.884766 0.775391 0.886719 0.777344 0.886719 0.783203 0.892578 0.787109 0.892578 0.789062 0.890625 0.791016 0.890625 0.794922 0.886719 0.796875 0.886719 0.798828 0.884766 0.798828 0.882812 0.796875 0.880859 0.796875 0.867188 0.794922 0.867188 0.791016 0.863281 0.791016 0.853516 0.785156 0.847656
2 0.865234 0.880859 0.871094 0.880859 0.873047 0.882812 0.876953 0.882812 0.878906 0.884766 0.878906 0.880859 0.875000 0.876953 0.873047 0.876953 0.871094 0.878906 0.867188 0.878906
2 0.451172 0.888672 0.441406 0.888672 0.406250 0.906250 0.406250 0.921875 0.419922 0.939453 0.419922 0.951172 0.421875 0.953125 0.421875 0.957031 0.429688 0.966797 0.439453 0.964844 0.455078 0.955078 0.458984 0.951172 0.451172 0.941406 0.451172 0.935547 0.468750 0.927734 0.468750 0.921875 0.462891 0.912109 0.460938 0.900391
2 0.882812 0.888672 0.880859 0.888672 0.876953 0.892578 0.878906 0.894531 0.878906 0.896484 0.880859 0.898438 0.880859 0.902344 0.882812 0.900391 0.884766 0.900391 0.884766 0.898438 0.886719 0.896484 0.884766 0.894531 0.884766 0.890625
2 0.890625 0.910156 0.890625 0.912109 0.892578 0.914062 0.892578 0.910156
2 0.765625 0.916016 0.755859 0.916016 0.748047 0.919922 0.742188 0.919922 0.718750 0.933594 0.712891 0.941406 0.716797 0.957031 0.722656 0.964844 0.724609 0.974609 0.730469 0.986328 0.740234 0.998047 0.750000 0.998047 0.753906 0.994141 0.757812 0.994141 0.779297 0.984375 0.792969 0.970703 0.792969 0.962891 0.781250 0.947266 0.775391 0.927734
2 0.638672 0.919922 0.628906 0.919922 0.607422 0.935547 0.595703 0.941406 0.595703 0.949219 0.603516 0.958984 0.613281 0.982422 0.619141 0.982422 0.625000 0.978516 0.630859 0.978516 0.632812 0.976562 0.638672 0.976562 0.640625 0.974609 0.654297 0.974609 0.656250 0.972656 0.660156 0.972656 0.662109 0.964844 0.652344 0.945312 0.646484 0.937500 0.646484 0.933594 0.644531 0.931641 0.642578 0.923828
4 0.849609 0.000000 0.851562 0.001953 0.851562 0.009766 0.853516 0.011719 0.853516 0.015625 0.855469 0.017578 0.855469 0.021484 0.859375 0.029297 0.867188 0.037109 0.869141 0.042969 0.875000 0.046875 0.876953 0.044922 0.880859 0.044922 0.884766 0.042969 0.888672 0.039062 0.896484 0.035156 0.900391 0.027344 0.906250 0.021484 0.906250 0.005859 0.904297 0.003906 0.904297 0.000000
4 0.935547 0.000000 0.935547 0.015625 0.945312 0.035156 0.947266 0.058594 0.951172 0.064453 0.957031 0.085938 0.962891 0.089844 0.978516 0.087891 0.998047 0.076172 0.998047 0.000000 0.996094 0.001953 0.984375 0.001953 0.964844 0.007812 0.951172 0.007812 0.941406 0.000000
4 0.035156 0.574219 0.000000 0.578125 0.000000 0.689453 0.013672 0.687500 0.046875 0.669922 0.052734 0.669922 0.070312 0.660156 0.072266 0.656250 0.072266 0.644531 0.068359 0.632812 0.058594 0.619141 0.050781 0.597656 0.042969 0.589844 0.041016 0.582031
4 0.236328 0.839844 0.214844 0.847656 0.197266 0.859375 0.179688 0.863281 0.177734 0.869141 0.179688 0.876953 0.187500 0.886719 0.189453 0.900391 0.203125 0.921875 0.207031 0.935547 0.212891 0.943359 0.220703 0.947266 0.242188 0.937500 0.259766 0.923828 0.271484 0.919922 0.275391 0.914062 0.275391 0.904297 0.269531 0.886719 0.255859 0.863281 0.253906 0.853516
4 0.615234 0.855469 0.613281 0.863281 0.626953 0.882812 0.679688 0.996094 0.732422 0.998047 0.716797 0.960938 0.703125 0.943359 0.703125 0.919922 0.664062 0.851562 0.654297 0.843750 0.642578 0.843750
4 0.105469 0.939453 0.109375 0.958984 0.115234 0.964844 0.115234 0.968750 0.128906 0.988281 0.130859 0.998047 0.173828 0.998047 0.199219 0.990234 0.203125 0.976562 0.203125 0.962891 0.199219 0.953125 0.189453 0.941406 0.187500 0.927734 0.183594 0.921875 0.167969 0.914062 0.152344 0.914062 0.136719 0.923828 0.121094 0.927734 0.113281 0.935547
5 0.628906 0.000000 0.318359 0.134766 0.228516 0.021484 0.296875 0.144531 0.000000 0.292969 0.316406 0.998047 0.007812 0.310547 0.121094 0.257812 0.369141 0.662109 0.142578 0.250000 0.589844 0.017578 0.830078 0.441406 0.435547 0.652344 0.843750 0.457031 0.998047 0.755859 0.859375 0.451172 0.998047 0.355469 0.849609 0.433594
5 0.000000 0.726562 0.000000 0.751953 0.025391 0.794922 0.029297 0.822266 0.052734 0.888672 0.064453 0.902344 0.085938 0.958984 0.107422 0.998047 0.128906 0.998047 0.103516 0.951172 0.083984 0.898438 0.068359 0.875000 0.035156 0.769531 0.015625 0.740234 0.013672 0.728516
6 0.683594 0.003906 0.693359 0.007812 0.683594 0.011719 0.693359 0.017578 0.683594 0.029297 0.685547 0.041016 0.677734 0.044922 0.667969 0.066406 0.673828 0.070312 0.666016 0.082031 0.669922 0.099609 0.685547 0.125000 0.699219 0.134766 0.701172 0.148438 0.761719 0.156250 0.791016 0.144531 0.796875 0.150391 0.816406 0.152344 0.867188 0.121094 0.865234 0.085938 0.875000 0.076172 0.876953 0.058594 0.853516 0.027344 0.843750 0.000000
6 0.000000 0.103516 0.000000 0.203125 0.009766 0.212891 0.007812 0.216797 0.003906 0.214844 0.009766 0.224609 0.019531 0.220703 0.033203 0.228516 0.048828 0.224609 0.062500 0.240234 0.082031 0.236328 0.095703 0.242188 0.095703 0.238281 0.085938 0.230469 0.099609 0.228516 0.107422 0.218750 0.101562 0.214844 0.105469 0.208984 0.103516 0.185547 0.085938 0.164062 0.085938 0.136719 0.074219 0.136719 0.068359 0.130859 0.068359 0.117188 0.056641 0.113281 0.027344 0.115234 0.019531 0.107422 0.005859 0.101562
6 0.134766 0.511719 0.146484 0.552734 0.169922 0.585938 0.226562 0.583984 0.246094 0.578125 0.257812 0.580078 0.261719 0.572266 0.273438 0.572266 0.279297 0.578125 0.287109 0.572266 0.289062 0.574219 0.294922 0.566406 0.275391 0.539062 0.255859 0.500000 0.242188 0.484375 0.222656 0.482422 0.212891 0.476562 0.191406 0.484375 0.183594 0.482422 0.156250 0.509766 0.144531 0.511719 0.140625 0.507812
6 0.267578 0.582031 0.269531 0.583984 0.269531 0.582031
