0 0.566406 0.052734 0.558594 0.146484 0.570312 0.228516 0.556641 0.246094 0.580078 0.267578 0.572266 0.296875 0.611328 0.359375 0.650391 0.474609 0.658203 0.460938 0.701172 0.480469 0.732422 0.546875 0.830078 0.554688 0.861328 0.542969 0.873047 0.519531 0.869141 0.421875 0.841797 0.236328 0.916016 0.240234 0.921875 0.144531 0.857422 0.115234 0.853516 0.132812 0.837891 0.130859 0.837891 0.115234 0.818359 0.130859 0.789062 0.119141 0.771484 0.136719 0.767578 0.101562 0.679688 0.082031 0.648438 0.093750 0.638672 0.062500
0 0.847656 0.117188 0.845703 0.119141 0.847656 0.119141 0.849609 0.121094 0.851562 0.119141 0.849609 0.117188
0 0.560547 0.208984 0.558594 0.210938 0.556641 0.210938 0.556641 0.218750 0.558594 0.218750 0.560547 0.216797
0 0.902344 0.271484 0.902344 0.285156 0.906250 0.300781 0.914062 0.316406 0.921875 0.324219 0.949219 0.341797 0.958984 0.343750 0.998047 0.343750 0.998047 0.281250 0.996094 0.279297 0.964844 0.269531 0.949219 0.269531 0.947266 0.267578 0.933594 0.267578 0.917969 0.271484 0.906250 0.269531
0 0.193359 0.736328 0.171875 0.718750 0.154297 0.712891 0.142578 0.712891 0.128906 0.722656 0.121094 0.720703 0.113281 0.724609 0.037109 0.730469 0.031250 0.736328 0.025391 0.761719 0.025391 0.779297 0.031250 0.789062 0.042969 0.792969 0.132812 0.798828 0.156250 0.806641 0.169922 0.804688 0.185547 0.792969 0.193359 0.779297
0 0.167969 0.906250 0.167969 0.919922 0.173828 0.931641 0.177734 0.957031 0.191406 0.972656 0.232422 0.976562 0.246094 0.982422 0.300781 0.982422 0.318359 0.976562 0.330078 0.966797 0.332031 0.935547 0.318359 0.914062 0.296875 0.904297 0.289062 0.896484 0.251953 0.894531 0.244141 0.898438 0.218750 0.900391 0.212891 0.904297 0.179688 0.902344
1 0.113281 0.000000 0.123047 0.244141 0.226562 0.498047 0.638672 0.486328 0.593750 0.421875 0.613281 0.390625 0.525391 0.248047 0.398438 0.263672 0.402344 0.326172 0.373047 0.357422 0.300781 0.361328 0.273438 0.330078 0.265625 0.250000 0.291016 0.226562 0.363281 0.218750 0.400391 0.242188 0.511719 0.220703 0.509766 0.000000
1 0.244141 0.525391 0.443359 0.808594 0.570312 0.943359 0.597656 0.904297 0.603516 0.859375 0.564453 0.750000 0.558594 0.681641 0.507812 0.628906 0.513672 0.591797 0.525391 0.605469 0.519531 0.630859 0.558594 0.632812 0.585938 0.666016 0.669922 0.630859 0.683594 0.611328 0.654297 0.513672
1 0.781250 0.621094 0.777344 0.660156 0.798828 0.703125 0.882812 0.726562 0.974609 0.742188 0.998047 0.740234 0.998047 0.628906 0.820312 0.593750 0.798828 0.601562
1 0.613281 0.701172 0.597656 0.744141 0.626953 0.826172 0.646484 0.841797 0.697266 0.843750 0.724609 0.867188 0.724609 0.890625 0.699219 0.908203 0.679688 0.904297 0.656250 0.875000 0.636719 0.878906 0.591797 0.960938 0.623047 0.998047 0.998047 0.998047 0.996094 0.828125 0.798828 0.796875 0.802734 0.787109 0.779297 0.777344 0.789062 0.769531 0.748047 0.746094 0.759766 0.740234 0.724609 0.714844 0.693359 0.662109 0.640625 0.675781
2 0.000000 0.130859 0.000000 0.183594 0.029297 0.183594 0.031250 0.181641 0.031250 0.160156 0.029297 0.158203 0.029297 0.156250 0.017578 0.146484 0.017578 0.132812 0.015625 0.132812 0.013672 0.130859
2 0.000000 0.210938 0.000000 0.248047 0.009766 0.250000 0.000000 0.251953 0.000000 0.402344 0.054688 0.404297 0.058594 0.400391 0.056641 0.345703 0.037109 0.337891 0.037109 0.328125 0.029297 0.322266 0.025391 0.308594 0.033203 0.298828 0.025391 0.294922 0.029297 0.283203 0.031250 0.287109 0.035156 0.283203 0.039062 0.259766 0.013672 0.250000 0.015625 0.214844 0.011719 0.210938
2 0.271484 0.287109 0.275391 0.304688 0.279297 0.302734 0.283203 0.306641 0.294922 0.308594 0.304688 0.320312 0.310547 0.322266 0.332031 0.322266 0.345703 0.308594 0.353516 0.308594 0.363281 0.304688 0.363281 0.285156 0.359375 0.273438 0.359375 0.263672 0.357422 0.261719 0.333984 0.259766 0.314453 0.250000 0.298828 0.250000 0.294922 0.248047 0.291016 0.253906 0.294922 0.269531 0.277344 0.283203 0.273438 0.283203
2 0.019531 0.562500 0.019531 0.617188 0.023438 0.623047 0.044922 0.623047 0.064453 0.611328 0.097656 0.611328 0.099609 0.609375 0.099609 0.580078 0.101562 0.578125 0.099609 0.576172 0.101562 0.574219 0.101562 0.566406 0.099609 0.564453 0.074219 0.564453 0.070312 0.560547 0.072266 0.556641 0.072266 0.548828 0.070312 0.546875 0.037109 0.546875 0.029297 0.560547
2 0.152344 0.583984 0.144531 0.589844 0.128906 0.611328 0.119141 0.615234 0.117188 0.632812 0.130859 0.650391 0.134766 0.681641 0.148438 0.691406 0.160156 0.693359 0.173828 0.679688 0.183594 0.673828 0.193359 0.671875 0.205078 0.662109 0.207031 0.654297 0.216797 0.646484 0.218750 0.638672 0.210938 0.621094 0.203125 0.613281 0.197266 0.601562 0.183594 0.587891
2 0.033203 0.701172 0.035156 0.716797 0.037109 0.716797 0.044922 0.724609 0.091797 0.724609 0.093750 0.722656 0.107422 0.722656 0.115234 0.716797 0.115234 0.705078 0.117188 0.703125 0.115234 0.701172 0.117188 0.699219 0.117188 0.693359 0.113281 0.687500 0.105469 0.687500 0.101562 0.685547 0.095703 0.677734 0.091797 0.677734 0.089844 0.675781 0.076172 0.675781 0.074219 0.677734 0.070312 0.677734 0.066406 0.673828 0.062500 0.673828 0.060547 0.671875 0.050781 0.675781 0.044922 0.681641 0.041016 0.689453 0.035156 0.695312 0.035156 0.699219
2 0.263672 0.718750 0.257812 0.718750 0.244141 0.732422 0.238281 0.734375 0.234375 0.742188 0.228516 0.748047 0.220703 0.750000 0.218750 0.751953 0.216797 0.759766 0.218750 0.761719 0.218750 0.767578 0.220703 0.771484 0.224609 0.771484 0.228516 0.775391 0.248047 0.773438 0.250000 0.771484 0.253906 0.771484 0.265625 0.765625 0.279297 0.753906 0.281250 0.750000 0.279297 0.746094 0.279297 0.740234 0.275391 0.732422
2 0.000000 0.792969 0.000000 0.853516 0.056641 0.851562 0.107422 0.865234 0.144531 0.867188 0.171875 0.878906 0.333984 0.890625 0.333984 0.869141 0.310547 0.830078 0.152344 0.818359 0.128906 0.804688
2 0.000000 0.912109 0.000000 0.974609 0.015625 0.974609 0.017578 0.976562 0.044922 0.974609 0.046875 0.972656 0.046875 0.962891 0.039062 0.945312 0.041016 0.941406 0.048828 0.935547 0.050781 0.931641 0.048828 0.925781 0.044922 0.921875 0.041016 0.921875 0.039062 0.919922 0.031250 0.919922 0.029297 0.917969 0.021484 0.917969 0.013672 0.914062
5 0.035156 0.000000 0.046875 0.291016 0.091797 0.425781 0.476562 0.984375 0.529297 0.998047 0.113281 0.378906 0.089844 0.300781 0.072266 0.001953
