0 0.757812 0.070312 0.748047 0.095703 0.728516 0.107422 0.769531 0.121094 0.779297 0.140625 0.769531 0.150391 0.785156 0.181641 0.701172 0.195312 0.695312 0.189453 0.689453 0.238281 0.697266 0.255859 0.681641 0.289062 0.691406 0.333984 0.730469 0.384766 0.742188 0.384766 0.769531 0.410156 0.792969 0.408203 0.806641 0.388672 0.818359 0.388672 0.851562 0.414062 0.894531 0.414062 0.916016 0.357422 0.896484 0.322266 0.896484 0.251953 0.884766 0.220703 0.886719 0.207031 0.900391 0.201172 0.892578 0.134766 0.843750 0.087891 0.802734 0.070312
0 0.054688 0.435547 0.042969 0.441406 0.035156 0.451172 0.033203 0.482422 0.035156 0.484375 0.037109 0.503906 0.046875 0.519531 0.068359 0.531250 0.093750 0.531250 0.107422 0.523438 0.107422 0.501953 0.109375 0.500000 0.107422 0.462891 0.097656 0.451172 0.085938 0.447266 0.076172 0.437500 0.072266 0.435547
0 0.166016 0.632812 0.089844 0.621094 0.074219 0.630859 0.060547 0.654297 0.035156 0.660156 0.021484 0.679688 0.000000 0.685547 0.000000 0.958984 0.041016 0.968750 0.062500 0.955078 0.089844 0.951172 0.099609 0.957031 0.150391 0.937500 0.144531 0.875000 0.177734 0.857422 0.203125 0.824219 0.197266 0.814453 0.201172 0.773438 0.218750 0.759766 0.218750 0.744141 0.189453 0.679688 0.169922 0.660156
0 0.207031 0.769531 0.207031 0.771484 0.208984 0.771484 0.208984 0.769531
0 0.207031 0.785156 0.214844 0.785156 0.214844 0.783203 0.208984 0.783203
0 0.408203 0.826172 0.404297 0.832031 0.404297 0.841797 0.400391 0.853516 0.406250 0.863281 0.404297 0.869141 0.419922 0.873047 0.453125 0.900391 0.466797 0.902344 0.472656 0.898438 0.478516 0.888672 0.488281 0.886719 0.498047 0.878906 0.498047 0.855469 0.482422 0.841797 0.474609 0.818359 0.470703 0.814453 0.460938 0.812500 0.455078 0.808594 0.439453 0.812500
2 0.728516 0.082031 0.726562 0.083984 0.726562 0.087891 0.724609 0.089844 0.724609 0.095703 0.728516 0.099609 0.730469 0.097656 0.732422 0.099609 0.734375 0.099609 0.736328 0.101562 0.738281 0.099609 0.742188 0.099609 0.746094 0.095703 0.742188 0.091797 0.742188 0.083984 0.740234 0.082031
2 0.695312 0.093750 0.695312 0.115234 0.701172 0.134766 0.699219 0.136719 0.701172 0.150391 0.693359 0.156250 0.691406 0.167969 0.697266 0.191406 0.701172 0.193359 0.726562 0.183594 0.736328 0.185547 0.746094 0.181641 0.779297 0.185547 0.783203 0.181641 0.783203 0.171875 0.777344 0.156250 0.767578 0.150391 0.777344 0.142578 0.767578 0.132812 0.767578 0.121094 0.761719 0.123047 0.755859 0.121094 0.751953 0.115234 0.748047 0.119141 0.742188 0.113281 0.726562 0.111328 0.724609 0.105469 0.705078 0.099609 0.701172 0.093750
2 0.750000 0.097656 0.750000 0.099609 0.751953 0.099609 0.751953 0.097656
2 0.750000 0.105469 0.751953 0.107422 0.751953 0.105469
2 0.607422 0.117188 0.605469 0.121094 0.605469 0.125000 0.607422 0.126953 0.607422 0.130859 0.605469 0.132812 0.605469 0.152344 0.609375 0.162109 0.615234 0.166016 0.621094 0.166016 0.623047 0.167969 0.636719 0.167969 0.638672 0.166016 0.660156 0.166016 0.667969 0.169922 0.681641 0.167969 0.681641 0.158203 0.675781 0.150391 0.660156 0.142578 0.658203 0.134766 0.654297 0.130859 0.646484 0.115234 0.642578 0.113281 0.625000 0.113281 0.623047 0.115234 0.613281 0.115234 0.611328 0.117188
2 0.500000 0.140625 0.500000 0.144531 0.513672 0.148438 0.521484 0.156250 0.533203 0.158203 0.552734 0.167969 0.566406 0.167969 0.570312 0.162109 0.570312 0.144531 0.578125 0.134766 0.578125 0.128906 0.576172 0.125000 0.570312 0.121094 0.541016 0.117188 0.539062 0.119141 0.523438 0.121094 0.513672 0.125000 0.513672 0.126953
2 0.183594 0.144531 0.183594 0.152344 0.185547 0.154297 0.185547 0.160156 0.187500 0.162109 0.187500 0.177734 0.189453 0.179688 0.189453 0.185547 0.195312 0.191406 0.203125 0.193359 0.205078 0.195312 0.216797 0.195312 0.218750 0.197266 0.232422 0.197266 0.234375 0.195312 0.238281 0.195312 0.242188 0.191406 0.240234 0.187500 0.240234 0.181641 0.238281 0.179688 0.238281 0.173828 0.236328 0.171875 0.236328 0.166016 0.234375 0.164062 0.230469 0.148438 0.222656 0.140625 0.208984 0.140625 0.207031 0.142578 0.191406 0.142578 0.189453 0.144531
2 0.326172 0.148438 0.320312 0.158203 0.320312 0.199219 0.326172 0.207031 0.335938 0.210938 0.365234 0.210938 0.373047 0.214844 0.384766 0.214844 0.386719 0.210938 0.384766 0.183594 0.380859 0.173828 0.380859 0.166016 0.373047 0.152344 0.373047 0.146484 0.367188 0.142578 0.361328 0.142578 0.359375 0.140625 0.343750 0.140625 0.330078 0.148438
2 0.111328 0.158203 0.111328 0.177734 0.113281 0.179688 0.113281 0.199219 0.117188 0.201172 0.138672 0.201172 0.140625 0.199219 0.156250 0.199219 0.158203 0.197266 0.154297 0.189453 0.154297 0.177734 0.152344 0.175781 0.152344 0.158203 0.146484 0.152344 0.132812 0.152344 0.130859 0.154297 0.117188 0.154297
2 0.789062 0.171875 0.789062 0.175781 0.791016 0.175781 0.791016 0.171875
2 0.490234 0.197266 0.490234 0.207031 0.492188 0.212891 0.496094 0.214844 0.523438 0.214844 0.542969 0.226562 0.552734 0.236328 0.558594 0.238281 0.578125 0.238281 0.580078 0.236328 0.580078 0.230469 0.574219 0.212891 0.585938 0.201172 0.585938 0.183594 0.539062 0.183594 0.537109 0.185547 0.527344 0.185547 0.515625 0.189453 0.503906 0.189453 0.494141 0.193359
2 0.609375 0.185547 0.609375 0.203125 0.617188 0.220703 0.617188 0.238281 0.621094 0.244141 0.646484 0.244141 0.654297 0.240234 0.660156 0.240234 0.666016 0.232422 0.666016 0.216797 0.664062 0.212891 0.660156 0.210938 0.642578 0.191406 0.634766 0.187500 0.630859 0.187500 0.628906 0.185547
2 0.435547 0.238281 0.431641 0.236328 0.410156 0.236328 0.408203 0.238281 0.394531 0.238281 0.392578 0.240234 0.388672 0.238281 0.378906 0.238281 0.376953 0.240234 0.373047 0.240234 0.371094 0.244141 0.371094 0.251953 0.373047 0.253906 0.373047 0.261719 0.375000 0.263672 0.376953 0.279297 0.380859 0.283203 0.386719 0.285156 0.388672 0.283203 0.398438 0.283203 0.406250 0.279297 0.414062 0.279297 0.416016 0.277344 0.421875 0.277344 0.423828 0.275391 0.435547 0.273438 0.441406 0.265625 0.441406 0.255859 0.439453 0.253906
2 0.523438 0.261719 0.523438 0.273438 0.527344 0.281250 0.529297 0.281250 0.537109 0.289062 0.539062 0.294922 0.550781 0.298828 0.558594 0.306641 0.562500 0.306641 0.564453 0.308594 0.580078 0.308594 0.589844 0.304688 0.587891 0.302734 0.587891 0.294922 0.585938 0.292969 0.585938 0.287109 0.591797 0.279297 0.591797 0.255859 0.589844 0.253906 0.572266 0.253906 0.570312 0.255859 0.542969 0.255859 0.541016 0.257812 0.531250 0.257812
2 0.214844 0.269531 0.212891 0.273438 0.212891 0.322266 0.214844 0.324219 0.230469 0.324219 0.232422 0.322266 0.259766 0.322266 0.263672 0.320312 0.261719 0.312500 0.257812 0.310547 0.257812 0.306641 0.251953 0.300781 0.251953 0.292969 0.250000 0.291016 0.250000 0.275391 0.246094 0.271484 0.242188 0.269531 0.236328 0.269531 0.234375 0.267578 0.218750 0.267578
2 0.156250 0.277344 0.154297 0.279297 0.154297 0.283203 0.150391 0.291016 0.150391 0.316406 0.152344 0.318359 0.152344 0.328125 0.156250 0.333984 0.189453 0.333984 0.193359 0.332031 0.193359 0.316406 0.191406 0.314453 0.189453 0.289062 0.175781 0.275391 0.162109 0.275391 0.160156 0.277344
2 0.626953 0.279297 0.625000 0.283203 0.625000 0.294922 0.623047 0.296875 0.623047 0.312500 0.625000 0.314453 0.625000 0.318359 0.632812 0.322266 0.677734 0.322266 0.679688 0.320312 0.679688 0.302734 0.677734 0.300781 0.677734 0.296875 0.675781 0.296875 0.666016 0.287109 0.662109 0.279297 0.654297 0.275391 0.650391 0.275391 0.648438 0.273438 0.634766 0.273438
2 0.521484 0.335938 0.521484 0.341797 0.527344 0.347656 0.533203 0.349609 0.541016 0.361328 0.548828 0.365234 0.552734 0.365234 0.562500 0.375000 0.570312 0.376953 0.578125 0.371094 0.583984 0.359375 0.583984 0.355469 0.591797 0.339844 0.591797 0.330078 0.589844 0.328125 0.582031 0.328125 0.580078 0.326172 0.546875 0.326172 0.544922 0.328125 0.533203 0.328125 0.531250 0.330078 0.527344 0.330078
2 0.267578 0.347656 0.265625 0.345703 0.238281 0.345703 0.236328 0.347656 0.230469 0.347656 0.222656 0.351562 0.214844 0.351562 0.207031 0.355469 0.203125 0.359375 0.205078 0.392578 0.208984 0.396484 0.224609 0.396484 0.226562 0.394531 0.234375 0.394531 0.236328 0.392578 0.244141 0.392578 0.246094 0.390625 0.261719 0.388672 0.265625 0.384766 0.265625 0.378906 0.267578 0.376953
2 0.632812 0.349609 0.628906 0.355469 0.628906 0.384766 0.626953 0.386719 0.626953 0.396484 0.630859 0.400391 0.634766 0.400391 0.636719 0.402344 0.664062 0.402344 0.666016 0.400391 0.679688 0.400391 0.681641 0.398438 0.681641 0.394531 0.679688 0.392578 0.679688 0.384766 0.681641 0.382812 0.681641 0.369141 0.677734 0.365234 0.667969 0.361328 0.662109 0.355469 0.654297 0.351562 0.648438 0.351562 0.646484 0.349609 0.640625 0.349609 0.638672 0.347656
2 0.396484 0.359375 0.396484 0.367188 0.398438 0.369141 0.398438 0.380859 0.400391 0.382812 0.400391 0.388672 0.408203 0.398438 0.433594 0.396484 0.435547 0.394531 0.447266 0.392578 0.455078 0.388672 0.455078 0.380859 0.458984 0.375000 0.458984 0.369141 0.460938 0.367188 0.458984 0.355469 0.455078 0.351562 0.417969 0.351562 0.416016 0.353516 0.408203 0.353516 0.406250 0.355469 0.402344 0.355469
2 0.533203 0.406250 0.535156 0.417969 0.541016 0.421875 0.544922 0.421875 0.550781 0.429688 0.550781 0.435547 0.556641 0.439453 0.564453 0.439453 0.572266 0.447266 0.595703 0.447266 0.593750 0.425781 0.599609 0.421875 0.607422 0.412109 0.607422 0.406250 0.599609 0.396484 0.558594 0.396484 0.556641 0.398438 0.544922 0.398438 0.542969 0.400391 0.539062 0.400391
2 0.285156 0.419922 0.281250 0.416016 0.277344 0.416016 0.275391 0.414062 0.257812 0.412109 0.255859 0.414062 0.242188 0.414062 0.240234 0.416016 0.228516 0.416016 0.226562 0.417969 0.208984 0.417969 0.205078 0.419922 0.205078 0.425781 0.210938 0.437500 0.214844 0.441406 0.220703 0.457031 0.224609 0.460938 0.236328 0.460938 0.238281 0.458984 0.246094 0.458984 0.248047 0.457031 0.275391 0.453125 0.279297 0.447266 0.281250 0.439453 0.285156 0.435547
2 0.773438 0.421875 0.767578 0.421875 0.765625 0.419922 0.755859 0.419922 0.748047 0.423828 0.746094 0.433594 0.732422 0.447266 0.730469 0.451172 0.724609 0.453125 0.720703 0.457031 0.722656 0.468750 0.724609 0.470703 0.726562 0.478516 0.730469 0.480469 0.767578 0.480469 0.771484 0.476562 0.771484 0.460938 0.769531 0.458984 0.771484 0.457031 0.771484 0.449219 0.777344 0.439453 0.777344 0.429688
2 0.490234 0.478516 0.480469 0.472656 0.474609 0.451172 0.458984 0.449219 0.453125 0.451172 0.433594 0.474609 0.429688 0.494141 0.423828 0.478516 0.416016 0.468750 0.412109 0.453125 0.400391 0.451172 0.390625 0.464844 0.382812 0.466797 0.367188 0.482422 0.375000 0.521484 0.417969 0.523438 0.421875 0.521484 0.423828 0.507812 0.429688 0.501953 0.431641 0.492188 0.433594 0.500000 0.439453 0.503906 0.460938 0.503906 0.468750 0.509766 0.492188 0.505859
2 0.300781 0.476562 0.296875 0.472656 0.291016 0.472656 0.289062 0.470703 0.269531 0.470703 0.267578 0.472656 0.257812 0.472656 0.255859 0.474609 0.250000 0.474609 0.248047 0.476562 0.232422 0.480469 0.232422 0.492188 0.234375 0.494141 0.234375 0.500000 0.236328 0.501953 0.236328 0.509766 0.240234 0.517578 0.244141 0.519531 0.259766 0.519531 0.261719 0.517578 0.273438 0.517578 0.275391 0.515625 0.292969 0.513672 0.296875 0.507812 0.296875 0.503906 0.302734 0.492188 0.302734 0.480469
2 0.560547 0.503906 0.554688 0.513672 0.558594 0.521484 0.560547 0.521484 0.566406 0.527344 0.566406 0.533203 0.574219 0.541016 0.578125 0.541016 0.585938 0.544922 0.591797 0.544922 0.593750 0.546875 0.607422 0.546875 0.609375 0.544922 0.609375 0.533203 0.611328 0.531250 0.611328 0.527344 0.619141 0.521484 0.628906 0.519531 0.628906 0.509766 0.630859 0.507812 0.630859 0.503906 0.626953 0.496094 0.619141 0.496094 0.617188 0.498047 0.611328 0.498047 0.609375 0.496094 0.585938 0.496094 0.583984 0.498047 0.576172 0.498047 0.574219 0.500000
2 0.726562 0.505859 0.726562 0.513672 0.730469 0.517578 0.730469 0.521484 0.734375 0.529297 0.744141 0.542969 0.748047 0.544922 0.753906 0.544922 0.755859 0.546875 0.773438 0.546875 0.775391 0.548828 0.787109 0.548828 0.789062 0.546875 0.789062 0.527344 0.796875 0.517578 0.796875 0.509766 0.792969 0.503906 0.763672 0.503906 0.759766 0.501953 0.757812 0.503906 0.738281 0.503906 0.736328 0.505859
2 0.808594 0.515625 0.804688 0.529297 0.808594 0.552734 0.822266 0.570312 0.839844 0.566406 0.851562 0.572266 0.841797 0.587891 0.845703 0.611328 0.855469 0.615234 0.865234 0.611328 0.910156 0.611328 0.935547 0.628906 0.951172 0.630859 0.949219 0.562500 0.939453 0.546875 0.925781 0.546875 0.917969 0.537109 0.894531 0.529297 0.890625 0.519531 0.849609 0.517578 0.839844 0.513672
2 0.316406 0.539062 0.312500 0.535156 0.306641 0.535156 0.304688 0.533203 0.302734 0.535156 0.300781 0.533203 0.287109 0.533203 0.285156 0.535156 0.271484 0.535156 0.269531 0.537109 0.250000 0.539062 0.246094 0.542969 0.246094 0.544922 0.248047 0.546875 0.248047 0.552734 0.250000 0.554688 0.255859 0.576172 0.261719 0.580078 0.271484 0.580078 0.273438 0.578125 0.279297 0.578125 0.281250 0.576172 0.291016 0.576172 0.292969 0.574219 0.312500 0.574219 0.314453 0.572266 0.314453 0.560547 0.316406 0.558594
2 0.568359 0.574219 0.566406 0.578125 0.566406 0.591797 0.572266 0.597656 0.574219 0.597656 0.587891 0.613281 0.601562 0.619141 0.619141 0.619141 0.623047 0.617188 0.623047 0.609375 0.621094 0.607422 0.621094 0.603516 0.623047 0.599609 0.632812 0.591797 0.632812 0.582031 0.626953 0.576172 0.626953 0.574219 0.625000 0.574219 0.621094 0.570312 0.609375 0.568359 0.607422 0.566406 0.599609 0.566406 0.597656 0.568359 0.585938 0.568359 0.583984 0.570312 0.576172 0.570312
2 0.382812 0.603516 0.373047 0.613281 0.341797 0.621094 0.337891 0.619141 0.326172 0.623047 0.324219 0.621094 0.322266 0.623047 0.320312 0.621094 0.318359 0.623047 0.316406 0.621094 0.310547 0.623047 0.308594 0.621094 0.304688 0.623047 0.302734 0.621094 0.300781 0.623047 0.298828 0.621094 0.294922 0.623047 0.292969 0.621094 0.291016 0.623047 0.279297 0.621094 0.275391 0.625000 0.279297 0.664062 0.292969 0.666016 0.302734 0.660156 0.332031 0.654297 0.339844 0.650391 0.353516 0.650391 0.365234 0.646484 0.386719 0.644531 0.388672 0.632812
2 0.578125 0.646484 0.578125 0.658203 0.585938 0.667969 0.589844 0.675781 0.589844 0.681641 0.593750 0.687500 0.601562 0.687500 0.603516 0.689453 0.607422 0.689453 0.611328 0.693359 0.628906 0.693359 0.630859 0.691406 0.636719 0.691406 0.638672 0.689453 0.638672 0.644531 0.634766 0.640625 0.626953 0.638672 0.625000 0.636719 0.619141 0.636719 0.617188 0.638672 0.613281 0.636719 0.599609 0.636719 0.597656 0.638672 0.591797 0.638672
2 0.750000 0.681641 0.750000 0.726562 0.765625 0.804688 0.822266 0.798828 0.839844 0.806641 0.880859 0.804688 0.904297 0.808594 0.917969 0.820312 0.921875 0.816406 0.919922 0.789062 0.925781 0.785156 0.921875 0.783203 0.919922 0.789062 0.910156 0.777344 0.902344 0.781250 0.892578 0.753906 0.880859 0.763672 0.875000 0.759766 0.873047 0.707031 0.865234 0.677734 0.859375 0.671875 0.837891 0.667969 0.816406 0.677734 0.808594 0.669922 0.771484 0.669922
2 0.890625 0.738281 0.890625 0.746094 0.892578 0.748047 0.892578 0.738281
2 0.908203 0.771484 0.925781 0.771484 0.925781 0.769531 0.927734 0.767578 0.925781 0.765625 0.921875 0.765625 0.919922 0.763672 0.914062 0.763672 0.912109 0.765625 0.910156 0.765625 0.908203 0.767578
2 0.919922 0.826172 0.917969 0.824219 0.914062 0.828125 0.914062 0.830078 0.917969 0.830078 0.919922 0.828125
2 0.201172 0.859375 0.193359 0.859375 0.179688 0.865234 0.167969 0.867188 0.167969 0.871094 0.166016 0.873047 0.166016 0.900391 0.167969 0.902344 0.169922 0.912109 0.173828 0.916016 0.173828 0.917969 0.181641 0.917969 0.183594 0.916016 0.195312 0.914062 0.203125 0.910156 0.218750 0.908203 0.220703 0.906250 0.224609 0.906250 0.226562 0.902344 0.224609 0.900391 0.224609 0.896484 0.218750 0.890625 0.216797 0.890625 0.210938 0.882812 0.207031 0.875000 0.205078 0.865234
5 0.921875 0.013672 0.000000 0.078125 0.314453 0.998047 0.349609 0.933594 0.988281 0.916016 0.341797 0.898438 0.099609 0.279297 0.283203 0.263672 0.349609 0.576172 0.261719 0.601562 0.386719 0.585938 0.328125 0.271484 0.275391 0.218750 0.089844 0.238281 0.062500 0.115234 0.888672 0.048828 0.937500 0.310547
5 0.296875 0.960938 0.292969 0.949219 0.277344 0.941406 0.154297 0.945312 0.000000 0.978516 0.000000 0.998047 0.195312 0.998047 0.230469 0.986328 0.279297 0.986328
