2 0.865234 0.000000 0.865234 0.009766 0.867188 0.013672 0.875000 0.013672 0.876953 0.015625 0.910156 0.015625 0.912109 0.017578 0.927734 0.017578 0.929688 0.019531 0.947266 0.019531 0.953125 0.023438 0.960938 0.023438 0.962891 0.025391 0.964844 0.023438 0.970703 0.023438 0.970703 0.009766 0.962891 0.003906 0.958984 0.003906 0.951172 0.000000
2 0.593750 0.121094 0.576172 0.093750 0.583984 0.089844 0.582031 0.072266 0.447266 0.074219 0.439453 0.083984 0.359375 0.085938 0.318359 0.097656 0.216797 0.097656 0.201172 0.085938 0.197266 0.107422 0.185547 0.103516 0.185547 0.080078 0.166016 0.080078 0.160156 0.095703 0.166016 0.123047 0.197266 0.126953 0.214844 0.164062 0.318359 0.158203 0.332031 0.148438 0.578125 0.132812
2 0.845703 0.117188 0.841797 0.134766 0.843750 0.136719 0.843750 0.142578 0.847656 0.154297 0.855469 0.154297 0.857422 0.156250 0.878906 0.156250 0.880859 0.158203 0.898438 0.158203 0.900391 0.160156 0.927734 0.160156 0.927734 0.134766 0.929688 0.132812 0.929688 0.123047 0.923828 0.121094 0.906250 0.121094 0.904297 0.119141 0.876953 0.117188 0.865234 0.113281 0.849609 0.113281
2 0.785156 0.171875 0.757812 0.160156 0.742188 0.181641 0.714844 0.158203 0.109375 0.216797 0.091797 0.236328 0.099609 0.341797 0.146484 0.357422 0.722656 0.294922 0.746094 0.281250 0.751953 0.253906 0.757812 0.277344 0.777344 0.265625 0.761719 0.255859 0.777344 0.246094 0.755859 0.236328 0.767578 0.214844 0.785156 0.214844
2 0.865234 0.164062 0.867188 0.203125 0.869141 0.205078 0.888672 0.207031 0.890625 0.208984 0.898438 0.208984 0.900391 0.210938 0.914062 0.210938 0.916016 0.212891 0.923828 0.212891 0.925781 0.208984 0.925781 0.171875 0.917969 0.169922 0.916016 0.167969 0.910156 0.167969 0.908203 0.166016 0.900391 0.166016 0.898438 0.164062 0.890625 0.164062 0.888672 0.162109 0.878906 0.162109 0.876953 0.160156 0.871094 0.160156
2 0.777344 0.226562 0.777344 0.230469 0.779297 0.230469 0.779297 0.226562
2 0.839844 0.269531 0.841797 0.271484 0.841797 0.279297 0.843750 0.281250 0.859375 0.281250 0.861328 0.283203 0.869141 0.283203 0.871094 0.285156 0.882812 0.285156 0.884766 0.287109 0.896484 0.287109 0.898438 0.289062 0.910156 0.289062 0.912109 0.291016 0.923828 0.291016 0.929688 0.287109 0.929688 0.279297 0.933594 0.275391 0.919922 0.267578 0.900391 0.265625 0.898438 0.263672 0.888672 0.263672 0.886719 0.261719 0.871094 0.259766 0.869141 0.257812 0.853516 0.257812 0.851562 0.255859 0.841797 0.255859 0.841797 0.267578
2 0.751953 0.273438 0.750000 0.275391 0.751953 0.275391
2 0.818359 0.306641 0.814453 0.314453 0.814453 0.341797 0.812500 0.343750 0.814453 0.351562 0.816406 0.353516 0.826172 0.353516 0.828125 0.355469 0.835938 0.355469 0.837891 0.357422 0.863281 0.357422 0.865234 0.353516 0.865234 0.335938 0.867188 0.333984 0.867188 0.322266 0.865234 0.320312 0.865234 0.316406 0.863281 0.314453 0.859375 0.316406 0.857422 0.314453 0.847656 0.314453 0.845703 0.312500 0.833984 0.312500 0.832031 0.310547 0.826172 0.310547
2 0.914062 0.371094 0.851562 0.367188 0.851562 0.408203 0.875000 0.414062 0.791016 0.414062 0.800781 0.402344 0.828125 0.402344 0.830078 0.367188 0.816406 0.361328 0.695312 0.380859 0.703125 0.449219 0.755859 0.617188 0.779297 0.615234 0.785156 0.599609 0.794922 0.619141 0.833984 0.613281 0.837891 0.568359 0.794922 0.562500 0.783203 0.593750 0.734375 0.414062 0.740234 0.388672 0.757812 0.417969 0.744141 0.423828 0.750000 0.457031 0.794922 0.458984 0.804688 0.451172 0.796875 0.419922 0.886719 0.443359 0.890625 0.417969 0.880859 0.414062 0.914062 0.412109
2 0.550781 0.371094 0.185547 0.410156 0.207031 0.720703 0.228516 0.724609 0.222656 0.824219 0.259766 0.822266 0.220703 0.460938 0.240234 0.529297 0.500000 0.507812 0.474609 0.513672 0.490234 0.683594 0.517578 0.687500 0.513672 0.554688 0.537109 0.539062 0.523438 0.507812 0.570312 0.498047
2 0.828125 0.503906 0.828125 0.507812 0.826172 0.509766 0.826172 0.519531 0.828125 0.523438 0.832031 0.523438 0.833984 0.525391 0.841797 0.525391 0.843750 0.527344 0.851562 0.527344 0.853516 0.529297 0.880859 0.533203 0.882812 0.535156 0.888672 0.535156 0.896484 0.539062 0.906250 0.539062 0.908203 0.541016 0.917969 0.539062 0.917969 0.535156 0.921875 0.527344 0.919922 0.519531 0.916016 0.515625 0.906250 0.511719 0.900391 0.511719 0.898438 0.509766 0.884766 0.509766 0.875000 0.505859 0.859375 0.505859 0.857422 0.503906 0.847656 0.503906 0.845703 0.501953 0.830078 0.501953
2 0.892578 0.542969 0.886719 0.542969 0.884766 0.541016 0.882812 0.542969 0.875000 0.542969 0.863281 0.554688 0.857422 0.556641 0.851562 0.562500 0.849609 0.576172 0.845703 0.580078 0.845703 0.583984 0.843750 0.585938 0.843750 0.603516 0.845703 0.607422 0.849609 0.609375 0.855469 0.609375 0.857422 0.611328 0.878906 0.611328 0.880859 0.609375 0.888672 0.609375 0.892578 0.603516 0.892578 0.580078 0.894531 0.578125 0.894531 0.544922
2 0.533203 0.568359 0.523438 0.576172 0.537109 0.851562 0.548828 0.853516 0.582031 0.845703 0.580078 0.781250 0.595703 0.761719 0.595703 0.748047 0.599609 0.761719 0.660156 0.757812 0.658203 0.736328 0.642578 0.730469 0.640625 0.669922 0.589844 0.669922 0.589844 0.640625 0.597656 0.634766 0.640625 0.634766 0.642578 0.607422 0.593750 0.607422 0.582031 0.572266
2 0.900391 0.648438 0.859375 0.640625 0.849609 0.644531 0.816406 0.642578 0.802734 0.648438 0.798828 0.669922 0.796875 0.761719 0.820312 0.765625 0.869141 0.765625 0.892578 0.769531 0.896484 0.765625 0.902344 0.667969
2 0.708984 0.656250 0.707031 0.660156 0.708984 0.677734 0.710938 0.679688 0.712891 0.687500 0.716797 0.691406 0.720703 0.699219 0.722656 0.710938 0.726562 0.718750 0.730469 0.720703 0.732422 0.718750 0.742188 0.718750 0.744141 0.716797 0.750000 0.716797 0.751953 0.714844 0.751953 0.703125 0.750000 0.701172 0.750000 0.693359 0.748047 0.691406 0.748047 0.685547 0.746094 0.683594 0.746094 0.656250 0.744141 0.654297 0.714844 0.654297 0.712891 0.656250
2 0.000000 0.658203 0.000000 0.947266 0.019531 0.947266 0.037109 0.931641 0.068359 0.923828 0.136719 0.925781 0.144531 0.914062 0.132812 0.902344 0.125000 0.847656 0.068359 0.839844 0.062500 0.826172 0.058594 0.718750 0.076172 0.716797 0.087891 0.707031 0.080078 0.697266 0.085938 0.685547 0.082031 0.673828 0.048828 0.671875 0.027344 0.658203
2 0.441406 0.720703 0.431641 0.724609 0.431641 0.736328 0.441406 0.787109 0.445312 0.867188 0.447266 0.871094 0.466797 0.871094 0.472656 0.867188 0.468750 0.847656 0.470703 0.837891 0.464844 0.812500 0.460938 0.724609 0.457031 0.720703
2 0.736328 0.763672 0.736328 0.767578 0.738281 0.769531 0.738281 0.777344 0.740234 0.779297 0.740234 0.789062 0.742188 0.791016 0.742188 0.794922 0.744141 0.796875 0.763672 0.796875 0.765625 0.794922 0.775391 0.796875 0.777344 0.794922 0.785156 0.794922 0.787109 0.792969 0.789062 0.792969 0.789062 0.779297 0.787109 0.777344 0.787109 0.769531 0.785156 0.767578 0.785156 0.763672 0.781250 0.759766 0.779297 0.759766 0.777344 0.757812 0.757812 0.757812 0.755859 0.759766 0.746094 0.759766 0.744141 0.761719 0.738281 0.761719
2 0.187500 0.851562 0.175781 0.851562 0.173828 0.849609 0.173828 0.851562 0.167969 0.855469 0.154297 0.855469 0.152344 0.853516 0.140625 0.859375 0.140625 0.880859 0.144531 0.884766 0.146484 0.898438 0.148438 0.900391 0.148438 0.910156 0.152344 0.921875 0.156250 0.925781 0.167969 0.927734 0.203125 0.916016 0.205078 0.910156 0.205078 0.871094 0.199219 0.857422
2 0.798828 0.906250 0.802734 0.912109 0.806641 0.910156 0.812500 0.916016 0.812500 0.919922 0.839844 0.921875 0.843750 0.935547 0.904297 0.937500 0.910156 0.941406 0.916016 0.935547 0.917969 0.939453 0.917969 0.921875 0.917969 0.927734 0.914062 0.929688 0.910156 0.919922 0.908203 0.921875 0.902344 0.912109 0.908203 0.906250 0.912109 0.908203 0.910156 0.900391 0.908203 0.904297 0.902344 0.896484 0.904297 0.892578 0.892578 0.890625 0.886719 0.886719 0.837891 0.884766 0.828125 0.892578 0.810547 0.896484 0.808594 0.906250
2 0.724609 0.906250 0.722656 0.908203 0.722656 0.917969 0.728516 0.941406 0.728516 0.966797 0.730469 0.968750 0.728516 0.976562 0.734375 0.982422 0.750000 0.986328 0.761719 0.992188 0.765625 0.990234 0.779297 0.990234 0.783203 0.986328 0.783203 0.962891 0.775391 0.949219 0.775391 0.925781 0.769531 0.914062 0.769531 0.898438 0.767578 0.896484 0.751953 0.896484 0.746094 0.898438 0.740234 0.908203
2 0.527344 0.923828 0.523438 0.921875 0.505859 0.923828 0.496094 0.927734 0.472656 0.929688 0.468750 0.933594 0.472656 0.998047 0.494141 0.998047 0.498047 0.994141 0.531250 0.992188 0.533203 0.990234 0.531250 0.955078 0.527344 0.945312
2 0.398438 0.986328 0.390625 0.968750 0.388672 0.951172 0.380859 0.949219 0.332031 0.958984 0.324219 0.962891 0.322266 0.972656 0.318359 0.976562 0.298828 0.978516 0.298828 0.984375 0.300781 0.982422 0.304688 0.988281 0.300781 0.998047 0.296875 0.992188 0.291016 0.990234 0.283203 0.992188 0.281250 0.998047 0.396484 0.998047
