0 0.121094 0.000000 0.128906 0.013672 0.126953 0.023438 0.128906 0.025391 0.128906 0.035156 0.126953 0.037109 0.128906 0.041016 0.126953 0.042969 0.134766 0.050781 0.160156 0.060547 0.173828 0.060547 0.187500 0.054688 0.203125 0.052734 0.226562 0.033203 0.226562 0.023438 0.228516 0.021484 0.226562 0.017578 0.228516 0.013672 0.226562 0.000000
0 0.183594 0.128906 0.000000 0.126953 0.000000 0.382812 0.019531 0.392578 0.000000 0.400391 0.000000 0.474609 0.023438 0.494141 0.001953 0.597656 0.000000 0.753906 0.017578 0.759766 0.035156 0.753906 0.039062 0.455078 0.017578 0.394531 0.156250 0.373047 0.199219 0.339844 0.201172 0.250000 0.164062 0.203125 0.169922 0.173828 0.197266 0.154297
0 0.048828 0.435547 0.046875 0.437500 0.046875 0.451172 0.044922 0.453125 0.044922 0.458984 0.046875 0.460938 0.046875 0.466797 0.048828 0.466797 0.048828 0.460938 0.050781 0.458984 0.050781 0.439453 0.048828 0.437500
0 0.507812 0.498047 0.468750 0.515625 0.472656 0.527344 0.460938 0.546875 0.466797 0.564453 0.449219 0.640625 0.455078 0.664062 0.447266 0.685547 0.445312 0.724609 0.449219 0.734375 0.464844 0.742188 0.480469 0.742188 0.486328 0.732422 0.492188 0.677734 0.490234 0.607422 0.509766 0.607422 0.521484 0.580078 0.523438 0.558594 0.546875 0.568359 0.578125 0.564453 0.585938 0.550781 0.583984 0.537109 0.513672 0.517578
0 0.513672 0.652344 0.515625 0.664062 0.531250 0.679688 0.550781 0.681641 0.580078 0.664062 0.609375 0.667969 0.630859 0.656250 0.634766 0.648438 0.634766 0.638672 0.626953 0.617188 0.613281 0.611328 0.583984 0.613281 0.576172 0.603516 0.554688 0.597656 0.541016 0.599609 0.531250 0.607422 0.529297 0.619141 0.519531 0.634766 0.519531 0.640625
0 0.765625 0.621094 0.757812 0.628906 0.751953 0.640625 0.751953 0.654297 0.753906 0.656250 0.755859 0.667969 0.759766 0.671875 0.767578 0.673828 0.769531 0.675781 0.773438 0.675781 0.775391 0.677734 0.794922 0.677734 0.796875 0.675781 0.804688 0.673828 0.806641 0.669922 0.806641 0.650391 0.808594 0.648438 0.808594 0.634766 0.800781 0.632812 0.798828 0.630859 0.794922 0.630859 0.787109 0.623047 0.779297 0.619141 0.771484 0.619141 0.769531 0.621094
0 0.132812 0.855469 0.126953 0.861328 0.125000 0.869141 0.101562 0.892578 0.097656 0.904297 0.099609 0.925781 0.111328 0.933594 0.117188 0.933594 0.130859 0.939453 0.158203 0.939453 0.175781 0.935547 0.191406 0.910156 0.195312 0.892578 0.203125 0.880859 0.203125 0.873047 0.179688 0.859375
0 0.230469 0.984375 0.234375 0.998047 0.546875 0.998047 0.556641 0.988281 0.556641 0.972656 0.539062 0.960938 0.474609 0.945312 0.394531 0.916016 0.343750 0.908203 0.320312 0.896484 0.259766 0.882812 0.246094 0.923828 0.251953 0.935547
2 0.232422 0.000000 0.232422 0.029297 0.234375 0.031250 0.234375 0.035156 0.236328 0.037109 0.242188 0.037109 0.248047 0.041016 0.255859 0.042969 0.263672 0.050781 0.263672 0.052734 0.267578 0.054688 0.271484 0.054688 0.273438 0.056641 0.279297 0.054688 0.279297 0.048828 0.281250 0.046875 0.281250 0.009766 0.279297 0.007812 0.279297 0.000000
2 0.951172 0.000000 0.947266 0.003906 0.939453 0.007812 0.935547 0.007812 0.929688 0.013672 0.927734 0.017578 0.929688 0.031250 0.931641 0.033203 0.931641 0.037109 0.935547 0.044922 0.939453 0.048828 0.951172 0.048828 0.957031 0.054688 0.957031 0.056641 0.966797 0.056641 0.968750 0.054688 0.976562 0.052734 0.982422 0.046875 0.990234 0.042969 0.982422 0.027344 0.982422 0.023438 0.980469 0.021484 0.980469 0.013672 0.978516 0.011719 0.976562 0.003906 0.968750 0.000000
2 0.822266 0.013672 0.785156 0.013672 0.771484 0.019531 0.765625 0.078125 0.761719 0.021484 0.724609 0.019531 0.695312 0.027344 0.697266 0.074219 0.708984 0.095703 0.718750 0.097656 0.757812 0.091797 0.765625 0.082031 0.771484 0.089844 0.779297 0.089844 0.791016 0.082031 0.835938 0.082031 0.839844 0.070312 0.826172 0.048828
2 0.841797 0.027344 0.841797 0.042969 0.843750 0.044922 0.845703 0.052734 0.853516 0.060547 0.859375 0.060547 0.869141 0.070312 0.873047 0.068359 0.880859 0.068359 0.882812 0.066406 0.888672 0.066406 0.896484 0.060547 0.896484 0.035156 0.894531 0.033203 0.894531 0.021484 0.892578 0.017578 0.884766 0.015625 0.882812 0.013672 0.878906 0.013672 0.876953 0.011719 0.863281 0.011719 0.853516 0.019531 0.847656 0.021484
2 0.492188 0.035156 0.486328 0.033203 0.484375 0.037109 0.472656 0.037109 0.468750 0.033203 0.464844 0.041016 0.445312 0.044922 0.421875 0.042969 0.406250 0.048828 0.404297 0.044922 0.392578 0.042969 0.376953 0.048828 0.373047 0.054688 0.384766 0.083984 0.384766 0.109375 0.394531 0.115234 0.435547 0.117188 0.457031 0.113281 0.462891 0.107422 0.500000 0.103516 0.501953 0.087891 0.498047 0.074219 0.498047 0.046875
2 0.685547 0.033203 0.644531 0.031250 0.640625 0.033203 0.640625 0.044922 0.636719 0.050781 0.617188 0.039062 0.605469 0.039062 0.595703 0.046875 0.595703 0.070312 0.605469 0.115234 0.640625 0.111328 0.646484 0.101562 0.650391 0.105469 0.656250 0.105469 0.658203 0.103516 0.691406 0.103516 0.695312 0.099609 0.695312 0.085938 0.687500 0.060547
2 0.021484 0.050781 0.017578 0.054688 0.019531 0.066406 0.017578 0.068359 0.017578 0.080078 0.015625 0.082031 0.015625 0.121094 0.035156 0.121094 0.037109 0.119141 0.044922 0.119141 0.046875 0.117188 0.068359 0.117188 0.074219 0.109375 0.074219 0.103516 0.078125 0.095703 0.078125 0.074219 0.068359 0.066406 0.064453 0.066406 0.052734 0.056641 0.044922 0.054688 0.035156 0.048828
2 0.279297 0.119141 0.277344 0.121094 0.277344 0.125000 0.271484 0.134766 0.271484 0.160156 0.273438 0.160156 0.275391 0.162109 0.281250 0.162109 0.283203 0.164062 0.291016 0.164062 0.292969 0.162109 0.306641 0.162109 0.308594 0.160156 0.306641 0.150391 0.308594 0.148438 0.308594 0.136719 0.310547 0.134766 0.310547 0.125000 0.306641 0.121094 0.304688 0.121094 0.302734 0.119141 0.296875 0.119141 0.294922 0.117188 0.283203 0.117188 0.281250 0.119141
2 0.880859 0.125000 0.880859 0.138672 0.876953 0.142578 0.876953 0.156250 0.878906 0.158203 0.878906 0.175781 0.882812 0.179688 0.927734 0.175781 0.941406 0.167969 0.972656 0.162109 0.978516 0.158203 0.976562 0.125000 0.968750 0.117188 0.945312 0.117188 0.943359 0.119141 0.912109 0.117188 0.902344 0.121094 0.900391 0.119141 0.896484 0.121094 0.890625 0.119141 0.882812 0.121094
2 0.324219 0.125000 0.322266 0.126953 0.322266 0.146484 0.320312 0.148438 0.320312 0.156250 0.318359 0.158203 0.318359 0.167969 0.322266 0.171875 0.333984 0.171875 0.335938 0.169922 0.341797 0.169922 0.343750 0.167969 0.347656 0.167969 0.349609 0.166016 0.349609 0.148438 0.351562 0.146484 0.351562 0.140625 0.353516 0.138672 0.353516 0.132812 0.341797 0.125000
2 0.800781 0.140625 0.802734 0.152344 0.804688 0.154297 0.804688 0.162109 0.806641 0.164062 0.806641 0.179688 0.808594 0.181641 0.808594 0.187500 0.820312 0.187500 0.822266 0.185547 0.847656 0.183594 0.849609 0.181641 0.857422 0.181641 0.861328 0.179688 0.861328 0.167969 0.859375 0.166016 0.859375 0.148438 0.857422 0.146484 0.857422 0.136719 0.855469 0.134766 0.832031 0.134766 0.830078 0.132812 0.812500 0.132812 0.810547 0.134766 0.806641 0.134766
2 0.718750 0.146484 0.716797 0.150391 0.716797 0.156250 0.720703 0.166016 0.722656 0.183594 0.724609 0.185547 0.724609 0.189453 0.728516 0.193359 0.732422 0.193359 0.734375 0.195312 0.769531 0.195312 0.771484 0.193359 0.781250 0.193359 0.787109 0.189453 0.785156 0.185547 0.785156 0.169922 0.783203 0.167969 0.783203 0.160156 0.773438 0.148438 0.765625 0.144531 0.751953 0.146484 0.742188 0.142578 0.734375 0.142578 0.732422 0.144531
2 0.640625 0.152344 0.638672 0.158203 0.630859 0.166016 0.630859 0.197266 0.632812 0.199219 0.632812 0.216797 0.644531 0.216797 0.646484 0.214844 0.654297 0.214844 0.656250 0.212891 0.669922 0.212891 0.671875 0.210938 0.679688 0.210938 0.681641 0.208984 0.685547 0.208984 0.687500 0.205078 0.685547 0.179688 0.683594 0.177734 0.683594 0.173828 0.679688 0.169922 0.677734 0.160156 0.669922 0.154297 0.660156 0.154297 0.658203 0.152344
2 0.173828 0.175781 0.173828 0.181641 0.171875 0.183594 0.171875 0.197266 0.169922 0.199219 0.169922 0.210938 0.171875 0.214844 0.175781 0.214844 0.177734 0.216797 0.189453 0.216797 0.191406 0.218750 0.207031 0.218750 0.208984 0.220703 0.218750 0.220703 0.220703 0.218750 0.220703 0.210938 0.218750 0.207031 0.214844 0.205078 0.205078 0.205078 0.201172 0.203125 0.197266 0.197266 0.197266 0.189453 0.199219 0.187500 0.199219 0.171875 0.197266 0.169922 0.193359 0.171875 0.189453 0.171875 0.187500 0.173828 0.177734 0.173828
2 0.285156 0.181641 0.269531 0.181641 0.267578 0.187500 0.267578 0.203125 0.259766 0.224609 0.265625 0.230469 0.271484 0.232422 0.269531 0.234375 0.259766 0.232422 0.253906 0.238281 0.253906 0.244141 0.250000 0.251953 0.250000 0.273438 0.255859 0.277344 0.271484 0.277344 0.285156 0.273438 0.287109 0.240234 0.285156 0.236328 0.275391 0.236328 0.273438 0.234375 0.275391 0.232422 0.285156 0.232422 0.289062 0.228516 0.294922 0.197266 0.291016 0.187500
2 0.318359 0.187500 0.310547 0.189453 0.308594 0.193359 0.308594 0.205078 0.306641 0.207031 0.306641 0.218750 0.304688 0.220703 0.304688 0.236328 0.306641 0.238281 0.300781 0.244141 0.298828 0.261719 0.294922 0.271484 0.294922 0.283203 0.300781 0.287109 0.316406 0.287109 0.324219 0.283203 0.326172 0.275391 0.333984 0.263672 0.333984 0.250000 0.332031 0.246094 0.326172 0.244141 0.335938 0.238281 0.341797 0.205078 0.324219 0.189453
2 0.515625 0.259766 0.511719 0.263672 0.511719 0.419922 0.519531 0.427734 0.599609 0.429688 0.609375 0.425781 0.613281 0.417969 0.613281 0.265625 0.583984 0.257812
2 0.253906 0.294922 0.251953 0.296875 0.250000 0.296875 0.248047 0.298828 0.248047 0.300781 0.244141 0.304688 0.244141 0.310547 0.238281 0.320312 0.238281 0.324219 0.236328 0.326172 0.236328 0.333984 0.234375 0.335938 0.238281 0.341797 0.244141 0.341797 0.246094 0.343750 0.265625 0.343750 0.267578 0.341797 0.267578 0.337891 0.269531 0.335938 0.269531 0.326172 0.271484 0.324219 0.271484 0.318359 0.273438 0.316406 0.273438 0.308594 0.271484 0.306641 0.271484 0.304688 0.269531 0.304688 0.263672 0.298828 0.261719 0.298828 0.259766 0.296875 0.255859 0.296875
2 0.289062 0.304688 0.287109 0.306641 0.287109 0.324219 0.285156 0.326172 0.285156 0.335938 0.283203 0.337891 0.283203 0.349609 0.289062 0.353516 0.292969 0.353516 0.294922 0.355469 0.298828 0.355469 0.300781 0.357422 0.306641 0.357422 0.308594 0.355469 0.308594 0.351562 0.310547 0.349609 0.308594 0.347656 0.308594 0.345703 0.310547 0.343750 0.308594 0.341797 0.310547 0.339844 0.310547 0.335938 0.312500 0.333984 0.310547 0.332031 0.312500 0.330078 0.312500 0.326172 0.314453 0.324219 0.312500 0.322266 0.312500 0.318359 0.314453 0.316406 0.314453 0.312500 0.316406 0.310547 0.310547 0.306641 0.302734 0.306641 0.300781 0.304688
2 0.125000 0.392578 0.121094 0.402344 0.121094 0.421875 0.123047 0.423828 0.123047 0.429688 0.130859 0.435547 0.134766 0.435547 0.142578 0.439453 0.148438 0.439453 0.150391 0.441406 0.160156 0.443359 0.166016 0.447266 0.169922 0.447266 0.173828 0.451172 0.177734 0.451172 0.185547 0.441406 0.185547 0.437500 0.189453 0.429688 0.189453 0.423828 0.191406 0.421875 0.191406 0.410156 0.189453 0.408203 0.181641 0.408203 0.179688 0.406250 0.169922 0.404297 0.146484 0.392578
2 0.267578 0.396484 0.261719 0.400391 0.261719 0.404297 0.259766 0.406250 0.259766 0.412109 0.257812 0.414062 0.257812 0.416016 0.253906 0.421875 0.253906 0.425781 0.251953 0.427734 0.251953 0.433594 0.255859 0.437500 0.257812 0.437500 0.259766 0.439453 0.263672 0.439453 0.265625 0.441406 0.273438 0.441406 0.277344 0.437500 0.277344 0.435547 0.281250 0.431641 0.281250 0.429688 0.283203 0.427734 0.283203 0.423828 0.287109 0.417969 0.287109 0.412109 0.289062 0.410156 0.289062 0.408203 0.287109 0.406250 0.287109 0.402344 0.283203 0.398438 0.277344 0.398438 0.275391 0.396484
2 0.314453 0.449219 0.310547 0.458984 0.306641 0.462891 0.306641 0.466797 0.302734 0.470703 0.300781 0.482422 0.294922 0.492188 0.296875 0.492188 0.304688 0.500000 0.304688 0.501953 0.314453 0.509766 0.322266 0.509766 0.324219 0.507812 0.333984 0.507812 0.335938 0.505859 0.339844 0.505859 0.345703 0.500000 0.349609 0.482422 0.355469 0.472656 0.355469 0.464844 0.351562 0.460938 0.339844 0.458984 0.332031 0.455078 0.326172 0.455078
2 0.246094 0.455078 0.242188 0.458984 0.242188 0.464844 0.240234 0.466797 0.240234 0.474609 0.238281 0.476562 0.238281 0.488281 0.240234 0.490234 0.244141 0.490234 0.246094 0.492188 0.259766 0.492188 0.265625 0.488281 0.265625 0.484375 0.267578 0.482422 0.267578 0.478516 0.269531 0.476562 0.269531 0.458984 0.263672 0.455078
2 0.093750 0.472656 0.082031 0.468750 0.076172 0.468750 0.062500 0.462891 0.056641 0.464844 0.046875 0.474609 0.042969 0.501953 0.041016 0.503906 0.039062 0.519531 0.037109 0.521484 0.037109 0.544922 0.044922 0.544922 0.054688 0.541016 0.080078 0.541016 0.082031 0.537109 0.082031 0.513672 0.089844 0.503906 0.089844 0.494141 0.095703 0.478516
2 0.236328 0.503906 0.234375 0.505859 0.232422 0.505859 0.226562 0.509766 0.226562 0.513672 0.224609 0.515625 0.224609 0.519531 0.222656 0.521484 0.222656 0.525391 0.220703 0.527344 0.220703 0.533203 0.222656 0.535156 0.222656 0.537109 0.226562 0.541016 0.228516 0.541016 0.234375 0.544922 0.244141 0.544922 0.248047 0.541016 0.248047 0.539062 0.250000 0.537109 0.250000 0.521484 0.251953 0.519531 0.251953 0.511719 0.250000 0.509766 0.250000 0.507812 0.246094 0.503906
2 0.197266 0.507812 0.189453 0.507812 0.187500 0.509766 0.169922 0.509766 0.162109 0.515625 0.162109 0.519531 0.160156 0.521484 0.160156 0.529297 0.152344 0.542969 0.152344 0.548828 0.150391 0.550781 0.150391 0.560547 0.156250 0.562500 0.160156 0.566406 0.164062 0.564453 0.166016 0.566406 0.175781 0.566406 0.177734 0.568359 0.189453 0.568359 0.191406 0.566406 0.191406 0.558594 0.197266 0.546875 0.197266 0.541016 0.201172 0.537109 0.201172 0.529297 0.197266 0.525391
2 0.337891 0.552734 0.337891 0.562500 0.349609 0.576172 0.382812 0.585938 0.392578 0.591797 0.400391 0.591797 0.410156 0.597656 0.427734 0.601562 0.447266 0.601562 0.457031 0.597656 0.462891 0.583984 0.457031 0.539062 0.458984 0.533203 0.466797 0.529297 0.466797 0.525391 0.443359 0.513672 0.398438 0.509766 0.390625 0.523438 0.388672 0.542969 0.349609 0.539062
2 0.228516 0.552734 0.220703 0.552734 0.214844 0.556641 0.214844 0.558594 0.212891 0.560547 0.212891 0.564453 0.210938 0.566406 0.210938 0.568359 0.208984 0.570312 0.208984 0.574219 0.207031 0.576172 0.207031 0.587891 0.208984 0.589844 0.210938 0.589844 0.216797 0.593750 0.220703 0.593750 0.222656 0.595703 0.224609 0.595703 0.226562 0.593750 0.228516 0.593750 0.228516 0.591797 0.230469 0.589844 0.230469 0.585938 0.232422 0.583984 0.232422 0.580078 0.234375 0.578125 0.234375 0.558594 0.232422 0.556641 0.232422 0.554688 0.230469 0.554688
2 0.275391 0.560547 0.273438 0.562500 0.273438 0.574219 0.271484 0.576172 0.273438 0.578125 0.271484 0.580078 0.269531 0.591797 0.265625 0.597656 0.265625 0.605469 0.259766 0.617188 0.257812 0.626953 0.250000 0.636719 0.255859 0.642578 0.265625 0.646484 0.273438 0.652344 0.285156 0.652344 0.289062 0.646484 0.291016 0.634766 0.296875 0.626953 0.296875 0.621094 0.304688 0.601562 0.306641 0.574219 0.300781 0.566406 0.294922 0.566406 0.281250 0.560547
2 0.138672 0.568359 0.126953 0.564453 0.113281 0.564453 0.107422 0.570312 0.103516 0.591797 0.091797 0.621094 0.083984 0.658203 0.070312 0.699219 0.070312 0.708984 0.082031 0.712891 0.101562 0.710938 0.105469 0.687500 0.119141 0.666016 0.128906 0.621094 0.140625 0.595703 0.142578 0.574219
2 0.158203 0.583984 0.156250 0.585938 0.156250 0.589844 0.148438 0.597656 0.146484 0.597656 0.144531 0.601562 0.142578 0.621094 0.144531 0.623047 0.152344 0.623047 0.160156 0.630859 0.171875 0.636719 0.181641 0.636719 0.185547 0.632812 0.191406 0.642578 0.195312 0.642578 0.203125 0.646484 0.210938 0.646484 0.212891 0.642578 0.212891 0.632812 0.214844 0.630859 0.214844 0.625000 0.218750 0.615234 0.216797 0.607422 0.212891 0.603516 0.199219 0.603516 0.195312 0.597656 0.187500 0.591797
2 0.195312 0.654297 0.191406 0.654297 0.189453 0.652344 0.185547 0.652344 0.183594 0.654297 0.181641 0.654297 0.177734 0.658203 0.177734 0.666016 0.175781 0.667969 0.175781 0.681641 0.173828 0.683594 0.173828 0.689453 0.177734 0.693359 0.193359 0.693359 0.195312 0.691406 0.195312 0.683594 0.197266 0.681641 0.197266 0.677734 0.205078 0.667969 0.205078 0.664062
2 0.236328 0.689453 0.228516 0.707031 0.230469 0.718750 0.201172 0.802734 0.232422 0.818359 0.238281 0.818359 0.251953 0.804688 0.253906 0.781250 0.257812 0.765625 0.269531 0.744141 0.271484 0.714844 0.277344 0.701172 0.271484 0.695312
2 0.162109 0.722656 0.158203 0.726562 0.154297 0.734375 0.154297 0.738281 0.144531 0.751953 0.144531 0.755859 0.140625 0.763672 0.140625 0.783203 0.167969 0.792969 0.173828 0.787109 0.177734 0.767578 0.185547 0.761719 0.187500 0.748047 0.193359 0.734375 0.187500 0.730469 0.181641 0.730469 0.179688 0.728516 0.175781 0.728516 0.171875 0.724609 0.164062 0.724609
2 0.248047 0.931641 0.246094 0.931641 0.244141 0.929688 0.240234 0.929688 0.238281 0.931641 0.234375 0.931641 0.232422 0.933594 0.230469 0.931641 0.226562 0.931641 0.222656 0.927734 0.220703 0.927734 0.218750 0.929688 0.218750 0.935547 0.216797 0.937500 0.216797 0.951172 0.214844 0.953125 0.214844 0.958984 0.212891 0.960938 0.212891 0.964844 0.210938 0.966797 0.210938 0.978516 0.212891 0.978516 0.214844 0.980469 0.226562 0.980469 0.226562 0.978516 0.228516 0.976562 0.228516 0.972656 0.230469 0.970703 0.230469 0.966797 0.232422 0.964844 0.232422 0.958984 0.234375 0.957031 0.236328 0.947266 0.244141 0.939453 0.246094 0.939453 0.248047 0.937500
5 0.080078 0.000000 0.101562 0.023438 0.095703 0.050781 0.095703 0.091797 0.109375 0.109375 0.128906 0.119141 0.244141 0.117188 0.259766 0.132812 0.271484 0.125000 0.269531 0.097656 0.257812 0.089844 0.234375 0.093750 0.132812 0.091797 0.123047 0.083984 0.121094 0.072266 0.126953 0.041016 0.125000 0.007812 0.119141 0.000000
5 0.478516 0.000000 0.337891 0.029297 0.335938 0.267578 0.167969 0.814453 0.000000 0.769531 0.041016 0.798828 0.041016 0.994141 0.064453 0.804688 0.228516 0.867188 0.232422 0.931641 0.279297 0.876953 0.777344 0.996094 0.384766 0.873047 0.423828 0.669922 0.351562 0.865234 0.193359 0.826172 0.363281 0.267578 0.369141 0.046875 0.460938 0.039062
5 0.560547 0.025391 0.574219 0.140625 0.587891 0.154297 0.998047 0.105469 0.996094 0.076172 0.603516 0.121094 0.591797 0.039062 0.734375 0.013672 0.748047 0.000000 0.636719 0.000000 0.574219 0.011719
6 0.484375 0.132812 0.384766 0.142578 0.373047 0.203125 0.376953 0.228516 0.363281 0.275391 0.365234 0.316406 0.355469 0.324219 0.371094 0.433594 0.453125 0.501953 0.478516 0.501953 0.505859 0.433594 0.501953 0.152344
6 0.998047 0.191406 0.701172 0.232422 0.654297 0.371094 0.707031 0.400391 0.675781 0.419922 0.699219 0.453125 0.585938 0.439453 0.605469 0.591797 0.658203 0.640625 0.537109 0.705078 0.531250 0.783203 0.556641 0.792969 0.519531 0.876953 0.751953 0.945312 0.769531 0.828125 0.742188 0.835938 0.767578 0.814453 0.787109 0.857422 0.804688 0.767578 0.832031 0.830078 0.810547 0.964844 0.837891 0.794922 0.845703 0.873047 0.994141 0.886719
6 0.685547 0.253906 0.683594 0.255859 0.685547 0.255859
6 0.683594 0.261719 0.683594 0.263672 0.685547 0.263672 0.685547 0.261719
6 0.667969 0.316406 0.667969 0.318359 0.669922 0.318359 0.669922 0.316406
6 0.777344 0.736328 0.779297 0.738281 0.781250 0.736328
6 0.794922 0.734375 0.794922 0.738281 0.798828 0.738281 0.798828 0.734375
6 0.769531 0.750000 0.769531 0.753906 0.771484 0.751953
6 0.777344 0.753906 0.779297 0.753906 0.781250 0.751953 0.777344 0.751953
6 0.800781 0.751953 0.798828 0.750000 0.796875 0.751953 0.794922 0.751953 0.794922 0.755859 0.800781 0.755859
6 0.808594 0.777344 0.808594 0.779297 0.810547 0.779297 0.810547 0.777344
6 0.794922 0.810547 0.794922 0.816406 0.796875 0.816406 0.796875 0.812500
6 0.798828 0.824219 0.794922 0.824219 0.792969 0.826172 0.792969 0.833984 0.796875 0.833984 0.796875 0.828125 0.798828 0.826172
6 0.820312 0.837891 0.820312 0.841797 0.822266 0.839844
6 0.792969 0.839844 0.792969 0.849609 0.794922 0.849609 0.796875 0.847656 0.796875 0.841797 0.794922 0.839844
6 0.792969 0.855469 0.792969 0.859375 0.794922 0.861328 0.792969 0.863281 0.794922 0.865234 0.796875 0.863281 0.794922 0.861328 0.794922 0.859375 0.796875 0.857422 0.794922 0.855469
6 0.859375 0.886719 0.865234 0.886719 0.867188 0.884766 0.869141 0.884766 0.873047 0.888672 0.875000 0.886719 0.878906 0.886719 0.871094 0.886719 0.869141 0.884766 0.865234 0.884766 0.863281 0.886719
6 0.912109 0.884766 0.910156 0.884766 0.908203 0.886719 0.906250 0.886719 0.908203 0.888672 0.910156 0.886719 0.912109 0.886719
6 0.939453 0.900391 0.937500 0.902344 0.937500 0.904297 0.939453 0.906250 0.943359 0.906250 0.945312 0.904297 0.945312 0.900391
6 0.953125 0.904297 0.955078 0.906250 0.957031 0.906250 0.958984 0.904297 0.960938 0.904297 0.962891 0.902344 0.960938 0.900391 0.955078 0.900391 0.953125 0.902344
6 0.986328 0.900391 0.984375 0.902344 0.984375 0.904297 0.986328 0.904297 0.988281 0.906250 0.988281 0.900391
6 0.921875 0.902344 0.921875 0.904297 0.927734 0.904297 0.927734 0.902344
6 0.968750 0.904297 0.970703 0.904297 0.972656 0.902344 0.968750 0.902344
6 0.906250 0.916016 0.908203 0.921875 0.916016 0.919922 0.917969 0.923828 0.912109 0.929688 0.900391 0.923828 0.898438 0.931641 0.904297 0.927734 0.904297 0.935547 0.916016 0.941406 0.904297 0.947266 0.906250 0.953125 0.916016 0.957031 0.912109 0.960938 0.902344 0.957031 0.892578 0.966797 0.927734 0.968750 0.931641 0.972656 0.921875 0.976562 0.921875 0.984375 0.929688 0.990234 0.923828 0.992188 0.945312 0.994141 0.951172 0.990234 0.955078 0.996094 0.966797 0.988281 0.970703 0.998047 0.980469 0.988281 0.984375 0.998047 0.994141 0.998047 0.998047 0.990234 0.998047 0.953125 0.994141 0.949219 0.998047 0.921875 0.990234 0.914062 0.984375 0.916016 0.980469 0.941406 0.970703 0.927734 0.978516 0.923828 0.972656 0.916016 0.966797 0.921875 0.960938 0.914062 0.953125 0.914062 0.949219 0.921875 0.947266 0.912109 0.937500 0.914062 0.933594 0.921875 0.931641 0.914062
6 0.896484 0.916016 0.898438 0.917969 0.900391 0.916016
6 0.859375 0.931641 0.859375 0.935547 0.863281 0.935547 0.865234 0.933594 0.863281 0.933594 0.861328 0.931641
6 0.900391 0.945312 0.898438 0.945312 0.894531 0.949219 0.892578 0.949219 0.894531 0.949219 0.896484 0.951172 0.900391 0.951172
6 0.841797 0.949219 0.845703 0.949219 0.847656 0.951172 0.847656 0.949219
6 0.859375 0.949219 0.861328 0.951172 0.863281 0.949219
6 0.824219 0.958984 0.824219 0.964844 0.826172 0.966797 0.828125 0.964844 0.828125 0.962891
6 0.878906 0.964844 0.876953 0.962891 0.875000 0.964844 0.875000 0.966797 0.876953 0.966797
6 0.859375 0.964844 0.859375 0.968750 0.865234 0.968750 0.863281 0.966797 0.863281 0.964844
6 0.908203 0.976562 0.906250 0.978516 0.906250 0.982422 0.908203 0.984375 0.914062 0.984375 0.916016 0.986328 0.916016 0.984375 0.914062 0.984375 0.912109 0.982422 0.912109 0.980469 0.916016 0.976562
