0 0.074219 0.000000 0.000000 0.000000 0.000000 0.222656 0.015625 0.216797 0.041016 0.191406 0.046875 0.179688 0.048828 0.164062 0.042969 0.144531 0.048828 0.119141 0.044922 0.087891 0.064453 0.068359
0 0.283203 0.000000 0.277344 0.011719 0.277344 0.035156 0.273438 0.052734 0.263672 0.078125 0.271484 0.082031 0.292969 0.078125 0.312500 0.085938 0.332031 0.085938 0.343750 0.082031 0.349609 0.072266 0.365234 0.058594 0.361328 0.052734 0.345703 0.044922 0.345703 0.033203 0.359375 0.017578 0.357422 0.000000
0 0.732422 0.005859 0.732422 0.021484 0.740234 0.042969 0.763672 0.060547 0.794922 0.076172 0.816406 0.076172 0.824219 0.072266 0.855469 0.074219 0.876953 0.068359 0.894531 0.042969 0.900391 0.027344 0.886719 0.000000 0.738281 0.000000
0 0.998047 0.005859 0.996094 0.007812 0.996094 0.015625 0.994141 0.017578 0.992188 0.031250 0.988281 0.037109 0.976562 0.046875 0.974609 0.050781 0.974609 0.070312 0.976562 0.072266 0.976562 0.076172 0.986328 0.087891 0.990234 0.095703 0.990234 0.099609 0.994141 0.105469 0.998047 0.107422
0 0.468750 0.089844 0.462891 0.199219 0.480469 0.210938 0.503906 0.187500 0.521484 0.191406 0.531250 0.156250 0.531250 0.244141 0.541016 0.269531 0.707031 0.283203 0.750000 0.253906 0.728516 0.216797 0.666016 0.214844 0.705078 0.162109 0.707031 0.111328 0.689453 0.097656 0.707031 0.082031 0.708984 0.056641 0.654297 0.009766 0.607422 0.011719 0.578125 0.039062 0.583984 0.091797 0.613281 0.111328 0.601562 0.132812 0.583984 0.123047 0.562500 0.128906 0.576172 0.115234 0.574219 0.093750 0.531250 0.068359
0 0.410156 0.039062 0.402344 0.046875 0.402344 0.056641 0.408203 0.064453 0.414062 0.076172 0.416016 0.076172 0.419922 0.080078 0.423828 0.080078 0.425781 0.082031 0.443359 0.082031 0.445312 0.078125 0.445312 0.074219 0.451172 0.068359 0.457031 0.066406 0.460938 0.062500 0.460938 0.052734 0.457031 0.048828 0.455078 0.048828 0.445312 0.039062 0.443359 0.035156 0.439453 0.033203 0.419922 0.033203 0.412109 0.039062
0 0.708984 0.169922 0.728516 0.187500 0.763672 0.187500 0.783203 0.181641 0.794922 0.173828 0.794922 0.162109 0.808594 0.148438 0.835938 0.148438 0.849609 0.134766 0.873047 0.123047 0.876953 0.115234 0.875000 0.107422 0.847656 0.087891 0.732422 0.089844 0.712891 0.113281 0.714844 0.134766
0 0.353516 0.183594 0.355469 0.207031 0.367188 0.218750 0.371094 0.255859 0.384766 0.269531 0.406250 0.277344 0.419922 0.277344 0.439453 0.265625 0.490234 0.267578 0.496094 0.263672 0.496094 0.234375 0.486328 0.232422 0.474609 0.218750 0.460938 0.210938 0.453125 0.195312 0.429688 0.191406 0.419922 0.181641 0.410156 0.185547 0.406250 0.179688 0.386719 0.175781 0.367188 0.175781
0 0.771484 0.193359 0.765625 0.201172 0.773438 0.242188 0.771484 0.289062 0.781250 0.312500 0.808594 0.332031 0.833984 0.333984 0.859375 0.322266 0.884766 0.298828 0.884766 0.283203 0.876953 0.265625 0.869141 0.232422 0.861328 0.216797 0.851562 0.207031 0.849609 0.199219 0.845703 0.195312
0 0.273438 0.195312 0.253906 0.201172 0.238281 0.218750 0.236328 0.238281 0.240234 0.251953 0.240234 0.265625 0.244141 0.273438 0.251953 0.281250 0.265625 0.285156 0.287109 0.285156 0.320312 0.265625 0.326172 0.255859 0.330078 0.218750 0.306641 0.212891 0.291016 0.199219
0 0.996094 0.207031 0.998047 0.208984 0.998047 0.207031
0 0.986328 0.218750 0.984375 0.226562 0.955078 0.226562 0.945312 0.251953 0.945312 0.269531 0.974609 0.314453 0.976562 0.347656 0.957031 0.365234 0.943359 0.398438 0.933594 0.500000 0.937500 0.521484 0.949219 0.539062 0.968750 0.552734 0.998047 0.560547 0.998047 0.218750
0 0.220703 0.357422 0.218750 0.357422 0.214844 0.353516 0.212891 0.353516 0.207031 0.349609 0.199219 0.349609 0.195312 0.353516 0.193359 0.353516 0.187500 0.361328 0.185547 0.361328 0.183594 0.363281 0.175781 0.363281 0.169922 0.371094 0.169922 0.388672 0.175781 0.392578 0.205078 0.392578 0.207031 0.390625 0.208984 0.390625 0.210938 0.392578 0.212891 0.390625 0.214844 0.390625 0.216797 0.388672 0.216797 0.380859 0.218750 0.378906 0.216797 0.376953 0.216797 0.369141 0.220703 0.363281 0.218750 0.361328 0.218750 0.359375
0 0.408203 0.466797 0.408203 0.474609 0.410156 0.476562 0.412109 0.490234 0.414062 0.492188 0.419922 0.492188 0.433594 0.498047 0.443359 0.498047 0.445312 0.500000 0.447266 0.498047 0.453125 0.498047 0.466797 0.490234 0.474609 0.488281 0.482422 0.480469 0.482422 0.462891 0.480469 0.460938 0.480469 0.453125 0.468750 0.447266 0.464844 0.443359 0.431641 0.443359 0.427734 0.445312 0.425781 0.449219 0.417969 0.453125 0.410156 0.460938 0.410156 0.464844
0 0.767578 0.507812 0.763672 0.511719 0.763672 0.523438 0.765625 0.525391 0.765625 0.529297 0.767578 0.531250 0.767578 0.533203 0.769531 0.535156 0.771484 0.541016 0.773438 0.541016 0.775391 0.542969 0.781250 0.542969 0.783203 0.544922 0.787109 0.544922 0.789062 0.542969 0.792969 0.542969 0.794922 0.541016 0.796875 0.541016 0.800781 0.535156 0.798828 0.533203 0.800781 0.531250 0.798828 0.529297 0.800781 0.527344 0.798828 0.525391 0.798828 0.523438 0.791016 0.515625 0.789062 0.509766 0.787109 0.507812 0.783203 0.507812 0.781250 0.505859 0.775391 0.505859 0.773438 0.507812
0 0.144531 0.558594 0.132812 0.560547 0.132812 0.566406 0.117188 0.580078 0.117188 0.589844 0.103516 0.599609 0.091797 0.583984 0.078125 0.580078 0.064453 0.599609 0.058594 0.595703 0.054688 0.609375 0.050781 0.593750 0.044922 0.591797 0.046875 0.583984 0.023438 0.582031 0.025391 0.585938 0.039062 0.583984 0.042969 0.587891 0.044922 0.611328 0.041016 0.617188 0.019531 0.617188 0.017578 0.628906 0.005859 0.634766 0.007812 0.646484 0.035156 0.656250 0.042969 0.654297 0.046875 0.667969 0.054688 0.664062 0.083984 0.681641 0.125000 0.685547 0.138672 0.644531 0.140625 0.617188 0.134766 0.599609 0.144531 0.578125
0 0.792969 0.585938 0.775391 0.603516 0.777344 0.642578 0.767578 0.656250 0.785156 0.681641 0.767578 0.714844 0.771484 0.785156 0.791016 0.824219 0.802734 0.835938 0.839844 0.843750 0.875000 0.826172 0.861328 0.800781 0.857422 0.769531 0.869141 0.623047 0.859375 0.605469 0.843750 0.593750
0 0.568359 0.589844 0.548828 0.603516 0.541016 0.646484 0.558594 0.662109 0.562500 0.681641 0.585938 0.703125 0.587891 0.714844 0.531250 0.712891 0.531250 0.738281 0.544922 0.751953 0.539062 0.765625 0.576172 0.777344 0.599609 0.775391 0.595703 0.794922 0.591797 0.789062 0.570312 0.791016 0.570312 0.808594 0.595703 0.820312 0.605469 0.837891 0.644531 0.843750 0.667969 0.802734 0.664062 0.787109 0.650391 0.777344 0.658203 0.720703 0.654297 0.687500 0.671875 0.677734 0.679688 0.654297 0.646484 0.634766 0.662109 0.607422 0.654297 0.597656
0 0.945312 0.642578 0.941406 0.648438 0.941406 0.664062 0.943359 0.667969 0.958984 0.679688 0.986328 0.685547 0.988281 0.687500 0.986328 0.689453 0.976562 0.689453 0.974609 0.691406 0.974609 0.712891 0.982422 0.718750 0.988281 0.718750 0.990234 0.720703 0.998047 0.718750 0.998047 0.648438 0.994141 0.646484 0.984375 0.646484 0.966797 0.640625 0.958984 0.640625 0.957031 0.642578 0.951172 0.640625
0 0.035156 0.660156 0.037109 0.662109 0.037109 0.660156
0 0.542969 0.673828 0.542969 0.675781 0.541016 0.677734 0.541016 0.689453 0.542969 0.691406 0.544922 0.691406 0.544922 0.687500 0.550781 0.681641 0.550781 0.679688 0.548828 0.679688 0.544922 0.675781 0.544922 0.673828
0 0.980469 0.802734 0.978516 0.804688 0.980469 0.804688
0 0.939453 0.847656 0.937500 0.861328 0.935547 0.863281 0.937500 0.871094 0.943359 0.876953 0.945312 0.876953 0.964844 0.898438 0.974609 0.902344 0.980469 0.902344 0.982422 0.900391 0.988281 0.900391 0.998047 0.896484 0.998047 0.837891 0.996094 0.835938 0.970703 0.835938 0.966797 0.841797 0.960938 0.841797 0.958984 0.843750 0.945312 0.843750
0 0.824219 0.917969 0.822266 0.919922 0.818359 0.919922 0.816406 0.921875 0.816406 0.925781 0.814453 0.927734 0.814453 0.939453 0.816406 0.941406 0.816406 0.943359 0.822266 0.949219 0.824219 0.949219 0.826172 0.951172 0.828125 0.951172 0.830078 0.949219 0.835938 0.949219 0.839844 0.945312 0.839844 0.943359 0.841797 0.941406 0.841797 0.931641 0.839844 0.929688 0.839844 0.927734 0.833984 0.921875 0.832031 0.921875 0.830078 0.919922 0.826172 0.919922
2 0.205078 0.000000 0.205078 0.005859 0.207031 0.007812 0.207031 0.009766 0.210938 0.009766 0.212891 0.011719 0.224609 0.011719 0.226562 0.013672 0.244141 0.013672 0.246094 0.015625 0.269531 0.015625 0.273438 0.011719 0.273438 0.009766 0.277344 0.003906 0.277344 0.000000
2 0.087891 0.042969 0.074219 0.119141 0.058594 0.169922 0.058594 0.199219 0.074219 0.205078 0.166016 0.212891 0.228516 0.224609 0.250000 0.117188 0.253906 0.068359 0.193359 0.054688
2 0.044922 0.220703 0.044922 0.236328 0.048828 0.240234 0.056641 0.244141 0.066406 0.244141 0.078125 0.248047 0.093750 0.248047 0.095703 0.250000 0.128906 0.250000 0.130859 0.248047 0.140625 0.248047 0.142578 0.234375 0.144531 0.232422 0.144531 0.220703 0.140625 0.216797 0.134766 0.214844 0.121094 0.214844 0.119141 0.212891 0.093750 0.212891 0.082031 0.208984 0.058594 0.207031 0.054688 0.208984 0.052734 0.214844
2 0.162109 0.222656 0.160156 0.226562 0.160156 0.251953 0.164062 0.257812 0.175781 0.259766 0.177734 0.261719 0.205078 0.263672 0.207031 0.265625 0.234375 0.265625 0.236328 0.263672 0.236328 0.259766 0.234375 0.257812 0.234375 0.250000 0.232422 0.248047 0.232422 0.236328 0.230469 0.232422 0.226562 0.232422 0.224609 0.230469 0.214844 0.230469 0.212891 0.228516 0.201172 0.228516 0.191406 0.224609
2 0.513672 0.273438 0.492188 0.273438 0.488281 0.281250 0.486328 0.332031 0.492188 0.339844 0.500000 0.341797 0.494141 0.343750 0.492188 0.380859 0.484375 0.410156 0.486328 0.425781 0.501953 0.425781 0.503906 0.390625 0.507812 0.382812 0.513672 0.380859 0.509766 0.373047 0.511719 0.343750 0.500000 0.341797 0.511719 0.339844 0.521484 0.320312 0.523438 0.277344
2 0.609375 0.289062 0.609375 0.294922 0.607422 0.296875 0.605469 0.310547 0.611328 0.314453 0.642578 0.316406 0.644531 0.318359 0.654297 0.318359 0.656250 0.320312 0.667969 0.320312 0.675781 0.316406 0.675781 0.312500 0.673828 0.310547 0.673828 0.306641 0.675781 0.304688 0.675781 0.291016 0.673828 0.289062 0.656250 0.287109 0.654297 0.285156 0.648438 0.285156 0.646484 0.283203 0.613281 0.283203
2 0.535156 0.388672 0.535156 0.427734 0.580078 0.431641 0.599609 0.441406 0.681641 0.451172 0.707031 0.449219 0.703125 0.449219 0.701172 0.441406 0.693359 0.435547 0.697266 0.400391 0.703125 0.394531 0.687500 0.386719 0.666016 0.386719 0.658203 0.382812 0.654297 0.375000 0.605469 0.375000 0.599609 0.380859 0.542969 0.375000
2 0.716797 0.398438 0.716797 0.400391 0.720703 0.404297 0.720703 0.400391 0.718750 0.400391
2 0.701172 0.425781 0.699219 0.427734 0.701172 0.427734
2 0.900391 0.724609 0.900391 0.746094 0.902344 0.746094 0.904297 0.748047 0.931641 0.748047 0.933594 0.746094 0.935547 0.746094 0.935547 0.724609 0.931641 0.720703 0.904297 0.720703
2 0.896484 0.779297 0.892578 0.789062 0.892578 0.808594 0.890625 0.810547 0.892578 0.812500 0.892578 0.816406 0.898438 0.820312 0.900391 0.833984 0.906250 0.839844 0.921875 0.839844 0.923828 0.841797 0.925781 0.839844 0.933594 0.839844 0.933594 0.828125 0.939453 0.822266 0.943359 0.824219 0.949219 0.820312 0.949219 0.787109 0.945312 0.783203 0.935547 0.783203 0.933594 0.781250 0.927734 0.781250 0.919922 0.777344 0.900391 0.777344
4 0.046875 0.208984 0.046875 0.216797 0.048828 0.216797 0.048828 0.214844 0.050781 0.212891
4 0.039062 0.214844 0.019531 0.296875 0.000000 0.302734 0.009766 0.351562 0.000000 0.449219 0.224609 0.480469 0.232422 0.410156 0.226562 0.425781 0.220703 0.404297 0.224609 0.367188 0.212891 0.406250 0.173828 0.394531 0.166016 0.378906 0.175781 0.361328 0.205078 0.345703 0.228516 0.361328 0.228516 0.388672 0.238281 0.396484 0.259766 0.291016 0.230469 0.269531 0.054688 0.246094 0.042969 0.238281
4 0.208984 0.392578 0.207031 0.392578 0.207031 0.398438 0.207031 0.394531
4 0.230469 0.394531 0.230469 0.396484 0.232422 0.396484 0.232422 0.394531
4 0.230469 0.402344 0.230469 0.404297 0.232422 0.404297 0.232422 0.402344
4 0.529297 0.435547 0.537109 0.460938 0.533203 0.523438 0.589844 0.537109 0.632812 0.537109 0.681641 0.548828 0.703125 0.548828 0.699219 0.509766 0.708984 0.474609 0.705078 0.458984 0.671875 0.455078 0.634766 0.457031 0.578125 0.441406 0.552734 0.439453 0.539062 0.433594
5 0.242188 0.283203 0.244141 0.285156 0.246094 0.285156 0.248047 0.287109 0.250000 0.287109 0.248047 0.285156 0.244141 0.285156
5 0.998047 0.611328 0.998047 0.583984 0.828125 0.560547 0.816406 0.353516 0.796875 0.558594 0.000000 0.451172 0.001953 0.480469 0.087891 0.478516 0.232422 0.523438 0.740234 0.582031 0.761719 0.656250 0.771484 0.582031
5 0.222656 0.357422 0.220703 0.365234 0.226562 0.367188 0.222656 0.378906 0.226562 0.382812 0.222656 0.394531 0.226562 0.423828 0.230469 0.408203 0.234375 0.410156 0.232422 0.416016 0.236328 0.423828 0.232422 0.462891 0.240234 0.431641 0.238281 0.429688 0.246094 0.406250 0.244141 0.398438 0.248047 0.394531 0.248047 0.359375 0.244141 0.367188 0.242188 0.392578 0.238281 0.398438 0.236328 0.390625 0.230469 0.392578 0.226562 0.388672 0.228516 0.367188 0.226562 0.361328 0.222656 0.361328
5 0.005859 0.359375 0.003906 0.359375 0.000000 0.363281 0.000000 0.419922 0.000000 0.394531 0.001953 0.392578 0.001953 0.390625 0.000000 0.388672 0.000000 0.382812 0.001953 0.380859 0.001953 0.376953 0.005859 0.373047
6 0.960938 0.046875 0.925781 0.044922 0.917969 0.039062 0.910156 0.039062 0.890625 0.056641 0.880859 0.074219 0.880859 0.130859 0.884766 0.134766 0.884766 0.156250 0.886719 0.154297 0.890625 0.158203 0.908203 0.160156 0.914062 0.158203 0.914062 0.142578 0.917969 0.134766 0.933594 0.128906 0.966797 0.128906 0.968750 0.099609 0.974609 0.099609 0.978516 0.089844 0.972656 0.080078 0.968750 0.054688
6 0.345703 0.083984 0.343750 0.087891 0.343750 0.138672 0.353516 0.154297 0.375000 0.156250 0.384766 0.150391 0.390625 0.152344 0.396484 0.148438 0.404297 0.150391 0.414062 0.148438 0.416016 0.140625 0.421875 0.144531 0.425781 0.126953 0.423828 0.097656 0.417969 0.083984 0.406250 0.072266 0.402344 0.074219 0.400391 0.072266 0.369141 0.072266 0.355469 0.076172
6 0.884766 0.251953 0.884766 0.267578 0.890625 0.275391 0.894531 0.289062 0.892578 0.298828 0.882812 0.310547 0.882812 0.324219 0.886719 0.330078 0.884766 0.349609 0.890625 0.355469 0.904297 0.355469 0.917969 0.361328 0.935547 0.361328 0.939453 0.357422 0.953125 0.359375 0.964844 0.353516 0.968750 0.343750 0.966797 0.316406 0.937500 0.265625 0.937500 0.246094 0.921875 0.242188 0.914062 0.244141 0.923828 0.244141 0.923828 0.248047 0.900391 0.248047
6 0.267578 0.291016 0.255859 0.365234 0.267578 0.400391 0.275391 0.396484 0.279297 0.427734 0.318359 0.433594 0.324219 0.445312 0.351562 0.449219 0.406250 0.447266 0.417969 0.431641 0.431641 0.435547 0.449219 0.429688 0.437500 0.423828 0.449219 0.417969 0.453125 0.378906 0.460938 0.371094 0.451172 0.355469 0.451172 0.339844 0.462891 0.300781 0.451172 0.294922 0.449219 0.281250 0.416016 0.285156 0.378906 0.273438 0.371094 0.279297 0.365234 0.269531 0.355469 0.275391 0.353516 0.271484 0.351562 0.277344 0.320312 0.271484 0.298828 0.285156
6 0.863281 0.406250 0.859375 0.435547 0.855469 0.443359 0.855469 0.470703 0.847656 0.494141 0.847656 0.527344 0.855469 0.539062 0.861328 0.541016 0.933594 0.541016 0.935547 0.533203 0.925781 0.501953 0.925781 0.488281 0.919922 0.476562 0.923828 0.441406 0.921875 0.431641 0.925781 0.427734 0.919922 0.416016 0.894531 0.412109 0.882812 0.406250
6 0.314453 0.441406 0.312500 0.441406 0.310547 0.443359 0.314453 0.443359
6 0.843750 0.853516 0.839844 0.869141 0.839844 0.919922 0.849609 0.939453 0.859375 0.939453 0.863281 0.935547 0.869141 0.939453 0.880859 0.933594 0.884766 0.941406 0.894531 0.937500 0.900391 0.941406 0.910156 0.933594 0.931641 0.933594 0.935547 0.929688 0.945312 0.931641 0.929688 0.925781 0.933594 0.916016 0.931641 0.908203 0.939453 0.902344 0.941406 0.892578 0.935547 0.886719 0.929688 0.863281 0.917969 0.863281 0.914062 0.859375 0.917969 0.855469 0.912109 0.849609 0.890625 0.849609 0.882812 0.845703 0.888672 0.839844 0.875000 0.837891 0.861328 0.841797 0.880859 0.843750 0.880859 0.847656 0.847656 0.849609
6 0.937500 0.917969 0.937500 0.923828 0.939453 0.921875 0.937500 0.919922
