2 0.111328 0.000000 0.111328 0.005859 0.125000 0.031250 0.138672 0.046875 0.146484 0.068359 0.164062 0.070312 0.169922 0.064453 0.185547 0.091797 0.195312 0.091797 0.207031 0.080078 0.222656 0.072266 0.218750 0.058594 0.201172 0.050781 0.203125 0.042969 0.177734 0.000000
2 0.693359 0.029297 0.734375 0.115234 0.777344 0.181641 0.925781 0.111328 0.998047 0.068359 0.998047 0.000000 0.744141 0.000000 0.703125 0.017578
2 0.128906 0.087891 0.121094 0.087891 0.119141 0.089844 0.103516 0.093750 0.099609 0.097656 0.091797 0.101562 0.085938 0.109375 0.089844 0.125000 0.097656 0.140625 0.097656 0.146484 0.103516 0.150391 0.113281 0.150391 0.115234 0.148438 0.123047 0.148438 0.125000 0.146484 0.128906 0.146484 0.138672 0.138672 0.146484 0.136719 0.152344 0.130859 0.152344 0.126953 0.148438 0.119141 0.144531 0.115234 0.142578 0.109375 0.138672 0.105469 0.134766 0.097656 0.134766 0.093750
2 0.685547 0.089844 0.679688 0.089844 0.677734 0.091797 0.673828 0.091797 0.669922 0.095703 0.667969 0.095703 0.662109 0.099609 0.658203 0.099609 0.656250 0.101562 0.656250 0.109375 0.658203 0.111328 0.658203 0.115234 0.660156 0.117188 0.660156 0.119141 0.666016 0.125000 0.666016 0.126953 0.671875 0.130859 0.675781 0.130859 0.677734 0.128906 0.683594 0.128906 0.685547 0.126953 0.691406 0.125000 0.695312 0.121094 0.695312 0.111328 0.693359 0.109375 0.693359 0.107422 0.691406 0.105469 0.691406 0.103516 0.687500 0.097656 0.687500 0.093750 0.685547 0.091797
2 0.433594 0.119141 0.416016 0.125000 0.414062 0.138672 0.421875 0.154297 0.423828 0.169922 0.425781 0.167969 0.431641 0.173828 0.441406 0.189453 0.441406 0.195312 0.433594 0.207031 0.433594 0.216797 0.441406 0.232422 0.441406 0.240234 0.445312 0.244141 0.460938 0.242188 0.490234 0.208984 0.472656 0.185547 0.468750 0.169922 0.443359 0.121094
2 0.998047 0.121094 0.994141 0.117188 0.980469 0.136719 0.949219 0.154297 0.933594 0.158203 0.880859 0.191406 0.808594 0.224609 0.804688 0.230469 0.806641 0.246094 0.824219 0.281250 0.830078 0.287109 0.996094 0.201172
2 0.703125 0.132812 0.695312 0.132812 0.693359 0.134766 0.691406 0.134766 0.689453 0.136719 0.685547 0.136719 0.683594 0.138672 0.681641 0.138672 0.679688 0.140625 0.677734 0.140625 0.675781 0.142578 0.675781 0.148438 0.677734 0.150391 0.677734 0.152344 0.681641 0.156250 0.681641 0.158203 0.683594 0.158203 0.685547 0.160156 0.697266 0.160156 0.699219 0.158203 0.703125 0.158203 0.705078 0.156250 0.708984 0.156250 0.712891 0.152344 0.712891 0.146484 0.710938 0.144531 0.710938 0.140625
2 0.724609 0.185547 0.716797 0.185547 0.716797 0.187500 0.712891 0.191406 0.707031 0.193359 0.707031 0.197266 0.708984 0.199219 0.708984 0.201172 0.714844 0.207031 0.714844 0.212891 0.716797 0.214844 0.716797 0.226562 0.718750 0.226562 0.720703 0.228516 0.722656 0.226562 0.728516 0.226562 0.730469 0.224609 0.736328 0.222656 0.740234 0.218750 0.746094 0.216797 0.750000 0.210938 0.750000 0.207031 0.746094 0.203125 0.744141 0.203125 0.740234 0.199219 0.740234 0.197266 0.732422 0.189453 0.730469 0.189453
2 0.160156 0.189453 0.150391 0.189453 0.148438 0.191406 0.146484 0.191406 0.144531 0.193359 0.140625 0.193359 0.138672 0.195312 0.136719 0.195312 0.134766 0.197266 0.134766 0.201172 0.138672 0.205078 0.138672 0.208984 0.140625 0.210938 0.140625 0.212891 0.144531 0.216797 0.144531 0.218750 0.148438 0.222656 0.150391 0.222656 0.150391 0.220703 0.158203 0.212891 0.160156 0.212891 0.164062 0.208984 0.164062 0.197266 0.162109 0.195312 0.162109 0.191406
2 0.378906 0.203125 0.378906 0.207031 0.376953 0.208984 0.376953 0.216797 0.378906 0.218750 0.380859 0.230469 0.392578 0.253906 0.396484 0.257812 0.402344 0.271484 0.408203 0.275391 0.433594 0.263672 0.437500 0.257812 0.435547 0.250000 0.429688 0.246094 0.421875 0.234375 0.417969 0.234375 0.406250 0.222656 0.404297 0.210938 0.398438 0.205078 0.390625 0.201172
2 0.677734 0.257812 0.658203 0.259766 0.644531 0.267578 0.644531 0.283203 0.636719 0.291016 0.623047 0.298828 0.619141 0.304688 0.621094 0.306641 0.623047 0.316406 0.628906 0.326172 0.650391 0.320312 0.666016 0.312500 0.669922 0.308594 0.683594 0.302734 0.687500 0.298828 0.687500 0.291016 0.685547 0.287109 0.683594 0.287109 0.681641 0.283203 0.671875 0.275391 0.671875 0.273438 0.677734 0.269531 0.677734 0.265625 0.679688 0.263672 0.679688 0.259766
2 0.914062 0.269531 0.912109 0.271484 0.906250 0.273438 0.902344 0.277344 0.902344 0.281250 0.904297 0.283203 0.904297 0.285156 0.908203 0.289062 0.908203 0.291016 0.910156 0.292969 0.912109 0.298828 0.917969 0.304688 0.917969 0.306641 0.919922 0.308594 0.919922 0.310547 0.921875 0.312500 0.923828 0.318359 0.925781 0.320312 0.933594 0.320312 0.935547 0.318359 0.937500 0.318359 0.937500 0.316406 0.939453 0.314453 0.939453 0.308594 0.937500 0.306641 0.937500 0.298828 0.935547 0.296875 0.933594 0.291016 0.925781 0.283203 0.925781 0.281250 0.923828 0.279297 0.923828 0.277344 0.921875 0.275391 0.919922 0.269531
2 0.800781 0.343750 0.792969 0.343750 0.791016 0.345703 0.781250 0.347656 0.773438 0.351562 0.769531 0.355469 0.767578 0.355469 0.761719 0.361328 0.767578 0.369141 0.767578 0.376953 0.769531 0.378906 0.769531 0.382812 0.779297 0.402344 0.789062 0.402344 0.808594 0.392578 0.812500 0.388672 0.814453 0.388672 0.820312 0.380859 0.820312 0.376953 0.816406 0.373047 0.814453 0.367188 0.804688 0.353516 0.802734 0.345703
2 0.281250 0.351562 0.271484 0.351562 0.263672 0.355469 0.251953 0.357422 0.242188 0.367188 0.234375 0.367188 0.222656 0.373047 0.220703 0.376953 0.222656 0.388672 0.226562 0.392578 0.226562 0.396484 0.238281 0.408203 0.240234 0.412109 0.250000 0.412109 0.267578 0.398438 0.271484 0.398438 0.281250 0.392578 0.285156 0.392578 0.291016 0.386719 0.292969 0.382812 0.292969 0.375000 0.289062 0.369141 0.289062 0.363281
2 0.732422 0.359375 0.722656 0.359375 0.708984 0.367188 0.703125 0.367188 0.687500 0.378906 0.699219 0.412109 0.707031 0.417969 0.716797 0.441406 0.720703 0.447266 0.724609 0.449219 0.742188 0.441406 0.748047 0.435547 0.755859 0.431641 0.755859 0.423828 0.748047 0.412109 0.748047 0.408203 0.744141 0.402344 0.736328 0.396484 0.736328 0.390625 0.730469 0.376953 0.732422 0.373047
2 0.449219 0.386719 0.455078 0.414062 0.460938 0.425781 0.468750 0.433594 0.470703 0.445312 0.478516 0.458984 0.494141 0.455078 0.507812 0.447266 0.513672 0.451172 0.525391 0.451172 0.531250 0.447266 0.542969 0.445312 0.546875 0.441406 0.548828 0.435547 0.544922 0.427734 0.529297 0.412109 0.523438 0.410156 0.529297 0.406250 0.529297 0.394531 0.519531 0.380859 0.498047 0.386719 0.492188 0.392578 0.486328 0.376953 0.482422 0.373047 0.474609 0.373047
2 0.595703 0.400391 0.593750 0.402344 0.593750 0.416016 0.599609 0.427734 0.599609 0.431641 0.603516 0.437500 0.603516 0.441406 0.605469 0.443359 0.605469 0.449219 0.607422 0.453125 0.611328 0.457031 0.626953 0.457031 0.628906 0.455078 0.634766 0.455078 0.636719 0.453125 0.640625 0.453125 0.644531 0.449219 0.644531 0.447266 0.634766 0.427734 0.634766 0.421875 0.630859 0.414062 0.626953 0.410156 0.623047 0.400391 0.619141 0.396484 0.605469 0.396484 0.599609 0.400391
2 0.304688 0.408203 0.300781 0.408203 0.298828 0.406250 0.291016 0.408203 0.283203 0.416016 0.275391 0.419922 0.269531 0.425781 0.259766 0.429688 0.255859 0.435547 0.255859 0.445312 0.257812 0.447266 0.259766 0.458984 0.271484 0.470703 0.275391 0.472656 0.289062 0.468750 0.294922 0.462891 0.302734 0.458984 0.308594 0.451172 0.308594 0.441406 0.306641 0.439453 0.306641 0.433594 0.304688 0.431641 0.304688 0.421875 0.308594 0.414062
2 0.414062 0.441406 0.410156 0.441406 0.408203 0.439453 0.402344 0.439453 0.400391 0.441406 0.396484 0.441406 0.394531 0.443359 0.392578 0.443359 0.384766 0.451172 0.384766 0.453125 0.386719 0.455078 0.386719 0.458984 0.388672 0.460938 0.388672 0.464844 0.390625 0.466797 0.390625 0.470703 0.392578 0.472656 0.392578 0.474609 0.394531 0.476562 0.396484 0.482422 0.404297 0.482422 0.414062 0.476562 0.419922 0.476562 0.423828 0.472656 0.423828 0.460938 0.421875 0.458984 0.421875 0.451172 0.419922 0.449219 0.419922 0.447266
2 0.546875 0.466797 0.535156 0.466797 0.533203 0.468750 0.527344 0.468750 0.519531 0.472656 0.513672 0.478516 0.511719 0.482422 0.511719 0.486328 0.509766 0.488281 0.509766 0.500000 0.511719 0.501953 0.511719 0.505859 0.513672 0.509766 0.523438 0.521484 0.529297 0.521484 0.535156 0.517578 0.539062 0.517578 0.550781 0.511719 0.556641 0.511719 0.562500 0.507812 0.562500 0.501953 0.560547 0.500000 0.560547 0.492188 0.558594 0.488281 0.550781 0.484375 0.550781 0.474609
2 0.314453 0.470703 0.302734 0.470703 0.300781 0.472656 0.294922 0.472656 0.287109 0.476562 0.279297 0.476562 0.275391 0.478516 0.273438 0.482422 0.275391 0.486328 0.275391 0.492188 0.279297 0.498047 0.279297 0.501953 0.283203 0.505859 0.289062 0.517578 0.289062 0.521484 0.294922 0.529297 0.304688 0.529297 0.312500 0.525391 0.326172 0.513672 0.328125 0.513672 0.333984 0.505859 0.333984 0.496094 0.332031 0.492188 0.326172 0.486328 0.324219 0.478516
2 0.625000 0.484375 0.623047 0.488281 0.623047 0.498047 0.625000 0.500000 0.625000 0.503906 0.638672 0.519531 0.638672 0.523438 0.642578 0.527344 0.656250 0.527344 0.658203 0.525391 0.673828 0.523438 0.681641 0.519531 0.685547 0.515625 0.687500 0.503906 0.685547 0.501953 0.685547 0.496094 0.681641 0.488281 0.677734 0.484375 0.673828 0.482422 0.666016 0.482422 0.656250 0.476562 0.648438 0.476562 0.646484 0.478516 0.640625 0.478516 0.638672 0.480469 0.630859 0.480469
2 0.025391 0.480469 0.015625 0.480469 0.013672 0.482422 0.011719 0.482422 0.009766 0.484375 0.007812 0.484375 0.005859 0.486328 0.000000 0.488281 0.000000 0.513672 0.003906 0.517578 0.007812 0.517578 0.009766 0.515625 0.013672 0.515625 0.015625 0.513672 0.017578 0.513672 0.019531 0.511719 0.023438 0.511719 0.029297 0.507812 0.035156 0.507812 0.035156 0.505859 0.037109 0.503906 0.035156 0.501953 0.035156 0.498047 0.033203 0.496094 0.033203 0.494141 0.031250 0.492188 0.031250 0.490234 0.029297 0.488281 0.029297 0.486328
2 0.193359 0.490234 0.183594 0.488281 0.175781 0.492188 0.166016 0.492188 0.136719 0.507812 0.125000 0.523438 0.125000 0.531250 0.128906 0.541016 0.140625 0.558594 0.146484 0.578125 0.152344 0.582031 0.169922 0.582031 0.185547 0.578125 0.183594 0.562500 0.175781 0.550781 0.167969 0.544922 0.185547 0.531250 0.203125 0.521484 0.207031 0.521484 0.207031 0.515625
2 0.078125 0.542969 0.074219 0.539062 0.064453 0.539062 0.021484 0.560547 0.017578 0.564453 0.017578 0.576172 0.019531 0.578125 0.019531 0.582031 0.023438 0.585938 0.031250 0.585938 0.044922 0.578125 0.048828 0.578125 0.068359 0.564453 0.078125 0.560547 0.082031 0.556641 0.083984 0.556641 0.082031 0.552734 0.082031 0.548828 0.078125 0.544922
2 0.580078 0.544922 0.572266 0.544922 0.570312 0.546875 0.566406 0.546875 0.564453 0.544922 0.556641 0.544922 0.554688 0.546875 0.550781 0.546875 0.546875 0.550781 0.546875 0.554688 0.544922 0.556641 0.546875 0.582031 0.550781 0.587891 0.550781 0.591797 0.552734 0.593750 0.552734 0.599609 0.558594 0.607422 0.568359 0.605469 0.578125 0.597656 0.578125 0.593750 0.580078 0.591797 0.580078 0.576172 0.582031 0.574219 0.582031 0.570312 0.587891 0.566406 0.591797 0.558594 0.587891 0.548828
2 0.937500 0.556641 0.878906 0.582031 0.912109 0.638672 0.810547 0.705078 0.775391 0.677734 0.740234 0.689453 0.781250 0.785156 0.806641 0.792969 0.794922 0.808594 0.849609 0.929688 0.728516 0.687500 0.609375 0.738281 0.726562 0.998047 0.839844 0.998047 0.908203 0.935547 0.839844 0.787109 0.804688 0.791016 0.947266 0.716797 0.947266 0.687500 0.988281 0.667969
2 0.357422 0.570312 0.347656 0.570312 0.345703 0.572266 0.339844 0.572266 0.333984 0.576172 0.330078 0.576172 0.324219 0.582031 0.324219 0.585938 0.328125 0.591797 0.328125 0.595703 0.330078 0.597656 0.330078 0.599609 0.332031 0.601562 0.333984 0.607422 0.337891 0.611328 0.341797 0.611328 0.351562 0.605469 0.357422 0.605469 0.359375 0.603516 0.361328 0.603516 0.361328 0.601562 0.363281 0.599609 0.363281 0.576172
2 0.460938 0.607422 0.449219 0.607422 0.447266 0.609375 0.445312 0.609375 0.439453 0.613281 0.435547 0.613281 0.433594 0.615234 0.431641 0.615234 0.431641 0.626953 0.433594 0.628906 0.433594 0.632812 0.435547 0.634766 0.435547 0.636719 0.441406 0.642578 0.441406 0.644531 0.443359 0.646484 0.447266 0.646484 0.449219 0.644531 0.451172 0.644531 0.455078 0.640625 0.457031 0.640625 0.458984 0.638672 0.460938 0.638672 0.462891 0.636719 0.468750 0.634766 0.468750 0.632812 0.470703 0.630859 0.470703 0.628906 0.468750 0.626953 0.468750 0.619141 0.466797 0.617188 0.464844 0.611328
2 0.343750 0.617188 0.343750 0.626953 0.345703 0.628906 0.345703 0.632812 0.349609 0.640625 0.353516 0.644531 0.365234 0.669922 0.371094 0.673828 0.382812 0.673828 0.384766 0.671875 0.388672 0.671875 0.392578 0.669922 0.394531 0.666016 0.394531 0.656250 0.392578 0.652344 0.384766 0.644531 0.382812 0.644531 0.375000 0.634766 0.375000 0.630859 0.369141 0.621094 0.369141 0.617188 0.367188 0.615234 0.347656 0.615234
2 0.308594 0.630859 0.302734 0.634766 0.298828 0.634766 0.285156 0.640625 0.283203 0.648438 0.292969 0.664062 0.292969 0.667969 0.300781 0.681641 0.306641 0.701172 0.314453 0.707031 0.320312 0.707031 0.322266 0.705078 0.337891 0.701172 0.341797 0.697266 0.343750 0.681641 0.341797 0.679688 0.339844 0.669922 0.324219 0.642578 0.324219 0.638672 0.316406 0.630859
2 0.234375 0.652344 0.226562 0.652344 0.216797 0.658203 0.203125 0.662109 0.189453 0.671875 0.191406 0.679688 0.197266 0.687500 0.207031 0.687500 0.208984 0.689453 0.203125 0.693359 0.203125 0.701172 0.208984 0.716797 0.218750 0.732422 0.220703 0.740234 0.232422 0.740234 0.244141 0.734375 0.250000 0.728516 0.259766 0.724609 0.259766 0.718750 0.251953 0.695312 0.246094 0.685547 0.238281 0.679688 0.242188 0.671875 0.242188 0.662109
2 0.123047 0.656250 0.117188 0.656250 0.109375 0.662109 0.107422 0.662109 0.101562 0.667969 0.099609 0.667969 0.093750 0.673828 0.091797 0.673828 0.087891 0.677734 0.083984 0.685547 0.083984 0.693359 0.085938 0.695312 0.085938 0.699219 0.089844 0.703125 0.091797 0.703125 0.099609 0.708984 0.107422 0.708984 0.123047 0.699219 0.126953 0.699219 0.132812 0.695312 0.136719 0.695312 0.140625 0.693359 0.144531 0.689453 0.144531 0.681641 0.134766 0.669922 0.134766 0.667969
2 0.146484 0.750000 0.140625 0.750000 0.138672 0.748047 0.136719 0.750000 0.130859 0.750000 0.121094 0.755859 0.121094 0.761719 0.119141 0.763672 0.115234 0.755859 0.109375 0.755859 0.085938 0.767578 0.083984 0.771484 0.085938 0.773438 0.085938 0.779297 0.095703 0.800781 0.099609 0.814453 0.103516 0.816406 0.117188 0.816406 0.123047 0.812500 0.126953 0.812500 0.136719 0.802734 0.138672 0.804688 0.144531 0.804688 0.162109 0.794922 0.162109 0.779297
2 0.564453 0.746094 0.554688 0.750000 0.550781 0.753906 0.535156 0.757812 0.533203 0.761719 0.544922 0.785156 0.544922 0.789062 0.562500 0.820312 0.564453 0.832031 0.566406 0.833984 0.572266 0.833984 0.580078 0.830078 0.580078 0.820312 0.562500 0.789062 0.562500 0.777344 0.578125 0.765625 0.580078 0.757812 0.576172 0.748047 0.572266 0.746094
2 0.455078 0.869141 0.453125 0.871094 0.449219 0.871094 0.447266 0.873047 0.447266 0.876953 0.445312 0.878906 0.447266 0.880859 0.447266 0.884766 0.449219 0.886719 0.453125 0.886719 0.455078 0.888672 0.457031 0.886719 0.460938 0.886719 0.462891 0.884766 0.462891 0.880859 0.464844 0.878906 0.462891 0.876953 0.462891 0.873047 0.460938 0.871094 0.457031 0.871094
2 0.660156 0.890625 0.652344 0.890625 0.650391 0.892578 0.646484 0.892578 0.640625 0.896484 0.636719 0.896484 0.634766 0.898438 0.628906 0.900391 0.625000 0.904297 0.625000 0.908203 0.626953 0.910156 0.626953 0.912109 0.630859 0.916016 0.630859 0.919922 0.632812 0.921875 0.634766 0.927734 0.638672 0.927734 0.644531 0.923828 0.648438 0.923828 0.650391 0.921875 0.654297 0.921875 0.656250 0.919922 0.660156 0.919922 0.662109 0.917969 0.667969 0.917969 0.669922 0.916016 0.669922 0.910156 0.667969 0.908203 0.667969 0.906250 0.664062 0.900391 0.664062 0.896484
2 0.857422 0.994141 0.855469 0.992188 0.851562 0.996094 0.851562 0.998047 0.857422 0.998047
2 0.980469 0.994141 0.978516 0.996094 0.978516 0.998047 0.980469 0.998047
2 0.994141 0.992188 0.992188 0.994141 0.992188 0.998047 0.998047 0.998047 0.998047 0.992188
5 0.271484 0.013672 0.263672 0.017578 0.263672 0.031250 0.273438 0.037109 0.285156 0.056641 0.302734 0.105469 0.328125 0.146484 0.328125 0.152344 0.281250 0.193359 0.281250 0.205078 0.296875 0.208984 0.349609 0.169922 0.406250 0.142578 0.410156 0.132812 0.400391 0.123047 0.351562 0.148438 0.318359 0.091797 0.294922 0.033203 0.285156 0.019531
5 0.189453 0.095703 0.183594 0.099609 0.183594 0.105469 0.185547 0.107422 0.185547 0.115234 0.189453 0.123047 0.189453 0.128906 0.193359 0.134766 0.195312 0.146484 0.201172 0.156250 0.201172 0.160156 0.205078 0.167969 0.212891 0.175781 0.220703 0.175781 0.220703 0.166016 0.218750 0.164062 0.218750 0.158203 0.216797 0.156250 0.216797 0.150391 0.214844 0.148438 0.214844 0.142578 0.212891 0.140625 0.212891 0.134766 0.210938 0.132812 0.210938 0.119141 0.205078 0.113281 0.199219 0.101562 0.199219 0.097656 0.197266 0.095703
5 0.000000 0.984375 0.998047 0.455078 0.998047 0.406250 0.250000 0.785156 0.019531 0.355469 0.222656 0.222656 0.046875 0.306641 0.000000 0.363281 0.238281 0.794922 0.000000 0.945312
