0 0.000000 0.111328 0.005859 0.105469 0.021484 0.107422 0.134766 0.066406 0.253906 0.042969 0.234375 0.011719 0.232422 0.000000 0.000000 0.000000
0 0.273438 0.000000 0.298828 0.048828 0.324219 0.117188 0.574219 0.000000
0 0.919922 0.000000 0.611328 0.000000 0.537109 0.044922 0.550781 0.058594 0.333984 0.142578 0.375000 0.244141 0.451172 0.228516 0.382812 0.271484 0.455078 0.267578 0.410156 0.316406 0.583984 0.642578 0.630859 0.617188 0.658203 0.640625 0.650391 0.593750 0.669922 0.601562 0.673828 0.656250 0.615234 0.705078 0.632812 0.736328 0.998047 0.541016 0.998047 0.113281 0.953125 0.083984
0 0.263672 0.070312 0.000000 0.140625 0.000000 0.554688 0.035156 0.544922 0.054688 0.578125 0.025391 0.636719 0.082031 0.699219 0.101562 0.832031 0.142578 0.894531 0.175781 0.892578 0.175781 0.980469 0.347656 0.892578 0.294922 0.875000 0.292969 0.900391 0.246094 0.900391 0.230469 0.855469 0.308594 0.828125 0.330078 0.853516 0.333984 0.804688 0.371094 0.867188 0.443359 0.839844 0.427734 0.810547 0.396484 0.828125 0.369141 0.808594 0.365234 0.777344 0.410156 0.771484 0.408203 0.742188 0.474609 0.740234 0.500000 0.808594 0.597656 0.753906 0.355469 0.308594
0 0.025391 0.562500 0.025391 0.568359 0.027344 0.570312 0.029297 0.568359 0.029297 0.566406 0.027344 0.564453 0.027344 0.562500
0 0.998047 0.582031 0.925781 0.621094 0.966797 0.695312 0.933594 0.695312 0.902344 0.636719 0.869141 0.654297 0.867188 0.681641 0.841797 0.666016 0.750000 0.712891 0.789062 0.757812 0.763672 0.785156 0.734375 0.724609 0.695312 0.746094 0.710938 0.781250 0.673828 0.806641 0.693359 0.849609 0.720703 0.841797 0.701172 0.810547 0.740234 0.794922 0.777344 0.867188 0.771484 0.896484 0.726562 0.914062 0.744141 0.945312 0.818359 0.880859 0.888672 0.871094 0.865234 0.865234 0.878906 0.857422 0.939453 0.865234 0.933594 0.890625 0.882812 0.890625 0.906250 0.900391 0.900391 0.919922 0.763672 0.976562 0.771484 0.998047 0.998047 0.998047 0.998047 0.806641 0.978516 0.812500 0.984375 0.855469 0.947266 0.861328 0.908203 0.802734 0.935547 0.769531 0.998047 0.767578
0 0.003906 0.589844 0.003906 0.591797 0.005859 0.593750 0.011719 0.591797 0.015625 0.595703 0.015625 0.597656 0.017578 0.599609 0.019531 0.597656 0.023438 0.597656 0.025391 0.595703 0.033203 0.595703 0.041016 0.603516 0.041016 0.609375 0.042969 0.611328 0.042969 0.619141 0.044922 0.621094 0.044922 0.617188 0.046875 0.615234 0.046875 0.609375 0.044922 0.607422 0.044922 0.603516 0.046875 0.601562 0.044922 0.599609 0.044922 0.597656 0.046875 0.595703 0.044922 0.593750 0.015625 0.593750 0.011719 0.587891 0.009766 0.587891 0.007812 0.589844
0 0.699219 0.626953 0.703125 0.630859 0.701172 0.632812 0.703125 0.634766 0.710938 0.634766 0.714844 0.630859 0.712891 0.632812 0.708984 0.632812 0.707031 0.630859 0.705078 0.630859 0.703125 0.628906 0.701172 0.628906
0 0.027344 0.814453 0.027344 0.816406 0.029297 0.816406 0.029297 0.814453
0 0.000000 0.830078 0.000000 0.982422 0.003906 0.998047 0.091797 0.998047 0.093750 0.994141 0.107422 0.998047 0.115234 0.992188 0.117188 0.978516 0.097656 0.964844 0.099609 0.929688 0.082031 0.931641 0.082031 0.935547 0.093750 0.939453 0.093750 0.951172 0.087891 0.955078 0.074219 0.949219 0.076172 0.935547 0.068359 0.937500 0.048828 0.919922 0.035156 0.876953 0.029297 0.873047 0.013672 0.839844 0.013672 0.830078
0 0.330078 0.943359 0.330078 0.958984 0.343750 0.964844 0.361328 0.998047 0.732422 0.998047 0.722656 0.980469 0.695312 0.994141 0.681641 0.990234 0.675781 0.970703 0.683594 0.962891 0.712891 0.966797 0.658203 0.861328 0.623047 0.888672 0.576172 0.906250 0.544922 0.863281 0.541016 0.830078 0.408203 0.906250 0.408203 0.935547 0.425781 0.957031 0.386719 0.984375 0.365234 0.925781
0 0.734375 0.847656 0.732422 0.849609 0.730469 0.847656 0.732422 0.849609 0.732422 0.857422 0.732422 0.849609
0 0.289062 0.857422 0.289062 0.859375 0.291016 0.861328 0.291016 0.863281 0.292969 0.865234 0.292969 0.867188 0.292969 0.865234 0.291016 0.863281 0.291016 0.861328 0.289062 0.859375
0 0.375000 0.873047 0.373047 0.871094 0.369141 0.871094 0.367188 0.869141 0.363281 0.873047 0.361328 0.873047 0.359375 0.875000 0.359375 0.876953 0.357422 0.878906 0.355469 0.876953 0.349609 0.882812 0.351562 0.880859 0.353516 0.880859 0.355469 0.878906 0.359375 0.882812 0.359375 0.884766 0.361328 0.882812 0.363281 0.882812 0.365234 0.880859 0.367188 0.880859 0.371094 0.876953 0.373047 0.876953 0.375000 0.875000
0 0.912109 0.867188 0.908203 0.867188 0.906250 0.869141 0.908203 0.869141 0.910156 0.871094 0.912109 0.869141
0 0.921875 0.867188 0.921875 0.875000 0.925781 0.875000 0.927734 0.873047 0.929688 0.875000 0.931641 0.875000 0.929688 0.875000 0.927734 0.873047 0.927734 0.867188
0 0.898438 0.875000 0.898438 0.876953 0.900391 0.876953 0.900391 0.875000
0 0.906250 0.875000 0.906250 0.876953 0.908203 0.876953 0.908203 0.875000
0 0.914062 0.875000 0.914062 0.876953 0.916016 0.876953 0.916016 0.875000
0 0.396484 0.908203 0.392578 0.908203 0.390625 0.910156 0.390625 0.912109 0.394531 0.912109 0.396484 0.910156
0 0.828125 0.937500 0.828125 0.939453 0.837891 0.939453 0.835938 0.939453 0.833984 0.937500
0 0.312500 0.957031 0.314453 0.958984 0.316406 0.957031 0.322266 0.957031 0.324219 0.955078 0.320312 0.955078 0.318359 0.957031 0.314453 0.953125 0.312500 0.955078
0 0.798828 0.962891 0.800781 0.962891 0.802734 0.960938 0.798828 0.960938
0 0.296875 0.974609 0.296875 0.978516 0.294922 0.980469 0.294922 0.982422 0.296875 0.984375 0.296875 0.998047 0.306641 0.998047 0.306641 0.992188 0.304688 0.990234 0.304688 0.988281 0.302734 0.986328 0.302734 0.984375 0.300781 0.982422 0.300781 0.980469 0.298828 0.978516 0.298828 0.974609
0 0.167969 0.978516 0.166016 0.978516 0.164062 0.980469 0.167969 0.980469
0 0.128906 0.998047 0.126953 0.996094 0.125000 0.998047
1 0.833984 0.234375 0.808594 0.234375 0.787109 0.244141 0.767578 0.248047 0.753906 0.253906 0.751953 0.257812 0.753906 0.279297 0.765625 0.298828 0.777344 0.308594 0.781250 0.316406 0.789062 0.316406 0.794922 0.312500 0.814453 0.312500 0.832031 0.304688 0.841797 0.294922 0.851562 0.294922 0.859375 0.289062 0.853516 0.273438 0.851562 0.259766 0.839844 0.248047
2 0.552734 0.048828 0.550781 0.046875 0.544922 0.046875 0.542969 0.044922 0.541016 0.046875 0.535156 0.046875 0.533203 0.048828 0.523438 0.048828 0.521484 0.050781 0.519531 0.050781 0.517578 0.052734 0.517578 0.056641 0.519531 0.058594 0.523438 0.058594 0.525391 0.060547 0.539062 0.060547 0.541016 0.058594 0.544922 0.058594 0.546875 0.056641 0.550781 0.056641 0.550781 0.054688 0.552734 0.052734
2 0.169922 0.099609 0.152344 0.099609 0.132812 0.107422 0.121094 0.109375 0.115234 0.113281 0.115234 0.123047 0.119141 0.130859 0.119141 0.138672 0.121094 0.140625 0.125000 0.156250 0.130859 0.164062 0.134766 0.166016 0.136719 0.164062 0.142578 0.164062 0.160156 0.156250 0.173828 0.154297 0.177734 0.150391 0.173828 0.123047 0.171875 0.121094 0.171875 0.117188 0.166016 0.111328 0.166016 0.107422
2 0.205078 0.115234 0.205078 0.128906 0.210938 0.142578 0.216797 0.146484 0.228516 0.142578 0.232422 0.144531 0.228516 0.148438 0.228516 0.152344 0.236328 0.166016 0.234375 0.183594 0.238281 0.187500 0.251953 0.189453 0.287109 0.175781 0.287109 0.167969 0.275391 0.152344 0.271484 0.140625 0.253906 0.136719 0.255859 0.134766 0.255859 0.125000 0.250000 0.105469 0.246094 0.101562 0.232422 0.099609 0.212891 0.107422 0.214844 0.109375
2 0.564453 0.101562 0.548828 0.109375 0.541016 0.115234 0.552734 0.130859 0.556641 0.144531 0.562500 0.150391 0.562500 0.160156 0.564453 0.162109 0.574219 0.162109 0.583984 0.156250 0.593750 0.154297 0.595703 0.146484 0.593750 0.144531 0.593750 0.138672 0.585938 0.125000 0.585938 0.121094 0.582031 0.113281 0.582031 0.105469 0.574219 0.103516 0.572266 0.101562
2 0.175781 0.158203 0.140625 0.167969 0.136719 0.191406 0.130859 0.179688 0.130859 0.171875 0.126953 0.169922 0.117188 0.169922 0.099609 0.175781 0.097656 0.191406 0.109375 0.220703 0.109375 0.226562 0.115234 0.234375 0.119141 0.234375 0.123047 0.228516 0.146484 0.224609 0.144531 0.210938 0.140625 0.205078 0.142578 0.201172 0.173828 0.195312 0.181641 0.183594 0.181641 0.166016
2 0.611328 0.173828 0.605469 0.171875 0.603516 0.173828 0.601562 0.173828 0.599609 0.175781 0.595703 0.175781 0.585938 0.181641 0.580078 0.181641 0.578125 0.183594 0.574219 0.183594 0.572266 0.185547 0.568359 0.185547 0.566406 0.187500 0.566406 0.191406 0.568359 0.193359 0.568359 0.195312 0.572266 0.199219 0.578125 0.212891 0.582031 0.216797 0.591797 0.214844 0.595703 0.210938 0.597656 0.210938 0.603516 0.207031 0.607422 0.207031 0.619141 0.197266 0.621094 0.197266 0.621094 0.195312 0.617188 0.189453 0.617188 0.185547 0.615234 0.183594
2 0.451172 0.234375 0.449219 0.232422 0.449219 0.228516 0.445312 0.224609 0.441406 0.224609 0.439453 0.222656 0.435547 0.224609 0.433594 0.222656 0.429688 0.224609 0.427734 0.222656 0.425781 0.224609 0.423828 0.222656 0.421875 0.224609 0.416016 0.224609 0.414062 0.226562 0.412109 0.224609 0.406250 0.224609 0.404297 0.226562 0.394531 0.228516 0.376953 0.244141 0.376953 0.248047 0.375000 0.250000 0.376953 0.251953 0.376953 0.255859 0.382812 0.261719 0.386719 0.261719 0.388672 0.263672 0.396484 0.261719 0.398438 0.263672 0.406250 0.259766 0.417969 0.257812 0.421875 0.253906 0.431641 0.251953 0.435547 0.248047 0.445312 0.246094 0.449219 0.242188
2 0.509766 0.234375 0.507812 0.234375 0.503906 0.230469 0.501953 0.230469 0.500000 0.228516 0.488281 0.228516 0.486328 0.230469 0.484375 0.230469 0.480469 0.234375 0.478516 0.234375 0.468750 0.244141 0.468750 0.246094 0.466797 0.248047 0.466797 0.257812 0.468750 0.259766 0.474609 0.261719 0.476562 0.259766 0.482422 0.259766 0.484375 0.257812 0.488281 0.257812 0.490234 0.255859 0.492188 0.255859 0.494141 0.253906 0.500000 0.251953 0.509766 0.244141 0.509766 0.242188 0.511719 0.240234
2 0.453125 0.267578 0.447266 0.261719 0.443359 0.261719 0.441406 0.259766 0.421875 0.259766 0.419922 0.261719 0.412109 0.263672 0.404297 0.273438 0.396484 0.275391 0.394531 0.277344 0.390625 0.277344 0.386719 0.281250 0.386719 0.285156 0.384766 0.287109 0.386719 0.289062 0.386719 0.292969 0.390625 0.296875 0.390625 0.304688 0.392578 0.306641 0.392578 0.310547 0.396484 0.314453 0.406250 0.316406 0.408203 0.314453 0.412109 0.314453 0.425781 0.300781 0.445312 0.292969 0.451172 0.287109 0.453125 0.279297 0.455078 0.277344
2 0.244141 0.326172 0.244141 0.328125 0.253906 0.335938 0.271484 0.343750 0.285156 0.343750 0.296875 0.337891 0.306641 0.335938 0.312500 0.332031 0.312500 0.326172 0.306641 0.320312 0.302734 0.320312 0.300781 0.318359 0.291016 0.318359 0.289062 0.316406 0.292969 0.314453 0.292969 0.300781 0.289062 0.296875 0.277344 0.296875 0.275391 0.298828 0.259766 0.300781 0.257812 0.302734 0.259766 0.318359 0.257812 0.320312 0.251953 0.320312
2 0.572266 0.337891 0.570312 0.337891 0.568359 0.335938 0.560547 0.335938 0.558594 0.337891 0.554688 0.337891 0.552734 0.339844 0.548828 0.339844 0.546875 0.341797 0.542969 0.341797 0.541016 0.343750 0.541016 0.345703 0.539062 0.347656 0.539062 0.353516 0.541016 0.355469 0.541016 0.359375 0.542969 0.361328 0.542969 0.363281 0.546875 0.369141 0.550781 0.369141 0.552734 0.371094 0.564453 0.371094 0.566406 0.369141 0.568359 0.369141 0.578125 0.359375 0.578125 0.353516 0.574219 0.347656 0.574219 0.343750 0.572266 0.341797
2 0.681641 0.503906 0.666016 0.480469 0.654297 0.480469 0.636719 0.488281 0.623047 0.500000 0.621094 0.511719 0.609375 0.492188 0.591797 0.488281 0.582031 0.496094 0.578125 0.511719 0.562500 0.513672 0.556641 0.519531 0.556641 0.533203 0.564453 0.548828 0.593750 0.554688 0.607422 0.546875 0.621094 0.546875 0.609375 0.529297 0.625000 0.515625 0.634766 0.537109 0.630859 0.541016 0.625000 0.535156 0.625000 0.539062 0.630859 0.544922 0.638672 0.544922 0.640625 0.537109 0.646484 0.539062 0.683594 0.519531
2 0.617188 0.535156 0.617188 0.537109 0.619141 0.537109 0.619141 0.535156
2 0.019531 0.556641 0.013672 0.556641 0.011719 0.558594 0.007812 0.558594 0.005859 0.560547 0.003906 0.560547 0.001953 0.562500 0.000000 0.562500 0.000000 0.585938 0.001953 0.583984 0.009766 0.583984 0.011719 0.582031 0.013672 0.582031 0.015625 0.580078 0.017578 0.580078 0.019531 0.578125 0.021484 0.578125 0.023438 0.576172 0.023438 0.566406 0.021484 0.564453 0.021484 0.558594
2 0.710938 0.580078 0.701172 0.587891 0.689453 0.591797 0.685547 0.599609 0.697266 0.623047 0.708984 0.630859 0.712891 0.630859 0.714844 0.628906 0.718750 0.632812 0.705078 0.642578 0.707031 0.648438 0.710938 0.652344 0.714844 0.652344 0.716797 0.650391 0.720703 0.650391 0.730469 0.642578 0.750000 0.638672 0.751953 0.634766 0.746094 0.621094 0.734375 0.611328 0.730469 0.595703 0.716797 0.580078
2 0.033203 0.597656 0.027344 0.597656 0.025391 0.599609 0.019531 0.599609 0.017578 0.601562 0.013672 0.601562 0.011719 0.603516 0.007812 0.603516 0.005859 0.605469 0.003906 0.605469 0.003906 0.607422 0.001953 0.609375 0.001953 0.613281 0.003906 0.615234 0.003906 0.625000 0.005859 0.626953 0.005859 0.630859 0.009766 0.634766 0.017578 0.634766 0.019531 0.632812 0.023438 0.632812 0.025391 0.630859 0.029297 0.630859 0.031250 0.628906 0.035156 0.628906 0.037109 0.626953 0.039062 0.626953 0.039062 0.611328 0.037109 0.609375 0.037109 0.603516
2 0.640625 0.621094 0.630859 0.621094 0.626953 0.625000 0.619141 0.626953 0.603516 0.634766 0.589844 0.644531 0.589844 0.662109 0.593750 0.667969 0.593750 0.673828 0.595703 0.677734 0.607422 0.681641 0.609375 0.685547 0.617188 0.685547 0.621094 0.681641 0.640625 0.671875 0.644531 0.667969 0.648438 0.667969 0.652344 0.664062 0.656250 0.664062 0.664062 0.660156 0.664062 0.652344 0.658203 0.642578 0.650391 0.636719 0.648438 0.630859
2 0.904297 0.626953 0.904297 0.634766 0.908203 0.644531 0.916016 0.654297 0.917969 0.667969 0.929688 0.689453 0.937500 0.695312 0.945312 0.695312 0.947266 0.693359 0.951172 0.695312 0.958984 0.695312 0.960938 0.693359 0.966797 0.693359 0.966797 0.687500 0.957031 0.675781 0.953125 0.666016 0.941406 0.652344 0.937500 0.632812 0.925781 0.623047 0.921875 0.623047 0.919922 0.621094 0.912109 0.621094
2 0.855469 0.654297 0.851562 0.658203 0.849609 0.658203 0.843750 0.664062 0.843750 0.666016 0.845703 0.667969 0.845703 0.669922 0.847656 0.671875 0.847656 0.673828 0.849609 0.675781 0.849609 0.677734 0.851562 0.679688 0.853516 0.679688 0.855469 0.681641 0.863281 0.681641 0.865234 0.679688 0.867188 0.679688 0.873047 0.673828 0.873047 0.664062 0.871094 0.662109 0.871094 0.660156 0.865234 0.654297
2 0.339844 0.666016 0.324219 0.666016 0.322266 0.667969 0.318359 0.667969 0.310547 0.671875 0.306641 0.677734 0.306641 0.687500 0.308594 0.689453 0.308594 0.697266 0.310547 0.699219 0.308594 0.703125 0.310547 0.722656 0.316406 0.732422 0.326172 0.732422 0.328125 0.730469 0.332031 0.730469 0.359375 0.716797 0.359375 0.710938 0.357422 0.708984 0.357422 0.703125 0.355469 0.701172 0.353516 0.689453 0.349609 0.685547 0.343750 0.673828 0.343750 0.669922
2 0.867188 0.683594 0.861328 0.689453 0.859375 0.695312 0.861328 0.699219 0.876953 0.708984 0.875000 0.710938 0.876953 0.714844 0.900391 0.718750 0.888672 0.722656 0.882812 0.732422 0.890625 0.759766 0.900391 0.763672 0.904297 0.761719 0.908203 0.750000 0.921875 0.748047 0.929688 0.738281 0.929688 0.734375 0.923828 0.732422 0.925781 0.728516 0.937500 0.728516 0.933594 0.720703 0.929688 0.718750 0.904297 0.718750 0.902344 0.716797 0.919922 0.708984 0.921875 0.705078 0.916016 0.683594 0.912109 0.679688 0.888672 0.679688
2 0.804688 0.693359 0.804688 0.697266 0.802734 0.699219 0.802734 0.707031 0.814453 0.726562 0.816406 0.744141 0.820312 0.750000 0.824219 0.751953 0.832031 0.751953 0.841797 0.746094 0.845703 0.746094 0.861328 0.738281 0.861328 0.730469 0.851562 0.716797 0.849609 0.708984 0.845703 0.701172 0.841797 0.697266 0.833984 0.695312 0.826172 0.685547 0.814453 0.685547
2 0.742188 0.714844 0.736328 0.718750 0.736328 0.730469 0.738281 0.732422 0.738281 0.736328 0.744141 0.742188 0.744141 0.744141 0.751953 0.753906 0.750000 0.757812 0.750000 0.763672 0.753906 0.769531 0.753906 0.773438 0.757812 0.781250 0.763672 0.783203 0.767578 0.779297 0.773438 0.777344 0.779297 0.771484 0.787109 0.767578 0.787109 0.757812 0.783203 0.753906 0.779297 0.753906 0.775391 0.750000 0.775391 0.744141 0.767578 0.736328 0.761719 0.724609 0.753906 0.714844
2 0.697266 0.748047 0.681641 0.748047 0.679688 0.750000 0.667969 0.751953 0.666016 0.753906 0.662109 0.753906 0.660156 0.755859 0.656250 0.755859 0.648438 0.759766 0.646484 0.763672 0.646484 0.777344 0.648438 0.779297 0.650391 0.789062 0.654297 0.796875 0.664062 0.804688 0.687500 0.804688 0.695312 0.800781 0.695312 0.798828 0.699219 0.794922 0.699219 0.791016 0.708984 0.781250 0.708984 0.771484 0.705078 0.765625 0.703125 0.755859
2 0.240234 0.751953 0.236328 0.753906 0.226562 0.753906 0.224609 0.755859 0.218750 0.755859 0.216797 0.757812 0.210938 0.757812 0.208984 0.759766 0.203125 0.759766 0.201172 0.763672 0.201172 0.779297 0.203125 0.781250 0.203125 0.787109 0.207031 0.791016 0.207031 0.794922 0.216797 0.808594 0.216797 0.816406 0.218750 0.820312 0.226562 0.820312 0.248047 0.808594 0.251953 0.808594 0.257812 0.800781 0.257812 0.792969 0.253906 0.787109 0.250000 0.761719 0.248047 0.757812
2 0.998047 0.769531 0.982422 0.765625 0.968750 0.771484 0.966797 0.769531 0.935547 0.771484 0.929688 0.777344 0.927734 0.787109 0.910156 0.798828 0.916016 0.818359 0.923828 0.828125 0.925781 0.837891 0.947266 0.859375 0.964844 0.859375 0.986328 0.847656 0.988281 0.843750 0.978516 0.824219 0.976562 0.812500 0.984375 0.806641 0.998047 0.804688
2 0.416016 0.775391 0.400391 0.771484 0.392578 0.775391 0.371094 0.775391 0.367188 0.777344 0.367188 0.791016 0.369141 0.792969 0.369141 0.802734 0.375000 0.814453 0.375000 0.818359 0.380859 0.824219 0.394531 0.824219 0.396484 0.826172 0.406250 0.826172 0.410156 0.822266 0.425781 0.814453 0.425781 0.806641 0.421875 0.798828 0.419922 0.781250
2 0.623047 0.792969 0.607422 0.794922 0.587891 0.808594 0.576172 0.812500 0.544922 0.832031 0.548828 0.857422 0.554688 0.867188 0.556641 0.876953 0.568359 0.892578 0.578125 0.900391 0.595703 0.896484 0.605469 0.888672 0.625000 0.880859 0.632812 0.873047 0.656250 0.863281 0.656250 0.857422 0.646484 0.843750 0.644531 0.830078 0.636719 0.824219 0.626953 0.796875
2 0.732422 0.796875 0.703125 0.810547 0.701172 0.820312 0.705078 0.830078 0.716797 0.830078 0.722656 0.841797 0.708984 0.847656 0.697266 0.847656 0.695312 0.865234 0.705078 0.884766 0.716797 0.884766 0.714844 0.900391 0.718750 0.910156 0.740234 0.914062 0.763672 0.896484 0.771484 0.894531 0.777344 0.888672 0.775391 0.867188 0.767578 0.851562 0.759766 0.843750 0.750000 0.841797 0.757812 0.839844 0.757812 0.830078 0.748047 0.802734 0.740234 0.796875
2 0.349609 0.812500 0.333984 0.806641 0.328125 0.816406 0.330078 0.855469 0.318359 0.845703 0.316406 0.833984 0.308594 0.830078 0.285156 0.832031 0.283203 0.847656 0.279297 0.843750 0.261719 0.845703 0.251953 0.841797 0.234375 0.851562 0.232422 0.863281 0.238281 0.869141 0.246094 0.896484 0.255859 0.896484 0.271484 0.888672 0.277344 0.892578 0.277344 0.900391 0.292969 0.898438 0.294922 0.873047 0.296875 0.882812 0.308594 0.888672 0.330078 0.880859 0.332031 0.871094 0.333984 0.878906 0.345703 0.884766 0.369141 0.867188 0.369141 0.849609 0.355469 0.839844
2 0.085938 0.812500 0.076172 0.816406 0.048828 0.814453 0.023438 0.826172 0.023438 0.841797 0.033203 0.857422 0.042969 0.865234 0.041016 0.878906 0.052734 0.912109 0.060547 0.923828 0.078125 0.923828 0.097656 0.910156 0.097656 0.900391 0.085938 0.882812 0.085938 0.869141 0.076172 0.857422 0.064453 0.857422 0.050781 0.865234 0.044922 0.863281 0.060547 0.853516 0.097656 0.841797 0.091797 0.814453
2 0.787109 0.830078 0.785156 0.832031 0.781250 0.832031 0.779297 0.833984 0.777344 0.833984 0.777344 0.845703 0.779297 0.847656 0.779297 0.851562 0.783203 0.855469 0.783203 0.857422 0.787109 0.861328 0.789062 0.861328 0.791016 0.863281 0.792969 0.861328 0.796875 0.861328 0.798828 0.859375 0.800781 0.859375 0.802734 0.857422 0.804688 0.857422 0.804688 0.855469 0.806641 0.853516 0.806641 0.851562 0.804688 0.849609 0.804688 0.845703 0.802734 0.843750 0.802734 0.841797 0.796875 0.835938 0.796875 0.833984 0.792969 0.830078
2 0.890625 0.902344 0.884766 0.896484 0.863281 0.898438 0.855469 0.880859 0.837891 0.878906 0.771484 0.906250 0.769531 0.914062 0.779297 0.931641 0.748047 0.947266 0.748047 0.960938 0.757812 0.974609 0.777344 0.972656 0.822266 0.947266 0.824219 0.943359 0.816406 0.931641 0.816406 0.921875 0.820312 0.917969 0.845703 0.910156 0.851562 0.912109 0.861328 0.925781 0.869141 0.925781 0.890625 0.916016
2 0.169922 0.892578 0.158203 0.894531 0.142578 0.902344 0.140625 0.906250 0.142578 0.923828 0.140625 0.925781 0.136719 0.921875 0.132812 0.921875 0.130859 0.923828 0.119141 0.923828 0.107422 0.929688 0.105469 0.933594 0.107422 0.953125 0.119141 0.974609 0.152344 0.970703 0.154297 0.964844 0.152344 0.949219 0.154297 0.947266 0.156250 0.949219 0.169922 0.947266 0.185547 0.937500 0.185547 0.927734 0.175781 0.912109 0.173828 0.900391
2 0.681641 0.906250 0.679688 0.904297 0.669922 0.904297 0.638672 0.919922 0.634766 0.919922 0.621094 0.925781 0.597656 0.923828 0.593750 0.925781 0.591797 0.929688 0.593750 0.943359 0.601562 0.951172 0.609375 0.951172 0.613281 0.947266 0.621094 0.945312 0.630859 0.939453 0.642578 0.937500 0.667969 0.921875 0.675781 0.921875 0.683594 0.916016
2 0.402344 0.912109 0.388672 0.914062 0.380859 0.919922 0.369141 0.923828 0.369141 0.943359 0.371094 0.945312 0.371094 0.951172 0.373047 0.953125 0.373047 0.957031 0.376953 0.962891 0.378906 0.970703 0.386719 0.976562 0.388672 0.974609 0.394531 0.974609 0.396484 0.972656 0.400391 0.972656 0.406250 0.968750 0.410156 0.968750 0.417969 0.964844 0.423828 0.957031 0.421875 0.955078 0.421875 0.949219 0.417969 0.945312 0.412109 0.943359 0.406250 0.935547 0.406250 0.931641 0.404297 0.929688 0.404297 0.914062
2 0.298828 0.972656 0.300781 0.974609 0.300781 0.978516 0.308594 0.992188 0.308594 0.998047 0.359375 0.998047 0.359375 0.994141 0.349609 0.984375 0.347656 0.978516 0.341797 0.972656 0.341797 0.964844 0.339844 0.962891 0.335938 0.962891 0.333984 0.960938 0.330078 0.960938 0.328125 0.958984 0.316406 0.958984 0.314453 0.960938 0.310547 0.960938 0.308594 0.962891 0.306641 0.962891 0.300781 0.968750 0.300781 0.970703
2 0.677734 0.970703 0.677734 0.976562 0.679688 0.978516 0.679688 0.980469 0.681641 0.982422 0.681641 0.986328 0.685547 0.992188 0.695312 0.992188 0.697266 0.990234 0.701172 0.990234 0.710938 0.982422 0.712891 0.982422 0.714844 0.980469 0.720703 0.978516 0.720703 0.970703 0.718750 0.970703 0.716797 0.968750 0.705078 0.968750 0.697266 0.960938 0.691406 0.960938 0.689453 0.962891 0.683594 0.964844
4 0.921875 0.000000 0.925781 0.015625 0.941406 0.033203 0.945312 0.044922 0.947266 0.068359 0.955078 0.083984 0.964844 0.091797 0.976562 0.111328 0.980469 0.113281 0.998047 0.111328 0.998047 0.000000
5 0.005859 0.107422 0.001953 0.140625 0.267578 0.072266 0.599609 0.750000 0.183594 0.998047 0.617188 0.783203 0.734375 0.998047 0.769531 0.998047 0.646484 0.759766 0.996094 0.582031 0.998047 0.542969 0.630859 0.736328 0.332031 0.144531 0.609375 0.000000 0.332031 0.119141 0.271484 0.000000 0.234375 0.000000 0.250000 0.046875
