0 0.896484 0.523438 0.890625 0.531250 0.892578 0.576172 0.896484 0.587891 0.906250 0.597656 0.916016 0.603516 0.943359 0.607422 0.958984 0.603516 0.974609 0.591797 0.980469 0.580078 0.982422 0.564453 0.976562 0.548828 0.976562 0.539062 0.972656 0.535156 0.955078 0.527344 0.945312 0.517578 0.916016 0.515625
0 0.988281 0.626953 0.912109 0.796875 0.791016 0.820312 0.728516 0.771484 0.728516 0.705078 0.634766 0.689453 0.623047 0.617188 0.681641 0.599609 0.746094 0.654297 0.736328 0.701172 0.750000 0.656250 0.802734 0.656250 0.810547 0.580078 0.884766 0.552734 0.517578 0.537109 0.486328 0.798828 0.199219 0.802734 0.150391 0.863281 0.132812 0.990234 0.488281 0.980469 0.541016 0.851562 0.939453 0.841797 0.970703 0.765625 0.958984 0.798828 0.914062 0.769531 0.929688 0.742188 0.978516 0.761719 0.980469 0.712891 0.986328 0.802734
0 0.875000 0.564453 0.875000 0.566406 0.878906 0.566406 0.876953 0.564453
0 0.906250 0.736328 0.906250 0.738281 0.902344 0.742188 0.898438 0.742188 0.898438 0.744141 0.896484 0.746094 0.898438 0.746094 0.900391 0.748047 0.902344 0.748047 0.906250 0.744141
0 0.349609 0.779297 0.371094 0.779297 0.371094 0.777344 0.367188 0.777344 0.365234 0.775391 0.359375 0.775391 0.357422 0.777344 0.351562 0.777344
0 0.335938 0.792969 0.337891 0.794922 0.339844 0.792969 0.341797 0.792969 0.343750 0.794922 0.376953 0.794922 0.378906 0.792969 0.380859 0.794922 0.382812 0.794922 0.382812 0.792969 0.371094 0.792969 0.369141 0.791016 0.365234 0.791016 0.361328 0.787109 0.359375 0.787109 0.359375 0.789062 0.357422 0.791016 0.349609 0.791016 0.347656 0.792969
0 0.986328 0.808594 0.986328 0.839844 0.986328 0.826172 0.988281 0.824219 0.988281 0.814453 0.986328 0.812500
0 0.794922 0.837891 0.796875 0.839844 0.804688 0.839844 0.804688 0.837891 0.800781 0.837891 0.798828 0.835938 0.796875 0.835938
0 0.812500 0.835938 0.812500 0.839844 0.814453 0.841797 0.816406 0.841797 0.818359 0.839844 0.822266 0.839844 0.818359 0.839844 0.814453 0.835938
2 0.949219 0.142578 0.953125 0.142578 0.960938 0.150391 0.960938 0.154297 0.962891 0.156250 0.962891 0.166016 0.960938 0.167969 0.962891 0.169922 0.962891 0.173828 0.958984 0.181641 0.998047 0.181641 0.998047 0.142578
2 0.017578 0.226562 0.013672 0.232422 0.011719 0.253906 0.007812 0.265625 0.007812 0.292969 0.009766 0.296875 0.015625 0.300781 0.029297 0.300781 0.031250 0.302734 0.037109 0.300781 0.041016 0.296875 0.062500 0.296875 0.066406 0.298828 0.070312 0.294922 0.074219 0.236328 0.068359 0.232422 0.050781 0.230469 0.033203 0.224609 0.021484 0.224609
2 0.179688 0.232422 0.175781 0.236328 0.175781 0.251953 0.166016 0.279297 0.164062 0.306641 0.166016 0.308594 0.177734 0.308594 0.179688 0.310547 0.191406 0.310547 0.193359 0.312500 0.208984 0.312500 0.212891 0.310547 0.214844 0.304688 0.218750 0.240234 0.214844 0.236328 0.208984 0.234375
2 0.693359 0.238281 0.691406 0.240234 0.687500 0.240234 0.681641 0.246094 0.681641 0.302734 0.683594 0.304688 0.683594 0.310547 0.685547 0.312500 0.699219 0.312500 0.707031 0.318359 0.716797 0.318359 0.716797 0.308594 0.720703 0.298828 0.718750 0.294922 0.718750 0.291016 0.720703 0.289062 0.720703 0.271484 0.722656 0.269531 0.720703 0.267578 0.720703 0.263672 0.722656 0.261719 0.722656 0.250000 0.724609 0.248047 0.726562 0.250000 0.726562 0.246094 0.710938 0.240234
2 0.484375 0.255859 0.482422 0.259766 0.484375 0.261719 0.480469 0.269531 0.482422 0.271484 0.476562 0.287109 0.478516 0.289062 0.476562 0.291016 0.478516 0.292969 0.476562 0.294922 0.478516 0.300781 0.482422 0.298828 0.484375 0.300781 0.490234 0.298828 0.492188 0.300781 0.498047 0.298828 0.500000 0.300781 0.505859 0.298828 0.507812 0.300781 0.513672 0.298828 0.515625 0.300781 0.519531 0.298828 0.521484 0.300781 0.527344 0.298828 0.529297 0.300781 0.533203 0.298828 0.535156 0.300781 0.537109 0.298828 0.539062 0.300781 0.541016 0.298828 0.544922 0.300781 0.546875 0.298828 0.550781 0.300781 0.552734 0.298828 0.554688 0.300781 0.558594 0.298828 0.560547 0.300781 0.554688 0.285156 0.554688 0.265625 0.550781 0.261719 0.519531 0.261719 0.507812 0.257812 0.490234 0.257812
2 0.712891 0.404297 0.712891 0.419922 0.718750 0.425781 0.742188 0.427734 0.751953 0.421875 0.779297 0.429688 0.787109 0.425781 0.791016 0.412109 0.794922 0.433594 0.812500 0.435547 0.818359 0.427734 0.818359 0.373047 0.814453 0.367188 0.796875 0.365234 0.792969 0.376953 0.789062 0.359375 0.761719 0.357422 0.753906 0.369141 0.750000 0.382812 0.750000 0.398438 0.730469 0.396484
2 0.664062 0.359375 0.642578 0.367188 0.632812 0.376953 0.632812 0.386719 0.630859 0.388672 0.630859 0.398438 0.632812 0.400391 0.632812 0.408203 0.638672 0.414062 0.642578 0.414062 0.648438 0.421875 0.667969 0.421875 0.671875 0.419922 0.671875 0.416016 0.673828 0.414062 0.673828 0.369141 0.671875 0.365234
2 0.849609 0.373047 0.847656 0.375000 0.845703 0.375000 0.845703 0.378906 0.843750 0.380859 0.843750 0.392578 0.841797 0.394531 0.841797 0.402344 0.839844 0.404297 0.839844 0.419922 0.837891 0.421875 0.835938 0.421875 0.837891 0.423828 0.845703 0.423828 0.847656 0.425781 0.857422 0.425781 0.859375 0.423828 0.859375 0.417969 0.861328 0.416016 0.861328 0.398438 0.863281 0.396484 0.863281 0.382812 0.865234 0.380859 0.861328 0.375000 0.859375 0.375000 0.857422 0.373047
2 0.113281 0.476562 0.107422 0.496094 0.107422 0.511719 0.111328 0.515625 0.171875 0.527344 0.185547 0.527344 0.187500 0.529297 0.201172 0.529297 0.203125 0.527344 0.203125 0.519531 0.212891 0.490234 0.214844 0.478516 0.212891 0.470703 0.189453 0.466797 0.179688 0.457031 0.167969 0.451172 0.144531 0.449219 0.134766 0.453125 0.132812 0.458984
2 0.935547 0.449219 0.923828 0.449219 0.921875 0.451172 0.912109 0.453125 0.904297 0.458984 0.904297 0.464844 0.902344 0.466797 0.902344 0.476562 0.900391 0.478516 0.900391 0.490234 0.898438 0.492188 0.898438 0.494141 0.902344 0.500000 0.904297 0.500000 0.906250 0.501953 0.914062 0.501953 0.916016 0.500000 0.919922 0.500000 0.925781 0.496094 0.935547 0.494141 0.935547 0.478516 0.943359 0.472656 0.943359 0.460938 0.945312 0.458984 0.943359 0.457031 0.943359 0.455078
2 0.099609 0.521484 0.101562 0.542969 0.105469 0.548828 0.097656 0.566406 0.099609 0.576172 0.140625 0.582031 0.144531 0.570312 0.148438 0.583984 0.175781 0.589844 0.183594 0.587891 0.183594 0.544922 0.181641 0.542969 0.150391 0.544922 0.148438 0.542969 0.150391 0.531250 0.146484 0.527344 0.130859 0.525391 0.115234 0.519531 0.101562 0.519531
2 0.251953 0.554688 0.250000 0.556641 0.250000 0.560547 0.246094 0.568359 0.248047 0.570312 0.244141 0.578125 0.246094 0.580078 0.244141 0.582031 0.246094 0.585938 0.244141 0.587891 0.246094 0.589844 0.244141 0.591797 0.244141 0.599609 0.248047 0.599609 0.250000 0.601562 0.259766 0.601562 0.279297 0.609375 0.298828 0.609375 0.302734 0.601562 0.302734 0.593750 0.312500 0.578125 0.312500 0.572266 0.314453 0.570312 0.312500 0.560547 0.310547 0.558594 0.300781 0.558594 0.291016 0.554688 0.275391 0.554688 0.273438 0.552734
2 0.007812 0.556641 0.000000 0.570312 0.000000 0.603516 0.001953 0.605469 0.005859 0.605469 0.011719 0.609375 0.017578 0.609375 0.019531 0.611328 0.033203 0.611328 0.033203 0.609375 0.035156 0.607422 0.035156 0.595703 0.037109 0.593750 0.037109 0.587891 0.039062 0.585938 0.039062 0.578125 0.041016 0.576172 0.041016 0.566406 0.035156 0.560547 0.033203 0.560547 0.031250 0.558594 0.019531 0.558594 0.017578 0.556641
2 0.093750 0.599609 0.089844 0.603516 0.087891 0.613281 0.080078 0.628906 0.091797 0.640625 0.097656 0.640625 0.103516 0.644531 0.109375 0.644531 0.111328 0.646484 0.117188 0.646484 0.119141 0.648438 0.132812 0.648438 0.134766 0.646484 0.136719 0.621094 0.138672 0.619141 0.138672 0.613281 0.140625 0.611328 0.138672 0.603516 0.130859 0.601562 0.128906 0.599609 0.123047 0.599609 0.121094 0.597656 0.113281 0.597656 0.111328 0.595703 0.101562 0.595703 0.097656 0.599609
2 0.345703 0.593750 0.345703 0.595703 0.343750 0.597656 0.343750 0.605469 0.341797 0.607422 0.341797 0.613281 0.337891 0.617188 0.337891 0.619141 0.335938 0.621094 0.335938 0.626953 0.337891 0.628906 0.349609 0.628906 0.351562 0.630859 0.363281 0.630859 0.365234 0.632812 0.371094 0.632812 0.378906 0.619141 0.376953 0.617188 0.378906 0.615234 0.376953 0.613281 0.378906 0.611328 0.378906 0.607422 0.376953 0.605469 0.375000 0.605469 0.371094 0.601562 0.371094 0.599609 0.367188 0.593750
2 0.148438 0.603516 0.144531 0.609375 0.144531 0.617188 0.142578 0.619141 0.142578 0.626953 0.140625 0.628906 0.140625 0.646484 0.144531 0.646484 0.152344 0.650391 0.173828 0.652344 0.175781 0.654297 0.181641 0.654297 0.189453 0.658203 0.201172 0.660156 0.203125 0.656250 0.203125 0.640625 0.201172 0.638672 0.201172 0.617188 0.203125 0.615234 0.203125 0.609375 0.199219 0.605469 0.189453 0.601562 0.166016 0.599609 0.164062 0.597656
2 0.318359 0.634766 0.314453 0.638672 0.312500 0.644531 0.306641 0.650391 0.302734 0.658203 0.302734 0.679688 0.304688 0.681641 0.308594 0.681641 0.310547 0.683594 0.316406 0.683594 0.318359 0.685547 0.326172 0.685547 0.328125 0.687500 0.337891 0.687500 0.339844 0.689453 0.345703 0.689453 0.349609 0.685547 0.349609 0.677734 0.351562 0.675781 0.351562 0.644531 0.347656 0.638672 0.343750 0.638672 0.341797 0.636719 0.332031 0.636719 0.330078 0.634766
2 0.406250 0.671875 0.406250 0.673828 0.404297 0.675781 0.404297 0.691406 0.406250 0.693359 0.406250 0.695312 0.408203 0.697266 0.412109 0.697266 0.414062 0.699219 0.423828 0.699219 0.425781 0.701172 0.433594 0.701172 0.437500 0.695312 0.437500 0.681641 0.435547 0.679688 0.435547 0.677734 0.433594 0.675781 0.433594 0.673828 0.431641 0.673828 0.425781 0.669922 0.410156 0.669922 0.408203 0.671875
2 0.128906 0.679688 0.126953 0.695312 0.125000 0.697266 0.125000 0.703125 0.126953 0.705078 0.138672 0.708984 0.156250 0.710938 0.158203 0.708984 0.158203 0.695312 0.162109 0.689453 0.164062 0.691406 0.162109 0.697266 0.162109 0.712891 0.171875 0.716797 0.181641 0.716797 0.183594 0.718750 0.187500 0.718750 0.193359 0.714844 0.195312 0.701172 0.199219 0.693359 0.199219 0.685547 0.193359 0.683594 0.167969 0.683594 0.164062 0.691406 0.162109 0.685547 0.156250 0.681641 0.150391 0.681641 0.142578 0.677734 0.130859 0.677734
2 0.230469 0.677734 0.228516 0.681641 0.230469 0.683594 0.228516 0.685547 0.230469 0.687500 0.230469 0.693359 0.224609 0.710938 0.224609 0.718750 0.216797 0.734375 0.222656 0.738281 0.265625 0.738281 0.267578 0.740234 0.277344 0.740234 0.287109 0.712891 0.287109 0.707031 0.291016 0.703125 0.294922 0.703125 0.296875 0.687500 0.273438 0.683594 0.271484 0.681641 0.250000 0.679688 0.248047 0.677734
2 0.427734 0.707031 0.423828 0.718750 0.423828 0.732422 0.421875 0.734375 0.421875 0.750000 0.419922 0.751953 0.417969 0.773438 0.419922 0.775391 0.460938 0.777344 0.462891 0.779297 0.472656 0.779297 0.478516 0.775391 0.476562 0.736328 0.478516 0.734375 0.478516 0.718750 0.480469 0.716797 0.478516 0.705078 0.451172 0.703125 0.449219 0.705078
2 0.072266 0.710938 0.070312 0.722656 0.072266 0.738281 0.103516 0.744141 0.109375 0.738281 0.111328 0.740234 0.109375 0.759766 0.111328 0.773438 0.148438 0.781250 0.166016 0.779297 0.167969 0.755859 0.177734 0.726562 0.125000 0.712891 0.117188 0.716797 0.113281 0.726562 0.111328 0.716797 0.097656 0.708984
2 0.923828 0.746094 0.921875 0.750000 0.921875 0.753906 0.919922 0.755859 0.919922 0.759766 0.917969 0.761719 0.917969 0.767578 0.916016 0.769531 0.916016 0.781250 0.919922 0.785156 0.923828 0.785156 0.929688 0.789062 0.933594 0.789062 0.947266 0.796875 0.958984 0.796875 0.964844 0.791016 0.966797 0.787109 0.966797 0.783203 0.968750 0.781250 0.968750 0.763672 0.955078 0.759766 0.951172 0.755859 0.949219 0.755859 0.939453 0.746094 0.935547 0.744141 0.929688 0.744141 0.927734 0.746094
2 0.085938 0.822266 0.085938 0.824219 0.083984 0.826172 0.083984 0.833984 0.082031 0.835938 0.082031 0.845703 0.080078 0.847656 0.080078 0.851562 0.087891 0.859375 0.089844 0.859375 0.091797 0.861328 0.095703 0.861328 0.097656 0.863281 0.103516 0.863281 0.105469 0.865234 0.109375 0.865234 0.111328 0.863281 0.113281 0.863281 0.113281 0.853516 0.115234 0.851562 0.115234 0.843750 0.117188 0.841797 0.117188 0.832031 0.111328 0.828125 0.105469 0.828125 0.103516 0.826172 0.099609 0.826172 0.097656 0.824219 0.093750 0.824219 0.091797 0.822266
3 0.337891 0.238281 0.333984 0.248047 0.333984 0.451172 0.367188 0.464844 0.398438 0.464844 0.417969 0.470703 0.423828 0.462891 0.427734 0.398438 0.425781 0.382812 0.419922 0.380859 0.423828 0.371094 0.417969 0.333984 0.417969 0.267578 0.421875 0.259766 0.414062 0.248047
4 0.781250 0.058594 0.779297 0.058594 0.777344 0.060547 0.771484 0.060547 0.769531 0.062500 0.767578 0.062500 0.765625 0.064453 0.763672 0.064453 0.763672 0.066406 0.761719 0.068359 0.763672 0.070312 0.763672 0.080078 0.765625 0.082031 0.765625 0.087891 0.769531 0.093750 0.775391 0.093750 0.781250 0.089844 0.787109 0.089844 0.789062 0.087891 0.792969 0.087891 0.794922 0.085938 0.794922 0.080078 0.792969 0.078125 0.792969 0.076172 0.791016 0.074219 0.791016 0.072266 0.789062 0.070312 0.789062 0.068359 0.787109 0.066406 0.787109 0.064453 0.785156 0.062500 0.785156 0.060547 0.783203 0.060547
4 0.236328 0.132812 0.236328 0.187500 0.242188 0.210938 0.294922 0.216797 0.378906 0.238281 0.431641 0.246094 0.449219 0.244141 0.457031 0.193359 0.455078 0.173828 0.460938 0.156250 0.457031 0.140625 0.283203 0.111328 0.267578 0.128906
4 0.275391 0.238281 0.271484 0.242188 0.267578 0.277344 0.259766 0.300781 0.261719 0.341797 0.257812 0.355469 0.261719 0.359375 0.263672 0.431641 0.275391 0.431641 0.283203 0.441406 0.324219 0.447266 0.328125 0.425781 0.330078 0.326172 0.328125 0.242188 0.324219 0.236328 0.298828 0.234375 0.292969 0.240234
5 0.958984 0.150391 0.902344 0.330078 0.478516 0.302734 0.494141 0.000000 0.419922 0.476562 0.154297 0.412109 0.158203 0.115234 0.128906 0.400391 0.000000 0.382812 0.097656 0.427734 0.027344 0.726562 0.125000 0.431641 0.246094 0.462891 0.197266 0.744141 0.271484 0.470703 0.402344 0.498047 0.363281 0.734375 0.449219 0.500000 0.880859 0.548828 0.453125 0.476562 0.460938 0.353516 0.949219 0.357422
6 0.500000 0.214844 0.542969 0.244141 0.562500 0.230469 0.589844 0.234375 0.615234 0.191406 0.619141 0.216797 0.656250 0.201172 0.658203 0.236328 0.720703 0.238281 0.744141 0.181641 0.732422 0.156250 0.705078 0.154297 0.718750 0.130859 0.810547 0.142578 0.921875 0.126953 0.941406 0.105469 0.949219 0.123047 0.958984 0.097656 0.943359 0.021484 0.951172 0.001953 0.521484 0.000000 0.501953 0.185547 0.513672 0.195312
6 0.644531 0.220703 0.642578 0.222656 0.642578 0.224609 0.644531 0.222656
6 0.462891 0.388672 0.457031 0.419922 0.458984 0.474609 0.523438 0.498047 0.642578 0.509766 0.703125 0.507812 0.716797 0.472656 0.712891 0.433594 0.605469 0.421875 0.591797 0.414062 0.583984 0.392578
6 0.974609 0.603516 0.910156 0.605469 0.873047 0.554688 0.863281 0.576172 0.812500 0.580078 0.804688 0.656250 0.750000 0.658203 0.736328 0.703125 0.730469 0.681641 0.744141 0.654297 0.681641 0.601562 0.636719 0.603516 0.623047 0.634766 0.638672 0.691406 0.728516 0.703125 0.738281 0.746094 0.730469 0.771484 0.773438 0.802734 0.785156 0.800781 0.791016 0.818359 0.855469 0.816406 0.876953 0.794922 0.914062 0.792969 0.916016 0.746094 0.945312 0.738281 0.943359 0.724609 0.972656 0.693359
6 0.757812 0.845703 0.761719 0.849609 0.765625 0.847656 0.769531 0.849609 0.773438 0.847656 0.810547 0.849609 0.812500 0.847656 0.826172 0.847656 0.835938 0.843750 0.841797 0.845703 0.843750 0.843750 0.828125 0.843750 0.824219 0.839844 0.828125 0.833984 0.832031 0.835938 0.839844 0.835938 0.845703 0.832031 0.855469 0.833984 0.857422 0.830078 0.847656 0.828125 0.845703 0.832031 0.841797 0.828125 0.808594 0.828125 0.806641 0.826172 0.787109 0.828125 0.785156 0.830078 0.777344 0.828125 0.773438 0.830078 0.773438 0.833984 0.787109 0.833984 0.791016 0.837891 0.787109 0.841797 0.759766 0.843750
6 0.847656 0.843750 0.847656 0.845703 0.857422 0.845703 0.857422 0.843750
6 0.865234 0.843750 0.863281 0.845703 0.865234 0.845703
