0 0.488281 0.355469 0.480469 0.365234 0.480469 0.369141 0.478516 0.371094 0.478516 0.386719 0.480469 0.388672 0.480469 0.394531 0.496094 0.408203 0.500000 0.408203 0.501953 0.410156 0.525391 0.410156 0.527344 0.408203 0.531250 0.408203 0.535156 0.404297 0.537109 0.398438 0.548828 0.386719 0.548828 0.373047 0.542969 0.359375 0.539062 0.355469 0.525391 0.349609 0.496094 0.351562
0 0.277344 0.580078 0.269531 0.615234 0.306641 0.648438 0.324219 0.732422 0.363281 0.794922 0.394531 0.900391 0.412109 0.910156 0.416016 0.951172 0.408203 0.970703 0.398438 0.960938 0.402344 0.972656 0.423828 0.970703 0.429688 0.982422 0.417969 0.986328 0.455078 0.998047 0.595703 0.998047 0.648438 0.964844 0.658203 0.880859 0.593750 0.779297 0.585938 0.740234 0.597656 0.703125 0.585938 0.681641 0.544922 0.679688 0.523438 0.646484 0.486328 0.636719 0.474609 0.601562 0.433594 0.572266 0.406250 0.582031 0.402344 0.570312 0.384766 0.591797 0.376953 0.566406 0.361328 0.574219 0.339844 0.554688 0.292969 0.566406 0.283203 0.597656
0 0.378906 0.574219 0.378906 0.576172 0.382812 0.576172 0.380859 0.574219
0 0.388672 0.574219 0.386719 0.574219 0.386719 0.576172
0 0.490234 0.621094 0.488281 0.623047 0.490234 0.623047
0 0.357422 0.804688 0.355469 0.806641 0.355469 0.808594 0.357422 0.808594
2 0.689453 0.220703 0.677734 0.220703 0.675781 0.222656 0.671875 0.222656 0.662109 0.234375 0.662109 0.248047 0.664062 0.250000 0.666016 0.255859 0.673828 0.265625 0.673828 0.269531 0.675781 0.271484 0.683594 0.271484 0.685547 0.269531 0.695312 0.265625 0.699219 0.261719 0.703125 0.261719 0.708984 0.257812 0.708984 0.250000 0.707031 0.248047 0.707031 0.244141 0.705078 0.242188 0.703125 0.236328 0.699219 0.232422 0.697266 0.226562
2 0.822266 0.226562 0.822266 0.228516 0.820312 0.230469 0.820312 0.236328 0.822266 0.238281 0.822266 0.240234 0.824219 0.242188 0.832031 0.242188 0.833984 0.244141 0.837891 0.244141 0.839844 0.242188 0.841797 0.242188 0.841797 0.228516 0.839844 0.226562 0.839844 0.224609 0.824219 0.224609
2 0.935547 0.371094 0.929688 0.367188 0.921875 0.367188 0.919922 0.369141 0.898438 0.369141 0.896484 0.371094 0.882812 0.371094 0.876953 0.375000 0.876953 0.390625 0.878906 0.392578 0.878906 0.396484 0.882812 0.400391 0.896484 0.400391 0.910156 0.392578 0.914062 0.392578 0.916016 0.390625 0.919922 0.390625 0.921875 0.388672 0.927734 0.388672 0.929688 0.386719 0.933594 0.386719 0.933594 0.378906 0.935547 0.376953
2 0.998047 0.406250 0.986328 0.406250 0.984375 0.408203 0.974609 0.408203 0.970703 0.412109 0.970703 0.421875 0.972656 0.423828 0.972656 0.425781 0.974609 0.427734 0.978516 0.427734 0.980469 0.429688 0.982422 0.429688 0.984375 0.427734 0.996094 0.427734 0.998047 0.425781
2 0.644531 0.412109 0.638672 0.412109 0.613281 0.423828 0.595703 0.427734 0.595703 0.445312 0.599609 0.453125 0.599609 0.458984 0.607422 0.472656 0.607422 0.478516 0.615234 0.494141 0.615234 0.498047 0.621094 0.503906 0.630859 0.503906 0.652344 0.494141 0.658203 0.494141 0.667969 0.490234 0.667969 0.480469 0.664062 0.474609 0.662109 0.462891 0.648438 0.435547
2 0.919922 0.449219 0.919922 0.451172 0.906250 0.462891 0.906250 0.482422 0.908203 0.484375 0.908203 0.490234 0.910156 0.492188 0.910156 0.498047 0.916016 0.505859 0.919922 0.505859 0.921875 0.507812 0.935547 0.507812 0.937500 0.509766 0.945312 0.509766 0.947266 0.507812 0.957031 0.507812 0.960938 0.505859 0.960938 0.501953 0.968750 0.490234 0.968750 0.482422 0.966797 0.480469 0.966797 0.472656 0.962891 0.464844 0.962891 0.458984 0.960938 0.457031 0.958984 0.447266 0.957031 0.445312 0.933594 0.445312 0.931641 0.447266 0.923828 0.447266
2 0.998047 0.462891 0.996094 0.464844 0.988281 0.464844 0.986328 0.466797 0.978516 0.466797 0.976562 0.468750 0.972656 0.468750 0.972656 0.470703 0.970703 0.472656 0.972656 0.474609 0.972656 0.484375 0.974609 0.486328 0.974609 0.488281 0.976562 0.490234 0.976562 0.492188 0.980469 0.496094 0.982422 0.496094 0.984375 0.494141 0.992188 0.494141 0.994141 0.492188 0.998047 0.492188
2 0.765625 0.488281 0.763672 0.490234 0.759766 0.488281 0.751953 0.492188 0.730469 0.492188 0.728516 0.494141 0.720703 0.494141 0.708984 0.500000 0.708984 0.517578 0.712891 0.525391 0.714844 0.542969 0.718750 0.548828 0.730469 0.548828 0.732422 0.546875 0.740234 0.546875 0.753906 0.541016 0.759766 0.541016 0.769531 0.537109 0.775391 0.531250 0.775391 0.523438 0.773438 0.521484 0.773438 0.513672 0.771484 0.511719 0.771484 0.500000
2 0.191406 0.531250 0.187500 0.537109 0.187500 0.550781 0.193359 0.560547 0.193359 0.564453 0.197266 0.572266 0.210938 0.578125 0.207031 0.583984 0.207031 0.597656 0.212891 0.605469 0.216797 0.605469 0.230469 0.597656 0.238281 0.597656 0.240234 0.595703 0.240234 0.587891 0.236328 0.582031 0.236328 0.578125 0.232422 0.574219 0.224609 0.574219 0.222656 0.572266 0.224609 0.568359 0.214844 0.556641 0.208984 0.542969 0.203125 0.537109 0.203125 0.535156 0.197266 0.531250
2 0.140625 0.574219 0.140625 0.580078 0.142578 0.582031 0.142578 0.583984 0.152344 0.593750 0.152344 0.595703 0.156250 0.599609 0.158203 0.605469 0.162109 0.609375 0.173828 0.609375 0.175781 0.607422 0.179688 0.607422 0.183594 0.603516 0.189453 0.601562 0.193359 0.597656 0.193359 0.583984 0.191406 0.582031 0.191406 0.580078 0.189453 0.580078 0.181641 0.574219 0.171875 0.574219 0.169922 0.572266 0.167969 0.572266 0.166016 0.570312 0.162109 0.570312 0.160156 0.568359 0.150391 0.568359
2 0.691406 0.570312 0.683594 0.570312 0.671875 0.580078 0.667969 0.582031 0.664062 0.582031 0.656250 0.585938 0.656250 0.603516 0.658203 0.605469 0.660156 0.619141 0.666016 0.625000 0.679688 0.625000 0.681641 0.623047 0.687500 0.623047 0.689453 0.621094 0.693359 0.621094 0.701172 0.617188 0.708984 0.609375 0.708984 0.605469 0.701172 0.589844 0.697266 0.585938 0.695312 0.582031 0.695312 0.578125 0.693359 0.576172 0.693359 0.572266
2 0.093750 0.597656 0.089844 0.601562 0.089844 0.605469 0.087891 0.607422 0.087891 0.617188 0.089844 0.619141 0.089844 0.623047 0.091797 0.625000 0.091797 0.626953 0.101562 0.636719 0.103516 0.636719 0.109375 0.642578 0.113281 0.642578 0.115234 0.644531 0.117188 0.642578 0.121094 0.642578 0.125000 0.638672 0.125000 0.634766 0.126953 0.632812 0.126953 0.621094 0.125000 0.619141 0.125000 0.615234 0.121094 0.609375 0.121094 0.605469 0.119141 0.603516 0.119141 0.601562 0.115234 0.597656 0.111328 0.597656 0.109375 0.595703 0.099609 0.595703 0.097656 0.597656
2 0.628906 0.623047 0.621094 0.613281 0.619141 0.609375 0.619141 0.603516 0.611328 0.595703 0.603516 0.595703 0.591797 0.603516 0.585938 0.603516 0.583984 0.605469 0.580078 0.605469 0.572266 0.609375 0.570312 0.611328 0.568359 0.625000 0.564453 0.632812 0.566406 0.636719 0.570312 0.638672 0.578125 0.638672 0.583984 0.642578 0.595703 0.642578 0.607422 0.636719 0.611328 0.636719 0.615234 0.632812 0.623047 0.628906
2 0.031250 0.625000 0.031250 0.640625 0.041016 0.654297 0.042969 0.667969 0.054688 0.689453 0.060547 0.695312 0.091797 0.695312 0.093750 0.693359 0.091797 0.687500 0.082031 0.675781 0.078125 0.666016 0.066406 0.652344 0.064453 0.640625 0.062500 0.638672 0.062500 0.632812 0.056641 0.626953 0.048828 0.623047 0.035156 0.623047
2 0.212891 0.628906 0.208984 0.628906 0.207031 0.626953 0.205078 0.628906 0.201172 0.628906 0.193359 0.638672 0.191406 0.644531 0.181641 0.654297 0.181641 0.656250 0.175781 0.662109 0.166016 0.666016 0.162109 0.669922 0.162109 0.673828 0.160156 0.675781 0.162109 0.677734 0.162109 0.681641 0.166016 0.685547 0.175781 0.687500 0.177734 0.685547 0.185547 0.685547 0.187500 0.683594 0.189453 0.685547 0.191406 0.683594 0.199219 0.683594 0.201172 0.681641 0.205078 0.681641 0.208984 0.677734 0.218750 0.675781 0.228516 0.667969 0.228516 0.664062 0.230469 0.662109 0.228516 0.660156 0.230469 0.656250 0.228516 0.654297 0.228516 0.650391 0.216797 0.636719 0.216797 0.632812
2 0.843750 0.630859 0.837891 0.630859 0.830078 0.634766 0.822266 0.634766 0.820312 0.636719 0.816406 0.636719 0.814453 0.638672 0.806641 0.640625 0.806641 0.650391 0.808594 0.652344 0.808594 0.656250 0.816406 0.664062 0.830078 0.693359 0.843750 0.691406 0.847656 0.687500 0.857422 0.685547 0.861328 0.681641 0.861328 0.675781 0.859375 0.673828 0.857422 0.664062 0.853516 0.658203 0.853516 0.652344 0.851562 0.650391 0.849609 0.638672
2 0.632812 0.634766 0.626953 0.634766 0.625000 0.636719 0.615234 0.638672 0.611328 0.642578 0.603516 0.644531 0.597656 0.654297 0.597656 0.660156 0.599609 0.662109 0.601562 0.671875 0.607422 0.681641 0.607422 0.689453 0.615234 0.699219 0.626953 0.699219 0.634766 0.695312 0.636719 0.691406 0.654297 0.675781 0.654297 0.667969 0.648438 0.656250
2 0.927734 0.660156 0.916016 0.660156 0.900391 0.673828 0.896484 0.675781 0.888672 0.675781 0.884766 0.677734 0.880859 0.683594 0.882812 0.693359 0.892578 0.707031 0.896484 0.714844 0.898438 0.724609 0.904297 0.730469 0.916016 0.728516 0.917969 0.726562 0.923828 0.726562 0.929688 0.722656 0.935547 0.714844 0.945312 0.710938 0.951172 0.705078 0.951172 0.695312 0.945312 0.685547 0.937500 0.679688 0.933594 0.673828 0.933594 0.666016 0.931641 0.662109
2 0.017578 0.679688 0.011719 0.681641 0.009766 0.693359 0.017578 0.714844 0.023438 0.718750 0.013672 0.722656 0.007812 0.728516 0.007812 0.736328 0.013672 0.757812 0.019531 0.763672 0.031250 0.763672 0.041016 0.759766 0.044922 0.755859 0.046875 0.748047 0.050781 0.744141 0.066406 0.738281 0.068359 0.732422 0.052734 0.716797 0.031250 0.716797 0.029297 0.714844 0.039062 0.708984 0.042969 0.708984 0.044922 0.707031 0.044922 0.699219 0.037109 0.679688
2 0.193359 0.697266 0.187500 0.695312 0.167969 0.697266 0.142578 0.716797 0.125000 0.720703 0.119141 0.718750 0.113281 0.720703 0.111328 0.724609 0.115234 0.732422 0.121094 0.734375 0.136719 0.751953 0.142578 0.753906 0.144531 0.779297 0.156250 0.791016 0.169922 0.787109 0.199219 0.771484 0.193359 0.753906 0.185547 0.748047 0.181641 0.738281 0.183594 0.734375 0.193359 0.732422 0.197266 0.728516
2 0.613281 0.744141 0.621094 0.769531 0.632812 0.771484 0.642578 0.798828 0.648438 0.804688 0.664062 0.802734 0.656250 0.808594 0.662109 0.845703 0.714844 0.845703 0.718750 0.828125 0.746094 0.826172 0.755859 0.820312 0.750000 0.792969 0.730469 0.779297 0.712891 0.779297 0.699219 0.785156 0.697266 0.792969 0.666016 0.796875 0.691406 0.783203 0.695312 0.771484 0.712891 0.771484 0.738281 0.753906 0.734375 0.738281 0.722656 0.726562 0.699219 0.718750 0.675781 0.724609 0.675781 0.742188 0.685547 0.763672 0.666016 0.753906 0.652344 0.718750
2 0.839844 0.726562 0.824219 0.724609 0.796875 0.736328 0.796875 0.744141 0.812500 0.767578 0.810547 0.771484 0.804688 0.767578 0.789062 0.767578 0.796875 0.753906 0.787109 0.738281 0.771484 0.751953 0.753906 0.753906 0.750000 0.759766 0.753906 0.785156 0.775391 0.773438 0.779297 0.775391 0.765625 0.787109 0.789062 0.830078 0.812500 0.822266 0.824219 0.808594 0.839844 0.802734 0.839844 0.798828 0.816406 0.787109 0.812500 0.769531 0.843750 0.773438 0.859375 0.763672 0.857422 0.742188
2 0.251953 0.746094 0.251953 0.751953 0.253906 0.753906 0.253906 0.755859 0.255859 0.757812 0.259766 0.757812 0.261719 0.759766 0.265625 0.759766 0.267578 0.761719 0.291016 0.761719 0.292969 0.763672 0.294922 0.763672 0.296875 0.761719 0.302734 0.761719 0.302734 0.753906 0.300781 0.751953 0.300781 0.748047 0.298828 0.746094 0.298828 0.742188 0.292969 0.738281 0.265625 0.738281 0.263672 0.740234 0.259766 0.740234 0.257812 0.742188 0.255859 0.742188
2 0.968750 0.763672 0.951172 0.757812 0.878906 0.792969 0.800781 0.843750 0.681641 0.898438 0.679688 0.916016 0.699219 0.957031 0.693359 0.968750 0.703125 0.992188 0.712891 0.998047 0.964844 0.998047 0.986328 0.968750 0.998047 0.968750 0.998047 0.820312
2 0.115234 0.765625 0.107422 0.765625 0.091797 0.771484 0.089844 0.769531 0.062500 0.771484 0.054688 0.779297 0.054688 0.787109 0.037109 0.798828 0.039062 0.812500 0.048828 0.828125 0.050781 0.837891 0.054688 0.841797 0.062500 0.843750 0.070312 0.855469 0.076172 0.859375 0.093750 0.857422 0.113281 0.845703 0.113281 0.839844 0.101562 0.820312 0.101562 0.812500 0.105469 0.808594 0.130859 0.802734 0.134766 0.798828 0.134766 0.792969 0.128906 0.785156 0.123047 0.769531
2 0.306641 0.787109 0.292969 0.787109 0.273438 0.796875 0.273438 0.802734 0.283203 0.816406 0.279297 0.828125 0.281250 0.839844 0.291016 0.845703 0.273438 0.857422 0.257812 0.861328 0.261719 0.878906 0.275391 0.894531 0.283203 0.896484 0.291016 0.908203 0.306641 0.902344 0.326172 0.888672 0.324219 0.869141 0.316406 0.851562 0.308594 0.843750 0.296875 0.841797 0.318359 0.828125 0.343750 0.820312 0.343750 0.808594 0.328125 0.794922 0.316406 0.794922
2 0.228516 0.826172 0.224609 0.826172 0.222656 0.824219 0.220703 0.826172 0.216797 0.826172 0.208984 0.832031 0.205078 0.832031 0.197266 0.835938 0.195312 0.833984 0.193359 0.835938 0.189453 0.835938 0.181641 0.841797 0.179688 0.849609 0.187500 0.865234 0.189453 0.875000 0.193359 0.878906 0.197266 0.878906 0.199219 0.880859 0.201172 0.878906 0.205078 0.878906 0.212891 0.871094 0.230469 0.867188 0.234375 0.863281 0.234375 0.859375 0.236328 0.857422 0.236328 0.847656 0.234375 0.845703 0.234375 0.835938 0.232422 0.833984 0.232422 0.830078
2 0.003906 0.853516 0.003906 0.857422 0.000000 0.861328 0.000000 0.892578 0.007812 0.892578 0.011719 0.894531 0.021484 0.904297 0.033203 0.896484 0.039062 0.894531 0.044922 0.896484 0.044922 0.890625 0.048828 0.886719 0.058594 0.890625 0.056641 0.894531 0.050781 0.894531 0.058594 0.894531 0.066406 0.888672 0.066406 0.880859 0.064453 0.878906 0.062500 0.867188 0.056641 0.863281 0.056641 0.853516 0.050781 0.843750 0.023438 0.843750 0.011719 0.849609 0.007812 0.849609
2 0.146484 0.876953 0.132812 0.890625 0.130859 0.896484 0.138672 0.912109 0.146484 0.919922 0.156250 0.923828 0.158203 0.935547 0.167969 0.941406 0.175781 0.939453 0.179688 0.943359 0.177734 0.945312 0.185547 0.960938 0.201172 0.964844 0.199219 0.966797 0.201172 0.976562 0.210938 0.992188 0.228516 0.986328 0.238281 0.974609 0.236328 0.960938 0.230469 0.953125 0.220703 0.949219 0.222656 0.943359 0.218750 0.933594 0.183594 0.896484 0.177734 0.876953 0.167969 0.871094
2 0.251953 0.876953 0.248047 0.876953 0.246094 0.875000 0.236328 0.875000 0.234375 0.876953 0.230469 0.876953 0.222656 0.882812 0.212891 0.884766 0.208984 0.888672 0.208984 0.892578 0.207031 0.894531 0.208984 0.904297 0.216797 0.912109 0.216797 0.916016 0.222656 0.921875 0.226562 0.921875 0.228516 0.923828 0.230469 0.921875 0.234375 0.921875 0.240234 0.916016 0.250000 0.916016 0.251953 0.914062 0.255859 0.914062 0.261719 0.908203 0.263672 0.898438 0.261719 0.896484 0.261719 0.892578 0.257812 0.888672 0.257812 0.884766 0.255859 0.882812 0.255859 0.880859
2 0.283203 0.953125 0.271484 0.953125 0.269531 0.955078 0.265625 0.955078 0.263672 0.957031 0.257812 0.958984 0.255859 0.960938 0.255859 0.962891 0.251953 0.966797 0.248047 0.966797 0.246094 0.968750 0.244141 0.968750 0.242188 0.970703 0.242188 0.978516 0.244141 0.980469 0.244141 0.982422 0.248047 0.986328 0.250000 0.986328 0.251953 0.988281 0.255859 0.988281 0.257812 0.986328 0.257812 0.984375 0.261719 0.980469 0.263672 0.980469 0.265625 0.978516 0.267578 0.978516 0.277344 0.972656 0.281250 0.972656 0.283203 0.970703 0.285156 0.970703 0.289062 0.966797 0.289062 0.962891 0.287109 0.960938 0.287109 0.958984 0.283203 0.955078
2 0.085938 0.984375 0.085938 0.986328 0.087891 0.988281 0.087891 0.992188 0.089844 0.994141 0.089844 0.998047 0.150391 0.998047 0.148438 0.996094 0.148438 0.994141 0.136719 0.982422 0.136719 0.978516 0.134766 0.976562 0.134766 0.972656 0.132812 0.970703 0.132812 0.968750 0.130859 0.968750 0.128906 0.966797 0.125000 0.966797 0.123047 0.964844 0.115234 0.964844 0.113281 0.966797 0.109375 0.966797 0.107422 0.968750 0.097656 0.972656 0.093750 0.976562 0.091797 0.976562
3 0.050781 0.003906 0.099609 0.113281 0.056641 0.205078 0.082031 0.300781 0.109375 0.318359 0.408203 0.291016 0.619141 0.228516 0.662109 0.185547 0.699219 0.177734 0.685547 0.111328 0.652344 0.125000 0.621094 0.109375 0.621094 0.082031 0.660156 0.080078 0.650391 0.064453 0.669922 0.041016 0.625000 0.042969 0.619141 0.023438 0.685547 0.003906 0.564453 0.000000 0.554688 0.011719 0.576172 0.017578 0.576172 0.037109 0.550781 0.054688 0.527344 0.048828 0.523438 0.023438 0.544922 0.007812
3 0.656250 0.115234 0.654297 0.113281 0.652344 0.115234 0.648438 0.115234 0.648438 0.117188 0.654297 0.117188
3 0.642578 0.234375 0.552734 0.248047 0.515625 0.261719 0.500000 0.275391 0.498047 0.292969 0.513672 0.341797 0.542969 0.353516 0.554688 0.382812 0.560547 0.382812 0.570312 0.394531 0.671875 0.369141 0.691406 0.351562 0.683594 0.322266 0.664062 0.292969 0.654297 0.250000
3 0.449219 0.318359 0.410156 0.298828 0.388672 0.296875 0.343750 0.298828 0.291016 0.320312 0.289062 0.384766 0.300781 0.402344 0.310547 0.427734 0.316406 0.421875 0.324219 0.429688 0.339844 0.427734 0.345703 0.433594 0.347656 0.429688 0.404297 0.429688 0.404297 0.437500 0.392578 0.433594 0.378906 0.437500 0.376953 0.433594 0.375000 0.443359 0.419922 0.441406 0.421875 0.437500 0.408203 0.433594 0.431641 0.425781 0.437500 0.404297 0.455078 0.386719 0.457031 0.351562 0.447266 0.335938
5 0.998047 0.271484 0.373047 0.464844 0.199219 0.496094 0.021484 0.599609 0.000000 0.640625 0.207031 0.517578 0.373047 0.488281 0.648438 0.400391 0.703125 0.507812 0.675781 0.392578 0.996094 0.294922
5 0.998047 0.607422 0.945312 0.623047 0.917969 0.572266 0.886719 0.574219 0.708984 0.650391 0.611328 0.712891 0.587891 0.740234 0.593750 0.771484 0.615234 0.814453 0.632812 0.820312 0.638672 0.810547 0.611328 0.744141 0.716797 0.671875 0.898438 0.593750 0.939453 0.646484 0.996094 0.628906
