0 0.673828 0.001953 0.675781 0.021484 0.683594 0.029297 0.691406 0.052734 0.693359 0.087891 0.744141 0.123047 0.781250 0.126953 0.802734 0.117188 0.812500 0.107422 0.824219 0.082031 0.837891 0.072266 0.841797 0.064453 0.841797 0.042969 0.837891 0.039062 0.841797 0.003906 0.837891 0.000000
0 0.000000 0.224609 0.000000 0.310547 0.011719 0.312500 0.017578 0.318359 0.029297 0.318359 0.039062 0.310547 0.042969 0.312500 0.050781 0.310547 0.066406 0.285156 0.072266 0.265625 0.070312 0.253906 0.060547 0.248047 0.056641 0.248047 0.044922 0.238281 0.023438 0.232422 0.019531 0.228516
0 0.212891 0.236328 0.210938 0.253906 0.201172 0.279297 0.189453 0.292969 0.179688 0.314453 0.179688 0.333984 0.185547 0.335938 0.179688 0.345703 0.185547 0.355469 0.181641 0.361328 0.207031 0.369141 0.218750 0.376953 0.273438 0.376953 0.294922 0.357422 0.294922 0.335938 0.300781 0.330078 0.291016 0.324219 0.287109 0.314453 0.302734 0.287109 0.302734 0.279297 0.281250 0.261719 0.251953 0.251953 0.228516 0.236328
0 0.130859 0.371094 0.126953 0.371094 0.123047 0.365234 0.119141 0.365234 0.107422 0.355469 0.089844 0.357422 0.068359 0.351562 0.068359 0.357422 0.058594 0.373047 0.058594 0.386719 0.064453 0.404297 0.029297 0.416016 0.021484 0.427734 0.021484 0.433594 0.029297 0.443359 0.031250 0.451172 0.048828 0.460938 0.070312 0.460938 0.091797 0.455078 0.095703 0.419922 0.089844 0.414062 0.099609 0.414062 0.107422 0.406250 0.105469 0.402344 0.115234 0.394531 0.117188 0.382812
0 0.919922 0.408203 0.912109 0.404297 0.908203 0.404297 0.900391 0.398438 0.896484 0.398438 0.894531 0.396484 0.884766 0.396484 0.880859 0.394531 0.878906 0.396484 0.878906 0.406250 0.869141 0.419922 0.869141 0.425781 0.865234 0.433594 0.865234 0.460938 0.871094 0.464844 0.886719 0.464844 0.900391 0.453125 0.902344 0.453125 0.906250 0.449219 0.908203 0.439453 0.921875 0.425781 0.921875 0.421875 0.923828 0.419922 0.923828 0.412109
0 0.689453 0.658203 0.679688 0.673828 0.679688 0.689453 0.683594 0.697266 0.685547 0.697266 0.689453 0.701172 0.693359 0.701172 0.697266 0.705078 0.705078 0.708984 0.722656 0.708984 0.728516 0.703125 0.730469 0.697266 0.738281 0.689453 0.738281 0.677734 0.736328 0.675781 0.736328 0.671875 0.732422 0.664062 0.724609 0.658203 0.714844 0.658203 0.712891 0.656250 0.705078 0.656250 0.703125 0.654297 0.697266 0.654297
0 0.722656 0.787109 0.716797 0.794922 0.714844 0.802734 0.714844 0.832031 0.728516 0.833984 0.734375 0.839844 0.736328 0.845703 0.734375 0.851562 0.750000 0.863281 0.759766 0.867188 0.769531 0.867188 0.789062 0.847656 0.791016 0.830078 0.787109 0.826172 0.789062 0.818359 0.787109 0.794922 0.781250 0.789062 0.763672 0.779297 0.738281 0.779297
0 0.218750 0.789062 0.218750 0.792969 0.205078 0.802734 0.197266 0.832031 0.199219 0.843750 0.195312 0.855469 0.205078 0.869141 0.207031 0.878906 0.199219 0.888672 0.187500 0.892578 0.207031 0.892578 0.224609 0.900391 0.275391 0.898438 0.281250 0.894531 0.285156 0.884766 0.283203 0.863281 0.287109 0.855469 0.287109 0.843750 0.279297 0.839844 0.277344 0.824219 0.273438 0.824219 0.271484 0.820312 0.253906 0.818359 0.250000 0.814453 0.248047 0.804688 0.238281 0.800781 0.236328 0.789062
0 0.966797 0.794922 0.964844 0.796875 0.962891 0.796875 0.957031 0.802734 0.945312 0.806641 0.945312 0.808594 0.943359 0.810547 0.943359 0.820312 0.951172 0.828125 0.951172 0.830078 0.957031 0.837891 0.958984 0.837891 0.962891 0.841797 0.974609 0.841797 0.982422 0.835938 0.984375 0.835938 0.990234 0.828125 0.990234 0.826172 0.992188 0.824219 0.992188 0.814453 0.990234 0.812500 0.990234 0.808594 0.980469 0.796875 0.974609 0.796875 0.972656 0.794922
0 0.796875 0.808594 0.796875 0.826172 0.794922 0.828125 0.794922 0.830078 0.796875 0.832031 0.796875 0.830078 0.798828 0.828125 0.798828 0.812500 0.796875 0.810547
0 0.666016 0.941406 0.667969 0.953125 0.710938 0.968750 0.748047 0.966797 0.773438 0.972656 0.781250 0.978516 0.792969 0.976562 0.810547 0.980469 0.826172 0.972656 0.837891 0.939453 0.843750 0.933594 0.826172 0.914062 0.783203 0.888672 0.775391 0.878906 0.761719 0.875000 0.744141 0.876953 0.728516 0.869141 0.710938 0.876953 0.691406 0.898438 0.681641 0.923828 0.669922 0.931641
0 0.181641 0.876953 0.181641 0.882812 0.183594 0.880859 0.183594 0.878906
2 0.128906 0.000000 0.125000 0.005859 0.125000 0.013672 0.117188 0.035156 0.113281 0.039062 0.105469 0.041016 0.093750 0.052734 0.093750 0.074219 0.103516 0.083984 0.101562 0.085938 0.109375 0.083984 0.123047 0.099609 0.126953 0.099609 0.134766 0.105469 0.152344 0.105469 0.160156 0.099609 0.160156 0.085938 0.169922 0.056641 0.169922 0.039062 0.166016 0.039062 0.164062 0.035156 0.169922 0.033203 0.173828 0.027344 0.169922 0.023438 0.166016 0.025391 0.160156 0.019531 0.162109 0.015625 0.156250 0.017578 0.142578 0.015625 0.138672 0.011719 0.140625 0.000000
2 0.177734 0.000000 0.185547 0.005859 0.191406 0.005859 0.193359 0.007812 0.203125 0.007812 0.205078 0.009766 0.210938 0.009766 0.218750 0.013672 0.226562 0.013672 0.228516 0.015625 0.234375 0.015625 0.242188 0.019531 0.253906 0.019531 0.261719 0.003906 0.261719 0.000000
2 0.533203 0.000000 0.529297 0.039062 0.533203 0.044922 0.544922 0.050781 0.552734 0.080078 0.583984 0.085938 0.617188 0.085938 0.626953 0.082031 0.626953 0.046875 0.634766 0.000000 0.630859 0.000000 0.630859 0.015625 0.615234 0.017578 0.611328 0.013672 0.613281 0.000000
2 0.210938 0.019531 0.208984 0.021484 0.208984 0.025391 0.207031 0.027344 0.207031 0.033203 0.205078 0.035156 0.205078 0.044922 0.207031 0.044922 0.208984 0.046875 0.218750 0.046875 0.224609 0.052734 0.226562 0.052734 0.228516 0.054688 0.234375 0.054688 0.236328 0.056641 0.246094 0.056641 0.246094 0.054688 0.248047 0.052734 0.248047 0.046875 0.250000 0.044922 0.250000 0.039062 0.251953 0.037109 0.251953 0.025391 0.248047 0.025391 0.246094 0.023438 0.228516 0.023438 0.226562 0.021484 0.220703 0.021484 0.218750 0.019531
2 0.332031 0.039062 0.332031 0.048828 0.330078 0.050781 0.330078 0.072266 0.328125 0.074219 0.330078 0.076172 0.330078 0.080078 0.339844 0.080078 0.341797 0.082031 0.367188 0.082031 0.369141 0.083984 0.373047 0.083984 0.375000 0.082031 0.406250 0.083984 0.410156 0.080078 0.412109 0.054688 0.406250 0.050781 0.384766 0.046875 0.371094 0.041016 0.359375 0.041016 0.357422 0.039062 0.347656 0.039062 0.345703 0.037109 0.333984 0.037109
2 0.855469 0.042969 0.853516 0.046875 0.853516 0.064453 0.851562 0.066406 0.851562 0.076172 0.847656 0.085938 0.847656 0.093750 0.849609 0.095703 0.855469 0.095703 0.857422 0.097656 0.863281 0.097656 0.865234 0.099609 0.871094 0.099609 0.880859 0.103516 0.890625 0.103516 0.892578 0.105469 0.908203 0.103516 0.912109 0.099609 0.910156 0.095703 0.910156 0.089844 0.900391 0.074219 0.900391 0.070312 0.896484 0.064453 0.896484 0.058594 0.890625 0.046875 0.886719 0.044922 0.878906 0.044922 0.876953 0.042969
2 0.214844 0.072266 0.210938 0.078125 0.210938 0.154297 0.220703 0.160156 0.246094 0.162109 0.248047 0.160156 0.248047 0.109375 0.244141 0.103516 0.244141 0.099609 0.246094 0.097656 0.244141 0.093750 0.244141 0.072266 0.242188 0.070312 0.222656 0.070312 0.220703 0.072266
2 0.466797 0.101562 0.464844 0.175781 0.640625 0.244141 0.638672 0.238281 0.648438 0.228516 0.650391 0.212891 0.646484 0.167969 0.652344 0.156250 0.650391 0.109375 0.632812 0.103516 0.621094 0.107422 0.544922 0.082031 0.517578 0.089844 0.527344 0.091797 0.531250 0.099609 0.480469 0.097656
2 0.322266 0.111328 0.320312 0.123047 0.322266 0.125000 0.322266 0.128906 0.326172 0.132812 0.330078 0.132812 0.332031 0.134766 0.361328 0.134766 0.363281 0.136719 0.369141 0.136719 0.376953 0.140625 0.388672 0.140625 0.392578 0.134766 0.392578 0.128906 0.394531 0.126953 0.394531 0.119141 0.396484 0.117188 0.396484 0.105469 0.392578 0.101562 0.375000 0.099609 0.355469 0.091797 0.345703 0.091797 0.343750 0.089844 0.335938 0.089844
2 0.267578 0.125000 0.261719 0.128906 0.259766 0.134766 0.261719 0.154297 0.257812 0.169922 0.257812 0.193359 0.277344 0.207031 0.281250 0.203125 0.289062 0.201172 0.294922 0.203125 0.298828 0.212891 0.296875 0.216797 0.300781 0.230469 0.306641 0.236328 0.316406 0.236328 0.320312 0.220703 0.320312 0.189453 0.316406 0.177734 0.318359 0.173828 0.316406 0.171875 0.318359 0.144531 0.316406 0.140625 0.304688 0.136719 0.298828 0.130859
2 0.070312 0.144531 0.056641 0.138672 0.052734 0.134766 0.035156 0.134766 0.027344 0.140625 0.019531 0.160156 0.019531 0.166016 0.001953 0.207031 0.001953 0.218750 0.003906 0.220703 0.021484 0.222656 0.027344 0.214844 0.041016 0.208984 0.050781 0.193359 0.050781 0.187500 0.058594 0.171875 0.064453 0.166016 0.070312 0.164062 0.074219 0.158203 0.074219 0.152344 0.076172 0.150391
2 0.878906 0.136719 0.873047 0.144531 0.873047 0.154297 0.880859 0.162109 0.882812 0.175781 0.890625 0.183594 0.890625 0.185547 0.902344 0.193359 0.910156 0.193359 0.917969 0.197266 0.931641 0.197266 0.933594 0.193359 0.933594 0.181641 0.939453 0.177734 0.943359 0.177734 0.949219 0.171875 0.949219 0.167969 0.951172 0.166016 0.951172 0.150391 0.947266 0.146484 0.935547 0.144531 0.929688 0.140625 0.900391 0.138672 0.898438 0.136719 0.890625 0.136719 0.888672 0.134766
2 0.835938 0.238281 0.835938 0.248047 0.839844 0.250000 0.849609 0.250000 0.851562 0.251953 0.863281 0.253906 0.871094 0.257812 0.876953 0.257812 0.902344 0.267578 0.916016 0.267578 0.916016 0.259766 0.925781 0.248047 0.925781 0.242188 0.923828 0.240234 0.919922 0.240234 0.912109 0.236328 0.906250 0.236328 0.904297 0.234375 0.876953 0.230469 0.869141 0.226562 0.857422 0.224609 0.851562 0.220703 0.843750 0.220703
2 0.453125 0.234375 0.453125 0.248047 0.451172 0.250000 0.451172 0.261719 0.449219 0.263672 0.449219 0.283203 0.453125 0.291016 0.457031 0.294922 0.464844 0.294922 0.470703 0.298828 0.492188 0.298828 0.494141 0.300781 0.505859 0.298828 0.505859 0.250000 0.503906 0.248047 0.503906 0.244141 0.496094 0.236328 0.470703 0.234375 0.468750 0.232422 0.457031 0.232422
2 0.193359 0.253906 0.173828 0.246094 0.154297 0.255859 0.146484 0.269531 0.138672 0.300781 0.130859 0.312500 0.126953 0.330078 0.121094 0.339844 0.117188 0.351562 0.119141 0.359375 0.152344 0.369141 0.160156 0.365234 0.171875 0.310547 0.179688 0.296875 0.193359 0.287109 0.201172 0.269531 0.201172 0.261719
2 0.816406 0.273438 0.816406 0.281250 0.824219 0.275391 0.828125 0.279297 0.824219 0.281250 0.830078 0.285156 0.826172 0.289062 0.808594 0.287109 0.802734 0.292969 0.796875 0.320312 0.812500 0.328125 0.798828 0.363281 0.855469 0.384766 0.894531 0.392578 0.902344 0.359375 0.837891 0.335938 0.845703 0.333984 0.865234 0.341797 0.875000 0.339844 0.882812 0.308594 0.865234 0.302734 0.867188 0.281250 0.845703 0.273438
2 0.630859 0.302734 0.595703 0.291016 0.576172 0.326172 0.585938 0.376953 0.564453 0.406250 0.544922 0.414062 0.531250 0.410156 0.529297 0.355469 0.500000 0.345703 0.572266 0.351562 0.576172 0.310547 0.453125 0.304688 0.460938 0.341797 0.443359 0.347656 0.443359 0.392578 0.457031 0.433594 0.500000 0.484375 0.556641 0.501953 0.587891 0.500000 0.603516 0.367188
2 0.052734 0.345703 0.027344 0.345703 0.025391 0.347656 0.015625 0.347656 0.000000 0.355469 0.000000 0.423828 0.003906 0.425781 0.011719 0.425781 0.019531 0.421875 0.027344 0.414062 0.042969 0.406250 0.054688 0.404297 0.056641 0.402344 0.056641 0.392578 0.052734 0.384766 0.052734 0.373047 0.058594 0.359375 0.058594 0.349609
2 0.818359 0.378906 0.814453 0.382812 0.814453 0.388672 0.812500 0.390625 0.812500 0.394531 0.810547 0.396484 0.810547 0.402344 0.808594 0.404297 0.808594 0.410156 0.806641 0.412109 0.806641 0.419922 0.808594 0.419922 0.816406 0.425781 0.822266 0.425781 0.824219 0.427734 0.841797 0.427734 0.843750 0.425781 0.847656 0.425781 0.849609 0.423828 0.849609 0.406250 0.851562 0.404297 0.851562 0.396484 0.853516 0.394531 0.853516 0.388672 0.851562 0.386719 0.847656 0.386719 0.845703 0.384766 0.839844 0.384766 0.837891 0.382812 0.833984 0.382812 0.832031 0.380859 0.822266 0.380859 0.820312 0.378906
2 0.263672 0.402344 0.261719 0.404297 0.259766 0.404297 0.253906 0.410156 0.253906 0.414062 0.251953 0.416016 0.251953 0.419922 0.253906 0.421875 0.253906 0.433594 0.251953 0.435547 0.251953 0.451172 0.250000 0.453125 0.251953 0.455078 0.255859 0.455078 0.257812 0.457031 0.273438 0.457031 0.279297 0.453125 0.279297 0.441406 0.277344 0.439453 0.277344 0.431641 0.275391 0.429688 0.275391 0.414062 0.273438 0.412109 0.273438 0.404297 0.271484 0.402344
2 0.691406 0.417969 0.687500 0.429688 0.687500 0.460938 0.693359 0.474609 0.691406 0.480469 0.695312 0.484375 0.695312 0.490234 0.697266 0.490234 0.699219 0.484375 0.701172 0.486328 0.701172 0.503906 0.722656 0.501953 0.724609 0.503906 0.755859 0.505859 0.757812 0.503906 0.757812 0.417969 0.753906 0.416016 0.697266 0.416016
2 0.328125 0.419922 0.324219 0.427734 0.324219 0.449219 0.330078 0.455078 0.328125 0.458984 0.328125 0.476562 0.326172 0.478516 0.328125 0.480469 0.326172 0.486328 0.330078 0.498047 0.330078 0.507812 0.332031 0.509766 0.365234 0.509766 0.369141 0.505859 0.369141 0.486328 0.371094 0.484375 0.371094 0.468750 0.373047 0.466797 0.373047 0.458984 0.367188 0.451172 0.367188 0.421875 0.365234 0.419922
2 0.808594 0.429688 0.804688 0.429688 0.802734 0.427734 0.791016 0.427734 0.789062 0.429688 0.785156 0.429688 0.777344 0.441406 0.777344 0.449219 0.775391 0.451172 0.775391 0.476562 0.773438 0.478516 0.773438 0.492188 0.771484 0.494141 0.771484 0.501953 0.777344 0.505859 0.779297 0.503906 0.798828 0.503906 0.800781 0.505859 0.804688 0.505859 0.808594 0.501953 0.808594 0.496094 0.810547 0.494141 0.810547 0.476562 0.812500 0.474609 0.812500 0.451172 0.810547 0.449219 0.810547 0.437500 0.808594 0.435547
2 0.923828 0.429688 0.917969 0.433594 0.916016 0.447266 0.910156 0.457031 0.908203 0.498047 0.906250 0.500000 0.908203 0.503906 0.912109 0.505859 0.949219 0.507812 0.953125 0.503906 0.951172 0.500000 0.951172 0.494141 0.953125 0.492188 0.951172 0.490234 0.951172 0.478516 0.953125 0.476562 0.953125 0.458984 0.958984 0.443359 0.958984 0.435547 0.951172 0.431641
2 0.632812 0.455078 0.630859 0.457031 0.628906 0.490234 0.626953 0.492188 0.625000 0.507812 0.630859 0.511719 0.638672 0.511719 0.640625 0.513672 0.664062 0.513672 0.666016 0.511719 0.669922 0.513672 0.677734 0.513672 0.683594 0.507812 0.683594 0.498047 0.685547 0.496094 0.685547 0.464844 0.683594 0.460938 0.679688 0.458984 0.654297 0.458984 0.646484 0.455078
2 0.136719 0.521484 0.134766 0.494141 0.125000 0.476562 0.111328 0.464844 0.082031 0.460938 0.072266 0.464844 0.017578 0.464844 0.005859 0.468750 0.003906 0.511719 0.076172 0.511719 0.080078 0.515625 0.082031 0.525391 0.095703 0.535156 0.107422 0.527344 0.126953 0.527344
2 0.289062 0.466797 0.285156 0.462891 0.273438 0.462891 0.269531 0.466797 0.263672 0.466797 0.261719 0.468750 0.230469 0.468750 0.224609 0.470703 0.212891 0.490234 0.207031 0.511719 0.207031 0.523438 0.212891 0.527344 0.259766 0.527344 0.294922 0.517578 0.296875 0.515625 0.296875 0.498047 0.294922 0.496094 0.294922 0.486328
2 0.429688 0.542969 0.419922 0.552734 0.410156 0.568359 0.410156 0.580078 0.416016 0.595703 0.437500 0.611328 0.453125 0.615234 0.468750 0.615234 0.494141 0.599609 0.501953 0.585938 0.501953 0.564453 0.496094 0.550781 0.490234 0.544922 0.476562 0.539062 0.468750 0.539062 0.466797 0.537109 0.464844 0.539062 0.462891 0.537109 0.460938 0.539062 0.458984 0.537109 0.457031 0.539062 0.455078 0.537109 0.453125 0.539062 0.449219 0.537109 0.447266 0.539062 0.443359 0.537109
2 0.666016 0.613281 0.666016 0.625000 0.707031 0.648438 0.742188 0.648438 0.746094 0.644531 0.753906 0.654297 0.791016 0.667969 0.806641 0.667969 0.832031 0.652344 0.839844 0.603516 0.847656 0.585938 0.843750 0.582031 0.779297 0.582031 0.765625 0.587891 0.707031 0.580078 0.689453 0.582031
2 0.857422 0.580078 0.851562 0.587891 0.841797 0.617188 0.841797 0.628906 0.839844 0.630859 0.841797 0.638672 0.853516 0.644531 0.869141 0.646484 0.871094 0.648438 0.908203 0.648438 0.904297 0.646484 0.892578 0.646484 0.890625 0.644531 0.890625 0.640625 0.894531 0.636719 0.894531 0.630859 0.902344 0.615234 0.908203 0.582031 0.906250 0.580078 0.888672 0.580078 0.886719 0.582031
2 0.921875 0.583984 0.919922 0.583984 0.916016 0.587891 0.917969 0.589844 0.917969 0.595703 0.919922 0.597656 0.919922 0.599609 0.917969 0.601562 0.917969 0.603516 0.919922 0.603516 0.919922 0.601562 0.921875 0.599609
2 0.185547 0.667969 0.191406 0.671875 0.207031 0.671875 0.234375 0.679688 0.257812 0.679688 0.259766 0.656250 0.251953 0.652344 0.251953 0.638672 0.279297 0.648438 0.320312 0.654297 0.330078 0.609375 0.324219 0.601562 0.281250 0.593750 0.267578 0.607422 0.263672 0.597656 0.212891 0.591797 0.203125 0.599609 0.197266 0.611328 0.197266 0.628906 0.185547 0.644531
2 0.914062 0.626953 0.914062 0.630859 0.908203 0.636719 0.906250 0.636719 0.904297 0.634766 0.906250 0.636719 0.908203 0.636719 0.912109 0.640625 0.914062 0.638672 0.914062 0.632812 0.916016 0.630859 0.916016 0.628906
2 0.113281 0.658203 0.111328 0.660156 0.111328 0.667969 0.109375 0.669922 0.109375 0.677734 0.107422 0.679688 0.107422 0.683594 0.105469 0.685547 0.105469 0.695312 0.107422 0.695312 0.109375 0.697266 0.113281 0.697266 0.115234 0.699219 0.125000 0.699219 0.126953 0.701172 0.130859 0.701172 0.132812 0.703125 0.146484 0.703125 0.146484 0.695312 0.148438 0.693359 0.148438 0.673828 0.142578 0.667969 0.142578 0.664062 0.138672 0.660156 0.128906 0.660156 0.126953 0.658203
2 0.496094 0.656250 0.494141 0.658203 0.490234 0.656250 0.466797 0.658203 0.462891 0.662109 0.462891 0.669922 0.455078 0.677734 0.447266 0.695312 0.445312 0.716797 0.443359 0.718750 0.443359 0.722656 0.445312 0.724609 0.451172 0.724609 0.453125 0.726562 0.468750 0.726562 0.476562 0.730469 0.490234 0.730469 0.492188 0.726562 0.492188 0.716797 0.494141 0.714844 0.494141 0.703125 0.496094 0.701172 0.496094 0.675781 0.498047 0.673828 0.498047 0.658203
2 0.837891 0.658203 0.830078 0.662109 0.820312 0.671875 0.812500 0.693359 0.800781 0.707031 0.792969 0.724609 0.785156 0.734375 0.785156 0.740234 0.796875 0.750000 0.818359 0.759766 0.832031 0.757812 0.830078 0.755859 0.830078 0.746094 0.865234 0.691406 0.865234 0.681641 0.849609 0.675781 0.843750 0.662109
2 0.949219 0.679688 0.941406 0.675781 0.935547 0.675781 0.931641 0.671875 0.931641 0.660156 0.925781 0.656250 0.910156 0.658203 0.906250 0.662109 0.906250 0.667969 0.900391 0.675781 0.896484 0.677734 0.873047 0.677734 0.871094 0.681641 0.871094 0.714844 0.873047 0.716797 0.949219 0.714844 0.951172 0.712891 0.951172 0.705078 0.949219 0.703125
2 0.210938 0.736328 0.207031 0.740234 0.207031 0.742188 0.205078 0.744141 0.205078 0.779297 0.207031 0.781250 0.210938 0.781250 0.212891 0.783203 0.234375 0.783203 0.236328 0.781250 0.236328 0.767578 0.234375 0.765625 0.234375 0.759766 0.236328 0.757812 0.236328 0.753906 0.238281 0.751953 0.238281 0.740234 0.236328 0.740234 0.230469 0.736328
2 0.886719 0.736328 0.880859 0.744141 0.882812 0.759766 0.876953 0.765625 0.875000 0.781250 0.878906 0.812500 0.906250 0.822266 0.937500 0.824219 0.939453 0.822266 0.937500 0.791016 0.941406 0.779297 0.939453 0.775391 0.941406 0.769531 0.937500 0.767578 0.935547 0.777344 0.929688 0.781250 0.925781 0.777344 0.927734 0.767578 0.921875 0.765625 0.921875 0.773438 0.916016 0.781250 0.912109 0.777344 0.912109 0.771484 0.917969 0.763672 0.916016 0.746094
2 0.523438 0.755859 0.511719 0.767578 0.511719 0.771484 0.517578 0.777344 0.527344 0.777344 0.564453 0.796875 0.550781 0.800781 0.537109 0.826172 0.535156 0.843750 0.541016 0.849609 0.568359 0.859375 0.583984 0.857422 0.589844 0.847656 0.589844 0.830078 0.585938 0.826172 0.589844 0.806641 0.583984 0.802734 0.591797 0.800781 0.593750 0.787109 0.601562 0.773438 0.548828 0.757812
2 0.027344 0.767578 0.027344 0.785156 0.025391 0.787109 0.025391 0.810547 0.029297 0.812500 0.039062 0.812500 0.041016 0.814453 0.052734 0.814453 0.054688 0.816406 0.070312 0.816406 0.072266 0.812500 0.072266 0.775391 0.070312 0.773438 0.070312 0.769531 0.064453 0.765625 0.033203 0.765625 0.031250 0.767578
2 0.378906 0.765625 0.378906 0.767578 0.376953 0.769531 0.376953 0.773438 0.375000 0.775391 0.375000 0.781250 0.373047 0.783203 0.373047 0.796875 0.375000 0.798828 0.378906 0.798828 0.380859 0.800781 0.384766 0.800781 0.386719 0.802734 0.390625 0.802734 0.392578 0.804688 0.400391 0.804688 0.402344 0.806641 0.406250 0.802734 0.406250 0.777344 0.412109 0.771484 0.412109 0.769531 0.406250 0.765625
2 0.447266 0.777344 0.447266 0.779297 0.453125 0.787109 0.455078 0.796875 0.460938 0.806641 0.460938 0.812500 0.462891 0.814453 0.468750 0.814453 0.470703 0.816406 0.472656 0.814453 0.476562 0.814453 0.478516 0.816406 0.490234 0.816406 0.492188 0.818359 0.503906 0.818359 0.509766 0.808594 0.509766 0.804688 0.511719 0.802734 0.511719 0.791016 0.507812 0.785156 0.503906 0.783203 0.492188 0.783203 0.490234 0.781250 0.472656 0.781250 0.470703 0.779297 0.458984 0.779297 0.457031 0.777344
2 0.953125 0.783203 0.953125 0.785156 0.955078 0.787109 0.955078 0.785156
2 0.355469 0.833984 0.353516 0.855469 0.351562 0.859375 0.353516 0.863281 0.357422 0.865234 0.363281 0.865234 0.373047 0.869141 0.394531 0.871094 0.404297 0.875000 0.431641 0.876953 0.433594 0.878906 0.437500 0.878906 0.441406 0.875000 0.443359 0.853516 0.439453 0.849609 0.421875 0.847656 0.410156 0.841797 0.402344 0.832031 0.396484 0.830078 0.394531 0.832031 0.371094 0.824219 0.365234 0.830078 0.359375 0.830078
2 0.804688 0.835938 0.789062 0.855469 0.789062 0.867188 0.783203 0.882812 0.835938 0.916016 0.841797 0.916016 0.845703 0.912109 0.851562 0.921875 0.869141 0.923828 0.871094 0.939453 0.888672 0.953125 0.896484 0.953125 0.908203 0.925781 0.917969 0.917969 0.919922 0.908203 0.898438 0.896484 0.892578 0.896484 0.886719 0.882812 0.871094 0.880859 0.867188 0.884766 0.865234 0.876953 0.849609 0.861328 0.830078 0.851562 0.820312 0.837891 0.810547 0.833984
2 0.595703 0.837891 0.595703 0.841797 0.593750 0.843750 0.593750 0.857422 0.591797 0.859375 0.593750 0.861328 0.593750 0.865234 0.603516 0.869141 0.617188 0.880859 0.626953 0.882812 0.632812 0.886719 0.648438 0.886719 0.660156 0.875000 0.666016 0.873047 0.666016 0.865234 0.664062 0.861328 0.654297 0.853516 0.646484 0.851562 0.644531 0.849609 0.640625 0.849609 0.638672 0.847656 0.626953 0.845703 0.613281 0.837891
2 0.003906 0.875000 0.003906 0.894531 0.001953 0.896484 0.001953 0.941406 0.003906 0.945312 0.009766 0.945312 0.011719 0.947266 0.046875 0.947266 0.052734 0.943359 0.052734 0.890625 0.046875 0.882812 0.046875 0.876953 0.031250 0.871094 0.009766 0.871094
2 0.238281 0.917969 0.216797 0.908203 0.197266 0.904297 0.187500 0.906250 0.187500 0.939453 0.212891 0.943359 0.212891 0.947266 0.187500 0.947266 0.162109 0.939453 0.123047 0.937500 0.119141 0.943359 0.119141 0.958984 0.125000 0.964844 0.123047 0.992188 0.128906 0.998047 0.214844 0.998047 0.222656 0.982422 0.226562 0.953125 0.212891 0.947266 0.238281 0.943359
2 0.337891 0.904297 0.333984 0.908203 0.332031 0.914062 0.333984 0.962891 0.351562 0.974609 0.355469 0.974609 0.367188 0.980469 0.373047 0.980469 0.376953 0.976562 0.378906 0.964844 0.386719 0.953125 0.388672 0.939453 0.392578 0.931641 0.398438 0.925781 0.398438 0.916016 0.382812 0.910156 0.359375 0.908203 0.351562 0.904297
2 0.964844 0.931641 0.960938 0.935547 0.960938 0.937500 0.958984 0.939453 0.958984 0.943359 0.955078 0.949219 0.955078 0.953125 0.953125 0.955078 0.953125 0.964844 0.955078 0.966797 0.962891 0.966797 0.964844 0.968750 0.972656 0.968750 0.976562 0.972656 0.984375 0.972656 0.978516 0.972656 0.976562 0.970703 0.978516 0.968750 0.992188 0.968750 0.996094 0.962891 0.996094 0.957031 0.998047 0.955078 0.998047 0.935547 0.996094 0.933594 0.992188 0.933594 0.990234 0.931641
2 0.044922 0.970703 0.044922 0.996094 0.046875 0.998047 0.087891 0.998047 0.087891 0.970703 0.085938 0.968750 0.082031 0.968750 0.080078 0.966797 0.048828 0.966797
5 0.000000 0.035156 0.195312 0.218750 0.412109 0.316406 0.388672 0.521484 0.000000 0.564453 0.376953 0.609375 0.269531 0.998047 0.353516 0.824219 0.500000 0.839844 0.359375 0.800781 0.451172 0.648438 0.617188 0.671875 0.998047 0.912109 0.566406 0.593750 0.996094 0.539062 0.576172 0.539062 0.429688 0.423828 0.462891 0.000000 0.404297 0.294922
5 0.728516 0.835938 0.710938 0.835938 0.662109 0.896484 0.648438 0.923828 0.638672 0.933594 0.615234 0.976562 0.605469 0.984375 0.605469 0.998047 0.628906 0.998047 0.638672 0.976562 0.681641 0.914062 0.683594 0.906250 0.705078 0.882812 0.718750 0.859375 0.732422 0.851562 0.734375 0.845703
