0 0.000000 0.000000 0.000000 0.998047 0.998047 0.998047 0.998047 0.839844 0.859375 0.843750 0.867188 0.765625 0.804688 0.746094 0.839844 0.685547 0.796875 0.609375 0.871094 0.576172 0.818359 0.554688 0.835938 0.521484 0.951172 0.525391 0.998047 0.595703 0.998047 0.000000 0.806641 0.000000 0.806641 0.048828 0.777344 0.000000 0.732422 0.037109 0.720703 0.000000
0 0.968750 0.625000 0.958984 0.617188 0.955078 0.617188 0.945312 0.609375 0.935547 0.605469 0.923828 0.595703 0.917969 0.603516 0.910156 0.607422 0.878906 0.615234 0.882812 0.630859 0.876953 0.646484 0.871094 0.652344 0.876953 0.662109 0.880859 0.679688 0.890625 0.677734 0.894531 0.679688 0.896484 0.677734 0.898438 0.679688 0.900391 0.677734 0.914062 0.679688 0.941406 0.669922 0.957031 0.656250 0.964844 0.644531 0.962891 0.642578
0 0.955078 0.716797 0.951172 0.724609 0.953125 0.732422 0.968750 0.744141 0.976562 0.746094 0.990234 0.757812 0.992188 0.761719 0.992188 0.767578 0.994141 0.769531 0.994141 0.777344 0.998047 0.785156 0.998047 0.791016 0.998047 0.718750 0.990234 0.724609 0.984375 0.724609 0.982422 0.726562 0.980469 0.724609 0.974609 0.724609 0.964844 0.718750
0 0.953125 0.783203 0.951172 0.781250 0.937500 0.775391 0.929688 0.783203 0.927734 0.783203 0.925781 0.785156 0.919922 0.785156 0.917969 0.787109 0.912109 0.787109 0.912109 0.792969 0.910156 0.794922 0.912109 0.796875 0.910156 0.798828 0.910156 0.804688 0.908203 0.806641 0.910156 0.808594 0.914062 0.808594 0.916016 0.806641 0.923828 0.806641 0.925781 0.804688 0.937500 0.804688 0.939453 0.802734 0.941406 0.802734 0.943359 0.804688 0.945312 0.802734 0.947266 0.804688 0.949219 0.802734 0.951172 0.804688 0.953125 0.802734 0.955078 0.802734 0.957031 0.804688 0.958984 0.802734 0.958984 0.800781 0.957031 0.798828 0.957031 0.794922 0.955078 0.792969 0.955078 0.787109 0.953125 0.785156
2 0.246094 0.000000 0.246094 0.001953 0.248047 0.003906 0.248047 0.007812 0.250000 0.009766 0.250000 0.011719 0.251953 0.013672 0.253906 0.013672 0.255859 0.015625 0.279297 0.015625 0.279297 0.011719 0.281250 0.009766 0.281250 0.000000
2 0.724609 0.000000 0.724609 0.015625 0.726562 0.017578 0.726562 0.025391 0.728516 0.027344 0.728516 0.033203 0.730469 0.033203 0.732422 0.035156 0.734375 0.033203 0.744141 0.033203 0.746094 0.031250 0.757812 0.031250 0.757812 0.000000
2 0.779297 0.000000 0.779297 0.009766 0.781250 0.011719 0.781250 0.017578 0.783203 0.019531 0.783203 0.025391 0.785156 0.027344 0.785156 0.031250 0.787109 0.033203 0.787109 0.037109 0.789062 0.039062 0.789062 0.042969 0.794922 0.046875 0.806641 0.046875 0.808594 0.044922 0.810547 0.044922 0.810547 0.035156 0.806641 0.031250 0.806641 0.029297 0.804688 0.027344 0.804688 0.000000
2 0.617188 0.017578 0.603516 0.013672 0.535156 0.021484 0.531250 0.025391 0.531250 0.058594 0.527344 0.054688 0.500000 0.054688 0.501953 0.107422 0.496094 0.119141 0.501953 0.123047 0.515625 0.123047 0.537109 0.117188 0.539062 0.093750 0.589844 0.099609 0.617188 0.089844 0.626953 0.089844 0.628906 0.082031
2 0.482422 0.035156 0.478516 0.033203 0.470703 0.033203 0.468750 0.031250 0.462891 0.031250 0.460938 0.033203 0.447266 0.033203 0.443359 0.035156 0.443359 0.046875 0.441406 0.048828 0.441406 0.068359 0.443359 0.072266 0.451172 0.076172 0.455078 0.080078 0.466797 0.080078 0.468750 0.078125 0.478516 0.078125 0.480469 0.074219 0.488281 0.070312 0.492188 0.070312 0.496094 0.062500 0.496094 0.052734 0.488281 0.044922 0.488281 0.042969 0.482422 0.037109
2 0.246094 0.058594 0.248047 0.087891 0.255859 0.099609 0.255859 0.123047 0.257812 0.128906 0.261719 0.132812 0.265625 0.132812 0.269531 0.138672 0.302734 0.136719 0.310547 0.128906 0.310547 0.109375 0.306641 0.099609 0.304688 0.062500 0.302734 0.058594 0.294922 0.054688 0.291016 0.056641 0.265625 0.056641 0.263672 0.054688 0.251953 0.054688
2 0.210938 0.068359 0.208984 0.070312 0.205078 0.070312 0.201172 0.074219 0.201172 0.121094 0.203125 0.123047 0.203125 0.126953 0.220703 0.126953 0.222656 0.125000 0.222656 0.103516 0.224609 0.101562 0.224609 0.074219 0.220703 0.070312 0.218750 0.070312 0.216797 0.068359
2 0.113281 0.101562 0.111328 0.105469 0.111328 0.125000 0.119141 0.132812 0.119141 0.144531 0.117188 0.146484 0.123047 0.154297 0.164062 0.152344 0.166016 0.150391 0.177734 0.150391 0.179688 0.148438 0.179688 0.136719 0.175781 0.128906 0.154297 0.130859 0.148438 0.125000 0.146484 0.119141 0.136719 0.111328 0.136719 0.103516 0.130859 0.099609
4 0.636719 0.320312 0.636719 0.330078 0.638672 0.333984 0.650391 0.341797 0.660156 0.351562 0.664062 0.365234 0.675781 0.369141 0.691406 0.386719 0.695312 0.386719 0.697266 0.388672 0.710938 0.388672 0.712891 0.386719 0.712891 0.376953 0.701172 0.359375 0.699219 0.349609 0.693359 0.341797 0.679688 0.335938 0.660156 0.332031 0.650391 0.320312 0.644531 0.320312 0.642578 0.318359 0.640625 0.320312
4 0.716797 0.423828 0.714844 0.433594 0.716797 0.435547 0.716797 0.445312 0.722656 0.458984 0.722656 0.476562 0.728516 0.484375 0.736328 0.488281 0.750000 0.488281 0.757812 0.480469 0.775391 0.478516 0.777344 0.476562 0.777344 0.472656 0.773438 0.466797 0.771484 0.453125 0.769531 0.451172 0.757812 0.449219 0.751953 0.437500 0.742188 0.435547 0.738281 0.431641 0.736328 0.423828 0.730469 0.414062 0.724609 0.419922
4 0.869141 0.445312 0.867188 0.443359 0.843750 0.443359 0.841797 0.445312 0.837891 0.445312 0.830078 0.455078 0.824219 0.455078 0.822266 0.457031 0.816406 0.457031 0.812500 0.458984 0.808594 0.462891 0.802734 0.464844 0.796875 0.470703 0.796875 0.472656 0.804688 0.476562 0.816406 0.476562 0.818359 0.478516 0.849609 0.478516 0.851562 0.480469 0.865234 0.478516 0.867188 0.476562 0.867188 0.460938 0.869141 0.458984
4 0.824219 0.527344 0.820312 0.554688 0.873047 0.576172 0.822266 0.580078 0.800781 0.599609 0.800781 0.617188 0.820312 0.634766 0.841797 0.685547 0.808594 0.699219 0.808594 0.750000 0.869141 0.765625 0.871094 0.796875 0.857422 0.830078 0.869141 0.849609 0.996094 0.839844 0.990234 0.761719 0.949219 0.724609 0.955078 0.714844 0.982422 0.724609 0.998047 0.716797 0.998047 0.597656 0.958984 0.570312 0.964844 0.546875 0.951172 0.527344
4 0.687500 0.621094 0.689453 0.626953 0.697266 0.626953 0.701172 0.630859 0.714844 0.636719 0.722656 0.650391 0.732422 0.650391 0.740234 0.646484 0.759766 0.644531 0.767578 0.640625 0.773438 0.640625 0.777344 0.638672 0.781250 0.632812 0.781250 0.619141 0.777344 0.617188 0.755859 0.615234 0.744141 0.611328 0.732422 0.619141 0.722656 0.619141 0.718750 0.611328 0.712891 0.605469 0.705078 0.607422
4 0.486328 0.759766 0.496094 0.769531 0.501953 0.767578 0.509766 0.771484 0.546875 0.771484 0.560547 0.775391 0.591797 0.773438 0.609375 0.763672 0.609375 0.755859 0.601562 0.753906 0.589844 0.746094 0.583984 0.746094 0.560547 0.736328 0.527344 0.734375 0.525391 0.732422 0.505859 0.732422 0.500000 0.734375
