0 0.619141 0.214844 0.619141 0.224609 0.621094 0.226562 0.621094 0.230469 0.628906 0.242188 0.628906 0.250000 0.634766 0.255859 0.646484 0.255859 0.648438 0.257812 0.662109 0.257812 0.673828 0.246094 0.677734 0.244141 0.677734 0.238281 0.671875 0.232422 0.669922 0.228516 0.669922 0.224609 0.667969 0.222656 0.667969 0.218750 0.664062 0.214844 0.660156 0.212891 0.656250 0.212891 0.650391 0.207031 0.646484 0.205078 0.642578 0.205078 0.640625 0.207031 0.634766 0.207031 0.628906 0.210938 0.625000 0.210938
0 0.046875 0.339844 0.042969 0.337891 0.033203 0.337891 0.031250 0.335938 0.001953 0.337891 0.000000 0.339844 0.000000 0.404297 0.001953 0.406250 0.025391 0.408203 0.027344 0.406250 0.037109 0.404297 0.046875 0.396484 0.054688 0.394531 0.060547 0.388672 0.062500 0.384766 0.062500 0.367188 0.060547 0.365234 0.060547 0.357422 0.054688 0.347656
0 0.185547 0.695312 0.175781 0.697266 0.177734 0.699219 0.171875 0.705078 0.173828 0.707031 0.166016 0.712891 0.162109 0.710938 0.158203 0.712891 0.136719 0.710938 0.134766 0.712891 0.128906 0.708984 0.130859 0.703125 0.125000 0.701172 0.121094 0.718750 0.121094 0.740234 0.126953 0.744141 0.125000 0.746094 0.126953 0.748047 0.134766 0.748047 0.136719 0.753906 0.146484 0.759766 0.138672 0.765625 0.146484 0.765625 0.150391 0.759766 0.158203 0.759766 0.166016 0.755859 0.210938 0.753906 0.212891 0.751953 0.214844 0.730469 0.203125 0.728516 0.193359 0.720703 0.185547 0.701172
1 0.609375 0.326172 0.609375 0.341797 0.615234 0.355469 0.632812 0.369141 0.656250 0.369141 0.673828 0.361328 0.728516 0.357422 0.755859 0.361328 0.781250 0.371094 0.794922 0.371094 0.806641 0.359375 0.812500 0.335938 0.810547 0.328125 0.800781 0.320312 0.726562 0.320312 0.708984 0.316406 0.691406 0.306641 0.658203 0.302734 0.634766 0.304688
2 0.218750 0.005859 0.205078 0.003906 0.189453 0.013672 0.179688 0.083984 0.175781 0.070312 0.179688 0.035156 0.158203 0.031250 0.138672 0.033203 0.132812 0.072266 0.134766 0.095703 0.144531 0.101562 0.169922 0.101562 0.173828 0.097656 0.175781 0.103516 0.185547 0.107422 0.222656 0.109375 0.226562 0.033203 0.212891 0.027344 0.201172 0.031250 0.193359 0.027344 0.193359 0.017578 0.197266 0.013672 0.216797 0.015625
2 0.326172 0.066406 0.322266 0.060547 0.308594 0.060547 0.306641 0.062500 0.302734 0.062500 0.300781 0.066406 0.298828 0.064453 0.300781 0.066406 0.296875 0.070312 0.277344 0.070312 0.275391 0.072266 0.261719 0.072266 0.261719 0.080078 0.263672 0.082031 0.263672 0.087891 0.265625 0.091797 0.269531 0.093750 0.320312 0.093750 0.324219 0.091797 0.324219 0.085938 0.326172 0.083984
2 0.296875 0.109375 0.292969 0.113281 0.291016 0.136719 0.285156 0.154297 0.285156 0.183594 0.281250 0.197266 0.285156 0.201172 0.302734 0.205078 0.335938 0.207031 0.339844 0.191406 0.341797 0.132812 0.345703 0.121094 0.349609 0.119141 0.355469 0.123047 0.355469 0.119141 0.349609 0.117188 0.343750 0.111328
2 0.708984 0.156250 0.708984 0.197266 0.712891 0.203125 0.759766 0.201172 0.767578 0.207031 0.826172 0.193359 0.863281 0.191406 0.873047 0.187500 0.873047 0.177734 0.861328 0.158203 0.863281 0.140625 0.855469 0.128906 0.824219 0.126953 0.806641 0.134766 0.798828 0.134766 0.792969 0.126953 0.744141 0.130859 0.736328 0.148438 0.720703 0.150391
2 0.259766 0.136719 0.255859 0.132812 0.246094 0.132812 0.244141 0.130859 0.218750 0.130859 0.208984 0.136719 0.197266 0.136719 0.189453 0.140625 0.183594 0.152344 0.167969 0.156250 0.169922 0.187500 0.173828 0.189453 0.185547 0.189453 0.187500 0.187500 0.216797 0.187500 0.220703 0.189453 0.222656 0.187500 0.263672 0.185547 0.265625 0.183594 0.265625 0.162109 0.263672 0.160156
2 0.144531 0.162109 0.138672 0.158203 0.117188 0.162109 0.089844 0.162109 0.080078 0.166016 0.046875 0.166016 0.037109 0.169922 0.015625 0.171875 0.011719 0.173828 0.009766 0.179688 0.011719 0.208984 0.025391 0.210938 0.066406 0.203125 0.121094 0.201172 0.146484 0.187500
2 0.916016 0.160156 0.916016 0.164062 0.917969 0.166016 0.917969 0.189453 0.919922 0.191406 0.929688 0.191406 0.931641 0.189453 0.935547 0.189453 0.937500 0.191406 0.998047 0.189453 0.998047 0.160156 0.994141 0.158203 0.988281 0.158203 0.986328 0.156250 0.951172 0.156250 0.949219 0.158203 0.917969 0.158203
2 0.263672 0.240234 0.261719 0.255859 0.267578 0.277344 0.263672 0.285156 0.269531 0.285156 0.275391 0.294922 0.265625 0.298828 0.271484 0.302734 0.251953 0.322266 0.248047 0.333984 0.250000 0.365234 0.255859 0.367188 0.255859 0.375000 0.251953 0.375000 0.255859 0.388672 0.250000 0.390625 0.255859 0.398438 0.251953 0.437500 0.310547 0.451172 0.320312 0.447266 0.322266 0.425781 0.333984 0.412109 0.326172 0.390625 0.332031 0.384766 0.335938 0.353516 0.335938 0.285156 0.343750 0.273438 0.337891 0.257812 0.316406 0.242188
2 0.226562 0.349609 0.189453 0.351562 0.140625 0.363281 0.134766 0.359375 0.117188 0.359375 0.072266 0.367188 0.068359 0.371094 0.062500 0.414062 0.066406 0.421875 0.074219 0.425781 0.082031 0.443359 0.103516 0.441406 0.121094 0.431641 0.146484 0.425781 0.150391 0.419922 0.156250 0.425781 0.216797 0.419922 0.220703 0.423828 0.218750 0.429688 0.222656 0.431641 0.234375 0.423828 0.236328 0.410156 0.224609 0.388672
2 0.351562 0.470703 0.451172 0.474609 0.453125 0.451172 0.470703 0.457031 0.482422 0.470703 0.503906 0.472656 0.533203 0.466797 0.667969 0.468750 0.685547 0.408203 0.531250 0.404297 0.476562 0.410156 0.457031 0.417969 0.455078 0.433594 0.453125 0.416016 0.429688 0.406250 0.361328 0.406250
2 0.255859 0.482422 0.253906 0.486328 0.253906 0.505859 0.251953 0.507812 0.250000 0.558594 0.251953 0.560547 0.265625 0.560547 0.267578 0.562500 0.281250 0.562500 0.283203 0.564453 0.302734 0.564453 0.304688 0.560547 0.304688 0.537109 0.318359 0.521484 0.316406 0.494141 0.291016 0.482422 0.281250 0.482422 0.279297 0.480469
2 0.195312 0.501953 0.140625 0.500000 0.103516 0.517578 0.025391 0.533203 0.011719 0.525391 0.021484 0.521484 0.000000 0.519531 0.000000 0.562500 0.031250 0.570312 0.019531 0.572266 0.027344 0.605469 0.066406 0.599609 0.060547 0.568359 0.035156 0.568359 0.093750 0.558594 0.091797 0.582031 0.101562 0.593750 0.126953 0.585938 0.123047 0.554688 0.158203 0.550781 0.158203 0.580078 0.191406 0.576172 0.191406 0.558594 0.181641 0.550781 0.166016 0.550781 0.205078 0.539062
2 0.355469 0.537109 0.351562 0.585938 0.349609 0.587891 0.349609 0.601562 0.351562 0.603516 0.369141 0.603516 0.371094 0.605469 0.376953 0.603516 0.378906 0.605469 0.382812 0.603516 0.427734 0.603516 0.431641 0.599609 0.423828 0.591797 0.421875 0.541016 0.416016 0.531250 0.412109 0.529297 0.398438 0.529297 0.396484 0.531250 0.382812 0.529297
2 0.197266 0.595703 0.197266 0.615234 0.201172 0.625000 0.201172 0.632812 0.208984 0.634766 0.210938 0.632812 0.228516 0.632812 0.230469 0.630859 0.232422 0.632812 0.232422 0.662109 0.238281 0.666016 0.246094 0.666016 0.257812 0.671875 0.267578 0.671875 0.275391 0.621094 0.271484 0.617188 0.257812 0.621094 0.234375 0.621094 0.232422 0.623047 0.230469 0.621094 0.230469 0.593750 0.228516 0.591797
2 0.042969 0.625000 0.041016 0.623047 0.027344 0.623047 0.025391 0.625000 0.011719 0.625000 0.009766 0.626953 0.000000 0.626953 0.000000 0.662109 0.037109 0.662109 0.039062 0.660156 0.044922 0.660156 0.044922 0.638672 0.042969 0.636719
2 0.070312 0.623047 0.068359 0.625000 0.066406 0.625000 0.066406 0.626953 0.064453 0.628906 0.064453 0.642578 0.066406 0.644531 0.066406 0.666016 0.068359 0.667969 0.068359 0.673828 0.070312 0.673828 0.072266 0.675781 0.085938 0.675781 0.087891 0.673828 0.087891 0.664062 0.085938 0.662109 0.085938 0.652344 0.083984 0.650391 0.083984 0.634766 0.082031 0.632812 0.082031 0.625000 0.080078 0.623047
2 0.191406 0.685547 0.191406 0.707031 0.195312 0.718750 0.203125 0.724609 0.210938 0.724609 0.218750 0.728516 0.216797 0.742188 0.218750 0.755859 0.246094 0.759766 0.289062 0.759766 0.291016 0.757812 0.292969 0.738281 0.283203 0.728516 0.287109 0.724609 0.283203 0.701172 0.275391 0.693359 0.238281 0.679688 0.203125 0.679688 0.195312 0.681641
2 0.117188 0.697266 0.103516 0.697266 0.097656 0.701172 0.082031 0.701172 0.080078 0.703125 0.072266 0.703125 0.066406 0.707031 0.066406 0.726562 0.064453 0.728516 0.064453 0.734375 0.066406 0.736328 0.066406 0.767578 0.068359 0.769531 0.091797 0.769531 0.099609 0.763672 0.099609 0.759766 0.101562 0.757812 0.101562 0.750000 0.099609 0.746094 0.101562 0.742188 0.109375 0.734375 0.117188 0.732422 0.119141 0.708984 0.121094 0.707031
2 0.031250 0.763672 0.027344 0.763672 0.025391 0.761719 0.023438 0.763672 0.011719 0.763672 0.009766 0.765625 0.005859 0.765625 0.000000 0.769531 0.000000 0.789062 0.001953 0.791016 0.001953 0.796875 0.003906 0.798828 0.003906 0.800781 0.007812 0.806641 0.007812 0.810547 0.009766 0.812500 0.027344 0.812500 0.029297 0.810547 0.037109 0.810547 0.039062 0.808594 0.041016 0.808594 0.041016 0.806641 0.042969 0.804688 0.042969 0.796875 0.041016 0.794922 0.041016 0.771484
2 0.445312 0.800781 0.445312 0.810547 0.453125 0.828125 0.453125 0.845703 0.457031 0.851562 0.476562 0.851562 0.478516 0.849609 0.527344 0.849609 0.527344 0.810547 0.525391 0.808594 0.525391 0.796875 0.523438 0.794922 0.478516 0.794922 0.476562 0.796875 0.453125 0.796875
2 0.703125 0.806641 0.697266 0.812500 0.697266 0.826172 0.699219 0.828125 0.699219 0.835938 0.701172 0.837891 0.701172 0.841797 0.703125 0.843750 0.708984 0.843750 0.710938 0.845703 0.720703 0.845703 0.722656 0.843750 0.724609 0.843750 0.724609 0.835938 0.726562 0.833984 0.726562 0.810547 0.724609 0.808594 0.718750 0.808594 0.716797 0.806641 0.710938 0.806641 0.708984 0.804688 0.707031 0.806641
2 0.250000 0.835938 0.250000 0.847656 0.251953 0.849609 0.251953 0.863281 0.253906 0.865234 0.253906 0.869141 0.259766 0.871094 0.269531 0.865234 0.283203 0.865234 0.285156 0.863281 0.285156 0.837891 0.281250 0.832031 0.261719 0.832031 0.259766 0.833984 0.253906 0.833984 0.251953 0.835938
2 0.328125 0.845703 0.328125 0.849609 0.326172 0.851562 0.326172 0.869141 0.328125 0.871094 0.328125 0.875000 0.335938 0.878906 0.398438 0.878906 0.402344 0.876953 0.402344 0.849609 0.400391 0.845703 0.382812 0.845703 0.380859 0.843750 0.365234 0.843750 0.363281 0.845703
2 0.406250 0.865234 0.406250 0.880859 0.408203 0.882812 0.408203 0.886719 0.410156 0.888672 0.410156 0.892578 0.414062 0.898438 0.423828 0.898438 0.425781 0.896484 0.435547 0.896484 0.437500 0.894531 0.447266 0.894531 0.447266 0.886719 0.445312 0.884766 0.445312 0.867188 0.441406 0.863281 0.435547 0.863281 0.433594 0.861328 0.412109 0.861328
2 0.472656 0.865234 0.472656 0.873047 0.474609 0.875000 0.474609 0.882812 0.476562 0.884766 0.486328 0.884766 0.488281 0.882812 0.501953 0.882812 0.503906 0.880859 0.513672 0.880859 0.515625 0.878906 0.527344 0.878906 0.529297 0.876953 0.533203 0.876953 0.535156 0.875000 0.535156 0.861328 0.533203 0.859375 0.501953 0.859375 0.500000 0.861328 0.488281 0.861328 0.486328 0.863281 0.474609 0.863281
2 0.613281 0.929688 0.605469 0.929688 0.603516 0.931641 0.597656 0.931641 0.595703 0.933594 0.591797 0.933594 0.589844 0.935547 0.589844 0.943359 0.591797 0.945312 0.591797 0.949219 0.593750 0.951172 0.593750 0.955078 0.595703 0.957031 0.595703 0.958984 0.599609 0.962891 0.601562 0.960938 0.605469 0.960938 0.607422 0.958984 0.611328 0.958984 0.613281 0.957031 0.617188 0.957031 0.621094 0.953125 0.621094 0.947266 0.619141 0.945312 0.619141 0.941406 0.617188 0.939453 0.617188 0.937500 0.615234 0.935547 0.615234 0.933594 0.613281 0.931641
2 0.470703 0.941406 0.466797 0.945312 0.466797 0.972656 0.468750 0.974609 0.468750 0.984375 0.470703 0.986328 0.470703 0.990234 0.474609 0.992188 0.476562 0.990234 0.496094 0.990234 0.498047 0.988281 0.511719 0.988281 0.513672 0.986328 0.513672 0.980469 0.511719 0.978516 0.511719 0.939453 0.509766 0.937500 0.486328 0.937500 0.484375 0.939453 0.476562 0.939453 0.474609 0.941406
2 0.062500 0.962891 0.060547 0.966797 0.060547 0.986328 0.062500 0.988281 0.062500 0.994141 0.064453 0.998047 0.125000 0.998047 0.125000 0.984375 0.123047 0.982422 0.121094 0.958984 0.117188 0.953125 0.099609 0.945312 0.091797 0.945312 0.082031 0.951172 0.074219 0.953125
2 0.275391 0.990234 0.275391 0.974609 0.273438 0.972656 0.273438 0.958984 0.271484 0.957031 0.238281 0.958984 0.203125 0.970703 0.183594 0.970703 0.181641 0.972656 0.167969 0.974609 0.164062 0.978516 0.169922 0.984375 0.171875 0.998047 0.273438 0.998047 0.273438 0.992188
6 0.998047 0.636719 0.984375 0.609375 0.978516 0.638672 0.962891 0.599609 0.974609 0.591797 0.359375 0.613281 0.382812 0.625000 0.369141 0.628906 0.419922 0.634766 0.382812 0.636719 0.349609 0.662109 0.345703 0.798828 0.355469 0.812500 0.406250 0.779297 0.650391 0.789062 0.658203 0.810547 0.634766 0.814453 0.662109 0.837891 0.685547 0.832031 0.677734 0.810547 0.710938 0.783203 0.929688 0.775391 0.980469 0.750000 0.986328 0.763672
6 0.988281 0.591797 0.984375 0.591797 0.984375 0.593750 0.986328 0.595703 0.988281 0.593750
6 0.613281 0.613281 0.613281 0.615234 0.615234 0.615234 0.615234 0.613281
6 0.355469 0.830078 0.357422 0.832031 0.361328 0.832031 0.363281 0.833984 0.367188 0.830078 0.369141 0.830078 0.371094 0.832031 0.371094 0.833984 0.373047 0.833984 0.375000 0.832031 0.380859 0.833984 0.380859 0.832031 0.382812 0.830078 0.384766 0.830078 0.386719 0.832031 0.392578 0.832031 0.394531 0.833984 0.396484 0.833984 0.396484 0.832031 0.398438 0.830078 0.400391 0.830078 0.404297 0.835938 0.408203 0.835938 0.410156 0.837891 0.412109 0.835938 0.412109 0.830078 0.396484 0.830078 0.394531 0.828125 0.392578 0.830078 0.390625 0.830078 0.388672 0.828125 0.386719 0.828125 0.384766 0.830078 0.382812 0.830078 0.380859 0.828125 0.378906 0.828125 0.376953 0.830078 0.375000 0.830078 0.373047 0.828125 0.357422 0.828125
