2 0.054688 0.056641 0.050781 0.062500 0.050781 0.072266 0.052734 0.074219 0.052734 0.085938 0.050781 0.087891 0.050781 0.111328 0.052734 0.113281 0.062500 0.111328 0.072266 0.117188 0.082031 0.117188 0.085938 0.113281 0.093750 0.113281 0.097656 0.107422 0.097656 0.078125 0.095703 0.076172 0.097656 0.066406 0.095703 0.064453 0.095703 0.060547 0.091797 0.058594 0.076172 0.058594 0.074219 0.056641
2 0.458984 0.128906 0.451172 0.126953 0.421875 0.128906 0.404297 0.132812 0.398438 0.162109 0.386719 0.160156 0.375000 0.162109 0.353516 0.181641 0.351562 0.185547 0.353516 0.212891 0.367188 0.212891 0.378906 0.203125 0.398438 0.203125 0.404297 0.199219 0.406250 0.191406 0.408203 0.195312 0.417969 0.195312 0.425781 0.179688 0.433594 0.173828 0.458984 0.177734 0.460938 0.171875
2 0.294922 0.386719 0.259766 0.386719 0.257812 0.388672 0.244141 0.388672 0.234375 0.394531 0.220703 0.396484 0.218750 0.398438 0.218750 0.431641 0.220703 0.435547 0.228516 0.435547 0.236328 0.431641 0.292969 0.431641 0.294922 0.429688
2 0.326172 0.437500 0.320312 0.443359 0.320312 0.453125 0.316406 0.458984 0.316406 0.486328 0.322266 0.490234 0.365234 0.490234 0.367188 0.488281 0.367188 0.480469 0.378906 0.462891 0.378906 0.457031 0.382812 0.449219 0.382812 0.439453 0.380859 0.437500 0.369141 0.437500 0.367188 0.435547 0.330078 0.435547
2 0.330078 0.507812 0.328125 0.509766 0.332031 0.513672 0.332031 0.521484 0.333984 0.523438 0.333984 0.558594 0.335938 0.560547 0.357422 0.560547 0.359375 0.558594 0.365234 0.556641 0.369141 0.550781 0.369141 0.515625 0.367188 0.513672 0.353516 0.513672 0.351562 0.511719 0.345703 0.511719 0.339844 0.507812
2 0.914062 0.748047 0.916016 0.750000 0.917969 0.759766 0.921875 0.765625 0.923828 0.779297 0.933594 0.792969 0.937500 0.792969 0.943359 0.787109 0.951172 0.787109 0.953125 0.785156 0.974609 0.785156 0.976562 0.783203 0.984375 0.783203 0.988281 0.781250 0.988281 0.773438 0.980469 0.761719 0.951172 0.734375 0.947266 0.734375 0.945312 0.732422 0.935547 0.732422 0.933594 0.734375 0.923828 0.736328
2 0.263672 0.765625 0.255859 0.779297 0.255859 0.820312 0.253906 0.824219 0.255859 0.826172 0.255859 0.843750 0.257812 0.849609 0.261719 0.851562 0.279297 0.851562 0.281250 0.853516 0.292969 0.853516 0.300781 0.849609 0.300781 0.837891 0.298828 0.835938 0.300781 0.810547 0.296875 0.800781 0.294922 0.777344 0.292969 0.773438 0.285156 0.767578
2 0.042969 0.785156 0.041016 0.794922 0.037109 0.800781 0.037109 0.810547 0.039062 0.812500 0.042969 0.839844 0.046875 0.843750 0.052734 0.845703 0.058594 0.845703 0.060547 0.843750 0.083984 0.843750 0.085938 0.839844 0.085938 0.833984 0.082031 0.826172 0.083984 0.820312 0.083984 0.800781 0.087891 0.798828 0.091797 0.808594 0.091797 0.804688 0.095703 0.802734 0.097656 0.808594 0.099609 0.796875 0.091797 0.792969 0.085938 0.796875 0.078125 0.785156 0.072266 0.785156 0.070312 0.783203 0.046875 0.783203
2 0.464844 0.789062 0.462891 0.787109 0.439453 0.787109 0.437500 0.789062 0.431641 0.789062 0.421875 0.796875 0.419922 0.796875 0.412109 0.812500 0.412109 0.830078 0.414062 0.832031 0.462891 0.832031 0.464844 0.828125 0.464844 0.824219 0.462891 0.822266 0.462891 0.796875 0.464844 0.794922
2 0.478516 0.787109 0.476562 0.791016 0.478516 0.794922 0.478516 0.833984 0.484375 0.839844 0.488281 0.839844 0.490234 0.841797 0.515625 0.841797 0.517578 0.843750 0.525391 0.843750 0.529297 0.841797 0.529297 0.789062 0.523438 0.785156 0.486328 0.785156 0.484375 0.787109
2 0.533203 0.789062 0.533203 0.832031 0.556641 0.832031 0.558594 0.833984 0.560547 0.832031 0.597656 0.832031 0.597656 0.787109 0.535156 0.787109
2 0.560547 0.929688 0.558594 0.933594 0.558594 0.972656 0.560547 0.974609 0.578125 0.974609 0.580078 0.976562 0.623047 0.976562 0.625000 0.974609 0.623047 0.947266 0.621094 0.945312 0.621094 0.941406 0.617188 0.937500 0.605469 0.935547 0.603516 0.933594 0.593750 0.933594 0.591797 0.931641 0.566406 0.931641 0.564453 0.929688
5 0.199219 0.125000 0.224609 0.703125 0.000000 0.718750 0.611328 0.779297 0.640625 0.949219 0.640625 0.781250 0.927734 0.726562 0.949219 0.667969 0.646484 0.281250 0.927734 0.679688 0.912109 0.708984 0.689453 0.763672 0.248047 0.714844
