2 0.115234 0.000000 0.066406 0.000000 0.058594 0.050781 0.019531 0.216797 0.025391 0.222656 0.058594 0.228516 0.070312 0.224609
2 0.205078 0.000000 0.167969 0.000000 0.167969 0.011719 0.166016 0.017578 0.162109 0.021484 0.158203 0.019531 0.140625 0.019531 0.134766 0.037109 0.136719 0.054688 0.154297 0.060547 0.175781 0.062500 0.185547 0.066406 0.191406 0.064453 0.191406 0.052734 0.195312 0.042969 0.199219 0.039062 0.199219 0.033203 0.201172 0.031250 0.201172 0.017578 0.203125 0.015625
2 0.433594 0.000000 0.427734 0.017578 0.427734 0.033203 0.425781 0.039062 0.421875 0.042969 0.419922 0.056641 0.439453 0.060547 0.441406 0.062500 0.449219 0.062500 0.457031 0.068359 0.472656 0.066406 0.484375 0.052734 0.492188 0.017578 0.498047 0.003906 0.496094 0.000000
2 0.998047 0.009766 0.921875 0.292969 0.857422 0.279297 0.820312 0.332031 0.781250 0.441406 0.769531 0.531250 0.837891 0.564453 0.904297 0.570312 0.933594 0.458984 0.941406 0.347656 0.962891 0.335938 0.994141 0.228516 0.984375 0.175781 0.998047 0.169922 0.998047 0.066406 0.990234 0.072266
2 0.636719 0.029297 0.623047 0.039062 0.613281 0.058594 0.595703 0.152344 0.599609 0.156250 0.636719 0.166016 0.679688 0.171875 0.683594 0.166016 0.697266 0.101562 0.697266 0.087891 0.693359 0.080078 0.697266 0.041016 0.689453 0.037109
2 0.458984 0.089844 0.457031 0.087891 0.455078 0.087891 0.453125 0.089844 0.445312 0.089844 0.447266 0.089844 0.449219 0.091797 0.457031 0.091797
2 0.398438 0.117188 0.382812 0.183594 0.382812 0.193359 0.376953 0.210938 0.376953 0.220703 0.425781 0.232422 0.431641 0.226562 0.435547 0.212891 0.437500 0.189453 0.443359 0.173828 0.445312 0.156250 0.451172 0.142578 0.451172 0.126953 0.441406 0.123047 0.421875 0.121094 0.414062 0.117188
2 0.666016 0.189453 0.666016 0.197266 0.666016 0.195312 0.667969 0.193359 0.669922 0.193359 0.671875 0.191406 0.675781 0.191406 0.677734 0.193359 0.683594 0.193359 0.685547 0.195312 0.691406 0.195312 0.695312 0.199219 0.697266 0.199219 0.699219 0.201172 0.701172 0.201172 0.701172 0.195312 0.697266 0.195312 0.695312 0.193359 0.689453 0.193359 0.687500 0.191406 0.683594 0.191406 0.681641 0.189453
2 0.097656 0.205078 0.093750 0.208984 0.093750 0.214844 0.091797 0.216797 0.089844 0.228516 0.083984 0.240234 0.080078 0.244141 0.080078 0.248047 0.083984 0.251953 0.091797 0.255859 0.107422 0.255859 0.109375 0.257812 0.121094 0.259766 0.126953 0.263672 0.134766 0.261719 0.134766 0.257812 0.136719 0.255859 0.136719 0.246094 0.138672 0.244141 0.138672 0.232422 0.140625 0.230469 0.140625 0.224609 0.142578 0.222656 0.142578 0.214844 0.140625 0.212891 0.134766 0.212891 0.132812 0.210938 0.121094 0.210938 0.119141 0.208984 0.113281 0.208984 0.105469 0.205078
2 0.583984 0.226562 0.552734 0.353516 0.544922 0.408203 0.576172 0.419922 0.613281 0.421875 0.646484 0.431641 0.654297 0.425781 0.691406 0.250000 0.654297 0.242188 0.650391 0.250000 0.648438 0.242188 0.626953 0.234375
2 0.261719 0.248047 0.277344 0.248047 0.271484 0.248047 0.269531 0.246094 0.263672 0.246094
2 0.248047 0.253906 0.244141 0.257812 0.244141 0.261719 0.240234 0.269531 0.240234 0.275391 0.232422 0.289062 0.232422 0.300781 0.230469 0.304688 0.232422 0.308594 0.238281 0.312500 0.253906 0.314453 0.255859 0.316406 0.275391 0.316406 0.279297 0.294922 0.289062 0.273438 0.289062 0.263672 0.285156 0.261719 0.269531 0.259766 0.253906 0.251953 0.251953 0.253906
2 0.343750 0.351562 0.343750 0.365234 0.375000 0.382812 0.462891 0.410156 0.490234 0.410156 0.488281 0.392578 0.503906 0.382812 0.500000 0.376953 0.513672 0.367188 0.511719 0.355469 0.494141 0.351562 0.470703 0.339844 0.425781 0.333984 0.380859 0.316406 0.361328 0.316406 0.357422 0.320312 0.353516 0.337891
2 0.398438 0.523438 0.388672 0.535156 0.353516 0.531250 0.324219 0.582031 0.312500 0.617188 0.306641 0.693359 0.291016 0.738281 0.296875 0.748047 0.271484 0.759766 0.265625 0.810547 0.281250 0.832031 0.373047 0.851562 0.375000 0.814453 0.390625 0.763672 0.414062 0.726562 0.431641 0.714844 0.439453 0.683594 0.451172 0.685547 0.457031 0.675781 0.445312 0.669922 0.492188 0.560547 0.470703 0.544922
2 0.591797 0.601562 0.585938 0.609375 0.585938 0.615234 0.583984 0.617188 0.582031 0.626953 0.578125 0.632812 0.578125 0.638672 0.576172 0.640625 0.576172 0.644531 0.580078 0.648438 0.580078 0.650391 0.580078 0.646484 0.583984 0.642578 0.589844 0.642578 0.591797 0.644531 0.591797 0.658203 0.595703 0.660156 0.597656 0.658203 0.597656 0.654297 0.601562 0.646484 0.607422 0.638672 0.607422 0.634766 0.613281 0.628906 0.617188 0.621094 0.617188 0.613281 0.619141 0.611328 0.617188 0.609375 0.611328 0.609375 0.605469 0.605469 0.601562 0.605469 0.597656 0.601562
2 0.580078 0.666016 0.570312 0.666016 0.550781 0.728516 0.544922 0.734375 0.521484 0.732422 0.513672 0.742188 0.496094 0.730469 0.476562 0.738281 0.443359 0.824219 0.441406 0.853516 0.445312 0.857422 0.474609 0.863281 0.482422 0.871094 0.513672 0.882812 0.529297 0.880859 0.537109 0.843750 0.566406 0.759766 0.572266 0.722656 0.585938 0.703125 0.591797 0.681641
2 0.769531 0.677734 0.730469 0.724609 0.703125 0.714844 0.693359 0.720703 0.673828 0.818359 0.687500 0.828125 0.687500 0.841797 0.707031 0.843750 0.712891 0.832031 0.748047 0.847656 0.720703 0.935547 0.781250 0.958984 0.763672 0.960938 0.759766 0.972656 0.755859 0.957031 0.748047 0.958984 0.728516 0.990234 0.724609 0.982422 0.712891 0.992188 0.707031 0.986328 0.705078 0.998047 0.818359 0.998047 0.824219 0.978516 0.818359 0.988281 0.794922 0.984375 0.806641 0.964844 0.824219 0.968750 0.833984 0.949219 0.849609 0.710938
2 0.115234 0.757812 0.080078 0.755859 0.029297 0.763672 0.027344 0.814453 0.023438 0.832031 0.015625 0.839844 0.015625 0.869141 0.042969 0.875000 0.091797 0.876953 0.093750 0.832031 0.103516 0.812500
2 0.595703 0.765625 0.591797 0.769531 0.578125 0.769531 0.570312 0.779297 0.560547 0.818359 0.562500 0.826172 0.556641 0.832031 0.548828 0.855469 0.548828 0.863281 0.601562 0.875000 0.605469 0.871094 0.609375 0.851562 0.609375 0.837891 0.603516 0.833984 0.607422 0.832031 0.609375 0.812500 0.626953 0.802734 0.628906 0.783203 0.625000 0.779297 0.609375 0.773438 0.601562 0.765625 0.599609 0.767578
2 0.927734 0.810547 0.900391 0.810547 0.896484 0.818359 0.890625 0.859375 0.882812 0.869141 0.878906 0.882812 0.867188 0.998047 0.929688 0.998047 0.939453 0.960938 0.945312 0.873047 0.941406 0.869141 0.925781 0.867188 0.933594 0.818359
2 0.332031 0.951172 0.349609 0.957031 0.363281 0.957031 0.373047 0.947266 0.382812 0.945312 0.412109 0.957031 0.423828 0.972656 0.457031 0.976562 0.458984 0.947266 0.466797 0.943359 0.500000 0.953125 0.503906 0.949219 0.505859 0.927734 0.429688 0.914062 0.396484 0.902344 0.390625 0.906250 0.390625 0.892578 0.386719 0.886719 0.349609 0.880859
2 0.669922 0.898438 0.667969 0.900391 0.667969 0.902344 0.666016 0.904297 0.666016 0.917969 0.667969 0.919922 0.669922 0.919922 0.671875 0.921875 0.677734 0.921875 0.677734 0.914062 0.673828 0.910156 0.675781 0.908203 0.675781 0.900391 0.673828 0.898438
2 0.000000 0.906250 0.000000 0.998047 0.134766 0.998047 0.142578 0.988281 0.138672 0.980469 0.142578 0.923828 0.138672 0.917969 0.111328 0.917969 0.083984 0.923828 0.078125 0.916016 0.064453 0.910156 0.039062 0.912109
2 0.720703 0.957031 0.720703 0.958984 0.722656 0.958984 0.722656 0.957031
2 0.736328 0.957031 0.736328 0.958984 0.740234 0.958984 0.740234 0.957031
2 0.724609 0.972656 0.722656 0.970703 0.720703 0.972656 0.720703 0.974609 0.724609 0.974609
2 0.810547 0.972656 0.812500 0.972656 0.814453 0.974609 0.818359 0.974609 0.818359 0.972656
4 0.251953 0.445312 0.222656 0.480469 0.203125 0.677734 0.212891 0.648438 0.216797 0.699219 0.187500 0.722656 0.181641 0.767578 0.191406 0.755859 0.197266 0.822266 0.181641 0.812500 0.183594 0.888672 0.187500 0.876953 0.199219 0.892578 0.208984 0.867188 0.193359 0.998047 0.222656 0.988281 0.240234 0.910156 0.238281 0.787109 0.246094 0.806641 0.253906 0.767578 0.216797 0.732422 0.216797 0.712891 0.265625 0.724609 0.318359 0.488281 0.304688 0.464844
4 0.201172 0.687500 0.201172 0.691406 0.203125 0.693359 0.207031 0.693359 0.207031 0.687500
4 0.185547 0.777344 0.181641 0.781250 0.181641 0.783203 0.183594 0.785156 0.183594 0.787109 0.185547 0.787109 0.185547 0.785156 0.187500 0.783203 0.189453 0.783203 0.185547 0.779297
4 0.183594 0.798828 0.185547 0.800781 0.185547 0.798828
5 0.000000 0.277344 0.011719 0.330078 0.505859 0.505859 0.998047 0.714844 0.998047 0.666016 0.894531 0.593750 0.771484 0.566406 0.392578 0.410156
