0 0.000000 0.052734 0.126953 0.068359 0.330078 0.019531 0.468750 0.058594 0.751953 0.062500 0.904297 0.000000 0.000000 0.000000
0 0.000000 0.087891 0.003906 0.689453 0.117188 0.742188 0.154297 0.576172 0.257812 0.556641 0.267578 0.798828 0.291016 0.734375 0.324219 0.794922 0.332031 0.677734 0.369141 0.671875 0.392578 0.812500 0.527344 0.822266 0.500000 0.734375 0.423828 0.728516 0.419922 0.619141 0.494141 0.621094 0.517578 0.740234 0.498047 0.404297 0.587891 0.388672 0.638672 0.433594 0.644531 0.806641 0.720703 0.826172 0.730469 0.777344 0.742188 0.814453 0.875000 0.757812 0.902344 0.703125 0.750000 0.091797 0.324219 0.048828
0 0.783203 0.089844 0.779297 0.089844 0.781250 0.091797 0.781250 0.099609 0.781250 0.091797
0 0.998047 0.638672 0.996094 0.640625 0.996094 0.644531 0.988281 0.652344 0.986328 0.652344 0.984375 0.654297 0.980469 0.654297 0.978516 0.656250 0.976562 0.656250 0.974609 0.658203 0.972656 0.658203 0.968750 0.662109 0.966797 0.662109 0.974609 0.662109 0.976562 0.660156 0.978516 0.660156 0.976562 0.658203 0.978516 0.656250 0.982422 0.656250 0.984375 0.658203 0.984375 0.662109 0.986328 0.664062 0.986328 0.669922 0.988281 0.669922 0.994141 0.664062 0.994141 0.656250 0.992188 0.654297 0.992188 0.650391 0.996094 0.646484 0.998047 0.646484
0 0.238281 0.654297 0.236328 0.654297 0.236328 0.660156 0.238281 0.658203 0.240234 0.658203 0.240234 0.656250
0 0.933594 0.673828 0.931641 0.673828 0.929688 0.675781 0.925781 0.675781 0.923828 0.677734 0.921875 0.677734 0.919922 0.679688 0.917969 0.677734 0.917969 0.681641 0.919922 0.681641 0.919922 0.679688 0.921875 0.677734 0.925781 0.677734 0.927734 0.675781 0.931641 0.675781
0 0.992188 0.671875 0.992188 0.673828 0.994141 0.675781 0.988281 0.681641 0.992188 0.685547 0.992188 0.687500 0.996094 0.687500 0.998047 0.685547 0.998047 0.677734 0.996094 0.677734 0.994141 0.675781 0.994141 0.671875
0 0.968750 0.685547 0.968750 0.689453 0.970703 0.687500
0 0.916016 0.699219 0.912109 0.703125 0.908203 0.703125 0.906250 0.705078 0.908203 0.705078 0.910156 0.703125 0.912109 0.703125 0.914062 0.701172 0.916016 0.701172
0 0.335938 0.761719 0.335938 0.765625 0.337891 0.765625 0.339844 0.763672 0.343750 0.763672 0.343750 0.759766 0.337891 0.759766
0 0.781250 0.804688 0.781250 0.808594 0.791016 0.808594 0.792969 0.810547 0.802734 0.810547 0.804688 0.808594 0.800781 0.804688 0.798828 0.804688 0.794922 0.808594 0.789062 0.808594 0.787109 0.806641 0.787109 0.804688
0 0.820312 0.806641 0.820312 0.810547 0.824219 0.810547 0.826172 0.808594 0.830078 0.808594 0.832031 0.810547 0.832031 0.812500 0.833984 0.814453 0.835938 0.814453 0.835938 0.812500 0.837891 0.810547 0.837891 0.808594 0.839844 0.806641 0.837891 0.806641 0.835938 0.804688 0.826172 0.804688 0.824219 0.806641
0 0.736328 0.812500 0.734375 0.812500 0.734375 0.814453 0.730469 0.818359 0.730469 0.822266 0.728516 0.824219 0.728516 0.828125 0.730469 0.826172 0.734375 0.826172 0.736328 0.824219 0.738281 0.824219 0.740234 0.822266 0.740234 0.820312 0.738281 0.820312 0.736328 0.818359
0 0.656250 0.816406 0.656250 0.818359 0.658203 0.818359
0 0.822266 0.820312 0.820312 0.822266 0.818359 0.822266 0.818359 0.824219 0.820312 0.826172 0.822266 0.826172 0.824219 0.824219 0.824219 0.822266
0 0.830078 0.820312 0.830078 0.822266 0.832031 0.824219 0.833984 0.824219 0.835938 0.826172 0.839844 0.822266 0.837891 0.822266 0.835938 0.820312
0 0.525391 0.828125 0.527344 0.830078 0.527344 0.828125
2 0.800781 0.162109 0.798828 0.164062 0.798828 0.167969 0.802734 0.175781 0.804688 0.193359 0.810547 0.208984 0.808594 0.210938 0.812500 0.218750 0.814453 0.232422 0.816406 0.234375 0.826172 0.234375 0.828125 0.232422 0.841797 0.232422 0.843750 0.230469 0.853516 0.228516 0.855469 0.226562 0.855469 0.218750 0.849609 0.205078 0.849609 0.197266 0.847656 0.195312 0.847656 0.177734 0.845703 0.175781 0.843750 0.162109 0.841797 0.160156 0.814453 0.160156 0.812500 0.162109
2 0.966797 0.250000 0.964844 0.251953 0.960938 0.251953 0.960938 0.261719 0.962891 0.263672 0.962891 0.285156 0.964844 0.287109 0.966797 0.287109 0.968750 0.289062 0.974609 0.289062 0.976562 0.287109 0.980469 0.287109 0.980469 0.271484 0.978516 0.269531 0.978516 0.255859 0.976562 0.253906 0.976562 0.251953 0.974609 0.250000
2 0.833984 0.294922 0.832031 0.302734 0.835938 0.310547 0.833984 0.314453 0.837891 0.330078 0.849609 0.351562 0.853516 0.363281 0.851562 0.369141 0.859375 0.386719 0.871094 0.390625 0.880859 0.400391 0.900391 0.398438 0.917969 0.390625 0.923828 0.378906 0.921875 0.345703 0.931641 0.337891 0.927734 0.320312 0.921875 0.316406 0.896484 0.318359 0.888672 0.308594 0.884766 0.281250 0.861328 0.281250 0.853516 0.292969
2 0.542969 0.302734 0.542969 0.341797 0.544922 0.343750 0.544922 0.347656 0.548828 0.349609 0.550781 0.347656 0.558594 0.347656 0.564453 0.343750 0.570312 0.343750 0.574219 0.339844 0.578125 0.343750 0.580078 0.343750 0.583984 0.349609 0.587891 0.351562 0.595703 0.349609 0.595703 0.335938 0.597656 0.333984 0.597656 0.314453 0.589844 0.312500 0.587891 0.310547 0.578125 0.310547 0.576172 0.308594 0.572266 0.308594 0.568359 0.304688 0.568359 0.302734 0.564453 0.300781 0.544922 0.300781
2 0.503906 0.396484 0.501953 0.443359 0.517578 0.453125 0.529297 0.486328 0.523438 0.523438 0.503906 0.535156 0.521484 0.775391 0.541016 0.789062 0.542969 0.826172 0.625000 0.820312 0.640625 0.804688 0.626953 0.640625 0.632812 0.628906 0.625000 0.607422 0.634766 0.587891 0.611328 0.476562 0.613281 0.458984 0.630859 0.451172 0.636719 0.433594 0.621094 0.400391 0.587891 0.390625
2 0.968750 0.408203 0.970703 0.410156 0.962891 0.416016 0.957031 0.423828 0.958984 0.433594 0.962891 0.439453 0.962891 0.447266 0.955078 0.453125 0.955078 0.472656 0.966797 0.496094 0.972656 0.501953 0.982422 0.501953 0.998047 0.496094 0.998047 0.439453 0.994141 0.435547 0.990234 0.421875 0.982422 0.408203
2 0.875000 0.447266 0.875000 0.451172 0.878906 0.455078 0.878906 0.462891 0.880859 0.464844 0.880859 0.470703 0.882812 0.472656 0.896484 0.472656 0.900391 0.468750 0.902344 0.468750 0.902344 0.466797 0.904297 0.464844 0.904297 0.462891 0.902344 0.460938 0.902344 0.458984 0.900391 0.457031 0.900391 0.455078 0.896484 0.451172 0.894531 0.451172 0.890625 0.447266 0.888672 0.447266 0.886719 0.445312 0.876953 0.445312
2 0.882812 0.484375 0.882812 0.488281 0.880859 0.490234 0.880859 0.498047 0.882812 0.500000 0.882812 0.501953 0.884766 0.503906 0.898438 0.503906 0.898438 0.486328 0.896484 0.484375
2 0.232422 0.556641 0.228516 0.560547 0.224609 0.570312 0.224609 0.578125 0.226562 0.580078 0.226562 0.597656 0.224609 0.599609 0.224609 0.605469 0.226562 0.607422 0.226562 0.621094 0.224609 0.623047 0.226562 0.640625 0.232422 0.644531 0.269531 0.644531 0.273438 0.640625 0.277344 0.625000 0.275391 0.619141 0.269531 0.613281 0.267578 0.578125 0.265625 0.576172 0.263672 0.562500 0.255859 0.558594
2 0.156250 0.576172 0.156250 0.578125 0.154297 0.580078 0.154297 0.593750 0.156250 0.595703 0.156250 0.603516 0.158203 0.605469 0.162109 0.605469 0.164062 0.607422 0.199219 0.607422 0.201172 0.605469 0.201172 0.595703 0.199219 0.593750 0.199219 0.580078 0.195312 0.576172 0.173828 0.576172 0.171875 0.574219 0.160156 0.574219 0.158203 0.576172
2 0.201172 0.613281 0.181641 0.615234 0.164062 0.621094 0.156250 0.626953 0.150391 0.640625 0.150391 0.667969 0.148438 0.669922 0.148438 0.695312 0.150391 0.701172 0.156250 0.701172 0.158203 0.703125 0.160156 0.701172 0.162109 0.703125 0.187500 0.703125 0.189453 0.701172 0.205078 0.699219 0.205078 0.681641 0.203125 0.679688 0.201172 0.666016 0.207031 0.654297 0.207031 0.632812 0.203125 0.625000 0.203125 0.615234
2 0.431641 0.617188 0.427734 0.632812 0.427734 0.660156 0.431641 0.667969 0.449219 0.671875 0.427734 0.675781 0.425781 0.728516 0.429688 0.732422 0.498047 0.734375 0.501953 0.724609 0.501953 0.683594 0.498047 0.679688 0.460938 0.677734 0.451172 0.673828 0.453125 0.669922 0.488281 0.669922 0.488281 0.658203 0.482422 0.646484 0.486328 0.621094 0.478516 0.617188
2 0.705078 0.642578 0.728516 0.642578 0.730469 0.644531 0.748047 0.644531 0.753906 0.638672 0.753906 0.636719 0.755859 0.634766 0.755859 0.630859 0.753906 0.628906 0.753906 0.626953 0.750000 0.623047 0.750000 0.615234 0.710938 0.615234 0.708984 0.617188 0.708984 0.623047 0.707031 0.625000 0.707031 0.628906 0.705078 0.630859
2 0.769531 0.640625 0.769531 0.662109 0.773438 0.666016 0.833984 0.669922 0.785156 0.677734 0.781250 0.681641 0.781250 0.712891 0.828125 0.712891 0.861328 0.707031 0.859375 0.675781 0.853516 0.667969 0.863281 0.660156 0.859375 0.648438 0.828125 0.638672 0.775391 0.636719
2 0.337891 0.685547 0.332031 0.726562 0.333984 0.744141 0.341797 0.750000 0.359375 0.751953 0.349609 0.753906 0.349609 0.765625 0.335938 0.771484 0.333984 0.785156 0.326172 0.791016 0.324219 0.808594 0.326172 0.812500 0.349609 0.816406 0.380859 0.814453 0.380859 0.796875 0.361328 0.789062 0.365234 0.771484 0.369141 0.767578 0.369141 0.757812 0.363281 0.753906 0.375000 0.750000 0.380859 0.738281 0.380859 0.701172 0.363281 0.685547
2 0.982422 0.687500 0.976562 0.687500 0.974609 0.689453 0.970703 0.701172 0.964844 0.707031 0.953125 0.712891 0.939453 0.712891 0.935547 0.720703 0.919922 0.732422 0.919922 0.740234 0.931641 0.748047 0.937500 0.753906 0.939453 0.759766 0.947266 0.765625 0.957031 0.763672 0.976562 0.744141 0.976562 0.742188 0.998047 0.718750 0.998047 0.701172
2 0.019531 0.701172 0.017578 0.708984 0.007812 0.714844 0.009766 0.730469 0.011719 0.734375 0.017578 0.738281 0.019531 0.748047 0.023438 0.750000 0.048828 0.748047 0.048828 0.738281 0.050781 0.736328 0.052734 0.738281 0.050781 0.765625 0.054688 0.769531 0.074219 0.769531 0.074219 0.736328 0.070312 0.732422 0.060547 0.732422 0.058594 0.730469 0.058594 0.720703 0.046875 0.701172
2 0.152344 0.722656 0.150391 0.728516 0.150391 0.742188 0.152344 0.744141 0.152344 0.779297 0.156250 0.785156 0.156250 0.789062 0.160156 0.791016 0.207031 0.791016 0.212891 0.787109 0.210938 0.785156 0.212891 0.783203 0.210938 0.781250 0.212891 0.779297 0.210938 0.775391 0.212891 0.769531 0.210938 0.767578 0.216797 0.751953 0.214844 0.750000 0.214844 0.738281 0.218750 0.730469 0.208984 0.726562 0.191406 0.726562 0.185547 0.722656 0.177734 0.722656 0.175781 0.720703 0.156250 0.720703
2 0.291016 0.785156 0.289062 0.787109 0.289062 0.800781 0.287109 0.802734 0.287109 0.806641 0.291016 0.810547 0.302734 0.810547 0.304688 0.812500 0.306641 0.810547 0.312500 0.810547 0.312500 0.804688 0.314453 0.802734 0.314453 0.789062 0.310547 0.785156
2 0.000000 0.837891 0.000000 0.898438 0.007812 0.902344 0.029297 0.902344 0.041016 0.912109 0.054688 0.914062 0.109375 0.904297 0.166016 0.900391 0.183594 0.892578 0.181641 0.878906 0.167969 0.869141 0.164062 0.859375 0.167969 0.830078 0.164062 0.806641 0.060547 0.800781 0.054688 0.808594 0.048828 0.804688 0.046875 0.845703 0.033203 0.847656 0.019531 0.837891
2 0.935547 0.816406 0.933594 0.814453 0.927734 0.814453 0.914062 0.804688 0.908203 0.804688 0.906250 0.802734 0.873047 0.804688 0.865234 0.810547 0.863281 0.816406 0.863281 0.830078 0.861328 0.835938 0.853516 0.841797 0.851562 0.845703 0.853516 0.847656 0.851562 0.853516 0.857422 0.859375 0.867188 0.859375 0.869141 0.861328 0.878906 0.861328 0.886719 0.865234 0.896484 0.865234 0.902344 0.849609 0.916016 0.837891 0.917969 0.832031 0.921875 0.828125 0.933594 0.828125 0.937500 0.824219
2 0.410156 0.826172 0.408203 0.857422 0.412109 0.861328 0.458984 0.861328 0.460938 0.859375 0.464844 0.861328 0.494141 0.861328 0.496094 0.859375 0.513672 0.859375 0.515625 0.857422 0.515625 0.835938 0.509766 0.833984 0.505859 0.835938 0.496094 0.830078 0.468750 0.830078 0.460938 0.826172 0.445312 0.826172 0.443359 0.824219 0.431641 0.824219 0.429688 0.822266 0.412109 0.822266
2 0.390625 0.826172 0.388672 0.824219 0.335938 0.826172 0.333984 0.828125 0.318359 0.828125 0.304688 0.832031 0.302734 0.833984 0.302734 0.859375 0.306641 0.873047 0.312500 0.878906 0.328125 0.878906 0.330078 0.876953 0.343750 0.876953 0.355469 0.873047 0.390625 0.871094 0.392578 0.869141
2 0.519531 0.937500 0.513672 0.937500 0.511719 0.939453 0.496094 0.939453 0.494141 0.941406 0.474609 0.941406 0.470703 0.945312 0.470703 0.958984 0.476562 0.972656 0.484375 0.980469 0.488281 0.988281 0.500000 0.998047 0.507812 0.994141 0.509766 0.990234 0.517578 0.986328 0.523438 0.986328 0.531250 0.980469 0.531250 0.972656 0.529297 0.970703 0.527344 0.955078 0.525391 0.953125 0.523438 0.943359
2 0.533203 0.960938 0.535156 0.970703 0.539062 0.976562 0.541016 0.988281 0.548828 0.998047 0.578125 0.998047 0.578125 0.996094 0.583984 0.992188 0.591797 0.992188 0.593750 0.990234 0.603516 0.990234 0.607422 0.988281 0.605469 0.970703 0.603516 0.968750 0.603516 0.960938 0.601562 0.958984 0.601562 0.943359 0.597656 0.937500 0.564453 0.937500 0.560547 0.939453 0.558594 0.949219 0.550781 0.957031 0.542969 0.957031 0.541016 0.958984 0.537109 0.957031
2 0.279297 0.949219 0.277344 0.955078 0.279297 0.960938 0.275391 0.970703 0.279297 0.984375 0.277344 0.986328 0.277344 0.998047 0.343750 0.998047 0.343750 0.988281 0.339844 0.982422 0.339844 0.968750 0.337891 0.966797 0.318359 0.966797 0.316406 0.968750 0.316406 0.984375 0.314453 0.986328 0.310547 0.976562 0.310547 0.964844 0.304688 0.945312 0.302734 0.943359 0.298828 0.945312 0.292969 0.943359
4 0.998047 0.000000 0.943359 0.000000 0.781250 0.103516 0.796875 0.162109 0.845703 0.162109 0.857422 0.226562 0.814453 0.234375 0.832031 0.294922 0.884766 0.279297 0.896484 0.316406 0.933594 0.330078 0.917969 0.392578 0.880859 0.402344 0.851562 0.373047 0.873047 0.447266 0.906250 0.462891 0.882812 0.474609 0.873047 0.453125 0.878906 0.496094 0.900391 0.486328 0.898438 0.505859 0.880859 0.501953 0.917969 0.675781 0.998047 0.636719 0.998047 0.498047 0.972656 0.503906 0.953125 0.472656 0.968750 0.406250 0.998047 0.437500
4 0.890625 0.005859 0.888672 0.005859 0.886719 0.007812 0.884766 0.007812 0.882812 0.009766 0.880859 0.007812 0.875000 0.013672 0.871094 0.013672 0.869141 0.015625 0.867188 0.015625 0.865234 0.017578 0.867188 0.017578 0.869141 0.015625 0.873047 0.015625 0.875000 0.013672 0.876953 0.013672 0.878906 0.011719 0.880859 0.011719 0.884766 0.007812 0.888672 0.007812
4 0.861328 0.019531 0.857422 0.023438 0.853516 0.023438 0.851562 0.025391 0.849609 0.025391 0.849609 0.027344 0.851562 0.027344 0.855469 0.023438 0.857422 0.023438
4 0.878906 0.617188 0.876953 0.619141 0.861328 0.619141 0.859375 0.621094 0.859375 0.623047 0.867188 0.623047 0.869141 0.621094 0.871094 0.621094 0.873047 0.623047 0.875000 0.623047 0.876953 0.625000 0.878906 0.625000 0.876953 0.623047 0.878906 0.621094 0.876953 0.619141
4 0.792969 0.626953 0.792969 0.630859 0.794922 0.630859 0.794922 0.626953
4 0.878906 0.634766 0.878906 0.652344 0.880859 0.654297 0.880859 0.667969 0.876953 0.671875 0.873047 0.671875 0.873047 0.683594 0.876953 0.689453 0.875000 0.691406 0.876953 0.693359 0.880859 0.693359 0.880859 0.687500 0.882812 0.685547 0.888672 0.687500 0.888672 0.685547 0.886719 0.683594 0.886719 0.675781 0.884766 0.673828 0.884766 0.669922 0.882812 0.667969 0.882812 0.662109 0.880859 0.660156 0.880859 0.658203 0.882812 0.656250 0.880859 0.654297 0.880859 0.650391 0.878906 0.648438 0.880859 0.646484 0.878906 0.644531 0.880859 0.642578 0.880859 0.640625 0.878906 0.638672
4 0.865234 0.640625 0.863281 0.642578 0.863281 0.644531 0.865234 0.644531
4 0.871094 0.640625 0.871094 0.644531 0.873047 0.644531 0.873047 0.640625
4 0.994141 0.689453 0.994141 0.691406 0.996094 0.693359 0.998047 0.693359 0.998047 0.689453
4 0.888672 0.703125 0.878906 0.703125 0.876953 0.701172 0.875000 0.703125 0.865234 0.703125 0.863281 0.705078 0.867188 0.705078 0.869141 0.707031 0.886719 0.707031 0.888672 0.705078
5 0.917969 0.695312 0.777344 0.089844 0.941406 0.000000 0.751953 0.064453 0.468750 0.060547 0.330078 0.021484 0.126953 0.070312 0.000000 0.054688 0.000000 0.085938 0.080078 0.097656 0.312500 0.046875 0.466797 0.085938 0.750000 0.089844 0.888672 0.683594
5 0.000000 0.972656 0.240234 0.947266 0.242188 0.998047 0.269531 0.998047 0.279297 0.945312 0.599609 0.896484 0.998047 0.923828 0.998047 0.900391 0.621094 0.869141 0.292969 0.917969 0.240234 0.818359 0.230469 0.724609 0.212891 0.798828 0.248047 0.906250 0.000000 0.943359
