0 0.132812 0.009766 0.130859 0.009766 0.128906 0.011719 0.119141 0.011719 0.117188 0.013672 0.123047 0.013672 0.125000 0.011719 0.132812 0.011719
0 0.162109 0.011719 0.164062 0.013672 0.166016 0.013672 0.167969 0.011719 0.171875 0.011719 0.173828 0.013672 0.193359 0.013672 0.195312 0.011719 0.193359 0.009766 0.183594 0.009766 0.181641 0.007812 0.169922 0.007812 0.167969 0.009766 0.164062 0.009766
0 0.001953 0.064453 0.007812 0.082031 0.044922 0.085938 0.058594 0.103516 0.103516 0.099609 0.136719 0.076172 0.150391 0.076172 0.162109 0.085938 0.226562 0.085938 0.255859 0.074219 0.246094 0.070312 0.220703 0.023438 0.193359 0.021484 0.154297 0.027344 0.089844 0.019531 0.039062 0.023438 0.013672 0.041016 0.009766 0.031250
0 0.890625 0.158203 0.867188 0.167969 0.865234 0.171875 0.865234 0.199219 0.863281 0.201172 0.865234 0.203125 0.865234 0.218750 0.863281 0.220703 0.863281 0.234375 0.867188 0.244141 0.878906 0.244141 0.890625 0.250000 0.908203 0.250000 0.914062 0.242188 0.916016 0.187500 0.914062 0.181641 0.906250 0.173828 0.900391 0.158203
0 0.556641 0.359375 0.546875 0.363281 0.539062 0.376953 0.539062 0.423828 0.541016 0.427734 0.550781 0.429688 0.556641 0.435547 0.556641 0.449219 0.546875 0.457031 0.548828 0.464844 0.552734 0.466797 0.554688 0.472656 0.566406 0.474609 0.580078 0.466797 0.589844 0.464844 0.593750 0.447266 0.591797 0.439453 0.578125 0.433594 0.574219 0.414062 0.576172 0.406250 0.591797 0.396484 0.593750 0.386719 0.591797 0.382812 0.580078 0.376953 0.568359 0.361328
0 0.570312 0.511719 0.564453 0.500000 0.566406 0.498047 0.564453 0.496094 0.564453 0.486328 0.550781 0.476562 0.535156 0.476562 0.527344 0.480469 0.511719 0.482422 0.500000 0.488281 0.492188 0.488281 0.484375 0.503906 0.490234 0.509766 0.496094 0.511719 0.500000 0.515625 0.560547 0.517578
0 0.175781 0.671875 0.167969 0.666016 0.158203 0.666016 0.154297 0.671875 0.150391 0.671875 0.148438 0.673828 0.144531 0.673828 0.142578 0.671875 0.119141 0.671875 0.111328 0.679688 0.111328 0.687500 0.113281 0.689453 0.113281 0.693359 0.125000 0.705078 0.126953 0.708984 0.138672 0.708984 0.142578 0.705078 0.146484 0.705078 0.156250 0.710938 0.164062 0.712891 0.166016 0.710938 0.171875 0.710938 0.175781 0.708984 0.179688 0.703125 0.179688 0.683594 0.177734 0.681641
0 0.000000 0.667969 0.000000 0.705078 0.013672 0.705078 0.015625 0.703125 0.021484 0.703125 0.023438 0.701172 0.025391 0.701172 0.031250 0.695312 0.031250 0.683594 0.027344 0.679688 0.025391 0.679688 0.023438 0.677734 0.021484 0.677734 0.019531 0.675781 0.017578 0.675781 0.015625 0.673828 0.013672 0.673828 0.011719 0.671875 0.009766 0.671875 0.003906 0.667969
0 0.208984 0.677734 0.208984 0.689453 0.214844 0.699219 0.228516 0.708984 0.246094 0.716797 0.251953 0.724609 0.255859 0.726562 0.263672 0.726562 0.277344 0.718750 0.277344 0.687500 0.275391 0.685547 0.275391 0.681641 0.267578 0.673828 0.253906 0.667969 0.234375 0.667969 0.232422 0.669922 0.218750 0.671875
0 0.150391 0.787109 0.160156 0.800781 0.179688 0.808594 0.197266 0.808594 0.207031 0.814453 0.228516 0.816406 0.236328 0.810547 0.255859 0.804688 0.255859 0.800781 0.244141 0.787109 0.242188 0.771484 0.236328 0.763672 0.212891 0.765625 0.203125 0.761719 0.193359 0.761719 0.181641 0.773438 0.171875 0.771484 0.166016 0.767578 0.158203 0.767578 0.154297 0.771484
0 0.074219 0.765625 0.074219 0.781250 0.076172 0.783203 0.078125 0.789062 0.087891 0.800781 0.089844 0.800781 0.091797 0.802734 0.101562 0.802734 0.103516 0.804688 0.119141 0.804688 0.121094 0.802734 0.125000 0.802734 0.130859 0.796875 0.130859 0.794922 0.132812 0.792969 0.132812 0.783203 0.121094 0.769531 0.117188 0.769531 0.115234 0.767578 0.111328 0.767578 0.109375 0.765625 0.095703 0.765625 0.093750 0.767578 0.091797 0.767578 0.089844 0.765625
0 0.203125 0.925781 0.199219 0.927734 0.199219 0.933594 0.197266 0.937500 0.193359 0.941406 0.191406 0.941406 0.189453 0.947266 0.193359 0.955078 0.197266 0.958984 0.201172 0.966797 0.201172 0.970703 0.205078 0.974609 0.205078 0.976562 0.212891 0.982422 0.224609 0.984375 0.228516 0.982422 0.244141 0.964844 0.250000 0.962891 0.253906 0.957031 0.250000 0.951172 0.234375 0.943359 0.226562 0.935547 0.226562 0.933594 0.218750 0.927734
1 0.542969 0.927734 0.542969 0.980469 0.548828 0.984375 0.664062 0.986328 0.669922 0.982422 0.669922 0.939453 0.667969 0.929688 0.664062 0.925781 0.591797 0.925781 0.589844 0.923828
2 0.628906 0.000000 0.628906 0.035156 0.630859 0.037109 0.630859 0.041016 0.632812 0.044922 0.636719 0.048828 0.648438 0.048828 0.650391 0.046875 0.654297 0.046875 0.654297 0.037109 0.658203 0.031250 0.662109 0.031250 0.664062 0.029297 0.669922 0.029297 0.671875 0.027344 0.677734 0.027344 0.679688 0.025391 0.677734 0.021484 0.677734 0.003906 0.673828 0.000000
2 0.736328 0.015625 0.738281 0.019531 0.736328 0.021484 0.738281 0.023438 0.736328 0.025391 0.738281 0.027344 0.738281 0.035156 0.740234 0.039062 0.742188 0.037109 0.755859 0.037109 0.757812 0.035156 0.777344 0.037109 0.785156 0.041016 0.802734 0.041016 0.804688 0.039062 0.804688 0.023438 0.802734 0.021484 0.802734 0.017578 0.796875 0.011719 0.791016 0.000000 0.769531 0.000000 0.773438 0.000000 0.777344 0.007812 0.773438 0.011719 0.767578 0.011719 0.761719 0.015625 0.740234 0.015625 0.738281 0.013672
2 0.806641 0.000000 0.806641 0.011719 0.808594 0.013672 0.808594 0.019531 0.812500 0.025391 0.830078 0.025391 0.832031 0.023438 0.833984 0.025391 0.843750 0.025391 0.845703 0.023438 0.851562 0.023438 0.853516 0.025391 0.855469 0.023438 0.857422 0.025391 0.869141 0.025391 0.871094 0.023438 0.878906 0.023438 0.880859 0.019531 0.880859 0.013672 0.884766 0.007812 0.884766 0.001953 0.882812 0.000000
2 0.617188 0.023438 0.609375 0.017578 0.605469 0.017578 0.603516 0.019531 0.574219 0.019531 0.572266 0.021484 0.568359 0.021484 0.564453 0.027344 0.564453 0.066406 0.572266 0.070312 0.585938 0.070312 0.587891 0.068359 0.601562 0.066406 0.621094 0.056641 0.623047 0.050781 0.621094 0.048828 0.619141 0.037109 0.617188 0.035156
2 0.484375 0.027344 0.464844 0.027344 0.462891 0.029297 0.457031 0.029297 0.455078 0.031250 0.443359 0.033203 0.435547 0.039062 0.435547 0.046875 0.437500 0.048828 0.437500 0.062500 0.441406 0.072266 0.451172 0.076172 0.449219 0.078125 0.451172 0.082031 0.451172 0.091797 0.458984 0.091797 0.460938 0.089844 0.466797 0.089844 0.476562 0.085938 0.484375 0.085938 0.490234 0.082031 0.488281 0.080078 0.488281 0.062500 0.490234 0.060547 0.488281 0.056641 0.490234 0.052734 0.488281 0.046875 0.490234 0.042969 0.488281 0.041016 0.488281 0.031250
2 0.935547 0.039062 0.935547 0.042969 0.933594 0.044922 0.933594 0.050781 0.931641 0.052734 0.931641 0.072266 0.937500 0.076172 0.976562 0.076172 0.982422 0.072266 0.984375 0.068359 0.984375 0.041016 0.980469 0.037109 0.976562 0.035156 0.968750 0.035156 0.966797 0.033203 0.945312 0.033203
2 0.886719 0.050781 0.876953 0.046875 0.835938 0.044922 0.746094 0.056641 0.744141 0.064453 0.751953 0.089844 0.750000 0.093750 0.751953 0.097656 0.802734 0.091797 0.812500 0.087891 0.861328 0.085938 0.888672 0.072266 0.890625 0.064453
2 0.367188 0.048828 0.357422 0.048828 0.351562 0.052734 0.322266 0.060547 0.318359 0.064453 0.318359 0.076172 0.337891 0.103516 0.333984 0.107422 0.333984 0.113281 0.339844 0.119141 0.345703 0.136719 0.353516 0.146484 0.359375 0.166016 0.398438 0.148438 0.402344 0.142578 0.396484 0.123047 0.396484 0.093750 0.378906 0.082031 0.373047 0.066406 0.373047 0.058594
2 0.578125 0.076172 0.576172 0.089844 0.572266 0.093750 0.570312 0.093750 0.570312 0.097656 0.568359 0.099609 0.570312 0.111328 0.574219 0.119141 0.574219 0.125000 0.591797 0.125000 0.593750 0.123047 0.607422 0.123047 0.615234 0.119141 0.621094 0.119141 0.625000 0.115234 0.625000 0.080078 0.623047 0.078125 0.617188 0.078125 0.615234 0.076172 0.609375 0.076172 0.607422 0.074219 0.587891 0.074219 0.585938 0.076172
2 0.630859 0.078125 0.628906 0.082031 0.628906 0.107422 0.632812 0.115234 0.636719 0.115234 0.638672 0.117188 0.652344 0.117188 0.654297 0.115234 0.671875 0.115234 0.673828 0.113281 0.677734 0.113281 0.685547 0.109375 0.685547 0.105469 0.683594 0.103516 0.683594 0.095703 0.681641 0.093750 0.681641 0.078125 0.675781 0.074219 0.638672 0.074219
2 0.212891 0.099609 0.201172 0.101562 0.199219 0.103516 0.195312 0.101562 0.183594 0.101562 0.171875 0.109375 0.169922 0.126953 0.171875 0.128906 0.171875 0.146484 0.173828 0.148438 0.173828 0.154297 0.185547 0.162109 0.201172 0.162109 0.238281 0.142578 0.230469 0.136719 0.226562 0.113281 0.216797 0.103516 0.216797 0.101562
2 0.435547 0.103516 0.435547 0.134766 0.437500 0.136719 0.437500 0.144531 0.439453 0.146484 0.441406 0.154297 0.445312 0.154297 0.447266 0.156250 0.455078 0.156250 0.458984 0.158203 0.460938 0.156250 0.464844 0.156250 0.474609 0.144531 0.482422 0.144531 0.484375 0.142578 0.488281 0.142578 0.490234 0.138672 0.490234 0.130859 0.492188 0.128906 0.492188 0.113281 0.486328 0.109375 0.478516 0.109375 0.476562 0.107422 0.472656 0.107422 0.466797 0.101562 0.458984 0.097656 0.443359 0.097656
2 0.941406 0.107422 0.941406 0.140625 0.945312 0.144531 0.958984 0.144531 0.960938 0.142578 0.982422 0.142578 0.984375 0.140625 0.988281 0.140625 0.992188 0.138672 0.996094 0.134766 0.994141 0.130859 0.994141 0.123047 0.992188 0.121094 0.994141 0.119141 0.994141 0.105469 0.992188 0.103516 0.982422 0.103516 0.980469 0.101562 0.968750 0.101562 0.966797 0.099609 0.951172 0.099609
2 0.828125 0.119141 0.822266 0.125000 0.822266 0.138672 0.820312 0.140625 0.820312 0.150391 0.818359 0.152344 0.820312 0.154297 0.822266 0.181641 0.826172 0.189453 0.828125 0.210938 0.832031 0.214844 0.837891 0.214844 0.839844 0.212891 0.849609 0.212891 0.847656 0.205078 0.855469 0.195312 0.855469 0.187500 0.857422 0.185547 0.859375 0.169922 0.861328 0.167969 0.859375 0.162109 0.859375 0.142578 0.865234 0.130859 0.857422 0.121094
2 0.751953 0.126953 0.753906 0.130859 0.751953 0.132812 0.753906 0.136719 0.751953 0.138672 0.753906 0.142578 0.751953 0.144531 0.753906 0.148438 0.751953 0.150391 0.753906 0.154297 0.751953 0.156250 0.755859 0.162109 0.759766 0.164062 0.765625 0.164062 0.767578 0.166016 0.791016 0.166016 0.792969 0.164062 0.804688 0.164062 0.812500 0.160156 0.812500 0.132812 0.808594 0.128906 0.808594 0.126953 0.804688 0.126953 0.802734 0.125000 0.794922 0.125000 0.792969 0.123047 0.773438 0.123047 0.771484 0.125000 0.755859 0.125000
2 0.582031 0.150391 0.582031 0.160156 0.583984 0.162109 0.583984 0.167969 0.585938 0.169922 0.583984 0.171875 0.585938 0.173828 0.585938 0.177734 0.583984 0.179688 0.585938 0.181641 0.585938 0.183594 0.583984 0.185547 0.585938 0.187500 0.591797 0.187500 0.593750 0.185547 0.609375 0.185547 0.611328 0.183594 0.625000 0.183594 0.625000 0.181641 0.626953 0.179688 0.626953 0.175781 0.625000 0.173828 0.625000 0.148438 0.623047 0.148438 0.621094 0.146484 0.593750 0.146484 0.591797 0.148438 0.583984 0.148438
2 0.642578 0.148438 0.642578 0.179688 0.644531 0.181641 0.644531 0.187500 0.646484 0.189453 0.660156 0.189453 0.662109 0.187500 0.687500 0.187500 0.691406 0.185547 0.691406 0.150391 0.689453 0.146484 0.646484 0.146484
2 0.515625 0.171875 0.511719 0.167969 0.507812 0.166016 0.501953 0.166016 0.500000 0.164062 0.496094 0.164062 0.494141 0.166016 0.478516 0.166016 0.476562 0.167969 0.470703 0.167969 0.466797 0.173828 0.466797 0.177734 0.462891 0.185547 0.464844 0.189453 0.464844 0.201172 0.466797 0.203125 0.466797 0.207031 0.468750 0.210938 0.472656 0.212891 0.480469 0.208984 0.490234 0.208984 0.492188 0.207031 0.498047 0.207031 0.500000 0.205078 0.505859 0.205078 0.507812 0.203125 0.513672 0.203125 0.519531 0.199219 0.519531 0.189453 0.517578 0.187500 0.517578 0.179688 0.515625 0.177734
2 0.427734 0.173828 0.408203 0.173828 0.406250 0.175781 0.402344 0.175781 0.400391 0.177734 0.396484 0.177734 0.394531 0.179688 0.388672 0.179688 0.386719 0.181641 0.382812 0.181641 0.378906 0.183594 0.378906 0.187500 0.376953 0.189453 0.376953 0.208984 0.380859 0.216797 0.382812 0.218750 0.396484 0.218750 0.398438 0.216797 0.412109 0.216797 0.414062 0.214844 0.421875 0.214844 0.423828 0.212891 0.427734 0.212891 0.433594 0.205078 0.433594 0.199219 0.431641 0.197266 0.431641 0.179688
2 0.931641 0.179688 0.933594 0.181641 0.931641 0.183594 0.933594 0.185547 0.931641 0.187500 0.933594 0.191406 0.931641 0.193359 0.933594 0.195312 0.931641 0.197266 0.933594 0.201172 0.931641 0.203125 0.935547 0.207031 0.939453 0.208984 0.947266 0.208984 0.955078 0.214844 0.994141 0.214844 0.998047 0.212891 0.998047 0.177734 0.996094 0.175781 0.966797 0.175781 0.964844 0.173828 0.957031 0.173828 0.955078 0.175781 0.945312 0.175781 0.943359 0.177734 0.933594 0.177734
2 0.201172 0.189453 0.201172 0.201172 0.199219 0.203125 0.201172 0.218750 0.208984 0.228516 0.208984 0.232422 0.214844 0.238281 0.232422 0.238281 0.234375 0.236328 0.246094 0.234375 0.255859 0.228516 0.267578 0.226562 0.275391 0.216797 0.275391 0.208984 0.269531 0.201172 0.267578 0.193359 0.265625 0.195312 0.265625 0.199219 0.261719 0.203125 0.253906 0.203125 0.246094 0.195312 0.248047 0.187500 0.236328 0.187500 0.234375 0.189453 0.232422 0.187500 0.224609 0.187500 0.222656 0.189453 0.207031 0.187500 0.205078 0.189453
2 0.810547 0.191406 0.808594 0.189453 0.804688 0.189453 0.802734 0.191406 0.792969 0.191406 0.791016 0.193359 0.777344 0.193359 0.775391 0.195312 0.765625 0.195312 0.759766 0.201172 0.759766 0.230469 0.763672 0.236328 0.769531 0.236328 0.771484 0.234375 0.808594 0.234375 0.812500 0.232422 0.812500 0.220703 0.810547 0.218750
2 0.636719 0.212891 0.626953 0.212891 0.625000 0.210938 0.621094 0.212891 0.619141 0.210938 0.613281 0.210938 0.605469 0.216797 0.597656 0.220703 0.593750 0.220703 0.591797 0.224609 0.593750 0.226562 0.593750 0.230469 0.589844 0.234375 0.589844 0.238281 0.591797 0.240234 0.589844 0.242188 0.589844 0.246094 0.591797 0.248047 0.589844 0.250000 0.591797 0.253906 0.589844 0.255859 0.591797 0.257812 0.591797 0.265625 0.593750 0.269531 0.607422 0.269531 0.609375 0.267578 0.636719 0.265625 0.642578 0.261719 0.638672 0.257812 0.638672 0.253906 0.636719 0.251953 0.636719 0.242188 0.640625 0.232422 0.642578 0.230469 0.648438 0.232422 0.648438 0.228516 0.644531 0.228516 0.638672 0.224609 0.638672 0.216797
2 0.691406 0.218750 0.675781 0.212891 0.658203 0.212891 0.654297 0.289062 0.646484 0.314453 0.630859 0.291016 0.599609 0.291016 0.603516 0.337891 0.646484 0.337891 0.650391 0.318359 0.658203 0.324219 0.667969 0.324219 0.664062 0.330078 0.654297 0.328125 0.652344 0.333984 0.673828 0.332031 0.677734 0.324219 0.693359 0.322266 0.695312 0.316406 0.687500 0.296875 0.699219 0.291016 0.701172 0.271484 0.691406 0.263672
2 0.988281 0.224609 0.978516 0.228516 0.974609 0.226562 0.968750 0.228516 0.970703 0.230469 0.964844 0.234375 0.955078 0.232422 0.953125 0.234375 0.953125 0.240234 0.947266 0.246094 0.947266 0.267578 0.953125 0.285156 0.951172 0.287109 0.953125 0.289062 0.951172 0.291016 0.953125 0.292969 0.951172 0.294922 0.953125 0.300781 0.960938 0.300781 0.972656 0.296875 0.966797 0.294922 0.966797 0.291016 0.970703 0.287109 0.974609 0.289062 0.976562 0.285156 0.980469 0.285156 0.984375 0.281250 0.998047 0.279297 0.998047 0.238281 0.990234 0.232422 0.990234 0.226562
2 0.457031 0.234375 0.453125 0.234375 0.451172 0.232422 0.447266 0.234375 0.441406 0.234375 0.439453 0.236328 0.429688 0.238281 0.423828 0.242188 0.419922 0.242188 0.412109 0.246094 0.408203 0.253906 0.408203 0.263672 0.412109 0.263672 0.417969 0.269531 0.419922 0.273438 0.419922 0.277344 0.431641 0.283203 0.437500 0.283203 0.439453 0.281250 0.443359 0.281250 0.449219 0.277344 0.453125 0.277344 0.460938 0.273438 0.464844 0.269531 0.466797 0.269531 0.468750 0.265625 0.466797 0.263672 0.466797 0.257812 0.464844 0.255859 0.462891 0.246094
2 0.498047 0.238281 0.498047 0.240234 0.496094 0.242188 0.496094 0.263672 0.498047 0.265625 0.498047 0.271484 0.501953 0.277344 0.537109 0.277344 0.539062 0.275391 0.542969 0.275391 0.544922 0.273438 0.544922 0.251953 0.542969 0.250000 0.542969 0.244141 0.537109 0.236328 0.531250 0.236328 0.529297 0.234375 0.503906 0.234375
2 0.220703 0.248047 0.218750 0.257812 0.222656 0.271484 0.222656 0.287109 0.232422 0.304688 0.236328 0.322266 0.240234 0.326172 0.273438 0.322266 0.283203 0.328125 0.281250 0.333984 0.285156 0.339844 0.287109 0.328125 0.292969 0.316406 0.291016 0.314453 0.292969 0.296875 0.289062 0.294922 0.291016 0.287109 0.285156 0.275391 0.285156 0.267578 0.285156 0.281250 0.281250 0.285156 0.277344 0.285156 0.273438 0.281250 0.273438 0.259766 0.271484 0.257812 0.263672 0.259766 0.259766 0.255859 0.257812 0.248047 0.251953 0.246094
2 0.880859 0.255859 0.865234 0.253906 0.833984 0.257812 0.826172 0.285156 0.824219 0.271484 0.818359 0.265625 0.763672 0.265625 0.763672 0.318359 0.779297 0.328125 0.806641 0.328125 0.812500 0.322266 0.830078 0.318359 0.830078 0.294922 0.833984 0.300781 0.849609 0.300781 0.882812 0.292969 0.884766 0.273438
2 0.544922 0.298828 0.529297 0.296875 0.505859 0.302734 0.505859 0.312500 0.500000 0.300781 0.460938 0.300781 0.441406 0.312500 0.435547 0.328125 0.449219 0.355469 0.466797 0.349609 0.480469 0.349609 0.482422 0.341797 0.488281 0.335938 0.500000 0.332031 0.496094 0.320312 0.501953 0.314453 0.505859 0.322266 0.509766 0.316406 0.511719 0.318359 0.511719 0.349609 0.529297 0.351562 0.552734 0.339844 0.550781 0.322266 0.542969 0.312500
2 0.998047 0.353516 0.994141 0.353516 0.992188 0.355469 0.982422 0.355469 0.978516 0.351562 0.976562 0.351562 0.974609 0.353516 0.962891 0.353516 0.958984 0.355469 0.958984 0.380859 0.960938 0.382812 0.962891 0.400391 0.966797 0.404297 0.976562 0.404297 0.978516 0.402344 0.992188 0.402344 0.994141 0.400391 0.998047 0.400391
2 0.250000 0.363281 0.250000 0.388672 0.251953 0.390625 0.251953 0.398438 0.255859 0.404297 0.267578 0.404297 0.269531 0.402344 0.281250 0.402344 0.283203 0.400391 0.294922 0.400391 0.294922 0.398438 0.296875 0.396484 0.296875 0.384766 0.294922 0.382812 0.294922 0.375000 0.292969 0.373047 0.292969 0.361328 0.291016 0.361328 0.289062 0.359375 0.261719 0.359375 0.259766 0.361328 0.251953 0.361328
2 0.900391 0.365234 0.900391 0.371094 0.898438 0.373047 0.898438 0.376953 0.894531 0.380859 0.894531 0.388672 0.898438 0.388672 0.900391 0.386719 0.906250 0.386719 0.908203 0.388672 0.908203 0.396484 0.912109 0.400391 0.912109 0.404297 0.927734 0.404297 0.929688 0.402344 0.941406 0.402344 0.945312 0.398438 0.945312 0.373047 0.943359 0.371094 0.943359 0.363281 0.941406 0.361328 0.916016 0.361328 0.914062 0.363281 0.902344 0.363281
2 0.890625 0.363281 0.888672 0.365234 0.855469 0.363281 0.849609 0.378906 0.851562 0.384766 0.849609 0.398438 0.845703 0.390625 0.845703 0.382812 0.839844 0.378906 0.828125 0.378906 0.818359 0.373047 0.796875 0.376953 0.794922 0.396484 0.800781 0.419922 0.806641 0.425781 0.832031 0.425781 0.849609 0.421875 0.853516 0.412109 0.857422 0.419922 0.882812 0.417969 0.894531 0.414062 0.894531 0.406250 0.888672 0.390625
2 0.535156 0.380859 0.531250 0.375000 0.525391 0.375000 0.517578 0.367188 0.511719 0.367188 0.505859 0.371094 0.501953 0.369141 0.490234 0.369141 0.488281 0.371094 0.474609 0.373047 0.466797 0.376953 0.462891 0.384766 0.451172 0.392578 0.457031 0.406250 0.458984 0.406250 0.464844 0.412109 0.470703 0.414062 0.476562 0.419922 0.480469 0.419922 0.482422 0.417969 0.503906 0.414062 0.521484 0.404297 0.527344 0.404297 0.533203 0.400391 0.531250 0.394531 0.535156 0.386719
2 0.738281 0.388672 0.736328 0.396484 0.738281 0.398438 0.738281 0.404297 0.744141 0.416016 0.744141 0.421875 0.748047 0.429688 0.759766 0.429688 0.761719 0.427734 0.785156 0.427734 0.783203 0.423828 0.783203 0.410156 0.781250 0.408203 0.781250 0.390625 0.785156 0.384766 0.785156 0.378906 0.777344 0.375000 0.759766 0.375000 0.753906 0.382812 0.750000 0.384766 0.742188 0.384766
2 0.718750 0.384766 0.714844 0.386719 0.707031 0.386719 0.699219 0.390625 0.689453 0.390625 0.687500 0.392578 0.687500 0.433594 0.691406 0.441406 0.712891 0.441406 0.718750 0.437500 0.722656 0.437500 0.730469 0.433594 0.730469 0.427734 0.728516 0.425781 0.728516 0.416016 0.726562 0.414062 0.726562 0.408203 0.724609 0.406250 0.724609 0.390625
2 0.636719 0.390625 0.634766 0.396484 0.630859 0.398438 0.630859 0.402344 0.626953 0.408203 0.626953 0.417969 0.630859 0.421875 0.630859 0.435547 0.632812 0.437500 0.632812 0.445312 0.636719 0.447266 0.666016 0.447266 0.667969 0.445312 0.683594 0.447266 0.683594 0.441406 0.685547 0.439453 0.683594 0.437500 0.683594 0.425781 0.677734 0.416016 0.677734 0.408203 0.669922 0.400391 0.669922 0.390625 0.664062 0.386719 0.644531 0.386719
2 0.580078 0.404297 0.578125 0.406250 0.578125 0.412109 0.576172 0.414062 0.576172 0.416016 0.578125 0.417969 0.578125 0.429688 0.580078 0.431641 0.589844 0.435547 0.593750 0.439453 0.593750 0.443359 0.597656 0.447266 0.613281 0.447266 0.615234 0.445312 0.617188 0.445312 0.623047 0.439453 0.623047 0.433594 0.625000 0.431641 0.625000 0.423828 0.623047 0.421875 0.623047 0.419922 0.613281 0.410156 0.611328 0.410156 0.605469 0.404297 0.601562 0.404297 0.595703 0.400391 0.587891 0.400391 0.585938 0.402344
2 0.292969 0.423828 0.283203 0.423828 0.281250 0.425781 0.273438 0.425781 0.271484 0.427734 0.259766 0.427734 0.259766 0.435547 0.257812 0.437500 0.257812 0.457031 0.259766 0.458984 0.259766 0.462891 0.261719 0.464844 0.300781 0.464844 0.302734 0.462891 0.302734 0.449219 0.300781 0.447266 0.300781 0.441406 0.296875 0.435547 0.296875 0.429688
2 0.480469 0.447266 0.480469 0.453125 0.482422 0.455078 0.482422 0.466797 0.486328 0.470703 0.494141 0.474609 0.517578 0.474609 0.519531 0.472656 0.523438 0.472656 0.529297 0.468750 0.533203 0.468750 0.537109 0.466797 0.541016 0.460938 0.537109 0.453125 0.531250 0.447266 0.527344 0.439453 0.527344 0.433594 0.525391 0.431641 0.492188 0.431641 0.486328 0.435547 0.486328 0.439453
2 0.966797 0.443359 0.939453 0.441406 0.916016 0.429688 0.898438 0.429688 0.873047 0.437500 0.828125 0.437500 0.816406 0.449219 0.818359 0.472656 0.826172 0.474609 0.828125 0.472656 0.824219 0.472656 0.824219 0.468750 0.843750 0.466797 0.847656 0.470703 0.843750 0.472656 0.845703 0.474609 0.865234 0.474609 0.871094 0.476562 0.875000 0.482422 0.894531 0.478516 0.962891 0.480469 0.970703 0.476562
2 0.779297 0.447266 0.750000 0.449219 0.744141 0.458984 0.740234 0.451172 0.710938 0.451172 0.693359 0.455078 0.687500 0.460938 0.689453 0.501953 0.708984 0.503906 0.740234 0.500000 0.744141 0.464844 0.746094 0.466797 0.746094 0.488281 0.750000 0.492188 0.781250 0.492188 0.783203 0.490234 0.783203 0.453125
2 0.976562 0.453125 0.974609 0.455078 0.986328 0.455078 0.988281 0.457031 0.988281 0.458984 0.984375 0.462891 0.982422 0.460938 0.982422 0.462891 0.986328 0.466797 0.990234 0.466797 0.990234 0.462891 0.992188 0.460938 0.992188 0.455078 0.988281 0.451172 0.984375 0.455078 0.982422 0.453125
2 0.656250 0.468750 0.654297 0.466797 0.619141 0.464844 0.601562 0.472656 0.580078 0.474609 0.578125 0.476562 0.574219 0.476562 0.568359 0.482422 0.568359 0.496094 0.570312 0.500000 0.615234 0.500000 0.617188 0.501953 0.634766 0.501953 0.642578 0.505859 0.648438 0.505859 0.656250 0.501953
2 0.263672 0.478516 0.259766 0.513672 0.261719 0.558594 0.271484 0.583984 0.267578 0.585938 0.269531 0.640625 0.273438 0.650391 0.294922 0.648438 0.298828 0.642578 0.312500 0.640625 0.306641 0.597656 0.298828 0.582031 0.273438 0.582031 0.294922 0.578125 0.291016 0.564453 0.296875 0.558594 0.326172 0.558594 0.324219 0.544922 0.328125 0.535156 0.320312 0.482422
2 0.990234 0.476562 0.986328 0.480469 0.984375 0.480469 0.986328 0.480469 0.988281 0.478516 0.990234 0.478516
2 0.376953 0.544922 0.369141 0.574219 0.378906 0.589844 0.386719 0.589844 0.398438 0.595703 0.376953 0.603516 0.384766 0.630859 0.384766 0.644531 0.396484 0.660156 0.408203 0.662109 0.433594 0.656250 0.449219 0.656250 0.445312 0.648438 0.443359 0.601562 0.437500 0.597656 0.441406 0.595703 0.443359 0.552734 0.419922 0.548828 0.417969 0.550781 0.404297 0.544922
2 0.691406 0.546875 0.691406 0.550781 0.689453 0.552734 0.689453 0.564453 0.687500 0.566406 0.687500 0.593750 0.685547 0.597656 0.687500 0.599609 0.730469 0.599609 0.732422 0.597656 0.732422 0.593750 0.730469 0.591797 0.730469 0.564453 0.732422 0.562500 0.728516 0.556641 0.728516 0.552734 0.724609 0.548828 0.720703 0.548828 0.718750 0.546875 0.708984 0.546875 0.707031 0.544922 0.705078 0.546875 0.703125 0.544922 0.699219 0.546875 0.697266 0.544922
2 0.601562 0.550781 0.599609 0.554688 0.599609 0.597656 0.601562 0.599609 0.609375 0.599609 0.611328 0.597656 0.638672 0.597656 0.640625 0.595703 0.640625 0.554688 0.642578 0.552734 0.638672 0.548828 0.634766 0.550781 0.630859 0.548828 0.626953 0.550781 0.625000 0.548828 0.621094 0.550781 0.619141 0.548828 0.617188 0.550781 0.615234 0.548828 0.611328 0.550781 0.609375 0.548828 0.605469 0.550781
2 0.828125 0.548828 0.824219 0.554688 0.824219 0.597656 0.826172 0.601562 0.830078 0.603516 0.841797 0.603516 0.843750 0.601562 0.855469 0.601562 0.857422 0.599609 0.869141 0.599609 0.871094 0.597656 0.875000 0.597656 0.867188 0.589844 0.867188 0.568359 0.865234 0.566406 0.865234 0.560547 0.863281 0.560547 0.853516 0.550781 0.853516 0.548828 0.849609 0.546875 0.847656 0.548828 0.845703 0.546875 0.843750 0.548828 0.841797 0.546875 0.839844 0.548828 0.837891 0.546875 0.835938 0.548828 0.833984 0.546875 0.832031 0.548828
2 0.744141 0.564453 0.744141 0.595703 0.748047 0.599609 0.763672 0.599609 0.765625 0.601562 0.787109 0.601562 0.794922 0.595703 0.796875 0.591797 0.796875 0.582031 0.794922 0.578125 0.798828 0.572266 0.798828 0.564453 0.796875 0.562500 0.796875 0.556641 0.794922 0.552734 0.791016 0.550781 0.763672 0.550781 0.755859 0.558594
2 0.464844 0.554688 0.464844 0.572266 0.462891 0.574219 0.462891 0.582031 0.460938 0.583984 0.460938 0.587891 0.462891 0.589844 0.464844 0.595703 0.466797 0.597656 0.468750 0.595703 0.498047 0.595703 0.501953 0.589844 0.500000 0.587891 0.500000 0.585938 0.501953 0.583984 0.501953 0.582031 0.500000 0.580078 0.500000 0.572266 0.501953 0.570312 0.501953 0.558594 0.500000 0.556641 0.498047 0.558594 0.496094 0.556641 0.494141 0.558594 0.492188 0.558594 0.490234 0.556641 0.484375 0.556641 0.482422 0.554688 0.480469 0.556641 0.478516 0.556641 0.476562 0.554688 0.474609 0.556641 0.472656 0.554688 0.470703 0.556641 0.468750 0.554688 0.466797 0.556641
2 0.568359 0.554688 0.566406 0.556641 0.558594 0.556641 0.556641 0.558594 0.554688 0.556641 0.552734 0.558594 0.550781 0.556641 0.548828 0.558594 0.544922 0.558594 0.542969 0.556641 0.541016 0.558594 0.539062 0.556641 0.535156 0.558594 0.531250 0.556641 0.521484 0.566406 0.521484 0.583984 0.523438 0.585938 0.523438 0.593750 0.525391 0.595703 0.568359 0.595703
2 0.935547 0.558594 0.933594 0.558594 0.931641 0.556641 0.916016 0.556641 0.914062 0.558594 0.904297 0.558594 0.902344 0.560547 0.898438 0.560547 0.896484 0.562500 0.896484 0.564453 0.894531 0.566406 0.894531 0.595703 0.896484 0.597656 0.898438 0.603516 0.906250 0.603516 0.908203 0.601562 0.931641 0.601562 0.937500 0.597656 0.937500 0.585938 0.935547 0.583984
2 0.509766 0.611328 0.509766 0.638672 0.511719 0.640625 0.511719 0.646484 0.515625 0.650391 0.519531 0.652344 0.523438 0.650391 0.527344 0.652344 0.558594 0.652344 0.560547 0.654297 0.568359 0.650391 0.568359 0.632812 0.574219 0.628906 0.574219 0.625000 0.576172 0.623047 0.574219 0.605469 0.570312 0.601562 0.566406 0.599609 0.541016 0.599609 0.539062 0.601562 0.533203 0.601562 0.527344 0.605469 0.523438 0.605469 0.517578 0.609375 0.511719 0.609375
2 0.597656 0.605469 0.597656 0.626953 0.599609 0.630859 0.609375 0.632812 0.613281 0.636719 0.615234 0.654297 0.617188 0.656250 0.619141 0.654297 0.621094 0.656250 0.625000 0.654297 0.626953 0.656250 0.628906 0.654297 0.636719 0.654297 0.638672 0.652344 0.640625 0.654297 0.642578 0.652344 0.644531 0.654297 0.646484 0.652344 0.650391 0.654297 0.652344 0.652344 0.656250 0.652344 0.658203 0.654297 0.660156 0.652344 0.664062 0.654297 0.667969 0.652344 0.667969 0.642578 0.669922 0.640625 0.669922 0.611328 0.667969 0.609375 0.658203 0.609375 0.652344 0.605469 0.644531 0.605469 0.642578 0.603516 0.634766 0.603516 0.632812 0.601562 0.613281 0.601562 0.611328 0.603516 0.601562 0.603516
2 0.466797 0.605469 0.460938 0.613281 0.460938 0.626953 0.462891 0.628906 0.462891 0.650391 0.468750 0.654297 0.480469 0.654297 0.482422 0.656250 0.498047 0.656250 0.501953 0.652344 0.507812 0.650391 0.507812 0.642578 0.503906 0.634766 0.503906 0.617188 0.501953 0.615234 0.501953 0.611328 0.498047 0.607422 0.470703 0.607422
2 0.679688 0.613281 0.681641 0.617188 0.681641 0.625000 0.683594 0.626953 0.683594 0.644531 0.685547 0.646484 0.685547 0.654297 0.689453 0.652344 0.693359 0.654297 0.697266 0.652344 0.701172 0.654297 0.703125 0.652344 0.707031 0.654297 0.710938 0.652344 0.712891 0.654297 0.720703 0.654297 0.722656 0.656250 0.724609 0.654297 0.726562 0.656250 0.732422 0.656250 0.732422 0.630859 0.730469 0.628906 0.730469 0.623047 0.728516 0.621094 0.728516 0.617188 0.732422 0.609375 0.730469 0.605469 0.705078 0.605469 0.703125 0.607422 0.691406 0.607422 0.689453 0.609375 0.683594 0.609375
2 0.746094 0.607422 0.742188 0.648438 0.759766 0.658203 0.791016 0.658203 0.798828 0.648438 0.808594 0.652344 0.810547 0.646484 0.814453 0.656250 0.822266 0.662109 0.927734 0.660156 0.929688 0.611328 0.875000 0.607422 0.820312 0.609375 0.812500 0.613281 0.810547 0.621094 0.806641 0.615234
2 0.275391 0.656250 0.275391 0.669922 0.279297 0.675781 0.279297 0.683594 0.281250 0.685547 0.281250 0.703125 0.296875 0.703125 0.298828 0.705078 0.310547 0.705078 0.312500 0.703125 0.332031 0.703125 0.333984 0.701172 0.333984 0.671875 0.332031 0.669922 0.332031 0.666016 0.324219 0.658203 0.320312 0.656250 0.312500 0.656250 0.310547 0.654297 0.298828 0.656250 0.291016 0.652344 0.283203 0.652344
2 0.568359 0.697266 0.560547 0.693359 0.558594 0.695312 0.550781 0.693359 0.537109 0.697266 0.517578 0.697266 0.515625 0.701172 0.509766 0.703125 0.496094 0.703125 0.486328 0.697266 0.470703 0.697266 0.464844 0.705078 0.457031 0.707031 0.455078 0.710938 0.457031 0.738281 0.462891 0.742188 0.490234 0.742188 0.503906 0.738281 0.521484 0.740234 0.523438 0.738281 0.521484 0.734375 0.527344 0.732422 0.531250 0.736328 0.527344 0.738281 0.529297 0.740234 0.546875 0.744141 0.568359 0.742188 0.570312 0.740234
2 0.609375 0.697266 0.611328 0.718750 0.607422 0.724609 0.607422 0.734375 0.613281 0.748047 0.712891 0.746094 0.714844 0.742188 0.712891 0.732422 0.712891 0.707031 0.714844 0.703125 0.712891 0.701172 0.703125 0.701172 0.701172 0.699219 0.673828 0.701172 0.646484 0.695312 0.611328 0.695312
2 0.757812 0.697266 0.753906 0.701172 0.753906 0.712891 0.751953 0.714844 0.751953 0.730469 0.755859 0.734375 0.757812 0.734375 0.759766 0.738281 0.763672 0.740234 0.796875 0.740234 0.800781 0.734375 0.800781 0.718750 0.802734 0.716797 0.802734 0.708984 0.804688 0.707031 0.810547 0.707031 0.810547 0.705078 0.808594 0.703125 0.798828 0.703125 0.787109 0.697266 0.785156 0.699219 0.781250 0.697266 0.779297 0.699219 0.777344 0.697266 0.775391 0.699219 0.773438 0.697266 0.771484 0.699219 0.769531 0.697266 0.767578 0.699219 0.765625 0.697266 0.759766 0.699219
2 0.894531 0.699219 0.894531 0.712891 0.892578 0.714844 0.888672 0.730469 0.880859 0.738281 0.880859 0.740234 0.888672 0.746094 0.892578 0.746094 0.894531 0.748047 0.906250 0.748047 0.908203 0.750000 0.927734 0.750000 0.929688 0.748047 0.929688 0.734375 0.931641 0.732422 0.931641 0.703125 0.925781 0.697266 0.921875 0.699219 0.919922 0.697266 0.916016 0.699219 0.914062 0.697266 0.910156 0.699219 0.908203 0.697266 0.904297 0.699219 0.902344 0.697266
2 0.439453 0.705078 0.433594 0.701172 0.419922 0.701172 0.417969 0.703125 0.410156 0.703125 0.408203 0.705078 0.394531 0.705078 0.392578 0.707031 0.392578 0.744141 0.435547 0.744141 0.441406 0.740234 0.449219 0.740234 0.451172 0.738281 0.451172 0.734375 0.447266 0.730469 0.447266 0.726562 0.443359 0.726562 0.441406 0.724609 0.441406 0.720703 0.439453 0.718750 0.439453 0.710938 0.441406 0.708984
2 0.822266 0.703125 0.820312 0.705078 0.820312 0.740234 0.822266 0.742188 0.822266 0.746094 0.824219 0.746094 0.826172 0.748047 0.855469 0.748047 0.857422 0.746094 0.857422 0.705078 0.855469 0.703125 0.855469 0.701172 0.853516 0.699219 0.839844 0.699219 0.837891 0.701172 0.828125 0.701172 0.826172 0.703125
2 0.292969 0.716797 0.285156 0.718750 0.277344 0.732422 0.279297 0.767578 0.283203 0.771484 0.281250 0.785156 0.285156 0.796875 0.279297 0.835938 0.279297 0.884766 0.281250 0.888672 0.322266 0.888672 0.320312 0.873047 0.326172 0.867188 0.326172 0.837891 0.316406 0.830078 0.322266 0.824219 0.318359 0.802734 0.322266 0.800781 0.326172 0.781250 0.324219 0.777344 0.304688 0.775391 0.300781 0.771484 0.322266 0.769531 0.326172 0.753906 0.316406 0.746094 0.316406 0.724609 0.306641 0.718750
2 0.390625 0.753906 0.390625 0.759766 0.388672 0.761719 0.388672 0.767578 0.386719 0.769531 0.388672 0.771484 0.386719 0.775391 0.392578 0.787109 0.392578 0.791016 0.396484 0.794922 0.421875 0.794922 0.423828 0.792969 0.433594 0.792969 0.437500 0.789062 0.445312 0.789062 0.439453 0.789062 0.435547 0.781250 0.435547 0.751953 0.431641 0.751953 0.429688 0.750000 0.398438 0.750000
2 0.466797 0.753906 0.466797 0.755859 0.464844 0.757812 0.464844 0.785156 0.470703 0.792969 0.476562 0.792969 0.478516 0.791016 0.509766 0.791016 0.511719 0.789062 0.513672 0.789062 0.513672 0.787109 0.515625 0.785156 0.515625 0.763672 0.513672 0.761719 0.513672 0.757812 0.509766 0.753906 0.503906 0.753906 0.501953 0.751953 0.468750 0.751953
2 0.527344 0.755859 0.527344 0.763672 0.525391 0.765625 0.525391 0.783203 0.527344 0.785156 0.527344 0.789062 0.529297 0.791016 0.544922 0.791016 0.546875 0.792969 0.560547 0.792969 0.562500 0.794922 0.574219 0.794922 0.576172 0.792969 0.576172 0.759766 0.574219 0.757812 0.570312 0.757812 0.568359 0.755859 0.562500 0.755859 0.560547 0.753906 0.548828 0.753906 0.546875 0.751953 0.537109 0.751953 0.535156 0.753906 0.529297 0.753906
2 0.611328 0.755859 0.611328 0.773438 0.605469 0.781250 0.605469 0.792969 0.609375 0.796875 0.634766 0.792969 0.669922 0.792969 0.671875 0.779297 0.673828 0.794922 0.679688 0.800781 0.718750 0.806641 0.726562 0.802734 0.724609 0.761719 0.710938 0.757812 0.683594 0.755859 0.675781 0.757812 0.671875 0.767578 0.667969 0.759766 0.656250 0.755859 0.630859 0.753906
2 0.816406 0.757812 0.814453 0.755859 0.812500 0.757812 0.808594 0.757812 0.804688 0.753906 0.796875 0.753906 0.794922 0.755859 0.785156 0.755859 0.783203 0.757812 0.767578 0.757812 0.763672 0.759766 0.763672 0.787109 0.761719 0.789062 0.761719 0.796875 0.763672 0.798828 0.763672 0.802734 0.767578 0.802734 0.769531 0.804688 0.773438 0.802734 0.775391 0.804688 0.777344 0.802734 0.781250 0.804688 0.783203 0.802734 0.785156 0.804688 0.787109 0.802734 0.808594 0.802734 0.812500 0.800781 0.816406 0.792969
2 0.830078 0.759766 0.832031 0.785156 0.837891 0.792969 0.880859 0.792969 0.884766 0.791016 0.888672 0.777344 0.892578 0.792969 0.904297 0.792969 0.933594 0.800781 0.939453 0.794922 0.937500 0.779297 0.947266 0.777344 0.945312 0.767578 0.943359 0.773438 0.937500 0.771484 0.943359 0.763672 0.935547 0.757812 0.898438 0.755859 0.890625 0.759766 0.886719 0.755859 0.863281 0.753906
2 0.394531 0.847656 0.392578 0.878906 0.394531 0.892578 0.400391 0.896484 0.404297 0.894531 0.451172 0.896484 0.453125 0.878906 0.458984 0.894531 0.462891 0.896484 0.468750 0.894531 0.496094 0.896484 0.501953 0.890625 0.501953 0.851562 0.500000 0.845703 0.496094 0.843750 0.466797 0.843750 0.464844 0.849609 0.455078 0.857422 0.453125 0.855469 0.455078 0.847656 0.451172 0.843750 0.398438 0.843750
2 0.525391 0.847656 0.525391 0.851562 0.523438 0.853516 0.523438 0.867188 0.521484 0.869141 0.521484 0.880859 0.523438 0.882812 0.523438 0.888672 0.529297 0.888672 0.531250 0.890625 0.570312 0.890625 0.572266 0.888672 0.576172 0.888672 0.582031 0.882812 0.582031 0.859375 0.580078 0.857422 0.580078 0.853516 0.576172 0.849609 0.570312 0.849609 0.568359 0.847656 0.562500 0.847656 0.560547 0.845703 0.556641 0.847656 0.554688 0.845703 0.552734 0.847656 0.550781 0.845703 0.548828 0.847656 0.539062 0.847656 0.537109 0.845703 0.535156 0.847656 0.533203 0.845703 0.529297 0.847656 0.527344 0.845703
2 0.599609 0.845703 0.599609 0.863281 0.597656 0.865234 0.597656 0.890625 0.603516 0.894531 0.630859 0.894531 0.632812 0.892578 0.638672 0.892578 0.640625 0.888672 0.640625 0.853516 0.636719 0.849609 0.625000 0.849609 0.623047 0.845703 0.621094 0.847656 0.617188 0.845703 0.615234 0.847656 0.611328 0.845703 0.607422 0.845703 0.605469 0.847656 0.603516 0.845703
2 0.744141 0.843750 0.742188 0.845703 0.742188 0.855469 0.734375 0.861328 0.734375 0.867188 0.732422 0.869141 0.734375 0.876953 0.744141 0.896484 0.757812 0.896484 0.759766 0.894531 0.771484 0.896484 0.775391 0.894531 0.783203 0.884766 0.783203 0.855469 0.785156 0.853516 0.789062 0.855469 0.789062 0.865234 0.792969 0.869141 0.791016 0.871094 0.792969 0.869141 0.792969 0.851562 0.785156 0.853516 0.783203 0.849609 0.777344 0.845703 0.751953 0.845703 0.750000 0.843750
2 0.812500 0.847656 0.808594 0.851562 0.808594 0.855469 0.802734 0.863281 0.802734 0.876953 0.800781 0.878906 0.800781 0.888672 0.806641 0.892578 0.812500 0.892578 0.814453 0.894531 0.841797 0.894531 0.845703 0.892578 0.849609 0.888672 0.849609 0.878906 0.847656 0.876953 0.849609 0.875000 0.849609 0.861328 0.851562 0.859375 0.851562 0.851562 0.849609 0.849609 0.835938 0.849609 0.833984 0.847656
2 0.869141 0.849609 0.869141 0.884766 0.873047 0.892578 0.876953 0.894531 0.910156 0.894531 0.917969 0.888672 0.917969 0.871094 0.916016 0.869141 0.917969 0.865234 0.917969 0.853516 0.916016 0.849609 0.894531 0.849609 0.892578 0.847656 0.890625 0.849609 0.886719 0.847656 0.884766 0.849609 0.880859 0.847656 0.878906 0.849609
2 0.675781 0.853516 0.673828 0.855469 0.673828 0.859375 0.671875 0.861328 0.671875 0.873047 0.669922 0.875000 0.669922 0.888672 0.673828 0.892578 0.677734 0.892578 0.679688 0.894531 0.683594 0.894531 0.685547 0.892578 0.701172 0.892578 0.703125 0.890625 0.708984 0.890625 0.710938 0.888672 0.710938 0.873047 0.712891 0.871094 0.710938 0.869141 0.710938 0.867188 0.712891 0.865234 0.712891 0.863281 0.710938 0.861328 0.714844 0.855469 0.712891 0.853516 0.707031 0.853516 0.705078 0.851562 0.685547 0.851562 0.683594 0.853516
2 0.935547 0.859375 0.935547 0.863281 0.933594 0.865234 0.933594 0.888672 0.937500 0.892578 0.947266 0.892578 0.949219 0.894531 0.986328 0.894531 0.986328 0.888672 0.988281 0.886719 0.988281 0.876953 0.984375 0.871094 0.984375 0.867188 0.986328 0.865234 0.982422 0.861328 0.980469 0.861328 0.974609 0.857422 0.937500 0.857422
2 0.494141 0.906250 0.490234 0.902344 0.462891 0.900391 0.384766 0.902344 0.380859 0.908203 0.376953 0.978516 0.388672 0.998047 0.478516 0.998047 0.484375 0.990234 0.494141 0.986328 0.498047 0.953125
2 0.849609 0.906250 0.847656 0.910156 0.847656 0.941406 0.851562 0.949219 0.857422 0.955078 0.861328 0.957031 0.904297 0.957031 0.906250 0.955078 0.916016 0.955078 0.916016 0.947266 0.917969 0.945312 0.917969 0.916016 0.916016 0.914062 0.917969 0.912109 0.916016 0.910156 0.916016 0.906250 0.882812 0.906250 0.880859 0.904297 0.853516 0.904297
2 0.287109 0.908203 0.285156 0.910156 0.285156 0.921875 0.283203 0.923828 0.283203 0.941406 0.285156 0.945312 0.304688 0.955078 0.312500 0.955078 0.314453 0.957031 0.332031 0.957031 0.332031 0.945312 0.333984 0.943359 0.333984 0.935547 0.335938 0.933594 0.335938 0.927734 0.337891 0.925781 0.337891 0.917969 0.328125 0.912109 0.324219 0.912109 0.322266 0.910156 0.316406 0.910156 0.314453 0.908203 0.302734 0.908203 0.300781 0.906250 0.292969 0.906250 0.291016 0.908203
2 0.677734 0.914062 0.671875 0.923828 0.675781 0.972656 0.685547 0.976562 0.681641 0.980469 0.683594 0.992188 0.689453 0.998047 0.738281 0.998047 0.742188 0.994141 0.742188 0.984375 0.738281 0.978516 0.728516 0.974609 0.693359 0.974609 0.691406 0.972656 0.699219 0.968750 0.697266 0.957031 0.701172 0.953125 0.714844 0.953125 0.726562 0.960938 0.746094 0.960938 0.773438 0.943359 0.773438 0.917969 0.763672 0.914062
2 0.281250 0.962891 0.281250 0.970703 0.275391 0.978516 0.271484 0.998047 0.335938 0.998047 0.326172 0.988281 0.326172 0.982422 0.324219 0.978516 0.326172 0.976562 0.326172 0.970703 0.328125 0.968750 0.306641 0.966797 0.300781 0.962891
2 0.908203 0.976562 0.908203 0.998047 0.960938 0.998047 0.960938 0.976562 0.958984 0.974609 0.910156 0.974609
4 0.042969 0.714844 0.048828 0.750000 0.068359 0.750000 0.072266 0.761719 0.109375 0.759766 0.128906 0.769531 0.150391 0.767578 0.156250 0.761719 0.181641 0.765625 0.173828 0.761719 0.191406 0.757812 0.238281 0.759766 0.246094 0.742188 0.251953 0.748047 0.259766 0.740234 0.242188 0.722656 0.232422 0.720703 0.222656 0.708984 0.201172 0.699219 0.185547 0.703125 0.171875 0.714844 0.158203 0.714844 0.146484 0.708984 0.125000 0.710938 0.113281 0.699219 0.072266 0.705078 0.048828 0.703125
4 0.000000 0.755859 0.003906 0.904297 0.107422 0.912109 0.126953 0.904297 0.107422 0.892578 0.128906 0.886719 0.125000 0.882812 0.164062 0.876953 0.179688 0.865234 0.210938 0.873047 0.242188 0.869141 0.273438 0.851562 0.275391 0.828125 0.255859 0.810547 0.208984 0.818359 0.140625 0.804688 0.138672 0.798828 0.126953 0.806641 0.091797 0.806641 0.072266 0.787109 0.068359 0.763672 0.056641 0.781250 0.042969 0.753906 0.013672 0.755859 0.005859 0.750000
4 0.000000 0.916016 0.000000 0.998047 0.212891 0.998047 0.214844 0.994141 0.187500 0.951172 0.195312 0.931641 0.185547 0.921875
5 0.517578 0.000000 0.566406 0.357422 0.595703 0.386719 0.998047 0.347656 0.996094 0.310547 0.951172 0.312500 0.921875 0.001953 0.886719 0.001953 0.919922 0.316406 0.779297 0.330078 0.732422 0.000000 0.697266 0.000000 0.730469 0.328125 0.603516 0.353516 0.558594 0.001953
5 0.255859 0.080078 0.326172 0.384766 0.355469 0.839844 0.328125 0.988281 0.365234 0.990234 0.392578 0.841797 0.990234 0.843750 0.998047 0.531250 0.832031 0.509766 0.496094 0.523438 0.308594 0.076172
6 0.050781 0.199219 0.037109 0.248047 0.041016 0.255859 0.029297 0.261719 0.029297 0.271484 0.037109 0.273438 0.025391 0.277344 0.031250 0.281250 0.025391 0.289062 0.025391 0.316406 0.035156 0.320312 0.031250 0.330078 0.048828 0.351562 0.091797 0.353516 0.105469 0.365234 0.109375 0.357422 0.140625 0.355469 0.142578 0.341797 0.150391 0.341797 0.152344 0.351562 0.154297 0.318359 0.158203 0.314453 0.162109 0.326172 0.169922 0.316406 0.169922 0.289062 0.160156 0.273438 0.164062 0.250000 0.167969 0.265625 0.167969 0.236328 0.140625 0.232422 0.138672 0.220703 0.113281 0.201172 0.103516 0.205078 0.097656 0.201172 0.105469 0.212891 0.095703 0.214844 0.091797 0.201172
6 0.019531 0.308594 0.019531 0.310547 0.021484 0.310547 0.021484 0.308594
6 0.009766 0.314453 0.009766 0.318359 0.013672 0.318359 0.013672 0.316406 0.011719 0.316406
6 0.037109 0.343750 0.033203 0.343750 0.031250 0.345703 0.033203 0.347656 0.035156 0.347656 0.037109 0.345703
6 0.240234 0.417969 0.210938 0.408203 0.171875 0.376953 0.132812 0.376953 0.093750 0.390625 0.000000 0.392578 0.000000 0.593750 0.058594 0.591797 0.064453 0.605469 0.078125 0.611328 0.078125 0.625000 0.083984 0.591797 0.089844 0.605469 0.107422 0.613281 0.107422 0.623047 0.113281 0.607422 0.126953 0.607422 0.126953 0.597656 0.224609 0.595703 0.230469 0.609375 0.253906 0.574219 0.246094 0.556641 0.253906 0.503906 0.246094 0.494141
6 0.132812 0.605469 0.132812 0.607422 0.134766 0.607422 0.134766 0.605469
6 0.078125 0.628906 0.080078 0.630859 0.080078 0.632812 0.082031 0.634766 0.082031 0.632812
