0 0.949219 0.000000 0.945312 0.000000 0.945312 0.001953 0.941406 0.005859 0.939453 0.005859 0.939453 0.007812 0.941406 0.005859 0.943359 0.005859 0.945312 0.007812 0.949219 0.003906
0 0.423828 0.019531 0.429688 0.337891 0.513672 0.343750 0.533203 0.371094 0.552734 0.371094 0.572266 0.355469 0.759766 0.349609 0.914062 0.322266 0.902344 0.253906 0.826172 0.230469 0.882812 0.191406 0.857422 0.138672 0.921875 0.023438 0.562500 0.035156
0 0.324219 0.296875 0.322266 0.298828 0.322266 0.300781 0.324219 0.298828
0 0.322266 0.310547 0.320312 0.312500 0.318359 0.312500 0.318359 0.314453 0.322266 0.318359 0.322266 0.320312 0.324219 0.320312 0.322266 0.318359 0.326172 0.314453 0.326172 0.312500 0.324219 0.312500
0 0.957031 0.410156 0.957031 0.419922 0.958984 0.421875 0.958984 0.425781 0.960938 0.427734 0.960938 0.429688 0.962891 0.429688 0.964844 0.431641 0.976562 0.431641 0.978516 0.429688 0.982422 0.429688 0.984375 0.427734 0.986328 0.427734 0.988281 0.425781 0.988281 0.414062 0.984375 0.410156 0.984375 0.408203 0.980469 0.404297 0.962891 0.404297
0 0.308594 0.472656 0.234375 0.464844 0.224609 0.470703 0.214844 0.488281 0.216797 0.494141 0.212891 0.496094 0.251953 0.498047 0.263672 0.521484 0.263672 0.541016 0.257812 0.548828 0.224609 0.552734 0.232422 0.626953 0.287109 0.613281 0.294922 0.601562 0.289062 0.583984 0.316406 0.574219 0.326172 0.564453 0.326172 0.548828 0.318359 0.533203 0.322266 0.521484 0.320312 0.486328
0 0.185547 0.486328 0.166016 0.480469 0.158203 0.482422 0.148438 0.490234 0.132812 0.490234 0.130859 0.492188 0.117188 0.492188 0.107422 0.488281 0.097656 0.490234 0.093750 0.494141 0.093750 0.542969 0.101562 0.554688 0.130859 0.554688 0.142578 0.550781 0.156250 0.560547 0.166016 0.558594 0.167969 0.529297 0.171875 0.521484 0.175781 0.501953 0.185547 0.492188
0 0.695312 0.505859 0.695312 0.517578 0.697266 0.519531 0.697266 0.523438 0.703125 0.529297 0.724609 0.529297 0.726562 0.527344 0.732422 0.527344 0.734375 0.525391 0.734375 0.519531 0.736328 0.517578 0.736328 0.509766 0.734375 0.507812 0.734375 0.505859 0.732422 0.505859 0.730469 0.503906 0.728516 0.503906 0.722656 0.500000 0.703125 0.500000 0.701172 0.501953 0.699219 0.501953
0 0.957031 0.509766 0.957031 0.511719 0.955078 0.513672 0.955078 0.519531 0.957031 0.521484 0.957031 0.523438 0.958984 0.523438 0.964844 0.527344 0.968750 0.527344 0.974609 0.531250 0.990234 0.531250 0.996094 0.525391 0.998047 0.525391 0.998047 0.505859 0.996094 0.503906 0.990234 0.503906 0.988281 0.501953 0.982422 0.501953 0.980469 0.500000 0.974609 0.500000 0.972656 0.501953 0.966797 0.501953
0 0.181641 0.523438 0.179688 0.521484 0.177734 0.521484 0.175781 0.523438 0.175781 0.525391 0.177734 0.525391 0.179688 0.523438
0 0.712891 0.548828 0.705078 0.554688 0.699219 0.570312 0.699219 0.613281 0.716797 0.642578 0.716797 0.664062 0.722656 0.679688 0.720703 0.705078 0.732422 0.720703 0.736328 0.744141 0.751953 0.750000 0.771484 0.748047 0.775391 0.738281 0.771484 0.689453 0.763672 0.687500 0.757812 0.703125 0.742188 0.703125 0.736328 0.683594 0.753906 0.677734 0.759766 0.681641 0.775391 0.671875 0.773438 0.626953 0.789062 0.613281 0.791016 0.595703 0.761719 0.550781 0.751953 0.546875
0 0.980469 0.562500 0.978516 0.564453 0.976562 0.564453 0.972656 0.568359 0.972656 0.570312 0.968750 0.576172 0.968750 0.587891 0.970703 0.589844 0.970703 0.591797 0.976562 0.597656 0.976562 0.599609 0.978516 0.601562 0.980469 0.601562 0.982422 0.603516 0.998047 0.603516 0.998047 0.562500 0.994141 0.562500 0.992188 0.560547 0.988281 0.560547 0.986328 0.562500
0 0.980469 0.626953 0.968750 0.638672 0.968750 0.640625 0.966797 0.642578 0.966797 0.648438 0.968750 0.650391 0.968750 0.652344 0.974609 0.658203 0.976562 0.658203 0.982422 0.664062 0.986328 0.664062 0.988281 0.666016 0.998047 0.666016 0.998047 0.625000 0.988281 0.625000 0.986328 0.626953
0 0.099609 0.687500 0.101562 0.689453 0.099609 0.691406 0.099609 0.695312 0.101562 0.697266 0.099609 0.699219 0.099609 0.705078 0.101562 0.707031 0.099609 0.708984 0.099609 0.712891 0.101562 0.714844 0.099609 0.716797 0.101562 0.720703 0.099609 0.722656 0.101562 0.726562 0.099609 0.728516 0.101562 0.730469 0.099609 0.734375 0.099609 0.738281 0.101562 0.740234 0.099609 0.742188 0.101562 0.744141 0.099609 0.748047 0.101562 0.750000 0.099609 0.753906 0.107422 0.753906 0.111328 0.750000 0.113281 0.750000 0.113281 0.748047 0.117188 0.744141 0.123047 0.742188 0.125000 0.738281 0.125000 0.732422 0.123047 0.730469 0.123047 0.712891 0.126953 0.708984 0.126953 0.697266 0.125000 0.695312 0.115234 0.693359 0.109375 0.687500 0.107422 0.689453
0 0.998047 0.746094 0.970703 0.748047 0.955078 0.753906 0.955078 0.765625 0.957031 0.767578 0.957031 0.789062 0.958984 0.791016 0.958984 0.822266 0.962891 0.828125 0.970703 0.828125 0.974609 0.826172 0.976562 0.820312 0.984375 0.814453 0.992188 0.814453 0.998047 0.810547
0 0.890625 0.755859 0.871094 0.767578 0.873047 0.828125 0.867188 0.878906 0.873047 0.886719 0.888672 0.888672 0.904297 0.884766 0.919922 0.884766 0.929688 0.880859 0.933594 0.873047 0.929688 0.847656 0.929688 0.820312 0.921875 0.798828 0.919922 0.763672 0.917969 0.759766
0 0.113281 0.839844 0.113281 0.849609 0.125000 0.857422 0.115234 0.859375 0.123047 0.898438 0.132812 0.908203 0.132812 0.929688 0.150391 0.941406 0.177734 0.929688 0.275391 0.925781 0.308594 0.929688 0.326172 0.896484 0.324219 0.830078 0.306641 0.818359 0.281250 0.816406 0.242188 0.824219 0.208984 0.824219 0.199219 0.798828 0.142578 0.802734 0.132812 0.828125
0 0.785156 0.806641 0.775391 0.806641 0.761719 0.812500 0.746094 0.830078 0.738281 0.849609 0.744141 0.871094 0.759766 0.882812 0.767578 0.882812 0.775391 0.888672 0.773438 0.890625 0.773438 0.900391 0.785156 0.888672 0.798828 0.886719 0.810547 0.880859 0.820312 0.871094 0.818359 0.843750 0.810547 0.824219 0.794922 0.810547
0 0.660156 0.871094 0.652344 0.878906 0.652344 0.882812 0.648438 0.888672 0.648438 0.892578 0.650391 0.894531 0.650391 0.898438 0.654297 0.906250 0.658203 0.910156 0.662109 0.910156 0.671875 0.916016 0.675781 0.916016 0.685547 0.923828 0.695312 0.923828 0.699219 0.919922 0.701172 0.919922 0.701172 0.917969 0.710938 0.908203 0.708984 0.906250 0.708984 0.902344 0.712891 0.894531 0.712891 0.882812 0.699219 0.869141 0.695312 0.867188 0.689453 0.867188 0.687500 0.865234 0.675781 0.865234 0.664062 0.871094
0 0.466797 0.873047 0.449219 0.869141 0.435547 0.878906 0.408203 0.878906 0.396484 0.890625 0.394531 0.906250 0.412109 0.949219 0.416016 0.972656 0.400391 0.992188 0.390625 0.992188 0.390625 0.998047 0.503906 0.998047 0.496094 0.929688 0.490234 0.916016 0.476562 0.904297 0.476562 0.886719
0 0.759766 0.886719 0.759766 0.896484 0.757812 0.898438 0.757812 0.900391 0.759766 0.902344 0.759766 0.904297 0.763672 0.904297 0.765625 0.902344 0.761719 0.898438 0.763672 0.896484 0.763672 0.894531 0.761719 0.892578 0.761719 0.886719
0 0.642578 0.962891 0.642578 0.974609 0.644531 0.976562 0.644531 0.984375 0.650391 0.988281 0.656250 0.988281 0.667969 0.994141 0.689453 0.994141 0.697266 0.990234 0.703125 0.984375 0.703125 0.968750 0.701172 0.964844 0.695312 0.960938 0.683594 0.960938 0.681641 0.958984 0.677734 0.958984 0.675781 0.957031 0.669922 0.957031 0.667969 0.955078 0.648438 0.955078
2 0.076172 0.017578 0.035156 0.021484 0.035156 0.033203 0.039062 0.039062 0.050781 0.099609 0.046875 0.150391 0.087891 0.146484 0.095703 0.142578 0.095703 0.132812 0.089844 0.113281 0.083984 0.054688
2 0.250000 0.046875 0.210938 0.052734 0.210938 0.080078 0.214844 0.087891 0.210938 0.121094 0.212891 0.140625 0.232422 0.189453 0.232422 0.208984 0.238281 0.220703 0.267578 0.218750 0.275391 0.214844 0.259766 0.089844 0.261719 0.070312 0.257812 0.054688
2 0.644531 0.058594 0.642578 0.054688 0.638672 0.052734 0.630859 0.052734 0.628906 0.054688 0.580078 0.054688 0.578125 0.056641 0.576172 0.054688 0.574219 0.056641 0.566406 0.056641 0.562500 0.060547 0.562500 0.085938 0.583984 0.087891 0.593750 0.095703 0.605469 0.093750 0.609375 0.097656 0.611328 0.107422 0.642578 0.107422 0.644531 0.103516
2 0.048828 0.187500 0.076172 0.410156 0.123047 0.408203 0.130859 0.396484 0.128906 0.349609 0.121094 0.316406 0.119141 0.269531 0.111328 0.255859 0.101562 0.214844 0.101562 0.189453 0.097656 0.185547
2 0.720703 0.226562 0.693359 0.212891 0.675781 0.214844 0.664062 0.230469 0.632812 0.255859 0.628906 0.265625 0.611328 0.279297 0.605469 0.291016 0.613281 0.302734 0.648438 0.335938 0.666016 0.335938 0.710938 0.287109 0.720703 0.281250 0.736328 0.279297 0.753906 0.263672 0.751953 0.255859
2 0.283203 0.320312 0.281250 0.320312 0.279297 0.318359 0.277344 0.320312 0.261719 0.320312 0.259766 0.322266 0.250000 0.322266 0.246094 0.326172 0.246094 0.330078 0.248047 0.332031 0.248047 0.345703 0.250000 0.347656 0.250000 0.351562 0.255859 0.355469 0.261719 0.355469 0.263672 0.353516 0.277344 0.353516 0.279297 0.351562 0.287109 0.351562 0.289062 0.349609 0.289062 0.343750 0.287109 0.341797 0.287109 0.332031 0.285156 0.330078 0.285156 0.324219 0.283203 0.322266
2 0.177734 0.503906 0.175781 0.521484 0.179688 0.519531 0.183594 0.523438 0.177734 0.527344 0.173828 0.525391 0.169922 0.531250 0.169922 0.546875 0.173828 0.556641 0.195312 0.556641 0.197266 0.554688 0.208984 0.556641 0.234375 0.546875 0.238281 0.548828 0.257812 0.546875 0.261719 0.541016 0.261719 0.521484 0.257812 0.507812 0.251953 0.500000 0.246094 0.498047 0.242188 0.500000 0.195312 0.498047 0.193359 0.500000 0.191406 0.498047 0.189453 0.500000 0.181641 0.500000
2 0.125000 0.597656 0.130859 0.617188 0.130859 0.628906 0.134766 0.638672 0.152344 0.636719 0.154297 0.634766 0.195312 0.632812 0.197266 0.630859 0.205078 0.630859 0.210938 0.626953 0.210938 0.583984 0.208984 0.582031 0.199219 0.582031 0.189453 0.585938 0.173828 0.587891 0.162109 0.578125 0.136719 0.580078 0.132812 0.582031
2 0.666016 0.607422 0.617188 0.607422 0.605469 0.619141 0.587891 0.621094 0.531250 0.619141 0.369141 0.632812 0.378906 0.689453 0.380859 0.783203 0.427734 0.787109 0.519531 0.767578 0.681641 0.761719 0.662109 0.656250 0.671875 0.623047 0.662109 0.611328
2 0.134766 0.648438 0.136719 0.689453 0.126953 0.724609 0.146484 0.765625 0.150391 0.794922 0.199219 0.789062 0.208984 0.796875 0.210938 0.816406 0.240234 0.820312 0.312500 0.810547 0.337891 0.791016 0.332031 0.656250 0.314453 0.650391 0.250000 0.652344 0.246094 0.636719 0.199219 0.636719
4 0.980469 0.000000 0.966797 0.000000 0.957031 0.017578 0.912109 0.056641 0.904297 0.074219 0.904297 0.093750 0.869141 0.144531 0.869141 0.162109 0.900391 0.185547 0.890625 0.199219 0.892578 0.207031 0.916016 0.224609 0.908203 0.250000 0.919922 0.281250 0.931641 0.279297 0.998047 0.199219 0.998047 0.019531 0.982422 0.007812
5 0.085938 0.998047 0.146484 0.988281 0.082031 0.492188 0.992188 0.390625 0.998047 0.328125 0.419922 0.396484 0.396484 0.000000 0.392578 0.392578 0.250000 0.414062 0.201172 0.000000 0.169922 0.000000 0.183594 0.144531 0.058594 0.158203 0.000000 0.000000 0.003906 0.494141
