0 0.000000 0.000000 0.000000 0.589844 0.175781 0.558594 0.207031 0.539062 0.234375 0.568359 0.259766 0.570312 0.275391 0.558594 0.269531 0.509766 0.228516 0.498047 0.246094 0.486328 0.240234 0.453125 0.275391 0.443359 0.287109 0.414062 0.265625 0.386719 0.271484 0.318359 0.294922 0.300781 0.412109 0.003906
0 0.632812 0.003906 0.648438 0.021484 0.677734 0.025391 0.697266 0.037109 0.726562 0.033203 0.734375 0.039062 0.734375 0.115234 0.746094 0.130859 0.740234 0.154297 0.748047 0.162109 0.791016 0.169922 0.910156 0.171875 0.931641 0.203125 0.949219 0.203125 0.943359 0.166016 0.953125 0.142578 0.939453 0.109375 0.935547 0.000000
0 0.951172 0.341797 0.941406 0.347656 0.945312 0.371094 0.929688 0.394531 0.929688 0.480469 0.859375 0.441406 0.833984 0.435547 0.822266 0.447266 0.828125 0.457031 0.863281 0.466797 0.927734 0.509766 0.986328 0.531250 0.996094 0.525391 0.996094 0.513672 0.966797 0.500000 0.984375 0.498047 0.990234 0.488281 0.988281 0.396484 0.976562 0.367188
0 0.355469 0.468750 0.298828 0.468750 0.287109 0.474609 0.287109 0.484375 0.279297 0.492188 0.287109 0.500000 0.283203 0.507812 0.283203 0.525391 0.279297 0.541016 0.279297 0.558594 0.287109 0.583984 0.306641 0.589844 0.324219 0.589844 0.333984 0.585938 0.349609 0.568359 0.349609 0.556641 0.359375 0.535156 0.351562 0.507812 0.353516 0.500000 0.365234 0.488281 0.367188 0.482422 0.365234 0.474609
0 0.589844 0.552734 0.589844 0.564453 0.599609 0.570312 0.714844 0.568359 0.789062 0.582031 0.802734 0.607422 0.833984 0.607422 0.859375 0.626953 0.867188 0.644531 0.916016 0.652344 0.984375 0.701172 0.994141 0.695312 0.994141 0.683594 0.935547 0.636719 0.884766 0.621094 0.843750 0.585938 0.816406 0.583984 0.798828 0.560547 0.726562 0.546875 0.625000 0.544922
0 0.070312 0.628906 0.068359 0.626953 0.062500 0.626953 0.060547 0.628906 0.052734 0.628906 0.050781 0.630859 0.037109 0.630859 0.035156 0.632812 0.017578 0.632812 0.015625 0.634766 0.007812 0.634766 0.000000 0.646484 0.000000 0.687500 0.027344 0.685547 0.050781 0.673828 0.056641 0.673828 0.058594 0.671875 0.068359 0.669922 0.068359 0.666016 0.070312 0.664062
0 0.000000 0.718750 0.000000 0.748047 0.007812 0.748047 0.009766 0.746094 0.015625 0.746094 0.017578 0.744141 0.023438 0.744141 0.025391 0.742188 0.029297 0.742188 0.031250 0.740234 0.031250 0.732422 0.029297 0.730469 0.027344 0.730469 0.025391 0.728516 0.023438 0.728516 0.021484 0.726562 0.019531 0.726562 0.013672 0.720703 0.011719 0.720703 0.009766 0.718750
0 0.046875 0.730469 0.046875 0.742188 0.052734 0.746094 0.060547 0.746094 0.062500 0.748047 0.066406 0.748047 0.068359 0.746094 0.072266 0.746094 0.074219 0.744141 0.080078 0.744141 0.082031 0.742188 0.085938 0.742188 0.085938 0.732422 0.083984 0.730469 0.083984 0.728516 0.078125 0.722656 0.056641 0.722656 0.054688 0.724609 0.052734 0.724609
1 0.765625 0.453125 0.765625 0.457031 0.767578 0.457031 0.769531 0.455078 0.767578 0.453125
1 0.998047 0.617188 0.906250 0.535156 0.798828 0.500000 0.804688 0.513672 0.775391 0.515625 0.753906 0.496094 0.683594 0.492188 0.478516 0.527344 0.328125 0.593750 0.220703 0.605469 0.208984 0.634766 0.332031 0.642578 0.617188 0.533203 0.810547 0.529297 0.910156 0.568359 0.980469 0.628906
1 0.175781 0.603516 0.173828 0.601562 0.132812 0.603516 0.123047 0.607422 0.113281 0.607422 0.093750 0.617188 0.076172 0.621094 0.072266 0.625000 0.072266 0.667969 0.085938 0.667969 0.115234 0.658203 0.132812 0.656250 0.142578 0.648438 0.152344 0.646484 0.169922 0.628906
1 0.984375 0.638672 0.982422 0.640625 0.982422 0.642578 0.984375 0.644531 0.984375 0.646484 0.982422 0.648438 0.982422 0.654297 0.984375 0.656250 0.984375 0.660156 0.986328 0.662109 0.998047 0.662109 0.998047 0.648438 0.996094 0.646484 0.994141 0.646484 0.992188 0.644531 0.992188 0.642578 0.988281 0.638672
2 0.740234 0.599609 0.734375 0.626953 0.732422 0.671875 0.738281 0.675781 0.812500 0.675781 0.816406 0.671875 0.818359 0.656250 0.824219 0.648438 0.822266 0.630859 0.818359 0.626953 0.791016 0.615234 0.767578 0.613281 0.759766 0.609375 0.751953 0.609375
2 0.734375 0.718750 0.732422 0.720703 0.732422 0.748047 0.730469 0.750000 0.730469 0.798828 0.734375 0.802734 0.779297 0.802734 0.783203 0.796875 0.783203 0.750000 0.769531 0.750000 0.767578 0.748047 0.767578 0.720703 0.765625 0.718750
2 0.925781 0.755859 0.910156 0.753906 0.904297 0.748047 0.875000 0.748047 0.871094 0.751953 0.871094 0.806641 0.890625 0.810547 0.869141 0.814453 0.865234 0.810547 0.824219 0.814453 0.822266 0.855469 0.826172 0.869141 0.843750 0.871094 0.865234 0.865234 0.869141 0.859375 0.878906 0.865234 0.914062 0.863281 0.914062 0.818359 0.894531 0.810547 0.900391 0.800781 0.914062 0.804688 0.921875 0.802734
2 0.732422 0.808594 0.728516 0.855469 0.736328 0.867188 0.736328 0.871094 0.730469 0.875000 0.728516 0.884766 0.732422 0.921875 0.736328 0.927734 0.769531 0.929688 0.771484 0.912109 0.777344 0.908203 0.783203 0.908203 0.783203 0.880859 0.779297 0.875000 0.771484 0.871094 0.775391 0.863281 0.775391 0.845703 0.781250 0.814453 0.773438 0.808594
2 0.998047 0.882812 0.917969 0.900391 0.894531 0.912109 0.789062 0.931641 0.744141 0.945312 0.736328 0.953125 0.740234 0.998047 0.998047 0.998047
3 0.445312 0.000000 0.312500 0.337891 0.285156 0.462891 0.597656 0.443359 0.628906 0.423828 0.726562 0.429688 0.753906 0.417969 0.748047 0.281250 0.759766 0.251953 0.738281 0.197266 0.751953 0.167969 0.738281 0.154297 0.732422 0.044922 0.650391 0.031250 0.613281 0.000000
3 0.912109 0.179688 0.828125 0.175781 0.843750 0.189453 0.843750 0.230469 0.812500 0.279297 0.884766 0.271484 0.890625 0.292969 0.869141 0.294922 0.875000 0.308594 0.859375 0.312500 0.853516 0.371094 0.849609 0.328125 0.837891 0.339844 0.828125 0.328125 0.828125 0.357422 0.839844 0.337891 0.843750 0.365234 0.828125 0.365234 0.824219 0.396484 0.802734 0.382812 0.798828 0.351562 0.789062 0.367188 0.783203 0.320312 0.777344 0.353516 0.767578 0.333984 0.767578 0.429688 0.894531 0.433594 0.867188 0.392578 0.878906 0.384766 0.863281 0.376953 0.878906 0.367188 0.863281 0.359375 0.892578 0.355469 0.878906 0.345703 0.906250 0.337891 0.912109 0.310547 0.933594 0.310547 0.941406 0.330078 0.929688 0.298828 0.939453 0.279297 0.929688 0.251953 0.941406 0.250000
3 0.792969 0.175781 0.781250 0.175781 0.781250 0.195312 0.783203 0.197266 0.781250 0.199219 0.781250 0.201172 0.783203 0.201172 0.783203 0.195312 0.785156 0.193359 0.785156 0.187500 0.789062 0.183594 0.787109 0.181641 0.789062 0.179688 0.791016 0.179688 0.792969 0.181641 0.796875 0.177734 0.794922 0.177734
3 0.816406 0.175781 0.814453 0.175781 0.812500 0.177734 0.812500 0.185547 0.814453 0.187500 0.814453 0.193359 0.814453 0.187500 0.818359 0.183594 0.818359 0.177734
3 0.890625 0.222656 0.890625 0.224609 0.892578 0.224609 0.892578 0.222656
3 0.765625 0.238281 0.765625 0.240234 0.767578 0.242188 0.767578 0.238281
3 0.765625 0.246094 0.765625 0.250000 0.763672 0.251953 0.765625 0.253906 0.765625 0.257812 0.767578 0.257812 0.767578 0.251953 0.765625 0.250000 0.767578 0.248047 0.767578 0.246094
3 0.812500 0.335938 0.812500 0.341797 0.820312 0.341797 0.820312 0.339844 0.816406 0.335938
3 0.929688 0.343750 0.929688 0.365234 0.929688 0.359375 0.931641 0.357422 0.931641 0.355469 0.929688 0.353516 0.929688 0.351562 0.931641 0.349609 0.931641 0.345703
3 0.812500 0.351562 0.812500 0.357422 0.816406 0.357422 0.818359 0.355469 0.816406 0.353516 0.816406 0.351562
3 0.812500 0.365234 0.812500 0.367188 0.810547 0.369141 0.810547 0.373047 0.812500 0.375000 0.814453 0.375000 0.816406 0.373047 0.820312 0.373047 0.820312 0.371094 0.818359 0.371094 0.816406 0.369141 0.816406 0.367188 0.814453 0.365234
3 0.925781 0.367188 0.923828 0.369141 0.919922 0.369141 0.921875 0.369141 0.923828 0.371094 0.923828 0.378906 0.921875 0.380859 0.921875 0.382812 0.919922 0.384766 0.921875 0.386719 0.921875 0.388672 0.923828 0.390625 0.925781 0.388672 0.925781 0.382812 0.927734 0.380859 0.927734 0.375000 0.925781 0.375000 0.923828 0.373047 0.923828 0.371094 0.925781 0.369141
3 0.921875 0.427734 0.919922 0.429688 0.919922 0.431641 0.921875 0.433594 0.921875 0.437500 0.923828 0.437500 0.923828 0.427734
3 0.732422 0.603516 0.634766 0.593750 0.484375 0.625000 0.466797 0.660156 0.406250 0.656250 0.207031 0.710938 0.267578 0.712891 0.275391 0.804688 0.132812 0.808594 0.025391 0.998047 0.726562 0.998047
3 0.431641 0.644531 0.429688 0.644531 0.429688 0.646484
3 0.173828 0.724609 0.177734 0.720703 0.195312 0.720703 0.187500 0.720703 0.185547 0.718750 0.181641 0.718750 0.179688 0.720703 0.177734 0.720703
3 0.167969 0.738281 0.166016 0.740234 0.166016 0.742188 0.164062 0.744141 0.166016 0.742188 0.166016 0.740234
4 0.148438 0.691406 0.136719 0.691406 0.134766 0.693359 0.119141 0.693359 0.117188 0.695312 0.107422 0.695312 0.105469 0.697266 0.091797 0.699219 0.076172 0.708984 0.082031 0.722656 0.085938 0.726562 0.087891 0.726562 0.105469 0.744141 0.119141 0.750000 0.121094 0.748047 0.126953 0.748047 0.130859 0.746094 0.138672 0.718750 0.144531 0.714844 0.146484 0.710938 0.146484 0.705078 0.148438 0.703125
4 0.056641 0.708984 0.058594 0.710938 0.060547 0.708984
4 0.265625 0.712891 0.255859 0.707031 0.242188 0.707031 0.214844 0.714844 0.205078 0.722656 0.177734 0.722656 0.136719 0.791016 0.132812 0.804688 0.134766 0.810547 0.140625 0.814453 0.208984 0.814453 0.271484 0.806641 0.275391 0.800781 0.271484 0.728516
4 0.097656 0.804688 0.097656 0.806641 0.099609 0.806641 0.099609 0.804688
4 0.099609 0.818359 0.097656 0.818359 0.095703 0.820312 0.095703 0.822266 0.099609 0.822266
5 0.443359 0.000000 0.421875 0.000000 0.412109 0.015625 0.394531 0.068359 0.367188 0.121094 0.345703 0.199219 0.310547 0.250000 0.302734 0.277344 0.302734 0.304688 0.308594 0.314453 0.324219 0.310547 0.337891 0.279297 0.347656 0.240234 0.367188 0.207031 0.367188 0.187500 0.386719 0.132812 0.443359 0.015625
5 0.388672 0.654297 0.375000 0.646484 0.287109 0.669922 0.191406 0.671875 0.224609 0.574219 0.207031 0.562500 0.132812 0.746094 0.001953 0.976562 0.000000 0.998047 0.017578 0.998047 0.175781 0.695312 0.318359 0.685547 0.386719 0.667969
