1 0.224609 0.029297 0.078125 0.398438 0.179688 0.443359 0.316406 0.466797 0.330078 0.455078 0.386719 0.314453 0.402344 0.214844 0.427734 0.146484 0.427734 0.107422 0.419922 0.089844
2 0.675781 0.087891 0.669922 0.097656 0.666016 0.121094 0.671875 0.125000 0.701172 0.126953 0.693359 0.130859 0.675781 0.130859 0.667969 0.138672 0.669922 0.164062 0.673828 0.167969 0.705078 0.169922 0.740234 0.167969 0.750000 0.148438 0.746094 0.128906 0.703125 0.125000 0.744141 0.123047 0.746094 0.115234 0.736328 0.091797 0.730469 0.087891
2 0.054688 0.113281 0.027344 0.109375 0.013672 0.126953 0.013672 0.158203 0.021484 0.160156 0.000000 0.160156 0.000000 0.208984 0.013672 0.203125 0.070312 0.203125 0.068359 0.185547 0.058594 0.171875 0.039062 0.164062 0.019531 0.162109 0.037109 0.160156 0.039062 0.134766 0.042969 0.126953 0.056641 0.117188
2 0.771484 0.148438 0.767578 0.156250 0.767578 0.181641 0.769531 0.183594 0.769531 0.193359 0.773438 0.201172 0.779297 0.205078 0.806641 0.205078 0.808594 0.207031 0.812500 0.205078 0.818359 0.205078 0.818359 0.201172 0.820312 0.199219 0.820312 0.191406 0.818359 0.189453 0.818359 0.169922 0.816406 0.167969 0.816406 0.158203 0.814453 0.154297 0.812500 0.154297 0.804688 0.146484 0.798828 0.146484 0.796875 0.144531 0.791016 0.144531 0.789062 0.146484 0.775391 0.146484
2 0.000000 0.234375 0.000000 0.261719 0.001953 0.263672 0.017578 0.263672 0.019531 0.261719 0.023438 0.261719 0.025391 0.259766 0.027344 0.259766 0.027344 0.257812 0.029297 0.255859 0.029297 0.248047 0.031250 0.246094 0.031250 0.238281 0.029297 0.238281 0.027344 0.236328 0.013672 0.236328 0.011719 0.234375
2 0.757812 0.345703 0.750000 0.367188 0.750000 0.382812 0.755859 0.386719 0.763672 0.386719 0.771484 0.394531 0.781250 0.396484 0.783203 0.398438 0.792969 0.398438 0.794922 0.400391 0.814453 0.400391 0.816406 0.398438 0.816406 0.388672 0.820312 0.380859 0.820312 0.365234 0.822266 0.363281 0.822266 0.351562 0.820312 0.349609 0.806641 0.343750 0.783203 0.341797 0.781250 0.339844 0.777344 0.339844 0.769531 0.345703 0.765625 0.345703 0.763672 0.343750
2 0.833984 0.484375 0.832031 0.488281 0.832031 0.498047 0.835938 0.505859 0.845703 0.515625 0.849609 0.517578 0.855469 0.517578 0.857422 0.519531 0.869141 0.519531 0.871094 0.521484 0.878906 0.521484 0.880859 0.523438 0.886719 0.523438 0.888672 0.521484 0.888672 0.500000 0.890625 0.498047 0.890625 0.494141 0.888672 0.492188 0.888672 0.486328 0.886719 0.484375 0.878906 0.484375 0.876953 0.482422 0.867188 0.482422 0.865234 0.480469 0.857422 0.480469 0.855469 0.478516 0.845703 0.478516 0.843750 0.480469 0.837891 0.480469
2 0.824219 0.544922 0.824219 0.554688 0.830078 0.566406 0.843750 0.572266 0.859375 0.574219 0.861328 0.576172 0.894531 0.578125 0.894531 0.576172 0.902344 0.568359 0.906250 0.568359 0.908203 0.564453 0.908203 0.558594 0.910156 0.556641 0.910156 0.552734 0.906250 0.548828 0.896484 0.548828 0.894531 0.546875 0.884766 0.546875 0.882812 0.544922 0.859375 0.544922 0.849609 0.539062 0.833984 0.539062 0.832031 0.541016 0.828125 0.541016
2 0.437500 0.591797 0.431641 0.601562 0.431641 0.605469 0.419922 0.617188 0.419922 0.619141 0.417969 0.621094 0.417969 0.628906 0.427734 0.630859 0.435547 0.636719 0.445312 0.636719 0.449219 0.632812 0.449219 0.628906 0.462891 0.615234 0.462891 0.613281 0.464844 0.611328 0.466797 0.611328 0.466797 0.609375 0.468750 0.607422 0.468750 0.603516 0.466797 0.601562 0.466797 0.599609 0.464844 0.599609 0.458984 0.595703 0.455078 0.595703 0.453125 0.593750 0.449219 0.593750 0.447266 0.591797
2 0.761719 0.650391 0.767578 0.658203 0.771484 0.658203 0.773438 0.660156 0.794922 0.660156 0.796875 0.658203 0.800781 0.658203 0.812500 0.648438 0.816406 0.648438 0.818359 0.646484 0.828125 0.644531 0.833984 0.638672 0.833984 0.636719 0.830078 0.630859 0.820312 0.630859 0.812500 0.626953 0.769531 0.626953 0.765625 0.630859 0.765625 0.634766 0.763672 0.636719 0.763672 0.646484
2 0.648438 0.632812 0.646484 0.640625 0.642578 0.644531 0.638672 0.654297 0.638672 0.662109 0.644531 0.669922 0.644531 0.681641 0.636719 0.691406 0.634766 0.710938 0.636719 0.714844 0.640625 0.716797 0.671875 0.716797 0.675781 0.714844 0.677734 0.710938 0.683594 0.714844 0.683594 0.701172 0.691406 0.691406 0.695312 0.677734 0.695312 0.666016 0.693359 0.664062 0.691406 0.646484 0.683594 0.640625 0.660156 0.632812
2 0.748047 0.685547 0.744141 0.683594 0.734375 0.683594 0.726562 0.689453 0.718750 0.691406 0.716797 0.693359 0.712891 0.693359 0.710938 0.695312 0.705078 0.707031 0.705078 0.712891 0.703125 0.714844 0.703125 0.726562 0.705078 0.728516 0.705078 0.732422 0.710938 0.738281 0.714844 0.740234 0.734375 0.740234 0.736328 0.738281 0.740234 0.738281 0.744141 0.734375 0.744141 0.730469 0.750000 0.722656 0.757812 0.707031 0.757812 0.703125 0.759766 0.701172 0.759766 0.695312
2 0.900391 0.703125 0.900391 0.720703 0.902344 0.722656 0.916016 0.722656 0.917969 0.724609 0.923828 0.724609 0.925781 0.726562 0.933594 0.726562 0.935547 0.728516 0.949219 0.728516 0.951172 0.726562 0.951172 0.722656 0.953125 0.720703 0.953125 0.712891 0.955078 0.710938 0.955078 0.705078 0.953125 0.703125 0.953125 0.697266 0.951172 0.695312 0.945312 0.695312 0.943359 0.693359 0.925781 0.693359 0.917969 0.701172 0.902344 0.701172
2 0.835938 0.718750 0.828125 0.724609 0.828125 0.726562 0.826172 0.728516 0.826172 0.732422 0.824219 0.734375 0.824219 0.738281 0.822266 0.740234 0.822266 0.746094 0.826172 0.751953 0.826172 0.755859 0.828125 0.755859 0.833984 0.759766 0.843750 0.761719 0.845703 0.763672 0.857422 0.763672 0.859375 0.761719 0.861328 0.761719 0.867188 0.751953 0.867188 0.746094 0.873047 0.738281 0.873047 0.728516 0.871094 0.726562 0.871094 0.724609 0.869141 0.724609 0.865234 0.720703 0.861328 0.720703 0.859375 0.718750 0.851562 0.718750 0.849609 0.716797 0.841797 0.716797 0.839844 0.718750
2 0.875000 0.791016 0.873047 0.787109 0.859375 0.779297 0.849609 0.777344 0.832031 0.767578 0.826172 0.767578 0.812500 0.783203 0.789062 0.802734 0.767578 0.791016 0.748047 0.794922 0.742188 0.812500 0.753906 0.822266 0.767578 0.828125 0.783203 0.830078 0.837891 0.849609 0.855469 0.849609 0.859375 0.835938 0.873047 0.812500
2 0.416016 0.804688 0.416016 0.808594 0.414062 0.810547 0.414062 0.816406 0.425781 0.830078 0.425781 0.832031 0.433594 0.839844 0.433594 0.843750 0.435547 0.845703 0.439453 0.845703 0.441406 0.847656 0.457031 0.847656 0.460938 0.845703 0.462891 0.839844 0.466797 0.837891 0.476562 0.828125 0.476562 0.820312 0.468750 0.816406 0.464844 0.816406 0.449219 0.806641 0.435547 0.806641 0.423828 0.798828 0.419922 0.798828
2 0.980469 0.820312 0.980469 0.822266 0.978516 0.824219 0.980469 0.824219
2 0.804688 0.849609 0.800781 0.853516 0.798828 0.861328 0.789062 0.875000 0.789062 0.880859 0.787109 0.882812 0.787109 0.904297 0.800781 0.916016 0.800781 0.921875 0.804688 0.929688 0.814453 0.929688 0.818359 0.925781 0.820312 0.917969 0.826172 0.906250 0.830078 0.902344 0.830078 0.896484 0.832031 0.894531 0.832031 0.888672 0.833984 0.886719 0.833984 0.876953 0.828125 0.873047 0.818359 0.871094 0.812500 0.865234 0.810547 0.849609
5 0.203125 0.003906 0.187500 0.007812 0.134766 0.095703 0.101562 0.183594 0.074219 0.226562 0.000000 0.394531 0.001953 0.433594 0.011719 0.427734 0.154297 0.107422 0.207031 0.021484
5 0.791016 0.000000 0.847656 0.208984 0.683594 0.195312 0.671875 0.208984 0.693359 0.222656 0.853516 0.236328 0.925781 0.548828 0.955078 0.623047 0.966797 0.607422 0.865234 0.171875 0.812500 0.001953
5 0.000000 0.517578 0.000000 0.546875 0.064453 0.591797 0.263672 0.630859 0.306641 0.626953 0.351562 0.646484 0.373047 0.683594 0.386719 0.810547 0.419922 0.878906 0.548828 0.978516 0.619141 0.998047 0.539062 0.927734 0.509766 0.925781 0.435547 0.853516 0.410156 0.810547 0.392578 0.667969 0.365234 0.626953 0.308594 0.605469 0.078125 0.572266
