0 0.066406 0.535156 0.062500 0.570312 0.105469 0.593750 0.093750 0.599609 0.107422 0.623047 0.099609 0.648438 0.123047 0.671875 0.138672 0.666016 0.171875 0.689453 0.177734 0.720703 0.177734 0.693359 0.193359 0.679688 0.171875 0.675781 0.185547 0.664062 0.207031 0.677734 0.201172 0.689453 0.214844 0.699219 0.220703 0.730469 0.275391 0.710938 0.300781 0.738281 0.363281 0.716797 0.390625 0.740234 0.427734 0.728516 0.417969 0.599609 0.406250 0.578125 0.412109 0.515625 0.427734 0.490234 0.410156 0.476562 0.328125 0.472656 0.308594 0.460938 0.277344 0.496094 0.267578 0.529297 0.146484 0.521484 0.130859 0.539062
2 0.791016 0.046875 0.787109 0.052734 0.787109 0.076172 0.796875 0.101562 0.785156 0.107422 0.781250 0.115234 0.826172 0.224609 0.833984 0.232422 0.871094 0.212891 0.886719 0.208984 0.888672 0.197266 0.841797 0.095703 0.841797 0.082031 0.824219 0.076172 0.802734 0.048828
2 0.679688 0.072266 0.656250 0.074219 0.621094 0.109375 0.619141 0.115234 0.634766 0.132812 0.644531 0.136719 0.662109 0.132812 0.585938 0.195312 0.605469 0.232422 0.619141 0.244141 0.652344 0.224609 0.677734 0.224609 0.693359 0.208984 0.689453 0.197266 0.693359 0.187500 0.742188 0.150391 0.732422 0.136719 0.716797 0.128906 0.703125 0.109375 0.687500 0.109375 0.697266 0.099609 0.697266 0.089844
2 0.171875 0.105469 0.167969 0.113281 0.167969 0.123047 0.169922 0.126953 0.173828 0.130859 0.185547 0.136719 0.199219 0.148438 0.205078 0.148438 0.207031 0.146484 0.207031 0.142578 0.210938 0.134766 0.218750 0.126953 0.220703 0.126953 0.226562 0.121094 0.228516 0.117188 0.226562 0.111328 0.222656 0.107422 0.218750 0.105469 0.214844 0.105469 0.212891 0.103516 0.205078 0.103516 0.203125 0.101562 0.201172 0.103516 0.199219 0.101562 0.183594 0.101562 0.181641 0.103516 0.175781 0.103516
2 0.259766 0.144531 0.246094 0.154297 0.244141 0.160156 0.240234 0.164062 0.240234 0.166016 0.236328 0.171875 0.238281 0.173828 0.238281 0.175781 0.250000 0.185547 0.251953 0.185547 0.261719 0.191406 0.275391 0.191406 0.279297 0.185547 0.279297 0.181641 0.287109 0.171875 0.287109 0.162109 0.275391 0.152344 0.273438 0.152344 0.265625 0.144531
2 0.175781 0.160156 0.173828 0.162109 0.167969 0.162109 0.166016 0.164062 0.164062 0.164062 0.160156 0.167969 0.160156 0.169922 0.158203 0.171875 0.158203 0.177734 0.156250 0.179688 0.158203 0.181641 0.158203 0.187500 0.160156 0.189453 0.160156 0.191406 0.164062 0.195312 0.166016 0.195312 0.167969 0.197266 0.173828 0.197266 0.175781 0.199219 0.177734 0.197266 0.183594 0.197266 0.185547 0.195312 0.187500 0.195312 0.191406 0.191406 0.191406 0.189453 0.193359 0.187500 0.193359 0.181641 0.195312 0.179688 0.193359 0.177734 0.193359 0.171875 0.191406 0.169922 0.191406 0.167969 0.187500 0.164062 0.185547 0.164062 0.183594 0.162109 0.177734 0.162109
2 0.101562 0.236328 0.093750 0.251953 0.093750 0.259766 0.111328 0.279297 0.130859 0.287109 0.152344 0.300781 0.158203 0.300781 0.164062 0.291016 0.166016 0.292969 0.164062 0.302734 0.193359 0.320312 0.201172 0.320312 0.207031 0.316406 0.214844 0.300781 0.214844 0.292969 0.183594 0.279297 0.177734 0.279297 0.169922 0.287109 0.167969 0.285156 0.169922 0.273438 0.158203 0.248047 0.148438 0.242188 0.138672 0.246094 0.125000 0.246094 0.107422 0.232422
2 0.902344 0.232422 0.867188 0.244141 0.863281 0.248047 0.863281 0.261719 0.859375 0.265625 0.845703 0.269531 0.847656 0.283203 0.853516 0.289062 0.867188 0.318359 0.873047 0.326172 0.882812 0.330078 0.906250 0.326172 0.921875 0.318359 0.937500 0.306641 0.943359 0.306641 0.945312 0.302734 0.945312 0.294922 0.927734 0.261719 0.925781 0.246094
2 0.679688 0.242188 0.675781 0.242188 0.660156 0.250000 0.642578 0.253906 0.636719 0.259766 0.621094 0.265625 0.625000 0.279297 0.625000 0.289062 0.652344 0.324219 0.662109 0.322266 0.703125 0.300781 0.707031 0.300781 0.710938 0.296875 0.708984 0.287109 0.693359 0.271484 0.685547 0.259766
2 0.322266 0.275391 0.324219 0.291016 0.337891 0.302734 0.378906 0.320312 0.402344 0.335938 0.414062 0.339844 0.421875 0.339844 0.425781 0.335938 0.425781 0.328125 0.419922 0.316406 0.408203 0.304688 0.402344 0.302734 0.392578 0.294922 0.365234 0.281250 0.347656 0.275391 0.332031 0.273438 0.330078 0.271484 0.326172 0.271484
2 0.060547 0.318359 0.054688 0.337891 0.056641 0.357422 0.082031 0.367188 0.097656 0.378906 0.125000 0.384766 0.148438 0.396484 0.164062 0.396484 0.185547 0.380859 0.193359 0.369141 0.195312 0.361328 0.193359 0.357422 0.175781 0.351562 0.105469 0.314453 0.066406 0.312500
2 0.916016 0.349609 0.904297 0.361328 0.904297 0.365234 0.910156 0.375000 0.912109 0.384766 0.925781 0.408203 0.929688 0.421875 0.939453 0.433594 0.947266 0.451172 0.955078 0.455078 0.970703 0.449219 0.978516 0.451172 0.986328 0.449219 0.994141 0.441406 0.978516 0.386719 0.970703 0.369141 0.962891 0.359375 0.958984 0.347656 0.949219 0.341797 0.939453 0.341797
2 0.636719 0.375000 0.617188 0.375000 0.566406 0.392578 0.560547 0.400391 0.531250 0.406250 0.537109 0.437500 0.556641 0.480469 0.572266 0.490234 0.582031 0.523438 0.601562 0.521484 0.634766 0.505859 0.636719 0.500000 0.626953 0.486328 0.599609 0.492188 0.589844 0.484375 0.591797 0.480469 0.580078 0.466797 0.570312 0.443359 0.568359 0.419922 0.560547 0.400391 0.566406 0.402344 0.570312 0.416016 0.587891 0.416016 0.625000 0.396484 0.642578 0.394531
2 0.095703 0.382812 0.093750 0.382812 0.093750 0.386719 0.095703 0.384766
2 0.283203 0.388672 0.287109 0.396484 0.287109 0.400391 0.289062 0.402344 0.289062 0.408203 0.294922 0.417969 0.306641 0.423828 0.310547 0.423828 0.314453 0.427734 0.318359 0.427734 0.326172 0.431641 0.332031 0.431641 0.333984 0.433594 0.341797 0.433594 0.347656 0.427734 0.347656 0.423828 0.349609 0.421875 0.349609 0.404297 0.347656 0.400391 0.345703 0.400391 0.341797 0.396484 0.335938 0.396484 0.314453 0.384766 0.308594 0.384766 0.306641 0.382812 0.289062 0.382812
2 0.087891 0.386719 0.085938 0.386719 0.085938 0.392578 0.083984 0.394531 0.080078 0.394531 0.078125 0.392578 0.074219 0.392578 0.074219 0.394531 0.076172 0.394531 0.078125 0.396484 0.080078 0.396484 0.082031 0.398438 0.085938 0.398438 0.087891 0.396484
2 0.798828 0.400391 0.798828 0.408203 0.818359 0.441406 0.830078 0.468750 0.845703 0.490234 0.857422 0.517578 0.863281 0.523438 0.873047 0.523438 0.878906 0.517578 0.888672 0.513672 0.892578 0.507812 0.888672 0.496094 0.873047 0.472656 0.867188 0.457031 0.853516 0.439453 0.833984 0.398438 0.826172 0.394531
2 0.230469 0.400391 0.210938 0.429688 0.208984 0.441406 0.207031 0.443359 0.207031 0.451172 0.212891 0.457031 0.220703 0.458984 0.232422 0.468750 0.244141 0.474609 0.248047 0.474609 0.253906 0.466797 0.257812 0.457031 0.269531 0.445312 0.273438 0.431641 0.277344 0.427734 0.277344 0.419922 0.269531 0.412109 0.261719 0.408203 0.250000 0.406250 0.244141 0.402344
2 0.687500 0.470703 0.689453 0.484375 0.695312 0.488281 0.710938 0.490234 0.726562 0.509766 0.726562 0.525391 0.716797 0.535156 0.716797 0.544922 0.728516 0.564453 0.732422 0.566406 0.740234 0.564453 0.765625 0.550781 0.785156 0.552734 0.789062 0.550781 0.789062 0.544922 0.779297 0.529297 0.777344 0.517578 0.767578 0.501953 0.761719 0.480469 0.753906 0.470703 0.751953 0.458984 0.736328 0.453125 0.718750 0.453125
2 0.076172 0.474609 0.070312 0.482422 0.070312 0.492188 0.068359 0.496094 0.078125 0.513672 0.080078 0.523438 0.085938 0.529297 0.105469 0.529297 0.107422 0.531250 0.115234 0.531250 0.125000 0.535156 0.132812 0.535156 0.138672 0.523438 0.136719 0.505859 0.140625 0.498047 0.142578 0.484375 0.136719 0.478516 0.121094 0.474609 0.115234 0.470703 0.111328 0.470703 0.107422 0.466797 0.095703 0.466797 0.089844 0.470703 0.083984 0.470703
2 0.687500 0.531250 0.681641 0.531250 0.671875 0.541016 0.646484 0.550781 0.640625 0.556641 0.638672 0.574219 0.632812 0.562500 0.628906 0.562500 0.568359 0.595703 0.568359 0.609375 0.589844 0.654297 0.654297 0.617188 0.656250 0.605469 0.660156 0.613281 0.664062 0.613281 0.710938 0.585938
2 0.429688 0.537109 0.423828 0.541016 0.414062 0.568359 0.414062 0.583984 0.421875 0.589844 0.433594 0.724609 0.443359 0.753906 0.453125 0.755859 0.470703 0.746094 0.494141 0.722656 0.494141 0.693359 0.470703 0.589844 0.462891 0.580078 0.443359 0.578125 0.457031 0.570312 0.457031 0.550781 0.447266 0.537109
2 0.074219 0.634766 0.066406 0.634766 0.064453 0.636719 0.050781 0.638672 0.039062 0.646484 0.039062 0.679688 0.041016 0.681641 0.041016 0.685547 0.048828 0.691406 0.050781 0.701172 0.054688 0.705078 0.074219 0.703125 0.089844 0.695312 0.089844 0.679688 0.091797 0.677734 0.091797 0.662109 0.089844 0.660156 0.089844 0.654297 0.087891 0.650391 0.080078 0.648438 0.076172 0.644531 0.076172 0.638672
2 0.964844 0.664062 0.960938 0.666016 0.960938 0.679688 0.962891 0.681641 0.962891 0.687500 0.964844 0.689453 0.964844 0.695312 0.966797 0.697266 0.966797 0.703125 0.968750 0.705078 0.968750 0.710938 0.970703 0.712891 0.970703 0.718750 0.972656 0.720703 0.972656 0.728516 0.974609 0.732422 0.980469 0.736328 0.992188 0.736328 0.994141 0.734375 0.998047 0.734375 0.998047 0.662109
2 0.228516 0.736328 0.228516 0.779297 0.236328 0.779297 0.240234 0.783203 0.236328 0.787109 0.248047 0.783203 0.250000 0.810547 0.261719 0.812500 0.271484 0.849609 0.308594 0.851562 0.322266 0.837891 0.353516 0.820312 0.349609 0.816406 0.384766 0.796875 0.396484 0.794922 0.400391 0.787109 0.380859 0.755859 0.378906 0.734375 0.369141 0.726562 0.353516 0.726562 0.308594 0.748047 0.287109 0.738281 0.287109 0.720703 0.283203 0.718750 0.257812 0.722656
2 0.802734 0.765625 0.791016 0.765625 0.789062 0.767578 0.769531 0.767578 0.767578 0.771484 0.767578 0.779297 0.769531 0.781250 0.767578 0.833984 0.779297 0.833984 0.781250 0.832031 0.802734 0.832031 0.804688 0.830078 0.804688 0.792969 0.802734 0.791016
2 0.751953 0.777344 0.718750 0.791016 0.693359 0.808594 0.687500 0.802734 0.679688 0.802734 0.673828 0.808594 0.673828 0.826172 0.669922 0.832031 0.669922 0.843750 0.675781 0.855469 0.677734 0.867188 0.693359 0.890625 0.705078 0.886719 0.710938 0.880859 0.714844 0.865234 0.716797 0.867188 0.748047 0.849609 0.748047 0.816406 0.753906 0.802734
2 0.148438 0.791016 0.148438 0.794922 0.144531 0.796875 0.146484 0.816406 0.140625 0.824219 0.140625 0.857422 0.150391 0.886719 0.179688 0.882812 0.193359 0.890625 0.228516 0.888672 0.234375 0.876953 0.224609 0.808594 0.212891 0.798828 0.191406 0.794922 0.183594 0.789062 0.167969 0.785156 0.156250 0.791016
2 0.228516 0.791016 0.228516 0.794922 0.230469 0.792969
2 0.234375 0.792969 0.236328 0.794922 0.244141 0.794922 0.244141 0.792969
2 0.832031 0.796875 0.830078 0.798828 0.830078 0.837891 0.832031 0.839844 0.832031 0.847656 0.833984 0.849609 0.851562 0.849609 0.853516 0.847656 0.873047 0.847656 0.876953 0.845703 0.878906 0.841797 0.876953 0.837891 0.876953 0.828125 0.878906 0.826172 0.878906 0.812500 0.876953 0.810547 0.875000 0.800781 0.871094 0.796875 0.839844 0.796875 0.837891 0.798828
2 0.267578 0.849609 0.265625 0.849609 0.263672 0.851562 0.265625 0.853516 0.267578 0.851562
2 0.242188 0.859375 0.242188 0.861328 0.244141 0.863281 0.244141 0.865234 0.246094 0.865234 0.248047 0.863281 0.253906 0.863281 0.255859 0.861328 0.255859 0.859375
2 0.000000 0.876953 0.000000 0.937500 0.056641 0.929688 0.087891 0.933594 0.095703 0.927734 0.099609 0.927734 0.103516 0.935547 0.109375 0.933594 0.105469 0.908203 0.105469 0.916016 0.101562 0.919922 0.097656 0.917969 0.095703 0.921875 0.089844 0.910156 0.089844 0.888672 0.083984 0.888672 0.074219 0.878906 0.076172 0.875000 0.056641 0.876953 0.052734 0.873047 0.060547 0.867188 0.042969 0.867188 0.035156 0.871094
2 0.507812 0.931641 0.511719 0.947266 0.511719 0.957031 0.513672 0.958984 0.513672 0.974609 0.515625 0.976562 0.515625 0.994141 0.517578 0.998047 0.591797 0.998047 0.587891 0.958984 0.585938 0.957031 0.585938 0.935547 0.576172 0.927734 0.544922 0.927734 0.542969 0.929688 0.509766 0.929688
4 0.417969 0.000000 0.417969 0.013672 0.419922 0.017578 0.445312 0.027344 0.472656 0.060547 0.488281 0.064453 0.494141 0.058594 0.496094 0.052734 0.505859 0.042969 0.509766 0.031250 0.513672 0.027344 0.521484 0.025391 0.525391 0.019531 0.525391 0.007812 0.519531 0.000000
4 0.382812 0.199219 0.476562 0.273438 0.490234 0.279297 0.525391 0.250000 0.537109 0.246094 0.544922 0.238281 0.546875 0.222656 0.578125 0.199219 0.580078 0.189453 0.550781 0.154297 0.539062 0.154297 0.507812 0.171875 0.492188 0.201172 0.472656 0.216797 0.466797 0.210938 0.472656 0.193359 0.468750 0.181641 0.445312 0.158203 0.435547 0.154297 0.417969 0.160156 0.406250 0.173828 0.390625 0.181641
5 0.998047 0.515625 0.953125 0.517578 0.484375 0.779297 0.150391 0.937500 0.109375 0.970703 0.109375 0.996094 0.181641 0.998047 0.222656 0.976562 0.248047 0.939453 0.410156 0.845703 0.507812 0.810547 0.656250 0.714844 0.998047 0.546875
5 0.998047 0.570312 0.406250 0.898438 0.253906 0.968750 0.238281 0.998047 0.287109 0.998047 0.839844 0.710938 0.994141 0.609375
