0 0.656250 0.314453 0.656250 0.330078 0.658203 0.332031 0.658203 0.335938 0.662109 0.339844 0.666016 0.339844 0.667969 0.341797 0.679688 0.341797 0.687500 0.335938 0.693359 0.335938 0.695312 0.333984 0.705078 0.333984 0.707031 0.332031 0.712891 0.332031 0.720703 0.326172 0.720703 0.320312 0.714844 0.314453 0.712891 0.314453 0.707031 0.310547 0.666016 0.310547 0.664062 0.312500 0.658203 0.312500
0 0.716797 0.357422 0.714844 0.359375 0.714844 0.384766 0.712891 0.386719 0.712891 0.414062 0.714844 0.416016 0.714844 0.425781 0.716797 0.429688 0.726562 0.437500 0.730469 0.437500 0.732422 0.439453 0.746094 0.439453 0.750000 0.433594 0.750000 0.410156 0.748047 0.408203 0.748047 0.369141 0.742188 0.363281 0.736328 0.361328 0.732422 0.357422 0.728516 0.357422 0.726562 0.355469 0.724609 0.357422
0 0.585938 0.404297 0.585938 0.408203 0.593750 0.416016 0.593750 0.417969 0.597656 0.421875 0.611328 0.421875 0.613281 0.419922 0.619141 0.419922 0.623047 0.416016 0.625000 0.416016 0.630859 0.410156 0.630859 0.408203 0.632812 0.406250 0.628906 0.402344 0.617188 0.402344 0.615234 0.400391 0.595703 0.400391 0.593750 0.402344 0.589844 0.402344 0.587891 0.404297
0 0.617188 0.447266 0.615234 0.445312 0.615234 0.443359 0.613281 0.443359 0.611328 0.441406 0.607422 0.441406 0.605469 0.439453 0.601562 0.439453 0.599609 0.441406 0.589844 0.441406 0.587891 0.443359 0.585938 0.443359 0.583984 0.445312 0.580078 0.445312 0.578125 0.447266 0.578125 0.455078 0.580078 0.457031 0.582031 0.457031 0.583984 0.458984 0.589844 0.458984 0.591797 0.460938 0.599609 0.460938 0.601562 0.458984 0.605469 0.458984 0.607422 0.457031 0.611328 0.457031 0.615234 0.453125 0.615234 0.451172 0.617188 0.449219
0 0.576172 0.482422 0.572266 0.484375 0.572266 0.486328 0.566406 0.494141 0.566406 0.498047 0.568359 0.500000 0.568359 0.521484 0.566406 0.523438 0.566406 0.527344 0.568359 0.529297 0.568359 0.539062 0.574219 0.546875 0.582031 0.550781 0.585938 0.550781 0.587891 0.552734 0.595703 0.552734 0.599609 0.550781 0.601562 0.542969 0.603516 0.541016 0.603516 0.527344 0.605469 0.525391 0.605469 0.496094 0.603516 0.492188 0.597656 0.488281 0.593750 0.488281 0.583984 0.482422
0 0.384766 0.710938 0.382812 0.712891 0.382812 0.718750 0.380859 0.720703 0.380859 0.732422 0.378906 0.734375 0.378906 0.753906 0.380859 0.755859 0.380859 0.765625 0.382812 0.767578 0.382812 0.773438 0.384766 0.777344 0.394531 0.779297 0.396484 0.777344 0.402344 0.777344 0.408203 0.773438 0.412109 0.773438 0.412109 0.767578 0.414062 0.765625 0.414062 0.757812 0.410156 0.750000 0.410156 0.740234 0.414062 0.734375 0.414062 0.718750 0.412109 0.716797 0.406250 0.716797 0.404297 0.714844 0.398438 0.714844 0.396484 0.712891 0.388672 0.712891
1 0.087891 0.783203 0.080078 0.781250 0.042969 0.791016 0.027344 0.808594 0.023438 0.818359 0.017578 0.824219 0.013672 0.839844 0.000000 0.867188 0.000000 0.902344 0.003906 0.904297 0.009766 0.902344 0.017578 0.890625 0.019531 0.878906 0.023438 0.875000 0.029297 0.853516 0.037109 0.837891 0.039062 0.839844 0.052734 0.833984 0.070312 0.835938 0.076172 0.833984 0.087891 0.822266 0.093750 0.806641 0.093750 0.794922
2 0.349609 0.037109 0.210938 0.052734 0.191406 0.070312 0.140625 0.060547 0.019531 0.076172 0.019531 0.105469 0.003906 0.115234 0.013672 0.222656 0.035156 0.226562 0.046875 0.246094 0.207031 0.232422 0.183594 0.238281 0.185547 0.244141 0.248047 0.238281 0.251953 0.222656 0.289062 0.212891 0.292969 0.201172 0.326172 0.195312 0.341797 0.210938 0.363281 0.208984 0.365234 0.126953 0.351562 0.089844
2 0.349609 0.494141 0.343750 0.490234 0.337891 0.490234 0.330078 0.484375 0.292969 0.486328 0.251953 0.494141 0.224609 0.494141 0.220703 0.498047 0.218750 0.525391 0.226562 0.537109 0.296875 0.535156 0.310547 0.533203 0.316406 0.529297 0.341797 0.531250 0.347656 0.527344 0.349609 0.519531 0.347656 0.513672
2 0.505859 0.531250 0.464844 0.529297 0.425781 0.533203 0.419922 0.537109 0.425781 0.585938 0.437500 0.589844 0.425781 0.593750 0.425781 0.619141 0.421875 0.628906 0.423828 0.636719 0.416016 0.644531 0.435547 0.644531 0.466797 0.634766 0.492188 0.634766 0.498047 0.630859 0.496094 0.589844 0.494141 0.585938 0.486328 0.583984 0.498047 0.580078 0.500000 0.576172 0.494141 0.548828 0.507812 0.541016 0.509766 0.535156
2 0.326172 0.550781 0.324219 0.548828 0.324219 0.541016 0.289062 0.541016 0.287109 0.542969 0.267578 0.542969 0.265625 0.544922 0.248047 0.544922 0.246094 0.546875 0.230469 0.544922 0.224609 0.548828 0.224609 0.564453 0.226562 0.566406 0.257812 0.566406 0.259766 0.564453 0.312500 0.562500 0.314453 0.560547 0.324219 0.560547 0.326172 0.558594
2 0.298828 0.626953 0.279297 0.619141 0.269531 0.619141 0.267578 0.621094 0.251953 0.623047 0.250000 0.625000 0.242188 0.625000 0.240234 0.626953 0.230469 0.628906 0.232422 0.660156 0.234375 0.662109 0.236328 0.671875 0.240234 0.673828 0.279297 0.673828 0.281250 0.671875 0.296875 0.667969 0.302734 0.664062 0.302734 0.656250 0.300781 0.654297 0.300781 0.632812 0.298828 0.630859
2 0.402344 0.664062 0.406250 0.677734 0.419922 0.699219 0.441406 0.697266 0.443359 0.695312 0.457031 0.695312 0.458984 0.693359 0.480469 0.693359 0.482422 0.695312 0.488281 0.695312 0.490234 0.693359 0.490234 0.656250 0.488281 0.654297 0.460938 0.654297 0.458984 0.652344 0.431641 0.652344 0.419922 0.656250 0.414062 0.656250 0.412109 0.654297 0.408203 0.656250
2 0.855469 0.748047 0.857422 0.769531 0.851562 0.806641 0.853516 0.818359 0.865234 0.820312 0.884766 0.812500 0.902344 0.812500 0.912109 0.820312 0.916016 0.845703 0.951172 0.849609 0.955078 0.830078 0.964844 0.826172 0.970703 0.812500 0.998047 0.810547 0.998047 0.765625 0.972656 0.765625 0.968750 0.759766 0.968750 0.746094 0.958984 0.736328 0.949219 0.732422 0.880859 0.732422
2 0.998047 0.859375 0.947266 0.857422 0.902344 0.863281 0.890625 0.871094 0.878906 0.861328 0.869141 0.863281 0.861328 0.873047 0.865234 0.886719 0.861328 0.892578 0.861328 0.914062 0.873047 0.921875 0.873047 0.927734 0.861328 0.933594 0.861328 0.960938 0.863281 0.953125 0.871094 0.949219 0.875000 0.953125 0.884766 0.998047 0.998047 0.998047
2 0.134766 0.886719 0.130859 0.894531 0.136719 0.910156 0.138672 0.998047 0.212891 0.998047 0.216797 0.974609 0.222656 0.968750 0.234375 0.968750 0.238281 0.962891 0.238281 0.900391 0.242188 0.886719 0.220703 0.884766 0.203125 0.888672 0.197266 0.882812
2 0.253906 0.919922 0.255859 0.947266 0.259766 0.958984 0.281250 0.958984 0.292969 0.955078 0.308594 0.955078 0.310547 0.953125 0.318359 0.953125 0.328125 0.949219 0.341797 0.949219 0.345703 0.947266 0.345703 0.935547 0.335938 0.929688 0.326172 0.927734 0.314453 0.910156 0.287109 0.908203 0.277344 0.912109 0.257812 0.914062
3 0.998047 0.388672 0.933594 0.406250 0.830078 0.453125 0.781250 0.458984 0.841797 0.589844 0.843750 0.640625 0.855469 0.677734 0.847656 0.693359 0.847656 0.726562 0.855469 0.732422 0.998047 0.722656
4 0.998047 0.066406 0.974609 0.074219 0.941406 0.119141 0.896484 0.152344 0.896484 0.320312 0.904297 0.406250 0.957031 0.396484 0.998047 0.380859
4 0.814453 0.132812 0.791016 0.140625 0.746094 0.140625 0.732422 0.148438 0.728516 0.160156 0.730469 0.236328 0.753906 0.335938 0.757812 0.388672 0.773438 0.443359 0.787109 0.453125 0.826172 0.449219 0.896484 0.414062 0.884766 0.330078 0.882812 0.162109 0.878906 0.156250 0.853516 0.162109 0.833984 0.158203
5 0.369141 0.462891 0.359375 0.470703 0.349609 0.521484 0.359375 0.623047 0.351562 0.787109 0.365234 0.998047 0.384766 0.998047 0.371094 0.828125 0.376953 0.621094 0.367188 0.574219 0.378906 0.472656
