0 0.960938 0.042969 0.960938 0.044922 0.966797 0.044922 0.970703 0.048828 0.970703 0.052734 0.974609 0.052734 0.976562 0.054688 0.978516 0.054688 0.978516 0.050781 0.972656 0.050781 0.970703 0.048828 0.972656 0.046875 0.978516 0.046875 0.980469 0.044922 0.982422 0.044922 0.984375 0.046875 0.984375 0.048828 0.982422 0.050781 0.982422 0.056641 0.980469 0.058594 0.984375 0.062500 0.984375 0.068359 0.988281 0.068359 0.988281 0.062500 0.990234 0.060547 0.988281 0.054688 0.990234 0.052734 0.988281 0.050781 0.988281 0.048828 0.980469 0.041016 0.978516 0.041016 0.976562 0.039062 0.972656 0.039062 0.970703 0.037109 0.964844 0.042969
0 0.837891 0.078125 0.837891 0.080078 0.835938 0.082031 0.835938 0.087891 0.837891 0.089844 0.837891 0.091797 0.835938 0.093750 0.835938 0.095703 0.837891 0.097656 0.841797 0.097656 0.837891 0.093750 0.837891 0.089844 0.839844 0.087891 0.839844 0.078125
0 0.968750 0.083984 0.974609 0.083984 0.976562 0.082031 0.982422 0.082031 0.980469 0.080078 0.970703 0.080078 0.968750 0.082031
0 0.886719 0.082031 0.861328 0.101562 0.847656 0.099609 0.851562 0.115234 0.863281 0.123047 0.847656 0.142578 0.818359 0.154297 0.810547 0.166016 0.812500 0.189453 0.828125 0.203125 0.894531 0.218750 0.931641 0.183594 0.935547 0.197266 0.892578 0.240234 0.888672 0.257812 0.892578 0.277344 0.933594 0.302734 0.960938 0.287109 0.978516 0.259766 0.964844 0.246094 0.958984 0.210938 0.964844 0.205078 0.998047 0.208984 0.998047 0.148438 0.972656 0.148438 0.958984 0.113281 0.970703 0.097656 0.960938 0.093750 0.962891 0.083984 0.958984 0.093750 0.916016 0.099609 0.908203 0.093750 0.900391 0.117188 0.896484 0.082031
0 0.925781 0.082031 0.925781 0.083984 0.929688 0.083984 0.931641 0.085938 0.933594 0.083984 0.933594 0.082031
0 0.998047 0.082031 0.996094 0.082031 0.994141 0.083984 0.992188 0.083984 0.992188 0.085938 0.988281 0.089844 0.990234 0.089844 0.992188 0.087891 0.998047 0.087891
0 0.984375 0.091797 0.980469 0.091797 0.978516 0.093750 0.976562 0.093750 0.980469 0.093750 0.982422 0.091797
0 0.740234 0.138672 0.726562 0.134766 0.710938 0.138672 0.671875 0.156250 0.660156 0.167969 0.642578 0.175781 0.640625 0.189453 0.648438 0.195312 0.652344 0.205078 0.650391 0.210938 0.664062 0.214844 0.669922 0.226562 0.675781 0.230469 0.697266 0.236328 0.716797 0.236328 0.748047 0.214844 0.773438 0.214844 0.777344 0.208984 0.773438 0.187500 0.755859 0.156250
0 0.080078 0.207031 0.107422 0.230469 0.101562 0.269531 0.078125 0.267578 0.099609 0.298828 0.089844 0.396484 0.121094 0.423828 0.134766 0.406250 0.150391 0.443359 0.173828 0.431641 0.210938 0.490234 0.244141 0.458984 0.322266 0.433594 0.349609 0.466797 0.392578 0.480469 0.433594 0.460938 0.466797 0.484375 0.513672 0.476562 0.517578 0.492188 0.576172 0.472656 0.578125 0.490234 0.605469 0.462891 0.566406 0.390625 0.611328 0.328125 0.609375 0.304688 0.548828 0.244141 0.517578 0.244141 0.462891 0.166016 0.421875 0.162109 0.355469 0.199219 0.234375 0.230469 0.218750 0.201172 0.232422 0.166016 0.195312 0.144531 0.119141 0.169922
0 0.093750 0.236328 0.093750 0.238281 0.095703 0.240234 0.095703 0.236328
0 0.082031 0.296875 0.082031 0.300781 0.083984 0.302734 0.083984 0.304688 0.083984 0.296875
0 0.867188 0.376953 0.853516 0.376953 0.843750 0.380859 0.832031 0.392578 0.824219 0.394531 0.818359 0.402344 0.822266 0.419922 0.833984 0.433594 0.835938 0.449219 0.839844 0.453125 0.857422 0.453125 0.859375 0.455078 0.869141 0.451172 0.878906 0.441406 0.898438 0.437500 0.902344 0.433594 0.900391 0.421875 0.884766 0.408203 0.882812 0.400391 0.876953 0.394531
0 0.107422 0.419922 0.103516 0.423828 0.105469 0.425781 0.105469 0.427734 0.107422 0.427734
0 0.138672 0.439453 0.134766 0.439453 0.134766 0.441406 0.136719 0.443359 0.136719 0.445312 0.138672 0.443359
0 0.166016 0.453125 0.166016 0.455078 0.167969 0.457031 0.167969 0.453125
0 0.548828 0.500000 0.548828 0.503906 0.550781 0.501953 0.552734 0.501953 0.550781 0.500000
0 0.343750 0.619141 0.343750 0.628906 0.351562 0.636719 0.353516 0.642578 0.351562 0.644531 0.351562 0.662109 0.359375 0.664062 0.361328 0.666016 0.357422 0.667969 0.359375 0.669922 0.367188 0.667969 0.382812 0.669922 0.400391 0.662109 0.404297 0.658203 0.410156 0.658203 0.416016 0.654297 0.431641 0.654297 0.433594 0.656250 0.439453 0.650391 0.435547 0.623047 0.429688 0.613281 0.417969 0.607422 0.394531 0.607422 0.388672 0.605469 0.378906 0.609375 0.375000 0.605469 0.367188 0.603516 0.353516 0.603516
0 0.927734 0.707031 0.923828 0.710938 0.923828 0.716797 0.925781 0.718750 0.925781 0.722656 0.929688 0.726562 0.933594 0.726562 0.935547 0.728516 0.937500 0.728516 0.947266 0.738281 0.951172 0.748047 0.955078 0.751953 0.957031 0.751953 0.958984 0.753906 0.964844 0.753906 0.972656 0.746094 0.972656 0.742188 0.974609 0.740234 0.974609 0.734375 0.976562 0.732422 0.976562 0.730469 0.974609 0.728516 0.974609 0.720703 0.972656 0.718750 0.970703 0.712891 0.964844 0.707031 0.962891 0.707031 0.960938 0.705078 0.949219 0.705078 0.947266 0.707031 0.943359 0.707031 0.939453 0.703125 0.935547 0.703125 0.933594 0.705078
0 0.511719 0.792969 0.503906 0.755859 0.484375 0.732422 0.482422 0.720703 0.474609 0.710938 0.468750 0.710938 0.455078 0.720703 0.425781 0.722656 0.398438 0.730469 0.367188 0.748047 0.353516 0.761719 0.349609 0.761719 0.351562 0.767578 0.347656 0.769531 0.353516 0.787109 0.386719 0.791016 0.398438 0.802734 0.441406 0.798828 0.464844 0.789062 0.470703 0.792969
0 0.902344 0.730469 0.898438 0.736328 0.898438 0.742188 0.900391 0.744141 0.900391 0.750000 0.904297 0.757812 0.904297 0.771484 0.906250 0.773438 0.906250 0.777344 0.908203 0.781250 0.912109 0.783203 0.916016 0.783203 0.921875 0.787109 0.937500 0.787109 0.943359 0.783203 0.943359 0.773438 0.937500 0.765625 0.937500 0.744141 0.935547 0.740234 0.929688 0.740234 0.927734 0.736328 0.919922 0.728516
0 0.162109 0.804688 0.156250 0.804688 0.154297 0.800781 0.144531 0.796875 0.123047 0.800781 0.111328 0.794922 0.105469 0.787109 0.091797 0.789062 0.080078 0.796875 0.064453 0.798828 0.033203 0.822266 0.001953 0.828125 0.000000 0.841797 0.005859 0.849609 0.021484 0.855469 0.031250 0.871094 0.048828 0.876953 0.064453 0.871094 0.078125 0.857422 0.103516 0.847656 0.144531 0.822266 0.150391 0.822266 0.160156 0.812500
0 0.533203 0.888672 0.529297 0.892578 0.527344 0.919922 0.531250 0.927734 0.542969 0.931641 0.554688 0.947266 0.552734 0.951172 0.554688 0.982422 0.562500 0.988281 0.587891 0.986328 0.595703 0.976562 0.609375 0.968750 0.613281 0.958984 0.613281 0.949219 0.603516 0.935547 0.599609 0.910156 0.593750 0.894531 0.582031 0.886719 0.566406 0.882812 0.548828 0.882812
2 0.041016 0.000000 0.041016 0.003906 0.042969 0.005859 0.042969 0.009766 0.044922 0.011719 0.046875 0.021484 0.050781 0.027344 0.052734 0.037109 0.058594 0.046875 0.064453 0.046875 0.066406 0.048828 0.076172 0.048828 0.078125 0.046875 0.082031 0.046875 0.085938 0.044922 0.091797 0.039062 0.093750 0.039062 0.095703 0.035156 0.095703 0.029297 0.093750 0.027344 0.093750 0.023438 0.089844 0.015625 0.085938 0.011719 0.085938 0.009766 0.076172 0.000000
2 0.240234 0.000000 0.240234 0.003906 0.244141 0.009766 0.244141 0.013672 0.246094 0.015625 0.246094 0.019531 0.248047 0.021484 0.255859 0.021484 0.265625 0.015625 0.271484 0.015625 0.275391 0.019531 0.275391 0.027344 0.281250 0.027344 0.283203 0.025391 0.291016 0.025391 0.294922 0.021484 0.294922 0.011719 0.292969 0.009766 0.292969 0.000000
2 0.712891 0.021484 0.714844 0.023438 0.714844 0.027344 0.716797 0.029297 0.716797 0.033203 0.718750 0.037109 0.726562 0.041016 0.738281 0.041016 0.746094 0.037109 0.750000 0.033203 0.751953 0.033203 0.759766 0.025391 0.767578 0.021484 0.773438 0.021484 0.781250 0.013672 0.781250 0.005859 0.777344 0.000000 0.728516 0.000000 0.726562 0.003906 0.712891 0.015625
2 0.888672 0.025391 0.882812 0.021484 0.865234 0.023438 0.855469 0.005859 0.839844 0.003906 0.775391 0.029297 0.771484 0.033203 0.771484 0.044922 0.777344 0.048828 0.777344 0.058594 0.746094 0.074219 0.746094 0.082031 0.755859 0.099609 0.765625 0.101562 0.777344 0.097656 0.822266 0.072266 0.822266 0.064453 0.816406 0.056641 0.816406 0.046875 0.820312 0.042969 0.847656 0.035156 0.861328 0.050781 0.869141 0.050781 0.875000 0.044922 0.888672 0.041016
2 0.169922 0.017578 0.164062 0.017578 0.142578 0.027344 0.142578 0.037109 0.140625 0.039062 0.142578 0.041016 0.142578 0.048828 0.140625 0.050781 0.136719 0.046875 0.113281 0.050781 0.105469 0.060547 0.107422 0.078125 0.117188 0.097656 0.126953 0.099609 0.128906 0.097656 0.150391 0.095703 0.154297 0.089844 0.152344 0.085938 0.152344 0.076172 0.154297 0.074219 0.167969 0.072266 0.185547 0.062500 0.187500 0.058594 0.185547 0.052734 0.173828 0.033203 0.173828 0.025391
2 0.404297 0.039062 0.388672 0.039062 0.380859 0.044922 0.373047 0.046875 0.369141 0.050781 0.369141 0.060547 0.371094 0.062500 0.371094 0.074219 0.373047 0.076172 0.373047 0.080078 0.376953 0.085938 0.378906 0.095703 0.386719 0.101562 0.394531 0.099609 0.396484 0.097656 0.400391 0.097656 0.419922 0.087891 0.419922 0.078125 0.417969 0.076172 0.417969 0.072266 0.412109 0.070312 0.408203 0.066406 0.406250 0.058594 0.404297 0.056641
2 0.587891 0.060547 0.578125 0.060547 0.574219 0.058594 0.572266 0.060547 0.558594 0.060547 0.556641 0.062500 0.546875 0.064453 0.539062 0.068359 0.525391 0.082031 0.525391 0.085938 0.535156 0.103516 0.537109 0.113281 0.542969 0.121094 0.550781 0.121094 0.552734 0.119141 0.562500 0.117188 0.570312 0.113281 0.578125 0.105469 0.589844 0.101562 0.589844 0.093750 0.587891 0.091797 0.587891 0.083984 0.589844 0.082031 0.589844 0.062500
2 0.304688 0.089844 0.300781 0.097656 0.306641 0.107422 0.312500 0.126953 0.320312 0.140625 0.326172 0.146484 0.330078 0.160156 0.335938 0.169922 0.345703 0.171875 0.347656 0.169922 0.365234 0.167969 0.365234 0.166016 0.371094 0.162109 0.369141 0.158203 0.369141 0.138672 0.361328 0.128906 0.357422 0.117188 0.349609 0.109375 0.345703 0.101562 0.341797 0.099609 0.337891 0.087891 0.328125 0.083984 0.320312 0.083984 0.318359 0.085938 0.310547 0.085938
2 0.720703 0.097656 0.712891 0.093750 0.708984 0.095703 0.697266 0.085938 0.693359 0.085938 0.681641 0.091797 0.675781 0.099609 0.667969 0.099609 0.658203 0.107422 0.650391 0.109375 0.640625 0.115234 0.626953 0.126953 0.621094 0.136719 0.625000 0.140625 0.628906 0.150391 0.638672 0.150391 0.646484 0.146484 0.654297 0.136719 0.666016 0.130859 0.681641 0.117188 0.695312 0.117188 0.716797 0.105469 0.720703 0.101562
2 0.998047 0.089844 0.992188 0.089844 0.990234 0.091797 0.986328 0.091797 0.980469 0.095703 0.976562 0.095703 0.960938 0.107422 0.960938 0.113281 0.962891 0.115234 0.962891 0.119141 0.972656 0.136719 0.972656 0.144531 0.974609 0.146484 0.974609 0.148438 0.976562 0.148438 0.978516 0.150391 0.986328 0.150391 0.988281 0.148438 0.998047 0.146484
2 0.513672 0.130859 0.501953 0.138672 0.494141 0.146484 0.488281 0.148438 0.480469 0.156250 0.480469 0.173828 0.482422 0.177734 0.496094 0.189453 0.501953 0.201172 0.513672 0.212891 0.517578 0.212891 0.525391 0.208984 0.535156 0.199219 0.537109 0.195312 0.537109 0.187500 0.544922 0.181641 0.548828 0.175781 0.546875 0.173828 0.546875 0.169922 0.531250 0.152344 0.527344 0.138672 0.521484 0.132812
2 0.580078 0.132812 0.578125 0.132812 0.576172 0.134766 0.574219 0.134766 0.570312 0.138672 0.566406 0.138672 0.560547 0.142578 0.560547 0.150391 0.562500 0.152344 0.562500 0.154297 0.564453 0.156250 0.564453 0.158203 0.566406 0.160156 0.566406 0.162109 0.570312 0.166016 0.570312 0.167969 0.572266 0.169922 0.576172 0.169922 0.578125 0.167969 0.580078 0.167969 0.582031 0.166016 0.583984 0.166016 0.585938 0.164062 0.587891 0.164062 0.589844 0.162109 0.591797 0.162109 0.591797 0.152344 0.589844 0.150391 0.589844 0.140625 0.585938 0.134766 0.582031 0.134766
2 0.728516 0.230469 0.722656 0.240234 0.734375 0.253906 0.734375 0.261719 0.722656 0.275391 0.722656 0.285156 0.734375 0.302734 0.748047 0.310547 0.746094 0.322266 0.755859 0.333984 0.761719 0.353516 0.769531 0.355469 0.779297 0.349609 0.792969 0.349609 0.798828 0.333984 0.802734 0.341797 0.814453 0.337891 0.833984 0.341797 0.839844 0.335938 0.832031 0.304688 0.816406 0.283203 0.798828 0.289062 0.792969 0.287109 0.794922 0.275391 0.777344 0.250000 0.769531 0.228516 0.757812 0.218750 0.748047 0.218750
2 0.027344 0.269531 0.029297 0.271484 0.029297 0.275391 0.031250 0.279297 0.037109 0.285156 0.041016 0.287109 0.044922 0.287109 0.050781 0.292969 0.056641 0.306641 0.062500 0.312500 0.066406 0.314453 0.080078 0.314453 0.080078 0.308594 0.074219 0.296875 0.074219 0.292969 0.080078 0.285156 0.080078 0.281250 0.078125 0.279297 0.078125 0.275391 0.072266 0.269531 0.068359 0.267578 0.060547 0.267578 0.052734 0.263672 0.039062 0.263672 0.037109 0.265625 0.031250 0.265625
2 0.669922 0.287109 0.650391 0.300781 0.650391 0.318359 0.666016 0.343750 0.673828 0.343750 0.693359 0.330078 0.697266 0.332031 0.671875 0.349609 0.669922 0.357422 0.687500 0.388672 0.707031 0.386719 0.720703 0.400391 0.726562 0.400391 0.734375 0.392578 0.722656 0.371094 0.716797 0.343750 0.708984 0.330078 0.699219 0.326172 0.699219 0.310547 0.687500 0.292969 0.679688 0.287109
2 0.619141 0.367188 0.609375 0.367188 0.607422 0.365234 0.603516 0.365234 0.595703 0.369141 0.591797 0.373047 0.580078 0.376953 0.574219 0.382812 0.574219 0.386719 0.572266 0.388672 0.574219 0.390625 0.574219 0.396484 0.576172 0.398438 0.578125 0.408203 0.583984 0.419922 0.587891 0.423828 0.591797 0.423828 0.603516 0.417969 0.609375 0.417969 0.611328 0.416016 0.619141 0.416016 0.626953 0.410156 0.626953 0.396484 0.625000 0.394531 0.625000 0.388672 0.621094 0.380859 0.621094 0.369141
2 0.775391 0.423828 0.771484 0.423828 0.759766 0.431641 0.761719 0.447266 0.757812 0.451172 0.744141 0.455078 0.738281 0.460938 0.744141 0.478516 0.751953 0.488281 0.757812 0.503906 0.761719 0.507812 0.773438 0.505859 0.791016 0.494141 0.818359 0.482422 0.818359 0.468750 0.812500 0.449219 0.800781 0.437500 0.794922 0.435547 0.785156 0.437500
2 0.724609 0.453125 0.710938 0.453125 0.708984 0.455078 0.707031 0.455078 0.695312 0.464844 0.695312 0.472656 0.693359 0.474609 0.693359 0.484375 0.699219 0.492188 0.707031 0.509766 0.712891 0.513672 0.716797 0.513672 0.718750 0.511719 0.732422 0.505859 0.732422 0.503906 0.734375 0.501953 0.732422 0.500000 0.732422 0.492188 0.730469 0.490234 0.730469 0.488281 0.728516 0.486328 0.728516 0.482422 0.726562 0.480469 0.726562 0.455078
2 0.289062 0.458984 0.281250 0.458984 0.259766 0.474609 0.246094 0.478516 0.234375 0.486328 0.230469 0.494141 0.220703 0.501953 0.218750 0.505859 0.220703 0.507812 0.220703 0.517578 0.228516 0.539062 0.232422 0.542969 0.236328 0.542969 0.248047 0.531250 0.253906 0.531250 0.263672 0.527344 0.291016 0.505859 0.300781 0.503906 0.310547 0.498047 0.310547 0.486328 0.298828 0.478516
2 0.898438 0.478516 0.894531 0.478516 0.892578 0.480469 0.888672 0.480469 0.886719 0.482422 0.884766 0.482422 0.880859 0.486328 0.876953 0.486328 0.875000 0.488281 0.871094 0.488281 0.869141 0.490234 0.869141 0.498047 0.871094 0.500000 0.871094 0.505859 0.873047 0.507812 0.875000 0.513672 0.878906 0.517578 0.886719 0.517578 0.888672 0.515625 0.890625 0.515625 0.900391 0.509766 0.904297 0.509766 0.906250 0.507812 0.910156 0.507812 0.912109 0.505859 0.912109 0.501953 0.910156 0.500000 0.910156 0.496094 0.908203 0.494141 0.908203 0.492188 0.906250 0.490234 0.904297 0.484375
2 0.107422 0.505859 0.101562 0.505859 0.099609 0.503906 0.093750 0.503906 0.089844 0.501953 0.080078 0.507812 0.082031 0.511719 0.082031 0.519531 0.083984 0.521484 0.083984 0.531250 0.082031 0.533203 0.082031 0.537109 0.076172 0.541016 0.076172 0.544922 0.074219 0.546875 0.074219 0.552734 0.076172 0.554688 0.076172 0.558594 0.078125 0.560547 0.080078 0.568359 0.091797 0.568359 0.093750 0.566406 0.099609 0.566406 0.105469 0.562500 0.111328 0.562500 0.117188 0.558594 0.121094 0.550781 0.121094 0.544922 0.123047 0.541016 0.121094 0.539062 0.121094 0.533203 0.119141 0.531250 0.119141 0.523438 0.117188 0.521484 0.115234 0.511719
2 0.689453 0.509766 0.683594 0.513672 0.679688 0.513672 0.664062 0.527344 0.662109 0.527344 0.664062 0.529297 0.666016 0.539062 0.669922 0.542969 0.669922 0.546875 0.673828 0.550781 0.673828 0.554688 0.685547 0.578125 0.701172 0.576172 0.720703 0.562500 0.720703 0.552734 0.718750 0.548828 0.712891 0.548828 0.707031 0.542969 0.707031 0.539062 0.703125 0.531250 0.703125 0.523438 0.699219 0.515625 0.695312 0.511719 0.691406 0.511719
2 0.017578 0.515625 0.013672 0.515625 0.000000 0.523438 0.000000 0.587891 0.007812 0.583984 0.011719 0.580078 0.023438 0.576172 0.025391 0.574219 0.025391 0.566406 0.027344 0.562500 0.033203 0.556641 0.035156 0.556641 0.025391 0.539062 0.025391 0.533203 0.023438 0.531250 0.025391 0.527344 0.023438 0.525391 0.023438 0.519531
2 0.197266 0.533203 0.187500 0.533203 0.185547 0.531250 0.183594 0.533203 0.167969 0.535156 0.158203 0.544922 0.154297 0.544922 0.152344 0.548828 0.156250 0.556641 0.158203 0.572266 0.166016 0.585938 0.169922 0.601562 0.175781 0.611328 0.179688 0.611328 0.195312 0.601562 0.199219 0.601562 0.205078 0.597656 0.210938 0.597656 0.218750 0.593750 0.218750 0.583984 0.210938 0.570312 0.210938 0.566406 0.205078 0.558594 0.203125 0.546875 0.201172 0.544922 0.201172 0.537109
2 0.595703 0.550781 0.597656 0.556641 0.613281 0.572266 0.615234 0.578125 0.628906 0.595703 0.636719 0.597656 0.644531 0.591797 0.654297 0.587891 0.658203 0.583984 0.662109 0.583984 0.660156 0.576172 0.654297 0.566406 0.652344 0.556641 0.646484 0.550781 0.646484 0.546875 0.642578 0.539062 0.638672 0.537109 0.628906 0.537109 0.617188 0.542969 0.605469 0.544922
2 0.953125 0.542969 0.947266 0.539062 0.937500 0.539062 0.914062 0.550781 0.910156 0.554688 0.896484 0.560547 0.892578 0.564453 0.892578 0.578125 0.894531 0.580078 0.894531 0.583984 0.896484 0.585938 0.904297 0.585938 0.910156 0.582031 0.914062 0.582031 0.919922 0.578125 0.923828 0.578125 0.931641 0.574219 0.943359 0.564453 0.957031 0.558594 0.958984 0.554688
2 0.529297 0.562500 0.501953 0.572266 0.484375 0.587891 0.484375 0.599609 0.494141 0.609375 0.498047 0.619141 0.505859 0.626953 0.511719 0.640625 0.521484 0.652344 0.537109 0.650391 0.542969 0.656250 0.546875 0.656250 0.574219 0.644531 0.582031 0.636719 0.582031 0.630859 0.562500 0.603516 0.556641 0.587891 0.539062 0.556641
2 0.847656 0.556641 0.832031 0.568359 0.832031 0.570312 0.828125 0.574219 0.828125 0.578125 0.822266 0.583984 0.820312 0.587891 0.822266 0.599609 0.833984 0.601562 0.847656 0.609375 0.861328 0.609375 0.875000 0.599609 0.886719 0.593750 0.888672 0.585938 0.880859 0.570312 0.875000 0.564453 0.857422 0.556641
2 0.695312 0.585938 0.691406 0.589844 0.693359 0.591797 0.693359 0.593750 0.699219 0.599609 0.701172 0.609375 0.705078 0.613281 0.705078 0.615234 0.708984 0.619141 0.708984 0.621094 0.716797 0.628906 0.726562 0.628906 0.734375 0.621094 0.744141 0.617188 0.748047 0.613281 0.748047 0.607422 0.742188 0.599609 0.742188 0.593750 0.740234 0.591797 0.740234 0.587891 0.734375 0.582031 0.732422 0.582031 0.730469 0.580078 0.714844 0.580078 0.712891 0.582031 0.705078 0.582031 0.703125 0.583984 0.699219 0.583984 0.697266 0.585938
2 0.650391 0.595703 0.648438 0.597656 0.640625 0.599609 0.636719 0.603516 0.648438 0.623047 0.650391 0.638672 0.660156 0.650391 0.664062 0.660156 0.667969 0.664062 0.669922 0.664062 0.693359 0.652344 0.697266 0.648438 0.697266 0.642578 0.691406 0.636719 0.691406 0.634766 0.681641 0.626953 0.679688 0.621094 0.673828 0.615234 0.667969 0.613281 0.664062 0.609375 0.664062 0.607422 0.652344 0.595703
2 0.660156 0.675781 0.679688 0.699219 0.644531 0.699219 0.669922 0.755859 0.685547 0.740234 0.699219 0.753906 0.699219 0.726562 0.732422 0.796875 0.701172 0.818359 0.720703 0.869141 0.753906 0.851562 0.751953 0.833984 0.769531 0.837891 0.812500 0.816406 0.796875 0.759766 0.824219 0.808594 0.833984 0.789062 0.832031 0.833984 0.875000 0.888672 0.898438 0.873047 0.880859 0.832031 0.865234 0.824219 0.878906 0.816406 0.876953 0.804688 0.849609 0.781250 0.833984 0.783203 0.816406 0.742188 0.800781 0.744141 0.794922 0.761719 0.761719 0.705078 0.767578 0.689453 0.750000 0.683594 0.732422 0.644531 0.681641 0.675781
2 0.558594 0.660156 0.552734 0.667969 0.556641 0.685547 0.562500 0.691406 0.570312 0.691406 0.578125 0.685547 0.583984 0.687500 0.574219 0.701172 0.574219 0.708984 0.589844 0.734375 0.603516 0.734375 0.599609 0.744141 0.611328 0.771484 0.617188 0.775391 0.636719 0.777344 0.656250 0.775391 0.656250 0.761719 0.648438 0.750000 0.642578 0.728516 0.636719 0.722656 0.623047 0.720703 0.625000 0.710938 0.609375 0.687500 0.589844 0.685547 0.595703 0.669922 0.587891 0.658203 0.589844 0.650391 0.582031 0.650391
2 0.460938 0.705078 0.441406 0.667969 0.423828 0.660156 0.410156 0.662109 0.191406 0.781250 0.169922 0.804688 0.169922 0.814453 0.185547 0.835938 0.210938 0.832031 0.314453 0.777344 0.363281 0.744141 0.425781 0.714844 0.455078 0.716797
2 0.000000 0.705078 0.000000 0.742188 0.007812 0.742188 0.009766 0.740234 0.015625 0.740234 0.023438 0.736328 0.035156 0.736328 0.039062 0.740234 0.050781 0.740234 0.052734 0.738281 0.058594 0.738281 0.060547 0.736328 0.060547 0.726562 0.056641 0.722656 0.054688 0.716797 0.044922 0.707031 0.042969 0.707031 0.033203 0.697266 0.033203 0.695312 0.029297 0.693359 0.021484 0.693359 0.015625 0.697266 0.011719 0.697266 0.003906 0.701172
2 0.990234 0.757812 0.984375 0.755859 0.958984 0.769531 0.962891 0.781250 0.960938 0.785156 0.957031 0.779297 0.953125 0.779297 0.945312 0.789062 0.937500 0.792969 0.925781 0.792969 0.917969 0.800781 0.917969 0.808594 0.937500 0.839844 0.966797 0.828125 0.974609 0.814453 0.980469 0.816406 0.998047 0.814453 0.998047 0.773438 0.994141 0.769531
2 0.693359 0.769531 0.691406 0.767578 0.689453 0.769531 0.687500 0.769531 0.683594 0.773438 0.679688 0.773438 0.679688 0.775391 0.685547 0.775391 0.687500 0.773438 0.691406 0.773438 0.693359 0.771484
2 0.720703 0.875000 0.720703 0.876953 0.718750 0.878906 0.718750 0.880859 0.720703 0.882812 0.720703 0.892578 0.722656 0.894531 0.722656 0.900391 0.724609 0.902344 0.724609 0.908203 0.728516 0.912109 0.730469 0.912109 0.732422 0.914062 0.740234 0.914062 0.742188 0.912109 0.744141 0.912109 0.746094 0.910156 0.746094 0.904297 0.744141 0.902344 0.744141 0.890625 0.742188 0.888672 0.742188 0.882812 0.740234 0.880859 0.740234 0.878906 0.738281 0.876953 0.738281 0.875000 0.736328 0.873047 0.726562 0.873047 0.724609 0.875000
2 0.695312 0.875000 0.691406 0.876953 0.683594 0.876953 0.679688 0.878906 0.675781 0.882812 0.662109 0.888672 0.652344 0.898438 0.652344 0.902344 0.666016 0.914062 0.669922 0.925781 0.677734 0.931641 0.681641 0.931641 0.683594 0.933594 0.691406 0.933594 0.693359 0.931641 0.697266 0.931641 0.708984 0.923828 0.707031 0.919922 0.707031 0.916016 0.701172 0.904297 0.701172 0.894531 0.699219 0.892578 0.699219 0.886719 0.697266 0.884766 0.697266 0.876953
2 0.759766 0.890625 0.757812 0.892578 0.755859 0.892578 0.753906 0.894531 0.753906 0.914062 0.755859 0.916016 0.755859 0.917969 0.759766 0.921875 0.759766 0.923828 0.761719 0.925781 0.761719 0.927734 0.763672 0.929688 0.765625 0.929688 0.767578 0.927734 0.771484 0.927734 0.779297 0.919922 0.779297 0.912109 0.777344 0.910156 0.777344 0.904297 0.775391 0.902344 0.775391 0.900391 0.773438 0.898438 0.773438 0.896484 0.769531 0.892578 0.767578 0.892578 0.765625 0.890625
2 0.650391 0.939453 0.646484 0.943359 0.638672 0.947266 0.632812 0.953125 0.632812 0.968750 0.634766 0.970703 0.634766 0.976562 0.636719 0.978516 0.636719 0.982422 0.644531 0.990234 0.648438 0.998047 0.667969 0.998047 0.669922 0.996094 0.673828 0.996094 0.681641 0.992188 0.687500 0.984375 0.687500 0.966797 0.685547 0.964844 0.685547 0.957031 0.683594 0.953125 0.675781 0.945312 0.667969 0.943359 0.662109 0.939453
4 0.679688 0.806641 0.669922 0.791016 0.669922 0.785156 0.666016 0.781250 0.630859 0.781250 0.615234 0.789062 0.603516 0.798828 0.591797 0.802734 0.580078 0.814453 0.580078 0.816406 0.589844 0.824219 0.601562 0.824219 0.603516 0.826172 0.617188 0.826172 0.619141 0.824219 0.658203 0.824219 0.671875 0.816406 0.675781 0.816406 0.679688 0.812500
4 0.367188 0.802734 0.367188 0.806641 0.369141 0.808594 0.371094 0.808594 0.371094 0.802734
4 0.542969 0.945312 0.521484 0.923828 0.515625 0.888672 0.460938 0.853516 0.462891 0.832031 0.447266 0.804688 0.392578 0.808594 0.345703 0.830078 0.345703 0.839844 0.332031 0.820312 0.320312 0.820312 0.232422 0.861328 0.230469 0.878906 0.218750 0.882812 0.216797 0.935547 0.193359 0.964844 0.201172 0.968750 0.195312 0.990234 0.171875 0.994141 0.296875 0.998047 0.310547 0.988281 0.306641 0.998047 0.525391 0.998047 0.537109 0.990234
4 0.355469 0.816406 0.357422 0.816406 0.359375 0.814453 0.365234 0.814453 0.365234 0.812500 0.359375 0.812500
4 0.216797 0.839844 0.214844 0.837891 0.205078 0.837891 0.203125 0.839844 0.191406 0.839844 0.189453 0.841797 0.187500 0.841797 0.201172 0.841797 0.203125 0.843750 0.208984 0.843750 0.210938 0.841797 0.216797 0.841797
4 0.183594 0.986328 0.181641 0.984375 0.179688 0.986328 0.171875 0.986328
5 0.460938 0.001953 0.406250 0.000000 0.115234 0.150391 0.076172 0.056641 0.062500 0.054688 0.095703 0.160156 0.001953 0.210938 0.000000 0.224609 0.222656 0.115234 0.275391 0.203125 0.292969 0.207031 0.246094 0.103516 0.437500 0.007812 0.480469 0.123047 0.496094 0.126953
5 0.697266 0.000000 0.601562 0.072266 0.695312 0.041016 0.859375 0.345703 0.412109 0.591797 0.578125 0.880859 0.447266 0.593750 0.539062 0.554688 0.638672 0.708984 0.556641 0.542969 0.619141 0.500000 0.707031 0.638672 0.636719 0.486328 0.867188 0.363281 0.998047 0.572266 0.886719 0.353516 0.998047 0.285156 0.876953 0.333984
5 0.349609 0.636719 0.339844 0.632812 0.322266 0.638672 0.212891 0.708984 0.000000 0.808594 0.000000 0.824219 0.015625 0.824219 0.074219 0.791016 0.224609 0.724609 0.347656 0.650391
