0 0.919922 0.083984 0.890625 0.076172 0.871094 0.078125 0.853516 0.091797 0.847656 0.091797 0.814453 0.111328 0.806641 0.121094 0.806641 0.132812 0.820312 0.150391 0.833984 0.156250 0.843750 0.166016 0.869141 0.173828 0.876953 0.173828 0.882812 0.164062 0.880859 0.158203 0.888672 0.144531 0.919922 0.113281 0.921875 0.095703
0 0.992188 0.080078 0.976562 0.087891 0.976562 0.097656 0.974609 0.099609 0.974609 0.132812 0.976562 0.134766 0.976562 0.144531 0.978516 0.148438 0.984375 0.154297 0.988281 0.154297 0.990234 0.156250 0.998047 0.156250 0.998047 0.080078
0 0.878906 0.283203 0.847656 0.273438 0.830078 0.263672 0.826172 0.257812 0.818359 0.257812 0.802734 0.265625 0.791016 0.265625 0.781250 0.269531 0.773438 0.283203 0.771484 0.304688 0.777344 0.324219 0.785156 0.337891 0.804688 0.343750 0.816406 0.343750 0.833984 0.337891 0.845703 0.324219 0.855469 0.322266 0.875000 0.312500 0.880859 0.304688
0 0.744141 0.361328 0.742188 0.361328 0.740234 0.359375 0.730469 0.359375 0.728516 0.361328 0.718750 0.361328 0.718750 0.365234 0.716797 0.367188 0.714844 0.367188 0.708984 0.373047 0.707031 0.373047 0.707031 0.375000 0.705078 0.376953 0.705078 0.380859 0.707031 0.382812 0.707031 0.396484 0.712891 0.404297 0.718750 0.404297 0.720703 0.406250 0.738281 0.406250 0.740234 0.404297 0.746094 0.402344 0.746094 0.400391 0.748047 0.398438 0.748047 0.373047 0.746094 0.371094 0.746094 0.365234 0.744141 0.363281
0 0.289062 0.394531 0.287109 0.404297 0.279297 0.414062 0.279297 0.425781 0.300781 0.466797 0.312500 0.468750 0.322266 0.474609 0.328125 0.484375 0.347656 0.500000 0.363281 0.492188 0.367188 0.486328 0.388672 0.486328 0.390625 0.490234 0.402344 0.488281 0.400391 0.468750 0.388672 0.449219 0.384766 0.423828 0.361328 0.404297 0.361328 0.394531 0.353516 0.386719 0.359375 0.378906 0.316406 0.375000
0 0.955078 0.398438 0.947266 0.394531 0.935547 0.382812 0.931641 0.382812 0.929688 0.380859 0.925781 0.380859 0.917969 0.386719 0.896484 0.388672 0.884766 0.394531 0.880859 0.398438 0.882812 0.431641 0.886719 0.433594 0.892578 0.433594 0.894531 0.431641 0.933594 0.429688 0.937500 0.427734 0.937500 0.425781 0.945312 0.417969 0.949219 0.417969 0.957031 0.412109 0.955078 0.408203
0 0.814453 0.404297 0.808594 0.410156 0.808594 0.412109 0.806641 0.414062 0.806641 0.435547 0.808594 0.435547 0.812500 0.439453 0.812500 0.445312 0.818359 0.449219 0.843750 0.449219 0.845703 0.447266 0.845703 0.443359 0.847656 0.441406 0.847656 0.433594 0.849609 0.431641 0.849609 0.417969 0.843750 0.412109 0.841797 0.406250 0.835938 0.402344 0.828125 0.402344 0.826172 0.400391 0.822266 0.400391 0.822266 0.402344 0.820312 0.404297
0 0.451172 0.443359 0.455078 0.455078 0.445312 0.466797 0.451172 0.486328 0.488281 0.523438 0.523438 0.527344 0.535156 0.523438 0.556641 0.523438 0.597656 0.507812 0.605469 0.500000 0.597656 0.476562 0.599609 0.474609 0.582031 0.435547 0.568359 0.445312 0.550781 0.447266 0.519531 0.441406 0.501953 0.429688 0.486328 0.429688 0.462891 0.435547
0 0.957031 0.455078 0.957031 0.470703 0.958984 0.472656 0.958984 0.474609 0.960938 0.474609 0.962891 0.476562 0.974609 0.476562 0.976562 0.474609 0.980469 0.474609 0.982422 0.472656 0.982422 0.466797 0.980469 0.464844 0.980469 0.462891 0.972656 0.455078 0.970703 0.455078 0.968750 0.453125 0.958984 0.453125
0 0.960938 0.574219 0.955078 0.582031 0.955078 0.597656 0.960938 0.607422 0.960938 0.613281 0.962891 0.615234 0.966797 0.615234 0.968750 0.617188 0.970703 0.617188 0.974609 0.621094 0.982422 0.621094 0.990234 0.611328 0.990234 0.607422 0.996094 0.601562 0.998047 0.601562 0.998047 0.578125 0.994141 0.578125 0.992188 0.576172 0.990234 0.576172 0.988281 0.574219 0.984375 0.574219 0.982422 0.572266 0.966797 0.572266 0.964844 0.574219
0 0.664062 0.603516 0.646484 0.603516 0.636719 0.611328 0.626953 0.605469 0.591797 0.611328 0.595703 0.636719 0.617188 0.644531 0.587891 0.656250 0.580078 0.669922 0.589844 0.746094 0.599609 0.759766 0.617188 0.763672 0.630859 0.759766 0.652344 0.722656 0.650391 0.712891 0.638672 0.701172 0.638672 0.689453 0.650391 0.662109 0.648438 0.646484 0.621094 0.646484 0.615234 0.642578 0.628906 0.632812 0.669922 0.632812 0.683594 0.626953 0.685547 0.617188
0 0.175781 0.767578 0.189453 0.820312 0.207031 0.832031 0.210938 0.849609 0.228516 0.869141 0.230469 0.904297 0.250000 0.929688 0.271484 0.941406 0.287109 0.943359 0.322266 0.929688 0.337891 0.900391 0.380859 0.882812 0.398438 0.855469 0.402344 0.841797 0.398438 0.828125 0.376953 0.822266 0.333984 0.849609 0.300781 0.859375 0.289062 0.857422 0.271484 0.835938 0.230469 0.810547 0.232422 0.794922 0.207031 0.773438 0.201172 0.755859 0.187500 0.755859
0 0.386719 0.804688 0.388672 0.818359 0.402344 0.822266 0.408203 0.828125 0.410156 0.837891 0.419922 0.845703 0.445312 0.849609 0.460938 0.849609 0.486328 0.835938 0.490234 0.835938 0.496094 0.818359 0.496094 0.796875 0.492188 0.781250 0.488281 0.777344 0.470703 0.771484 0.433594 0.771484 0.423828 0.775391 0.419922 0.773438 0.404297 0.777344
0 0.623047 0.779297 0.611328 0.789062 0.607422 0.812500 0.615234 0.851562 0.615234 0.875000 0.623047 0.892578 0.642578 0.902344 0.638672 0.929688 0.642578 0.960938 0.660156 0.966797 0.679688 0.966797 0.687500 0.960938 0.689453 0.904297 0.664062 0.882812 0.664062 0.863281 0.660156 0.853516 0.662109 0.830078 0.656250 0.820312 0.648438 0.785156
0 0.708984 0.802734 0.703125 0.808594 0.703125 0.835938 0.705078 0.837891 0.705078 0.845703 0.695312 0.861328 0.695312 0.867188 0.701172 0.876953 0.703125 0.888672 0.705078 0.890625 0.746094 0.890625 0.753906 0.884766 0.753906 0.849609 0.757812 0.837891 0.765625 0.828125 0.765625 0.822266 0.761719 0.816406 0.740234 0.804688 0.726562 0.800781
0 0.185547 0.900391 0.181641 0.898438 0.179688 0.900391 0.169922 0.900391 0.167969 0.902344 0.142578 0.902344 0.134766 0.906250 0.117188 0.921875 0.111328 0.923828 0.113281 0.925781 0.111328 0.933594 0.117188 0.939453 0.115234 0.945312 0.138672 0.964844 0.162109 0.966797 0.164062 0.964844 0.173828 0.964844 0.185547 0.957031 0.187500 0.951172 0.187500 0.908203 0.185547 0.906250
1 0.521484 0.365234 0.521484 0.367188 0.519531 0.369141 0.519531 0.375000 0.521484 0.376953 0.521484 0.392578 0.523438 0.392578 0.525391 0.394531 0.531250 0.394531 0.533203 0.396484 0.537109 0.396484 0.546875 0.402344 0.556641 0.402344 0.558594 0.400391 0.564453 0.400391 0.570312 0.394531 0.570312 0.388672 0.568359 0.386719 0.568359 0.380859 0.566406 0.378906 0.566406 0.371094 0.564453 0.369141 0.564453 0.365234 0.558594 0.357422 0.544922 0.357422 0.542969 0.359375 0.539062 0.359375 0.535156 0.363281 0.527344 0.363281 0.525391 0.365234
2 0.000000 0.134766 0.007812 0.136719 0.011719 0.154297 0.023438 0.154297 0.183594 0.066406 0.189453 0.060547 0.187500 0.052734 0.179688 0.044922 0.169922 0.044922 0.171875 0.029297 0.152344 0.000000 0.000000 0.000000
2 0.542969 0.000000 0.556641 0.044922 0.558594 0.082031 0.607422 0.080078 0.611328 0.064453 0.605469 0.042969 0.621094 0.046875 0.615234 0.054688 0.640625 0.099609 0.664062 0.097656 0.689453 0.082031 0.693359 0.068359 0.681641 0.041016 0.673828 0.035156 0.648438 0.039062 0.652344 0.017578 0.646484 0.003906 0.603516 0.015625 0.601562 0.039062 0.589844 0.000000
2 0.466797 0.015625 0.462891 0.019531 0.462891 0.037109 0.466797 0.044922 0.478516 0.044922 0.484375 0.052734 0.486328 0.078125 0.484375 0.105469 0.494141 0.128906 0.517578 0.130859 0.544922 0.117188 0.548828 0.113281 0.548828 0.103516 0.539062 0.082031 0.535156 0.064453 0.517578 0.042969 0.515625 0.015625 0.509766 0.011719 0.498047 0.009766
2 0.212891 0.087891 0.201172 0.085938 0.074219 0.154297 0.050781 0.158203 0.000000 0.193359 0.000000 0.263672 0.220703 0.150391 0.224609 0.154297 0.175781 0.181641 0.171875 0.205078 0.181641 0.232422 0.199219 0.246094 0.261719 0.212891 0.265625 0.205078 0.250000 0.181641 0.248047 0.150391 0.236328 0.144531
2 0.398438 0.171875 0.394531 0.169922 0.390625 0.164062 0.378906 0.164062 0.371094 0.171875 0.363281 0.173828 0.357422 0.177734 0.357422 0.187500 0.355469 0.189453 0.341797 0.191406 0.333984 0.195312 0.328125 0.201172 0.328125 0.208984 0.332031 0.210938 0.339844 0.210938 0.341797 0.208984 0.345703 0.208984 0.353516 0.205078 0.359375 0.195312 0.367188 0.195312 0.373047 0.191406 0.376953 0.191406 0.384766 0.187500 0.386719 0.183594 0.394531 0.177734 0.398438 0.177734
2 0.779297 0.171875 0.775391 0.167969 0.750000 0.171875 0.718750 0.187500 0.710938 0.195312 0.708984 0.203125 0.705078 0.199219 0.695312 0.199219 0.671875 0.208984 0.664062 0.216797 0.664062 0.222656 0.675781 0.257812 0.683594 0.263672 0.720703 0.253906 0.726562 0.240234 0.730469 0.253906 0.738281 0.259766 0.746094 0.259766 0.767578 0.246094 0.804688 0.234375 0.804688 0.226562 0.783203 0.187500
2 0.283203 0.228516 0.273438 0.228516 0.255859 0.234375 0.240234 0.246094 0.230469 0.246094 0.218750 0.250000 0.201172 0.263672 0.197266 0.263672 0.187500 0.269531 0.185547 0.267578 0.181641 0.269531 0.175781 0.277344 0.177734 0.300781 0.179688 0.302734 0.199219 0.302734 0.207031 0.298828 0.214844 0.291016 0.224609 0.287109 0.230469 0.277344 0.248047 0.267578 0.250000 0.261719 0.261719 0.250000 0.275391 0.244141 0.281250 0.238281
2 0.580078 0.273438 0.580078 0.283203 0.593750 0.294922 0.599609 0.306641 0.607422 0.306641 0.609375 0.308594 0.617188 0.304688 0.625000 0.304688 0.630859 0.310547 0.634766 0.320312 0.640625 0.326172 0.642578 0.333984 0.646484 0.335938 0.650391 0.333984 0.650391 0.312500 0.646484 0.304688 0.634766 0.292969 0.632812 0.271484 0.628906 0.267578 0.623047 0.265625 0.615234 0.253906 0.613281 0.253906 0.607422 0.261719 0.595703 0.265625 0.589844 0.271484
2 0.039062 0.269531 0.037109 0.271484 0.031250 0.273438 0.023438 0.281250 0.023438 0.283203 0.021484 0.285156 0.021484 0.292969 0.025391 0.296875 0.027344 0.302734 0.033203 0.300781 0.035156 0.302734 0.039062 0.302734 0.044922 0.308594 0.044922 0.312500 0.046875 0.314453 0.046875 0.320312 0.048828 0.322266 0.056641 0.322266 0.064453 0.316406 0.064453 0.306641 0.062500 0.304688 0.062500 0.296875 0.060547 0.294922 0.060547 0.292969 0.046875 0.277344 0.046875 0.273438 0.044922 0.271484 0.044922 0.269531
2 0.482422 0.322266 0.464844 0.326172 0.445312 0.339844 0.431641 0.345703 0.429688 0.349609 0.431641 0.367188 0.443359 0.396484 0.447266 0.421875 0.453125 0.433594 0.494141 0.423828 0.500000 0.416016 0.500000 0.384766 0.496094 0.369141 0.482422 0.341797
2 0.228516 0.468750 0.097656 0.535156 0.136719 0.617188 0.162109 0.619141 0.119141 0.648438 0.128906 0.689453 0.105469 0.675781 0.083984 0.691406 0.107422 0.757812 0.087891 0.714844 0.068359 0.718750 0.072266 0.687500 0.103516 0.667969 0.066406 0.609375 0.082031 0.583984 0.064453 0.556641 0.003906 0.578125 0.021484 0.617188 0.048828 0.625000 0.000000 0.656250 0.000000 0.957031 0.152344 0.878906 0.162109 0.898438 0.207031 0.873047 0.167969 0.759766 0.251953 0.712891 0.210938 0.638672 0.232422 0.654297 0.304688 0.605469
3 0.998047 0.007812 0.990234 0.011719 0.986328 0.027344 0.976562 0.037109 0.958984 0.042969 0.945312 0.041016 0.937500 0.048828 0.929688 0.048828 0.921875 0.056641 0.892578 0.068359 0.892578 0.074219 0.921875 0.082031 0.925781 0.085938 0.927734 0.099609 0.927734 0.095703 0.935547 0.093750 0.937500 0.089844 0.937500 0.074219 0.941406 0.074219 0.941406 0.082031 0.943359 0.072266 0.947266 0.070312 0.951172 0.074219 0.949219 0.080078 0.962891 0.093750 0.962891 0.099609 0.970703 0.097656 0.974609 0.093750 0.974609 0.087891 0.986328 0.078125 0.998047 0.078125
3 0.998047 0.162109 0.966797 0.173828 0.972656 0.191406 0.988281 0.181641 0.986328 0.203125 0.958984 0.197266 0.958984 0.173828 0.957031 0.199219 0.939453 0.203125 0.939453 0.220703 0.976562 0.224609 0.957031 0.250000 0.982422 0.259766 0.970703 0.279297 0.902344 0.296875 0.839844 0.341797 0.751953 0.355469 0.775391 0.607422 0.794922 0.638672 0.761719 0.849609 0.779297 0.923828 0.998047 0.908203 0.998047 0.603516 0.974609 0.623047 0.953125 0.597656 0.960938 0.572266 0.998047 0.576172
3 0.964844 0.185547 0.964844 0.193359 0.966797 0.193359 0.966797 0.187500
3 0.755859 0.917969 0.712891 0.904297 0.708984 0.988281 0.703125 0.964844 0.646484 0.966797 0.640625 0.910156 0.607422 0.873047 0.597656 0.820312 0.550781 0.820312 0.404297 0.865234 0.289062 0.949219 0.210938 0.919922 0.195312 0.923828 0.183594 0.960938 0.150391 0.968750 0.107422 0.925781 0.005859 0.962891 0.000000 0.998047 0.753906 0.998047
3 0.902344 0.978516 0.902344 0.986328 0.900391 0.988281 0.898438 0.988281 0.896484 0.986328 0.894531 0.986328 0.896484 0.988281 0.896484 0.990234 0.894531 0.992188 0.894531 0.994141 0.898438 0.998047 0.904297 0.998047 0.904297 0.980469
3 0.888672 0.984375 0.886719 0.986328 0.886719 0.988281 0.882812 0.992188 0.880859 0.992188 0.882812 0.994141 0.882812 0.998047 0.890625 0.998047 0.890625 0.992188 0.886719 0.988281 0.888672 0.986328
3 0.986328 0.984375 0.986328 0.988281 0.984375 0.990234 0.984375 0.996094 0.986328 0.998047 0.986328 0.996094 0.988281 0.994141 0.990234 0.994141 0.992188 0.996094 0.992188 0.998047 0.994141 0.998047 0.996094 0.996094 0.998047 0.996094 0.998047 0.984375 0.990234 0.984375 0.988281 0.986328
3 0.917969 0.990234 0.916016 0.992188 0.914062 0.992188 0.914062 0.998047 0.919922 0.998047 0.919922 0.992188
3 0.871094 0.994141 0.871094 0.998047 0.873047 0.998047 0.873047 0.994141
5 0.000000 0.521484 0.423828 0.302734 0.580078 0.248047 0.931641 0.037109 0.976562 0.035156 0.990234 0.000000 0.875000 0.000000 0.550781 0.193359 0.361328 0.269531 0.205078 0.001953 0.175781 0.000000 0.341797 0.275391 0.000000 0.462891
5 0.550781 0.259766 0.542969 0.263672 0.541016 0.285156 0.613281 0.507812 0.613281 0.531250 0.625000 0.564453 0.623047 0.589844 0.628906 0.605469 0.636719 0.609375 0.646484 0.599609 0.636719 0.578125 0.630859 0.503906 0.603516 0.414062 0.589844 0.388672 0.560547 0.269531
6 0.638672 0.515625 0.638672 0.578125 0.648438 0.597656 0.666016 0.599609 0.685547 0.611328 0.699219 0.615234 0.722656 0.611328 0.740234 0.599609 0.740234 0.572266 0.746094 0.558594 0.746094 0.550781 0.740234 0.533203 0.740234 0.519531 0.736328 0.515625 0.695312 0.515625 0.689453 0.519531 0.671875 0.513672 0.656250 0.517578
6 0.292969 0.648438 0.291016 0.658203 0.283203 0.667969 0.285156 0.675781 0.275391 0.689453 0.275391 0.722656 0.281250 0.724609 0.294922 0.716797 0.296875 0.724609 0.310547 0.724609 0.314453 0.730469 0.322266 0.730469 0.324219 0.726562 0.328125 0.732422 0.333984 0.732422 0.339844 0.738281 0.367188 0.738281 0.380859 0.724609 0.373047 0.666016 0.367188 0.650391 0.361328 0.646484 0.355469 0.650391 0.349609 0.644531 0.335938 0.640625 0.332031 0.634766 0.320312 0.638672 0.314453 0.644531 0.306641 0.642578
6 0.416016 0.671875 0.402344 0.687500 0.404297 0.742188 0.416016 0.751953 0.416016 0.755859 0.427734 0.757812 0.429688 0.761719 0.433594 0.757812 0.437500 0.761719 0.433594 0.765625 0.494141 0.767578 0.496094 0.765625 0.492188 0.759766 0.498047 0.755859 0.498047 0.750000 0.507812 0.744141 0.505859 0.732422 0.513672 0.722656 0.513672 0.677734 0.501953 0.671875 0.441406 0.671875 0.433594 0.667969
