0 0.000000 0.003906 0.001953 0.001953 0.003906 0.001953 0.005859 0.000000 0.007812 0.000000 0.000000 0.000000
0 0.042969 0.000000 0.044922 0.001953 0.044922 0.005859 0.046875 0.007812 0.050781 0.007812 0.052734 0.005859 0.052734 0.000000
0 0.201172 0.000000 0.371094 0.320312 0.474609 0.341797 0.492188 0.271484 0.576172 0.193359 0.505859 0.306641 0.505859 0.376953 0.541016 0.425781 0.580078 0.390625 0.601562 0.406250 0.609375 0.470703 0.646484 0.441406 0.691406 0.533203 0.779297 0.425781 0.742188 0.365234 0.759766 0.316406 0.728516 0.277344 0.625000 0.273438 0.595703 0.222656 0.650391 0.250000 0.589844 0.158203 0.617188 0.136719 0.658203 0.169922 0.628906 0.212891 0.662109 0.185547 0.701172 0.208984 0.677734 0.251953 0.753906 0.259766 0.794922 0.398438 0.998047 0.123047 0.998047 0.000000
0 0.082031 0.013672 0.074219 0.033203 0.064453 0.042969 0.060547 0.042969 0.072266 0.062500 0.072266 0.070312 0.066406 0.083984 0.082031 0.083984 0.091797 0.093750 0.093750 0.105469 0.101562 0.095703 0.107422 0.093750 0.126953 0.097656 0.134766 0.087891 0.140625 0.085938 0.148438 0.089844 0.154297 0.080078 0.154297 0.068359 0.142578 0.054688 0.140625 0.046875 0.150391 0.033203 0.162109 0.033203 0.166016 0.029297 0.150391 0.027344 0.138672 0.015625 0.125000 0.017578
0 0.000000 0.048828 0.000000 0.054688 0.001953 0.052734 0.001953 0.050781
0 0.000000 0.074219 0.000000 0.125000 0.015625 0.134766 0.039062 0.216797 0.056641 0.214844 0.099609 0.189453 0.177734 0.162109 0.199219 0.140625 0.167969 0.156250 0.144531 0.156250 0.126953 0.144531 0.115234 0.128906 0.080078 0.156250 0.066406 0.146484 0.066406 0.134766 0.056641 0.121094 0.041016 0.123047 0.027344 0.113281 0.025391 0.103516 0.033203 0.089844
0 0.785156 0.078125 0.785156 0.080078 0.789062 0.080078 0.792969 0.083984 0.792969 0.085938 0.794922 0.083984 0.794922 0.080078 0.792969 0.078125
0 0.201172 0.083984 0.201172 0.085938 0.193359 0.093750 0.191406 0.093750 0.191406 0.097656 0.189453 0.099609 0.189453 0.105469 0.191406 0.107422 0.191406 0.111328 0.197266 0.111328 0.199219 0.109375 0.216797 0.109375 0.216797 0.107422 0.214844 0.105469 0.214844 0.103516 0.208984 0.097656 0.208984 0.093750 0.207031 0.091797 0.207031 0.089844
0 0.816406 0.101562 0.816406 0.103516 0.818359 0.103516 0.818359 0.101562
0 0.863281 0.134766 0.865234 0.134766 0.867188 0.132812 0.863281 0.132812
0 0.226562 0.154297 0.199219 0.181641 0.253906 0.259766 0.234375 0.275391 0.197266 0.242188 0.232422 0.300781 0.183594 0.328125 0.130859 0.251953 0.169922 0.195312 0.060547 0.244141 0.058594 0.287109 0.113281 0.392578 0.062500 0.431641 0.000000 0.433594 0.029297 0.458984 0.007812 0.474609 0.000000 0.453125 0.044922 0.683594 0.000000 0.708984 0.000000 0.873047 0.248047 0.927734 0.433594 0.935547 0.515625 0.853516 0.632812 0.626953 0.472656 0.378906 0.355469 0.347656
0 0.998047 0.160156 0.992188 0.166016 0.986328 0.179688 0.980469 0.185547 0.974609 0.203125 0.966797 0.210938 0.957031 0.212891 0.949219 0.220703 0.949219 0.224609 0.955078 0.226562 0.953125 0.232422 0.955078 0.232422 0.957031 0.236328 0.966797 0.238281 0.964844 0.236328 0.966797 0.232422 0.972656 0.236328 0.978516 0.236328 0.980469 0.240234 0.982422 0.240234 0.978516 0.234375 0.980469 0.232422 0.988281 0.232422 0.998047 0.240234
0 0.187500 0.228516 0.187500 0.230469 0.189453 0.230469 0.193359 0.234375 0.191406 0.232422 0.191406 0.230469 0.189453 0.228516
0 0.597656 0.226562 0.597656 0.228516 0.599609 0.228516 0.599609 0.226562
0 0.943359 0.232422 0.830078 0.435547 0.769531 0.492188 0.826172 0.517578 0.812500 0.556641 0.781250 0.556641 0.755859 0.625000 0.707031 0.585938 0.652344 0.667969 0.681641 0.707031 0.646484 0.681641 0.548828 0.849609 0.578125 0.841797 0.632812 0.904297 0.656250 0.835938 0.728516 0.818359 0.861328 0.882812 0.941406 0.873047 0.941406 0.853516 0.789062 0.781250 0.802734 0.734375 0.998047 0.826172 0.998047 0.271484
0 0.003906 0.244141 0.001953 0.244141 0.000000 0.246094 0.000000 0.259766 0.005859 0.253906 0.003906 0.251953 0.005859 0.250000 0.003906 0.248047
0 0.974609 0.242188 0.976562 0.244141 0.976562 0.242188
0 0.974609 0.250000 0.974609 0.251953 0.978516 0.251953 0.980469 0.253906 0.980469 0.255859 0.982422 0.255859 0.982422 0.253906 0.978516 0.250000 0.980469 0.248047 0.978516 0.250000
0 0.990234 0.248047 0.988281 0.250000 0.988281 0.251953 0.992188 0.251953 0.994141 0.253906 0.994141 0.255859 0.992188 0.257812 0.988281 0.257812 0.986328 0.259766 0.988281 0.261719 0.988281 0.263672 0.992188 0.267578 0.994141 0.267578 0.994141 0.265625 0.996094 0.263672 0.998047 0.263672 0.998047 0.261719 0.996094 0.259766 0.998047 0.257812 0.998047 0.253906 0.994141 0.250000 0.992188 0.250000
0 0.976562 0.257812 0.974609 0.257812 0.972656 0.259766 0.974609 0.259766
0 0.000000 0.277344 0.000000 0.402344 0.005859 0.400391 0.007812 0.402344 0.017578 0.398438 0.031250 0.398438 0.048828 0.386719 0.052734 0.376953 0.052734 0.363281 0.048828 0.353516 0.050781 0.347656 0.058594 0.339844 0.064453 0.337891 0.064453 0.333984 0.060547 0.333984 0.052734 0.326172 0.050781 0.318359 0.046875 0.318359 0.035156 0.308594 0.027344 0.306641 0.017578 0.296875 0.015625 0.291016
0 0.912109 0.384766 0.910156 0.386719 0.910156 0.390625 0.912109 0.392578 0.916016 0.392578 0.917969 0.394531 0.917969 0.396484 0.919922 0.396484 0.919922 0.394531 0.917969 0.394531 0.916016 0.392578 0.916016 0.390625 0.912109 0.386719
0 0.941406 0.382812 0.941406 0.384766 0.943359 0.384766 0.943359 0.382812
0 0.910156 0.396484 0.910156 0.404297 0.910156 0.402344 0.912109 0.400391 0.912109 0.398438
0 0.894531 0.429688 0.894531 0.431641 0.896484 0.431641 0.896484 0.429688
0 0.570312 0.492188 0.574219 0.496094 0.574219 0.498047 0.578125 0.501953 0.578125 0.498047 0.576172 0.496094 0.576172 0.494141 0.574219 0.494141 0.572266 0.492188
0 0.763672 0.501953 0.761719 0.503906 0.761719 0.505859 0.763672 0.503906
0 0.583984 0.507812 0.591797 0.515625 0.591797 0.517578 0.597656 0.523438 0.597656 0.525391 0.601562 0.529297 0.611328 0.529297 0.613281 0.531250 0.613281 0.533203 0.615234 0.533203 0.617188 0.531250 0.615234 0.529297 0.617188 0.527344 0.617188 0.525391 0.615234 0.523438 0.611328 0.523438 0.609375 0.525391 0.603516 0.525391 0.597656 0.519531 0.599609 0.517578 0.599609 0.515625 0.597656 0.513672 0.597656 0.511719 0.599609 0.509766 0.597656 0.509766 0.595703 0.507812
0 0.628906 0.507812 0.628906 0.509766 0.634766 0.509766 0.634766 0.507812
0 0.722656 0.509766 0.724609 0.509766 0.726562 0.507812 0.722656 0.507812
0 0.623047 0.511719 0.621094 0.513672 0.623047 0.513672
0 0.630859 0.513672 0.626953 0.515625 0.628906 0.519531 0.621094 0.529297 0.625000 0.531250 0.621094 0.539062 0.625000 0.546875 0.623047 0.556641 0.650391 0.597656 0.656250 0.599609 0.652344 0.593750 0.656250 0.591797 0.662109 0.595703 0.701172 0.546875 0.697266 0.548828 0.691406 0.544922 0.693359 0.539062 0.687500 0.541016 0.683594 0.539062 0.681641 0.544922 0.675781 0.546875 0.675781 0.548828 0.681641 0.546875 0.683594 0.548828 0.681641 0.556641 0.666016 0.554688 0.660156 0.556641 0.662109 0.558594 0.658203 0.560547 0.648438 0.554688 0.646484 0.548828 0.630859 0.537109 0.630859 0.533203 0.636719 0.527344 0.630859 0.521484 0.632812 0.517578
0 0.748047 0.529297 0.744141 0.533203 0.746094 0.535156 0.746094 0.537109 0.746094 0.531250
0 0.996094 0.527344 0.996094 0.529297 0.998047 0.529297 0.998047 0.527344
0 0.605469 0.539062 0.613281 0.546875 0.615234 0.544922 0.615234 0.542969 0.617188 0.541016 0.617188 0.539062 0.613281 0.539062 0.611328 0.537109 0.609375 0.537109 0.607422 0.539062
0 0.757812 0.546875 0.759766 0.546875 0.761719 0.548828 0.759766 0.546875
0 0.949219 0.863281 0.953125 0.867188 0.953125 0.871094 0.955078 0.873047 0.957031 0.873047 0.958984 0.871094 0.957031 0.869141 0.957031 0.867188 0.958984 0.865234 0.958984 0.863281 0.957031 0.861328 0.955078 0.861328 0.957031 0.863281 0.953125 0.867188 0.951172 0.865234 0.951172 0.863281
0 0.964844 0.863281 0.964844 0.865234 0.966797 0.865234 0.966797 0.863281
0 0.972656 0.863281 0.972656 0.869141 0.970703 0.871094 0.970703 0.873047 0.974609 0.873047 0.974609 0.871094 0.972656 0.869141 0.972656 0.867188 0.974609 0.865234
0 0.083984 0.902344 0.083984 0.898438 0.080078 0.898438 0.078125 0.900391 0.074219 0.900391 0.078125 0.900391 0.080078 0.902344
0 0.089844 0.906250 0.093750 0.906250 0.095703 0.908203 0.097656 0.906250 0.099609 0.908203 0.103516 0.908203 0.105469 0.910156 0.109375 0.910156 0.111328 0.912109 0.113281 0.910156 0.115234 0.912109 0.119141 0.912109 0.125000 0.916016 0.128906 0.916016 0.134766 0.919922 0.138672 0.916016 0.136719 0.914062 0.136719 0.917969 0.134766 0.919922 0.132812 0.917969 0.132812 0.916016 0.128906 0.912109 0.123047 0.912109 0.121094 0.910156 0.123047 0.908203 0.121094 0.908203 0.119141 0.910156 0.115234 0.906250 0.113281 0.906250 0.111328 0.908203 0.109375 0.908203 0.107422 0.906250 0.101562 0.908203 0.099609 0.906250 0.099609 0.898438 0.097656 0.898438 0.095703 0.900391 0.097656 0.902344 0.097656 0.904297 0.095703 0.906250
0 0.167969 0.923828 0.171875 0.923828 0.173828 0.925781 0.177734 0.925781 0.179688 0.927734 0.181641 0.925781 0.183594 0.925781 0.185547 0.927734 0.187500 0.925781 0.191406 0.925781 0.193359 0.927734 0.201172 0.927734 0.201172 0.923828 0.195312 0.923828 0.193359 0.921875 0.191406 0.921875 0.189453 0.923828 0.187500 0.923828 0.185547 0.921875 0.183594 0.921875 0.181641 0.923828 0.179688 0.923828 0.177734 0.921875 0.175781 0.921875 0.173828 0.923828
0 0.000000 0.937500 0.000000 0.953125 0.044922 0.951172 0.048828 0.955078 0.044922 0.976562 0.052734 0.988281 0.052734 0.998047 0.228516 0.998047 0.226562 0.994141 0.232422 0.988281 0.228516 0.980469 0.189453 0.968750 0.166016 0.966797 0.117188 0.953125 0.072266 0.951172 0.023438 0.937500
0 0.990234 0.949219 0.988281 0.949219 0.988281 0.951172
0 0.640625 0.972656 0.642578 0.974609 0.644531 0.974609 0.646484 0.972656 0.646484 0.970703 0.648438 0.968750 0.654297 0.968750 0.656250 0.966797 0.660156 0.966797 0.662109 0.968750 0.662109 0.970703 0.664062 0.972656 0.667969 0.972656 0.667969 0.964844 0.666016 0.966797 0.664062 0.964844 0.662109 0.966797 0.660156 0.966797 0.658203 0.964844 0.656250 0.966797 0.654297 0.966797 0.652344 0.964844 0.650391 0.966797 0.648438 0.966797 0.646484 0.964844 0.644531 0.966797 0.642578 0.966797 0.642578 0.970703
0 0.982422 0.982422 0.980469 0.982422 0.978516 0.984375 0.976562 0.984375 0.974609 0.982422 0.974609 0.980469 0.972656 0.980469 0.972656 0.984375 0.974609 0.986328 0.974609 0.988281 0.972656 0.990234 0.972656 0.994141 0.970703 0.996094 0.970703 0.998047 0.974609 0.998047 0.974609 0.996094 0.980469 0.990234 0.982422 0.990234 0.982422 0.988281 0.978516 0.984375 0.980469 0.982422
0 0.988281 0.980469 0.988281 0.982422 0.990234 0.982422 0.990234 0.980469
0 0.867188 0.986328 0.867188 0.988281 0.869141 0.990234 0.871094 0.988281 0.869141 0.986328
0 0.992188 0.986328 0.994141 0.986328 0.996094 0.988281 0.996094 0.990234 0.998047 0.990234 0.998047 0.988281 0.996094 0.988281 0.994141 0.986328
0 0.988281 0.996094 0.988281 0.998047 0.990234 0.998047 0.990234 0.996094
2 0.353516 0.099609 0.347656 0.099609 0.330078 0.105469 0.330078 0.117188 0.328125 0.119141 0.308594 0.123047 0.300781 0.130859 0.304688 0.136719 0.308594 0.152344 0.326172 0.183594 0.337891 0.183594 0.343750 0.179688 0.359375 0.175781 0.363281 0.169922 0.367188 0.171875 0.382812 0.160156 0.380859 0.144531 0.371094 0.126953 0.361328 0.119141 0.359375 0.105469
2 0.607422 0.138672 0.599609 0.152344 0.593750 0.158203 0.591797 0.158203 0.585938 0.171875 0.585938 0.181641 0.591797 0.189453 0.593750 0.189453 0.617188 0.212891 0.621094 0.214844 0.626953 0.210938 0.632812 0.199219 0.644531 0.187500 0.656250 0.181641 0.656250 0.169922 0.652344 0.166016 0.642578 0.162109 0.634766 0.154297 0.628906 0.154297 0.623047 0.148438 0.623047 0.144531 0.617188 0.138672
2 0.662109 0.187500 0.654297 0.195312 0.652344 0.195312 0.642578 0.203125 0.634766 0.218750 0.634766 0.224609 0.644531 0.240234 0.654297 0.250000 0.658203 0.251953 0.660156 0.250000 0.664062 0.251953 0.667969 0.250000 0.669922 0.251953 0.685547 0.232422 0.689453 0.232422 0.699219 0.226562 0.701172 0.218750 0.699219 0.216797 0.699219 0.208984 0.693359 0.203125 0.685547 0.199219 0.673828 0.187500
2 0.371094 0.205078 0.367188 0.205078 0.363281 0.208984 0.347656 0.212891 0.335938 0.218750 0.330078 0.226562 0.330078 0.230469 0.328125 0.232422 0.328125 0.238281 0.330078 0.240234 0.330078 0.246094 0.332031 0.248047 0.333984 0.259766 0.335938 0.263672 0.349609 0.275391 0.357422 0.275391 0.365234 0.271484 0.380859 0.269531 0.384766 0.265625 0.384766 0.253906 0.386719 0.251953 0.386719 0.228516 0.376953 0.208984
2 0.164062 0.230469 0.148438 0.238281 0.132812 0.253906 0.142578 0.267578 0.144531 0.275391 0.154297 0.285156 0.160156 0.296875 0.164062 0.316406 0.177734 0.326172 0.183594 0.326172 0.195312 0.322266 0.205078 0.312500 0.226562 0.304688 0.230469 0.300781 0.230469 0.296875 0.216797 0.287109 0.212891 0.271484 0.199219 0.251953 0.195312 0.238281 0.185547 0.230469 0.177734 0.234375 0.171875 0.234375
2 0.085938 0.251953 0.087891 0.287109 0.089844 0.289062 0.101562 0.289062 0.103516 0.287109 0.107422 0.289062 0.103516 0.294922 0.103516 0.320312 0.105469 0.322266 0.119141 0.324219 0.132812 0.316406 0.146484 0.304688 0.154297 0.302734 0.154297 0.296875 0.142578 0.281250 0.140625 0.273438 0.134766 0.273438 0.125000 0.281250 0.107422 0.289062 0.105469 0.287109 0.103516 0.253906 0.099609 0.250000
2 0.216797 0.328125 0.197266 0.328125 0.183594 0.341797 0.156250 0.351562 0.138672 0.369141 0.140625 0.384766 0.125000 0.388672 0.117188 0.400391 0.158203 0.464844 0.152344 0.472656 0.181641 0.464844 0.181641 0.453125 0.201172 0.445312 0.210938 0.427734 0.228516 0.427734 0.265625 0.410156 0.255859 0.384766 0.244141 0.373047 0.226562 0.333984
2 0.308594 0.382812 0.308594 0.394531 0.310547 0.396484 0.310547 0.404297 0.312500 0.406250 0.312500 0.412109 0.326172 0.412109 0.328125 0.410156 0.335938 0.410156 0.337891 0.408203 0.341797 0.408203 0.341797 0.384766 0.339844 0.382812 0.335938 0.382812 0.330078 0.378906 0.320312 0.378906 0.318359 0.380859 0.310547 0.380859
2 0.576172 0.398438 0.544922 0.437500 0.554688 0.464844 0.572266 0.484375 0.580078 0.488281 0.585938 0.498047 0.591797 0.498047 0.607422 0.517578 0.615234 0.517578 0.626953 0.505859 0.650391 0.500000 0.656250 0.492188 0.658203 0.476562 0.654297 0.451172 0.648438 0.447266 0.632812 0.447266 0.621094 0.453125 0.613281 0.468750 0.607422 0.472656 0.589844 0.455078 0.599609 0.451172 0.593750 0.447266 0.601562 0.439453 0.607422 0.443359 0.609375 0.435547 0.619141 0.433594 0.609375 0.429688 0.609375 0.423828 0.587891 0.404297 0.585938 0.398438
2 0.093750 0.414062 0.083984 0.423828 0.087891 0.439453 0.087891 0.447266 0.080078 0.455078 0.083984 0.482422 0.097656 0.501953 0.109375 0.501953 0.117188 0.498047 0.119141 0.500000 0.119141 0.517578 0.126953 0.535156 0.134766 0.537109 0.150391 0.533203 0.156250 0.529297 0.156250 0.523438 0.148438 0.500000 0.138672 0.490234 0.142578 0.486328 0.142578 0.478516 0.138672 0.472656 0.134766 0.455078 0.119141 0.435547 0.109375 0.412109
2 0.001953 0.445312 0.000000 0.447266 0.000000 0.451172 0.003906 0.455078 0.003906 0.460938 0.005859 0.462891 0.005859 0.470703 0.007812 0.472656 0.019531 0.472656 0.021484 0.470703 0.023438 0.470703 0.027344 0.466797 0.027344 0.458984 0.025391 0.457031 0.025391 0.455078 0.023438 0.453125 0.021484 0.453125 0.015625 0.447266 0.013672 0.447266 0.011719 0.445312
2 0.009766 0.484375 0.007812 0.486328 0.007812 0.503906 0.023438 0.503906 0.023438 0.486328 0.021484 0.484375
2 0.771484 0.494141 0.765625 0.503906 0.751953 0.517578 0.750000 0.521484 0.750000 0.535156 0.763672 0.546875 0.775391 0.552734 0.787109 0.554688 0.794922 0.560547 0.806641 0.560547 0.810547 0.556641 0.812500 0.542969 0.822266 0.533203 0.824219 0.517578 0.820312 0.513672 0.810547 0.509766 0.806641 0.505859 0.791016 0.498047 0.787109 0.498047 0.779297 0.494141
2 0.664062 0.496094 0.658203 0.496094 0.656250 0.500000 0.648438 0.507812 0.642578 0.509766 0.638672 0.513672 0.638672 0.519531 0.636719 0.521484 0.638672 0.525391 0.638672 0.539062 0.654297 0.554688 0.662109 0.554688 0.669922 0.546875 0.673828 0.539062 0.683594 0.529297 0.685547 0.529297 0.689453 0.523438 0.689453 0.515625 0.685547 0.513672 0.671875 0.500000
2 0.000000 0.501953 0.000000 0.707031 0.013672 0.707031 0.021484 0.703125 0.039062 0.703125 0.042969 0.699219 0.042969 0.683594 0.033203 0.656250 0.017578 0.570312 0.005859 0.537109 0.003906 0.505859
2 0.740234 0.539062 0.714844 0.580078 0.710938 0.591797 0.710938 0.601562 0.714844 0.607422 0.730469 0.613281 0.740234 0.623047 0.748047 0.623047 0.765625 0.601562 0.775391 0.580078 0.781250 0.576172 0.783203 0.572266 0.783203 0.562500 0.757812 0.548828 0.746094 0.539062
2 0.902344 0.546875 0.894531 0.556641 0.892578 0.564453 0.880859 0.582031 0.880859 0.587891 0.884766 0.591797 0.900391 0.597656 0.917969 0.609375 0.931641 0.611328 0.939453 0.605469 0.949219 0.585938 0.953125 0.582031 0.953125 0.572266 0.949219 0.570312 0.939453 0.570312 0.929688 0.566406 0.925781 0.562500 0.925781 0.556641 0.919922 0.548828 0.912109 0.544922
2 0.134766 0.703125 0.119141 0.697266 0.107422 0.687500 0.101562 0.687500 0.095703 0.701172 0.089844 0.707031 0.078125 0.712891 0.066406 0.712891 0.054688 0.726562 0.044922 0.732422 0.044922 0.740234 0.048828 0.744141 0.054688 0.746094 0.062500 0.753906 0.064453 0.759766 0.068359 0.763672 0.080078 0.765625 0.103516 0.740234 0.134766 0.710938 0.136719 0.707031
2 0.470703 0.708984 0.460938 0.720703 0.443359 0.750000 0.435547 0.757812 0.433594 0.767578 0.451172 0.783203 0.457031 0.785156 0.466797 0.792969 0.470703 0.792969 0.482422 0.798828 0.484375 0.796875 0.484375 0.791016 0.480469 0.787109 0.474609 0.787109 0.470703 0.783203 0.468750 0.773438 0.474609 0.759766 0.478516 0.755859 0.492188 0.750000 0.498047 0.750000 0.500000 0.744141 0.488281 0.730469 0.484375 0.716797 0.478516 0.710938
2 0.798828 0.742188 0.789062 0.773438 0.792969 0.779297 0.947266 0.847656 0.974609 0.853516 0.998047 0.865234 0.998047 0.833984 0.953125 0.826172 0.937500 0.802734 0.916016 0.785156 0.839844 0.753906 0.816406 0.740234 0.804688 0.738281
2 0.357422 0.789062 0.357422 0.800781 0.371094 0.800781 0.384766 0.808594 0.388672 0.808594 0.398438 0.816406 0.419922 0.826172 0.435547 0.843750 0.445312 0.849609 0.453125 0.849609 0.453125 0.841797 0.443359 0.830078 0.449219 0.820312 0.460938 0.810547 0.460938 0.806641 0.445312 0.791016 0.441406 0.783203 0.421875 0.779297 0.396484 0.781250 0.392578 0.775391 0.378906 0.775391 0.363281 0.783203
2 0.658203 0.841797 0.658203 0.896484 0.693359 0.896484 0.705078 0.892578 0.742188 0.892578 0.765625 0.888672 0.824219 0.888672 0.833984 0.882812 0.832031 0.873047 0.753906 0.833984 0.734375 0.828125 0.671875 0.835938
2 0.378906 0.847656 0.378906 0.873047 0.384766 0.878906 0.392578 0.882812 0.410156 0.882812 0.419922 0.890625 0.429688 0.890625 0.433594 0.886719 0.433594 0.884766 0.437500 0.880859 0.441406 0.873047 0.439453 0.869141 0.433594 0.867188 0.419922 0.853516 0.414062 0.851562 0.408203 0.845703 0.400391 0.841797 0.390625 0.849609 0.382812 0.845703
2 0.628906 0.882812 0.613281 0.873047 0.597656 0.869141 0.583984 0.859375 0.578125 0.847656 0.560547 0.841797 0.560547 0.849609 0.556641 0.853516 0.539062 0.853516 0.529297 0.859375 0.521484 0.875000 0.509766 0.882812 0.507812 0.888672 0.494141 0.902344 0.492188 0.921875 0.494141 0.925781 0.511719 0.927734 0.521484 0.925781 0.525391 0.921875 0.597656 0.917969 0.621094 0.908203 0.628906 0.892578
2 0.000000 0.955078 0.000000 0.998047 0.050781 0.998047 0.050781 0.988281 0.044922 0.982422 0.044922 0.978516 0.042969 0.976562 0.042969 0.970703 0.044922 0.968750 0.044922 0.962891 0.046875 0.960938 0.046875 0.955078 0.044922 0.953125 0.001953 0.953125
2 0.962891 0.958984 0.958984 0.955078 0.937500 0.955078 0.935547 0.957031 0.890625 0.957031 0.888672 0.958984 0.880859 0.958984 0.875000 0.966797 0.876953 0.998047 0.962891 0.998047 0.962891 0.990234 0.960938 0.988281 0.960938 0.966797 0.962891 0.964844
2 0.820312 0.968750 0.816406 0.964844 0.792969 0.964844 0.783203 0.968750 0.751953 0.970703 0.716797 0.978516 0.677734 0.982422 0.654297 0.978516 0.648438 0.984375 0.644531 0.998047 0.820312 0.998047
4 0.162109 0.000000 0.000000 0.005859 0.000000 0.072266 0.035156 0.089844 0.029297 0.113281 0.056641 0.119141 0.074219 0.152344 0.115234 0.126953 0.144531 0.154297 0.199219 0.142578 0.039062 0.218750 0.000000 0.126953 0.000000 0.275391 0.066406 0.333984 0.050781 0.386719 0.000000 0.404297 0.000000 0.431641 0.062500 0.429688 0.111328 0.392578 0.091797 0.326172 0.056641 0.287109 0.060547 0.242188 0.169922 0.193359 0.166016 0.230469 0.189453 0.226562 0.228516 0.271484 0.250000 0.265625 0.197266 0.181641 0.238281 0.150391 0.218750 0.111328 0.189453 0.111328 0.199219 0.078125
4 0.195312 0.000000 0.195312 0.001953 0.197266 0.003906 0.197266 0.007812 0.199219 0.009766 0.199219 0.011719 0.201172 0.013672 0.201172 0.005859 0.199219 0.003906 0.199219 0.000000
5 0.164062 0.000000 0.349609 0.339844 0.474609 0.378906 0.640625 0.634766 0.445312 0.941406 0.031250 0.892578 0.000000 0.935547 0.398438 0.990234 0.996094 0.943359 0.781250 0.929688 0.996094 0.876953 0.482422 0.937500 0.998047 0.125000 0.804688 0.400391 0.746094 0.253906 0.605469 0.240234 0.732422 0.279297 0.781250 0.425781 0.654297 0.607422 0.503906 0.376953 0.574219 0.193359 0.474609 0.343750 0.371094 0.322266
