1 0.779297 0.625000 0.771484 0.658203 0.771484 0.667969 0.775391 0.673828 0.794922 0.677734 0.845703 0.679688 0.863281 0.683594 0.890625 0.683594 0.894531 0.679688 0.898438 0.646484 0.896484 0.628906 0.816406 0.621094 0.785156 0.621094
1 0.525391 0.666016 0.525391 0.697266 0.523438 0.699219 0.523438 0.716797 0.525391 0.718750 0.535156 0.718750 0.537109 0.720703 0.580078 0.720703 0.582031 0.722656 0.585938 0.720703 0.607422 0.722656 0.611328 0.718750 0.611328 0.708984 0.617188 0.695312 0.617188 0.685547 0.619141 0.683594 0.619141 0.673828 0.615234 0.666016 0.580078 0.666016 0.578125 0.664062 0.542969 0.664062 0.541016 0.662109 0.529297 0.662109
2 0.234375 0.011719 0.236328 0.013672 0.236328 0.015625 0.240234 0.019531 0.242188 0.019531 0.244141 0.021484 0.255859 0.021484 0.257812 0.019531 0.259766 0.019531 0.269531 0.009766 0.271484 0.009766 0.275391 0.005859 0.277344 0.005859 0.279297 0.003906 0.281250 0.003906 0.283203 0.001953 0.289062 0.000000 0.234375 0.000000
2 0.257812 0.074219 0.255859 0.076172 0.246094 0.078125 0.240234 0.082031 0.238281 0.085938 0.240234 0.103516 0.253906 0.130859 0.259766 0.136719 0.271484 0.136719 0.283203 0.130859 0.283203 0.117188 0.277344 0.107422 0.277344 0.103516 0.273438 0.097656 0.273438 0.093750 0.269531 0.087891 0.269531 0.083984 0.267578 0.080078 0.263672 0.076172 0.263672 0.074219
2 0.072266 0.082031 0.062500 0.082031 0.052734 0.087891 0.052734 0.097656 0.054688 0.099609 0.054688 0.103516 0.056641 0.105469 0.056641 0.109375 0.060547 0.117188 0.062500 0.128906 0.058594 0.134766 0.048828 0.138672 0.044922 0.142578 0.044922 0.146484 0.046875 0.148438 0.050781 0.148438 0.060547 0.142578 0.070312 0.140625 0.078125 0.136719 0.083984 0.130859 0.082031 0.107422 0.080078 0.105469 0.080078 0.099609 0.078125 0.097656 0.076172 0.085938
2 0.396484 0.152344 0.345703 0.171875 0.328125 0.171875 0.324219 0.160156 0.316406 0.158203 0.308594 0.169922 0.281250 0.171875 0.236328 0.191406 0.244141 0.230469 0.257812 0.261719 0.261719 0.285156 0.267578 0.291016 0.414062 0.234375 0.406250 0.214844 0.404297 0.175781
2 0.441406 0.335938 0.435547 0.328125 0.410156 0.332031 0.408203 0.359375 0.398438 0.349609 0.394531 0.332031 0.384766 0.328125 0.394531 0.320312 0.392578 0.304688 0.351562 0.310547 0.347656 0.328125 0.361328 0.333984 0.312500 0.337891 0.306641 0.355469 0.244141 0.355469 0.238281 0.382812 0.259766 0.384766 0.267578 0.406250 0.306641 0.404297 0.310547 0.394531 0.318359 0.445312 0.398438 0.435547 0.412109 0.429688 0.414062 0.412109 0.445312 0.412109
2 0.390625 0.455078 0.390625 0.462891 0.392578 0.464844 0.392578 0.468750 0.396484 0.472656 0.412109 0.472656 0.414062 0.470703 0.427734 0.470703 0.429688 0.468750 0.433594 0.468750 0.435547 0.466797 0.437500 0.466797 0.437500 0.455078 0.431641 0.449219 0.410156 0.449219 0.408203 0.451172 0.394531 0.451172
2 0.541016 0.492188 0.541016 0.531250 0.542969 0.533203 0.550781 0.533203 0.552734 0.531250 0.597656 0.531250 0.601562 0.529297 0.601562 0.523438 0.599609 0.521484 0.599609 0.517578 0.595703 0.513672 0.593750 0.509766 0.593750 0.503906 0.589844 0.498047 0.566406 0.498047 0.564453 0.496094 0.560547 0.496094 0.554688 0.490234 0.546875 0.490234 0.544922 0.488281
2 0.388672 0.500000 0.298828 0.501953 0.302734 0.550781 0.339844 0.554688 0.296875 0.562500 0.283203 0.570312 0.283203 0.623047 0.292969 0.632812 0.294922 0.658203 0.355469 0.660156 0.353516 0.650391 0.343750 0.642578 0.347656 0.636719 0.332031 0.630859 0.386719 0.623047 0.400391 0.615234 0.392578 0.552734 0.382812 0.548828 0.396484 0.544922
2 0.603516 0.570312 0.601562 0.568359 0.568359 0.568359 0.566406 0.570312 0.552734 0.570312 0.544922 0.578125 0.533203 0.580078 0.529297 0.583984 0.529297 0.589844 0.537109 0.597656 0.537109 0.621094 0.539062 0.623047 0.552734 0.623047 0.554688 0.625000 0.585938 0.625000 0.589844 0.621094 0.587891 0.619141 0.587891 0.615234 0.589844 0.613281 0.589844 0.599609 0.591797 0.597656 0.591797 0.593750 0.601562 0.589844 0.603516 0.585938
2 0.437500 0.667969 0.406250 0.666016 0.361328 0.669922 0.357422 0.673828 0.359375 0.685547 0.351562 0.691406 0.337891 0.687500 0.333984 0.679688 0.320312 0.679688 0.304688 0.685547 0.300781 0.703125 0.294922 0.697266 0.248047 0.699219 0.234375 0.705078 0.234375 0.714844 0.246094 0.750000 0.253906 0.757812 0.265625 0.757812 0.269531 0.746094 0.277344 0.740234 0.292969 0.740234 0.304688 0.734375 0.355469 0.740234 0.365234 0.736328 0.376953 0.722656 0.429688 0.710938 0.425781 0.679688 0.441406 0.675781
2 0.193359 0.751953 0.185547 0.722656 0.181641 0.718750 0.162109 0.718750 0.154297 0.722656 0.119141 0.718750 0.107422 0.726562 0.107422 0.750000 0.101562 0.730469 0.041016 0.726562 0.035156 0.732422 0.042969 0.759766 0.042969 0.773438 0.046875 0.777344 0.099609 0.779297 0.107422 0.773438 0.111328 0.761719 0.115234 0.767578 0.183594 0.765625 0.191406 0.761719
2 0.521484 0.724609 0.515625 0.773438 0.517578 0.781250 0.541016 0.785156 0.578125 0.785156 0.582031 0.781250 0.585938 0.785156 0.626953 0.785156 0.630859 0.763672 0.630859 0.738281 0.626953 0.730469 0.611328 0.726562 0.593750 0.726562 0.585938 0.734375 0.583984 0.726562 0.580078 0.724609 0.533203 0.724609 0.531250 0.722656
2 0.402344 0.777344 0.351562 0.773438 0.333984 0.789062 0.335938 0.835938 0.339844 0.841797 0.328125 0.845703 0.324219 0.857422 0.285156 0.857422 0.259766 0.863281 0.255859 0.869141 0.259766 0.914062 0.324219 0.908203 0.330078 0.904297 0.400391 0.902344 0.398438 0.857422 0.386719 0.835938 0.400391 0.832031 0.404297 0.826172
2 0.498047 0.814453 0.496094 0.871094 0.501953 0.875000 0.630859 0.884766 0.642578 0.869141 0.644531 0.839844 0.646484 0.871094 0.773438 0.878906 0.800781 0.875000 0.796875 0.832031 0.785156 0.826172 0.650391 0.820312 0.644531 0.839844 0.642578 0.822266 0.632812 0.818359
2 0.173828 0.871094 0.169922 0.869141 0.144531 0.871094 0.140625 0.873047 0.134766 0.880859 0.126953 0.882812 0.121094 0.888672 0.119141 0.896484 0.117188 0.898438 0.117188 0.914062 0.121094 0.919922 0.126953 0.919922 0.134766 0.923828 0.150391 0.925781 0.152344 0.927734 0.164062 0.927734 0.166016 0.925781 0.173828 0.925781 0.177734 0.919922 0.177734 0.884766 0.175781 0.882812 0.175781 0.875000
2 0.082031 0.875000 0.080078 0.876953 0.076172 0.876953 0.072266 0.880859 0.064453 0.884766 0.060547 0.884766 0.054688 0.892578 0.054688 0.902344 0.056641 0.904297 0.058594 0.914062 0.064453 0.921875 0.068359 0.923828 0.070312 0.921875 0.074219 0.921875 0.078125 0.923828 0.083984 0.931641 0.085938 0.931641 0.087891 0.929688 0.093750 0.929688 0.095703 0.927734 0.099609 0.927734 0.103516 0.925781 0.105469 0.921875 0.105469 0.917969 0.107422 0.916016 0.107422 0.912109 0.105469 0.910156 0.105469 0.900391 0.103516 0.898438 0.103516 0.888672 0.101562 0.886719 0.101562 0.882812 0.093750 0.876953 0.085938 0.876953
2 0.285156 0.962891 0.277344 0.957031 0.267578 0.957031 0.250000 0.970703 0.238281 0.970703 0.236328 0.968750 0.212891 0.966797 0.208984 0.968750 0.205078 0.974609 0.205078 0.978516 0.207031 0.980469 0.207031 0.998047 0.289062 0.998047 0.289062 0.986328 0.287109 0.984375 0.287109 0.968750 0.285156 0.966797
3 0.437500 0.000000 0.513672 0.222656 0.546875 0.482422 0.603516 0.500000 0.613281 0.525391 0.652344 0.513672 0.656250 0.527344 0.832031 0.490234 0.826172 0.382812 0.769531 0.140625 0.904297 0.080078 0.890625 0.000000
5 0.968750 0.527344 0.511719 0.537109 0.486328 0.205078 0.417969 0.001953 0.376953 0.000000 0.404297 0.093750 0.000000 0.292969 0.412109 0.113281 0.482422 0.421875 0.464844 0.753906 0.000000 0.853516 0.458984 0.775391 0.445312 0.906250 0.000000 0.982422 0.435547 0.929688 0.474609 0.998047 0.507812 0.558594
6 0.998047 0.029297 0.996094 0.029297 0.990234 0.035156 0.990234 0.037109 0.998047 0.037109
6 0.978516 0.041016 0.978516 0.042969 0.980469 0.044922 0.982422 0.042969 0.980469 0.041016
6 0.994141 0.048828 0.970703 0.072266 0.884766 0.095703 0.775391 0.140625 0.837891 0.425781 0.861328 0.492188 0.951172 0.492188 0.998047 0.474609
6 0.953125 0.058594 0.949219 0.054688 0.945312 0.054688 0.943359 0.056641 0.935547 0.056641 0.933594 0.058594 0.931641 0.056641 0.929688 0.058594 0.929688 0.060547 0.951172 0.060547
6 0.964844 0.058594 0.964844 0.060547 0.966797 0.060547 0.966797 0.058594
