0 0.968750 0.660156 0.966797 0.658203 0.962891 0.660156 0.953125 0.660156 0.951172 0.658203 0.947266 0.658203 0.945312 0.660156 0.929688 0.660156 0.927734 0.662109 0.882812 0.662109 0.880859 0.664062 0.871094 0.664062 0.869141 0.666016 0.865234 0.666016 0.896484 0.666016 0.898438 0.667969 0.912109 0.667969 0.914062 0.671875 0.919922 0.671875 0.921875 0.667969 0.925781 0.667969 0.929688 0.671875 0.935547 0.671875 0.933594 0.669922 0.937500 0.666016 0.941406 0.666016 0.943359 0.667969 0.966797 0.666016 0.968750 0.664062
0 0.988281 0.658203 0.982422 0.658203 0.982422 0.660156 0.980469 0.662109 0.980469 0.664062 0.982422 0.664062 0.982422 0.662109 0.984375 0.660156 0.986328 0.660156
0 0.998047 0.785156 0.886719 0.808594 0.859375 0.791016 0.828125 0.791016 0.750000 0.828125 0.669922 0.830078 0.546875 0.857422 0.488281 0.855469 0.410156 0.882812 0.324219 0.888672 0.322266 0.898438 0.339844 0.912109 0.394531 0.912109 0.998047 0.824219
0 0.240234 0.910156 0.203125 0.894531 0.158203 0.917969 0.138672 0.919922 0.097656 0.896484 0.087891 0.896484 0.056641 0.914062 0.000000 0.919922 0.000000 0.958984 0.046875 0.962891 0.000000 0.970703 0.089844 0.970703 0.052734 0.968750 0.050781 0.960938 0.160156 0.958984 0.187500 0.953125 0.230469 0.929688
0 0.441406 0.953125 0.443359 0.955078 0.453125 0.955078 0.455078 0.953125 0.453125 0.951172 0.447266 0.951172 0.445312 0.953125
1 0.998047 0.744141 0.919922 0.712891 0.919922 0.691406 0.935547 0.685547 0.925781 0.669922 0.818359 0.667969 0.845703 0.675781 0.818359 0.683594 0.859375 0.691406 0.835938 0.716797 0.765625 0.712891 0.761719 0.699219 0.751953 0.710938 0.732422 0.697266 0.644531 0.699219 0.667969 0.710938 0.605469 0.707031 0.443359 0.753906 0.314453 0.771484 0.320312 0.878906 0.398438 0.882812 0.488281 0.853516 0.750000 0.826172 0.828125 0.789062 0.910156 0.804688 0.998047 0.783203
1 0.935547 0.669922 0.937500 0.669922 0.939453 0.667969 0.941406 0.669922 0.949219 0.669922 0.943359 0.669922 0.941406 0.667969 0.937500 0.667969
1 0.765625 0.681641 0.763672 0.679688 0.753906 0.679688 0.751953 0.681641 0.748047 0.677734 0.748047 0.675781 0.744141 0.675781 0.742188 0.677734 0.738281 0.677734 0.736328 0.679688 0.734375 0.679688 0.732422 0.677734 0.730469 0.679688 0.726562 0.679688 0.724609 0.681641 0.720703 0.681641 0.718750 0.683594 0.710938 0.683594 0.708984 0.685547 0.750000 0.685547 0.751953 0.683594 0.753906 0.685547 0.763672 0.685547 0.765625 0.683594
1 0.771484 0.683594 0.773438 0.683594 0.775391 0.685547 0.777344 0.685547 0.779297 0.683594 0.779297 0.681641 0.773438 0.681641
1 0.234375 0.791016 0.134766 0.802734 0.085938 0.822266 0.070312 0.820312 0.001953 0.832031 0.000000 0.912109 0.052734 0.912109 0.093750 0.892578 0.136719 0.916016 0.162109 0.914062 0.201172 0.892578 0.230469 0.904297 0.240234 0.896484 0.236328 0.804688 0.224609 0.800781
2 0.000000 0.000000 0.003906 0.322266 0.015625 0.337891 0.123047 0.328125 0.101562 0.080078 0.083984 0.078125 0.109375 0.068359 0.146484 0.068359 0.140625 0.000000
2 0.695312 0.000000 0.693359 0.001953 0.693359 0.017578 0.695312 0.019531 0.695312 0.023438 0.693359 0.025391 0.693359 0.048828 0.695312 0.050781 0.697266 0.060547 0.703125 0.064453 0.718750 0.064453 0.720703 0.066406 0.734375 0.066406 0.738281 0.064453 0.738281 0.054688 0.744141 0.048828 0.746094 0.050781 0.748047 0.048828 0.750000 0.001953 0.748047 0.000000
2 0.306641 0.007812 0.242188 0.017578 0.244141 0.056641 0.248047 0.066406 0.242188 0.076172 0.242188 0.089844 0.248047 0.093750 0.269531 0.093750 0.320312 0.082031 0.322266 0.074219 0.318359 0.064453 0.314453 0.062500 0.312500 0.031250
2 0.435547 0.037109 0.425781 0.037109 0.423828 0.039062 0.419922 0.039062 0.417969 0.041016 0.414062 0.041016 0.412109 0.042969 0.408203 0.042969 0.406250 0.044922 0.406250 0.062500 0.408203 0.064453 0.408203 0.072266 0.410156 0.074219 0.410156 0.085938 0.412109 0.087891 0.423828 0.087891 0.425781 0.085938 0.435547 0.085938 0.441406 0.082031 0.441406 0.056641 0.439453 0.054688 0.439453 0.044922 0.437500 0.042969 0.437500 0.039062
2 0.640625 0.044922 0.638672 0.044922 0.636719 0.042969 0.634766 0.044922 0.609375 0.044922 0.609375 0.074219 0.611328 0.076172 0.638672 0.076172 0.642578 0.072266 0.642578 0.050781 0.640625 0.048828
2 0.621094 0.089844 0.619141 0.091797 0.619141 0.103516 0.617188 0.105469 0.617188 0.113281 0.619141 0.115234 0.619141 0.138672 0.621094 0.140625 0.619141 0.154297 0.621094 0.156250 0.646484 0.156250 0.652344 0.152344 0.652344 0.146484 0.650391 0.144531 0.650391 0.130859 0.648438 0.128906 0.648438 0.121094 0.646484 0.119141 0.644531 0.107422 0.638672 0.101562 0.638672 0.099609 0.632812 0.095703 0.630859 0.099609 0.626953 0.099609 0.625000 0.097656 0.626953 0.095703 0.626953 0.091797 0.625000 0.089844
2 0.613281 0.267578 0.609375 0.259766 0.585938 0.259766 0.552734 0.269531 0.515625 0.267578 0.507812 0.271484 0.449219 0.277344 0.435547 0.289062 0.435547 0.320312 0.439453 0.324219 0.468750 0.322266 0.541016 0.306641 0.603516 0.298828 0.615234 0.292969
2 0.699219 0.343750 0.683594 0.343750 0.683594 0.373047 0.689453 0.378906 0.685547 0.382812 0.687500 0.425781 0.681641 0.460938 0.679688 0.576172 0.648438 0.580078 0.652344 0.621094 0.695312 0.613281 0.703125 0.599609 0.703125 0.548828 0.697266 0.529297 0.703125 0.503906 0.699219 0.457031 0.710938 0.414062 0.724609 0.400391 0.724609 0.384766 0.710938 0.378906 0.714844 0.376953 0.712891 0.349609
2 0.175781 0.357422 0.169922 0.351562 0.160156 0.351562 0.064453 0.382812 0.062500 0.392578 0.066406 0.416016 0.076172 0.421875 0.109375 0.416016 0.115234 0.412109 0.111328 0.390625 0.115234 0.386719 0.166016 0.378906 0.177734 0.371094
2 0.376953 0.382812 0.373047 0.380859 0.343750 0.382812 0.320312 0.388672 0.291016 0.390625 0.287109 0.394531 0.294922 0.464844 0.298828 0.480469 0.304688 0.488281 0.316406 0.488281 0.337891 0.482422 0.363281 0.449219 0.380859 0.443359
2 0.419922 0.380859 0.417969 0.382812 0.417969 0.402344 0.419922 0.404297 0.419922 0.419922 0.421875 0.421875 0.421875 0.433594 0.423828 0.435547 0.423828 0.453125 0.425781 0.455078 0.449219 0.455078 0.451172 0.453125 0.462891 0.453125 0.464844 0.451172 0.464844 0.431641 0.462891 0.429688 0.460938 0.382812 0.458984 0.380859
2 0.160156 0.410156 0.144531 0.410156 0.130859 0.416016 0.119141 0.416016 0.113281 0.419922 0.119141 0.464844 0.126953 0.466797 0.105469 0.470703 0.111328 0.533203 0.162109 0.525391 0.162109 0.509766 0.154297 0.466797 0.167969 0.460938 0.167969 0.449219
2 0.548828 0.433594 0.548828 0.453125 0.550781 0.455078 0.548828 0.486328 0.552734 0.492188 0.554688 0.501953 0.558594 0.505859 0.607422 0.503906 0.609375 0.501953 0.630859 0.501953 0.632812 0.500000 0.630859 0.478516 0.636719 0.468750 0.630859 0.455078 0.632812 0.435547 0.625000 0.433594 0.562500 0.433594 0.560547 0.431641 0.550781 0.431641
2 0.904297 0.431641 0.902344 0.433594 0.902344 0.457031 0.904297 0.458984 0.904297 0.488281 0.908203 0.496094 0.912109 0.498047 0.933594 0.498047 0.935547 0.496094 0.941406 0.496094 0.943359 0.494141 0.943359 0.468750 0.941406 0.466797 0.939453 0.433594 0.935547 0.431641
2 0.035156 0.458984 0.000000 0.460938 0.000000 0.599609 0.058594 0.591797 0.054688 0.556641 0.042969 0.513672 0.041016 0.482422
2 0.664062 0.513672 0.658203 0.507812 0.498047 0.513672 0.484375 0.521484 0.484375 0.568359 0.505859 0.585938 0.662109 0.574219 0.666016 0.570312 0.664062 0.539062 0.667969 0.537109 0.664062 0.531250
2 0.207031 0.566406 0.173828 0.568359 0.158203 0.576172 0.146484 0.576172 0.105469 0.583984 0.103516 0.587891 0.105469 0.589844 0.107422 0.623047 0.113281 0.636719 0.117188 0.640625 0.148438 0.634766 0.207031 0.626953 0.208984 0.623047 0.208984 0.570312
2 0.351562 0.582031 0.353516 0.591797 0.357422 0.593750 0.353516 0.605469 0.357422 0.621094 0.382812 0.640625 0.392578 0.630859 0.394531 0.634766 0.390625 0.646484 0.406250 0.658203 0.412109 0.671875 0.476562 0.656250 0.490234 0.644531 0.490234 0.630859 0.462891 0.615234 0.417969 0.619141 0.400391 0.625000 0.400391 0.613281 0.388672 0.599609 0.382812 0.578125 0.363281 0.576172
2 0.189453 0.634766 0.167969 0.636719 0.148438 0.642578 0.128906 0.642578 0.119141 0.648438 0.117188 0.652344 0.117188 0.685547 0.121094 0.699219 0.119141 0.710938 0.125000 0.718750 0.126953 0.728516 0.150391 0.726562 0.154297 0.724609 0.156250 0.716797 0.162109 0.712891 0.191406 0.708984 0.195312 0.705078 0.193359 0.691406 0.203125 0.683594 0.203125 0.671875 0.201172 0.669922 0.199219 0.644531
2 0.847656 0.902344 0.841797 0.900391 0.816406 0.902344 0.787109 0.910156 0.769531 0.910156 0.751953 0.914062 0.753906 0.935547 0.750000 0.947266 0.750000 0.998047 0.757812 0.998047 0.757812 0.992188 0.761719 0.988281 0.775391 0.984375 0.775391 0.943359 0.779297 0.933594 0.847656 0.931641 0.849609 0.927734
2 0.664062 0.931641 0.664062 0.960938 0.666016 0.962891 0.667969 0.960938 0.671875 0.960938 0.673828 0.962891 0.679688 0.962891 0.683594 0.958984 0.683594 0.951172 0.681641 0.949219 0.681641 0.947266 0.683594 0.945312 0.683594 0.935547 0.681641 0.933594 0.681641 0.931641 0.679688 0.929688 0.671875 0.929688 0.669922 0.931641
2 0.589844 0.939453 0.589844 0.941406 0.587891 0.943359 0.587891 0.951172 0.589844 0.953125 0.589844 0.958984 0.591797 0.960938 0.591797 0.962891 0.593750 0.964844 0.595703 0.964844 0.597656 0.962891 0.607422 0.962891 0.607422 0.960938 0.609375 0.958984 0.609375 0.939453 0.607422 0.937500 0.593750 0.937500 0.591797 0.939453
2 0.720703 0.943359 0.718750 0.945312 0.718750 0.958984 0.716797 0.960938 0.716797 0.998047 0.734375 0.998047 0.734375 0.945312 0.732422 0.943359 0.728516 0.943359 0.726562 0.945312 0.724609 0.943359
2 0.902344 0.957031 0.902344 0.982422 0.906250 0.990234 0.939453 0.990234 0.941406 0.988281 0.949219 0.988281 0.955078 0.984375 0.958984 0.986328 0.978516 0.986328 0.978516 0.960938 0.972656 0.957031 0.957031 0.957031 0.957031 0.970703 0.955078 0.972656 0.953125 0.970703 0.953125 0.955078 0.949219 0.953125 0.917969 0.953125 0.916016 0.955078 0.904297 0.955078
2 0.417969 0.976562 0.417969 0.988281 0.419922 0.990234 0.419922 0.994141 0.421875 0.996094 0.421875 0.998047 0.468750 0.998047 0.466797 0.996094 0.466797 0.992188 0.464844 0.990234 0.464844 0.984375 0.462891 0.982422 0.462891 0.976562 0.460938 0.974609 0.460938 0.972656 0.457031 0.968750 0.455078 0.968750 0.449219 0.964844 0.441406 0.964844 0.439453 0.966797 0.429688 0.966797 0.427734 0.968750 0.425781 0.968750
2 0.400391 0.974609 0.396484 0.970703 0.388672 0.970703 0.386719 0.972656 0.382812 0.972656 0.380859 0.974609 0.373047 0.974609 0.371094 0.976562 0.367188 0.976562 0.363281 0.980469 0.363281 0.986328 0.365234 0.988281 0.365234 0.994141 0.367188 0.996094 0.367188 0.998047 0.404297 0.998047 0.402344 0.996094 0.402344 0.988281 0.400391 0.986328
5 0.181641 0.000000 0.248047 0.728516 0.000000 0.804688 0.250000 0.771484 0.271484 0.927734 0.119141 0.998047 0.998047 0.876953 0.859375 0.845703 0.308594 0.931641 0.292969 0.753906 0.998047 0.609375 0.750000 0.609375 0.781250 0.000000 0.726562 0.615234 0.285156 0.718750
