0 0.367188 0.326172 0.333984 0.326172 0.308594 0.341797 0.271484 0.343750 0.263672 0.347656 0.250000 0.365234 0.253906 0.386719 0.263672 0.396484 0.275391 0.400391 0.285156 0.412109 0.289062 0.449219 0.310547 0.462891 0.320312 0.488281 0.328125 0.494141 0.347656 0.492188 0.359375 0.484375 0.367188 0.464844 0.367188 0.451172 0.384766 0.419922 0.390625 0.400391 0.390625 0.388672 0.380859 0.369141 0.380859 0.339844
0 0.992188 0.503906 0.970703 0.490234 0.947266 0.484375 0.927734 0.484375 0.916016 0.496094 0.890625 0.501953 0.871094 0.523438 0.869141 0.531250 0.871094 0.544922 0.884766 0.564453 0.886719 0.582031 0.894531 0.595703 0.910156 0.603516 0.919922 0.603516 0.933594 0.597656 0.937500 0.593750 0.937500 0.558594 0.943359 0.552734 0.970703 0.554688 0.990234 0.544922 0.996094 0.523438 0.996094 0.511719
0 0.148438 0.564453 0.134766 0.558594 0.121094 0.558594 0.101562 0.564453 0.076172 0.566406 0.070312 0.570312 0.070312 0.583984 0.076172 0.597656 0.074219 0.603516 0.058594 0.615234 0.058594 0.625000 0.066406 0.648438 0.074219 0.660156 0.087891 0.666016 0.150391 0.658203 0.158203 0.652344 0.160156 0.648438 0.158203 0.605469 0.154297 0.580078
0 0.455078 0.740234 0.445312 0.750000 0.443359 0.755859 0.443359 0.781250 0.451172 0.792969 0.464844 0.802734 0.488281 0.810547 0.496094 0.810547 0.500000 0.806641 0.507812 0.804688 0.515625 0.794922 0.519531 0.785156 0.519531 0.775391 0.517578 0.773438 0.519531 0.744141 0.511719 0.734375 0.500000 0.734375 0.498047 0.732422 0.488281 0.732422 0.486328 0.734375 0.478516 0.734375 0.476562 0.736328 0.468750 0.736328 0.466797 0.738281
0 0.998047 0.740234 0.931641 0.742188 0.916016 0.896484 0.830078 0.890625 0.810547 0.904297 0.742188 0.896484 0.560547 0.910156 0.519531 0.892578 0.437500 0.886719 0.417969 0.906250 0.429688 0.994141 0.884766 0.998047 0.912109 0.927734 0.996094 0.841797
0 0.718750 0.746094 0.718750 0.751953 0.714844 0.757812 0.714844 0.777344 0.716797 0.779297 0.718750 0.789062 0.724609 0.796875 0.755859 0.796875 0.757812 0.798828 0.771484 0.798828 0.775391 0.792969 0.789062 0.781250 0.792969 0.773438 0.792969 0.763672 0.791016 0.759766 0.775391 0.744141 0.763672 0.744141 0.761719 0.742188 0.722656 0.742188
2 0.886719 0.013672 0.884766 0.060547 0.890625 0.068359 0.998047 0.068359 0.998047 0.007812 0.988281 0.007812 0.978516 0.011719 0.964844 0.011719 0.949219 0.007812 0.896484 0.007812
2 0.898438 0.212891 0.896484 0.279297 0.904297 0.302734 0.998047 0.304688 0.996094 0.207031 0.916016 0.203125
2 0.441406 0.257812 0.437500 0.261719 0.437500 0.279297 0.439453 0.281250 0.439453 0.298828 0.443359 0.316406 0.443359 0.324219 0.439453 0.332031 0.445312 0.357422 0.445312 0.369141 0.447266 0.373047 0.480469 0.373047 0.480469 0.312500 0.478516 0.310547 0.476562 0.285156 0.468750 0.273438 0.466797 0.265625 0.458984 0.257812
2 0.929688 0.382812 0.931641 0.414062 0.937500 0.433594 0.943359 0.437500 0.939453 0.439453 0.939453 0.458984 0.998047 0.460938 0.998047 0.439453 0.968750 0.439453 0.966797 0.437500 0.968750 0.435547 0.998047 0.435547 0.998047 0.382812 0.982422 0.380859
2 0.195312 0.425781 0.189453 0.419922 0.187500 0.398438 0.183594 0.394531 0.117188 0.398438 0.083984 0.408203 0.042969 0.412109 0.039062 0.421875 0.039062 0.441406 0.042969 0.453125 0.048828 0.458984 0.066406 0.460938 0.111328 0.451172 0.179688 0.445312 0.195312 0.437500
2 0.277344 0.408203 0.244141 0.410156 0.232422 0.416016 0.228516 0.414062 0.218750 0.414062 0.220703 0.423828 0.216797 0.429688 0.216797 0.443359 0.212891 0.451172 0.212891 0.457031 0.220703 0.474609 0.230469 0.480469 0.236328 0.480469 0.238281 0.482422 0.240234 0.480469 0.248047 0.480469 0.253906 0.476562 0.259766 0.458984 0.265625 0.453125 0.277344 0.451172 0.283203 0.443359 0.283203 0.425781 0.279297 0.419922
2 0.179688 0.458984 0.148438 0.466797 0.144531 0.484375 0.169922 0.675781 0.177734 0.783203 0.185547 0.791016 0.230469 0.789062 0.248047 0.781250 0.244141 0.675781 0.236328 0.640625 0.238281 0.585938 0.224609 0.548828 0.220703 0.482422 0.205078 0.458984
2 0.269531 0.462891 0.265625 0.466797 0.267578 0.468750 0.267578 0.480469 0.269531 0.482422 0.269531 0.494141 0.267578 0.496094 0.267578 0.513672 0.269531 0.515625 0.294922 0.515625 0.296875 0.513672 0.300781 0.513672 0.306641 0.507812 0.306641 0.503906 0.308594 0.500000 0.314453 0.494141 0.314453 0.484375 0.312500 0.482422 0.312500 0.476562 0.310547 0.474609 0.310547 0.470703 0.308594 0.466797 0.300781 0.460938 0.279297 0.460938 0.277344 0.462891
2 0.056641 0.478516 0.052734 0.476562 0.050781 0.478516 0.039062 0.478516 0.037109 0.480469 0.023438 0.480469 0.021484 0.482422 0.005859 0.482422 0.003906 0.484375 0.000000 0.484375 0.000000 0.527344 0.035156 0.527344 0.037109 0.525391 0.044922 0.525391 0.046875 0.523438 0.050781 0.523438 0.052734 0.521484 0.060547 0.519531 0.062500 0.517578 0.062500 0.507812 0.058594 0.500000 0.058594 0.482422
2 0.130859 0.521484 0.125000 0.519531 0.072266 0.521484 0.070312 0.523438 0.062500 0.523438 0.044922 0.533203 0.041016 0.533203 0.039062 0.535156 0.041016 0.568359 0.044922 0.566406 0.050781 0.558594 0.052734 0.558594 0.058594 0.566406 0.062500 0.566406 0.064453 0.564453 0.074219 0.564453 0.076172 0.562500 0.105469 0.560547 0.128906 0.552734 0.130859 0.550781
2 0.455078 0.550781 0.453125 0.589844 0.462891 0.595703 0.775391 0.597656 0.775391 0.548828 0.769531 0.541016 0.488281 0.539062
2 0.316406 0.558594 0.316406 0.589844 0.320312 0.589844 0.322266 0.591797 0.341797 0.591797 0.343750 0.589844 0.347656 0.589844 0.349609 0.591797 0.371094 0.591797 0.373047 0.589844 0.373047 0.562500 0.371094 0.558594 0.365234 0.558594 0.363281 0.556641 0.349609 0.556641 0.347656 0.554688 0.343750 0.554688 0.341797 0.556641 0.337891 0.556641 0.335938 0.554688 0.320312 0.554688
2 0.998047 0.605469 0.929688 0.601562 0.914062 0.609375 0.871094 0.597656 0.857422 0.607422 0.855469 0.667969 0.916016 0.675781 0.867188 0.677734 0.853516 0.708984 0.859375 0.724609 0.871094 0.728516 0.833984 0.732422 0.830078 0.884766 0.876953 0.892578 0.917969 0.884766 0.921875 0.734375 0.982422 0.738281 0.998047 0.730469 0.998047 0.681641 0.951172 0.677734 0.998047 0.675781
2 0.000000 0.626953 0.000000 0.660156 0.001953 0.662109 0.000000 0.664062 0.000000 0.712891 0.001953 0.714844 0.025391 0.716797 0.056641 0.712891 0.062500 0.708984 0.085938 0.703125 0.089844 0.699219 0.083984 0.689453 0.080078 0.669922 0.074219 0.664062 0.062500 0.658203 0.041016 0.662109 0.031250 0.660156 0.035156 0.658203 0.031250 0.625000 0.025391 0.623047
2 0.316406 0.644531 0.316406 0.648438 0.314453 0.650391 0.314453 0.658203 0.318359 0.664062 0.318359 0.667969 0.322266 0.671875 0.326172 0.671875 0.328125 0.669922 0.337891 0.669922 0.339844 0.671875 0.341797 0.671875 0.343750 0.669922 0.355469 0.669922 0.361328 0.666016 0.361328 0.656250 0.363281 0.654297 0.363281 0.650391 0.361328 0.648438 0.361328 0.646484 0.355469 0.642578 0.351562 0.642578 0.349609 0.640625 0.332031 0.640625 0.330078 0.638672 0.324219 0.638672 0.322266 0.640625 0.320312 0.640625
2 0.775391 0.681641 0.701172 0.673828 0.695312 0.662109 0.646484 0.662109 0.642578 0.671875 0.623047 0.666016 0.611328 0.671875 0.447266 0.671875 0.445312 0.691406 0.451172 0.726562 0.767578 0.730469 0.777344 0.726562
2 0.171875 0.794922 0.167969 0.789062 0.142578 0.779297 0.146484 0.775391 0.138672 0.759766 0.138672 0.748047 0.125000 0.746094 0.121094 0.740234 0.078125 0.746094 0.068359 0.753906 0.013672 0.757812 0.009766 0.761719 0.011719 0.792969 0.021484 0.794922 0.005859 0.798828 0.005859 0.818359 0.013672 0.828125 0.027344 0.828125 0.037109 0.837891 0.128906 0.826172 0.160156 0.826172 0.167969 0.820312
2 0.363281 0.779297 0.349609 0.779297 0.347656 0.781250 0.341797 0.781250 0.341797 0.806641 0.343750 0.808594 0.353516 0.808594 0.355469 0.806641 0.361328 0.806641 0.365234 0.802734 0.365234 0.781250
2 0.445312 0.826172 0.447266 0.865234 0.462891 0.878906 0.720703 0.882812 0.738281 0.878906 0.744141 0.865234 0.777344 0.865234 0.777344 0.839844 0.753906 0.820312 0.746094 0.820312 0.744141 0.832031 0.742188 0.824219 0.689453 0.816406 0.455078 0.816406
2 0.195312 0.830078 0.195312 0.857422 0.199219 0.878906 0.207031 0.896484 0.210938 0.923828 0.212891 0.998047 0.263672 0.998047 0.259766 0.964844 0.261719 0.945312 0.255859 0.925781 0.250000 0.919922 0.246094 0.832031 0.242188 0.828125
2 0.341797 0.833984 0.339844 0.835938 0.339844 0.863281 0.341797 0.865234 0.365234 0.865234 0.365234 0.835938 0.363281 0.833984
2 0.097656 0.849609 0.091797 0.857422 0.095703 0.875000 0.095703 0.890625 0.101562 0.912109 0.107422 0.970703 0.113281 0.998047 0.152344 0.998047 0.150391 0.976562 0.140625 0.941406 0.130859 0.849609
2 0.033203 0.896484 0.029297 0.910156 0.029297 0.929688 0.033203 0.947266 0.033203 0.976562 0.037109 0.998047 0.089844 0.998047 0.085938 0.947266 0.078125 0.914062 0.078125 0.896484 0.076172 0.892578 0.056641 0.892578 0.054688 0.894531
4 0.000000 0.000000 0.000000 0.320312 0.021484 0.333984 0.099609 0.320312 0.093750 0.312500 0.117188 0.310547 0.128906 0.287109 0.205078 0.267578 0.269531 0.271484 0.283203 0.261719 0.302734 0.279297 0.349609 0.193359 0.343750 0.181641 0.365234 0.208984 0.337891 0.000000
4 0.478516 0.000000 0.365234 0.001953 0.386719 0.187500 0.392578 0.175781 0.402344 0.177734 0.427734 0.162109 0.421875 0.113281 0.425781 0.099609 0.423828 0.062500 0.443359 0.052734 0.449219 0.044922 0.474609 0.035156 0.482422 0.023438
4 0.277344 0.267578 0.279297 0.269531 0.279297 0.267578
4 0.253906 0.279297 0.253906 0.283203 0.275391 0.283203 0.277344 0.285156 0.283203 0.285156 0.285156 0.287109 0.289062 0.287109 0.292969 0.291016 0.294922 0.291016 0.294922 0.289062 0.296875 0.287109 0.296875 0.285156 0.294922 0.283203 0.294922 0.281250 0.281250 0.281250 0.279297 0.279297 0.277344 0.279297 0.275391 0.281250 0.273438 0.281250 0.271484 0.279297
4 0.998047 0.833984 0.998047 0.841797 0.968750 0.865234 0.958984 0.888672 0.937500 0.908203 0.929688 0.910156 0.925781 0.919922 0.914062 0.927734 0.904297 0.947266 0.902344 0.972656 0.890625 0.984375 0.886719 0.998047 0.998047 0.998047
5 0.365234 0.000000 0.339844 0.000000 0.375000 0.312500 0.042969 0.349609 0.000000 0.365234 0.000000 0.400391 0.353516 0.322266 0.384766 0.339844 0.394531 0.408203 0.414062 0.408203
5 0.839844 0.000000 0.820312 0.488281 0.316406 0.503906 0.402344 0.541016 0.402344 0.998047 0.437500 0.884766 0.824219 0.894531 0.423828 0.882812 0.419922 0.664062 0.841797 0.679688 0.847656 0.507812 0.929688 0.482422 0.845703 0.478516
