0 0.515625 0.218750 0.517578 0.251953 0.529297 0.287109 0.533203 0.314453 0.542969 0.339844 0.572266 0.335938 0.615234 0.314453 0.621094 0.306641 0.613281 0.291016 0.601562 0.244141 0.591797 0.228516 0.585938 0.212891 0.570312 0.218750 0.552734 0.220703 0.533203 0.216797 0.523438 0.210938
0 0.757812 0.259766 0.742188 0.259766 0.740234 0.261719 0.736328 0.261719 0.734375 0.263672 0.728516 0.265625 0.724609 0.269531 0.724609 0.287109 0.726562 0.289062 0.726562 0.292969 0.728516 0.294922 0.736328 0.294922 0.738281 0.296875 0.746094 0.296875 0.748047 0.294922 0.751953 0.294922 0.755859 0.291016 0.757812 0.291016 0.759766 0.289062 0.759766 0.287109 0.761719 0.285156 0.761719 0.281250 0.763672 0.279297 0.763672 0.269531 0.761719 0.267578 0.761719 0.265625
0 0.759766 0.349609 0.757812 0.353516 0.757812 0.386719 0.759766 0.388672 0.759766 0.394531 0.765625 0.404297 0.775391 0.408203 0.789062 0.408203 0.791016 0.406250 0.794922 0.406250 0.798828 0.402344 0.802734 0.402344 0.814453 0.396484 0.814453 0.392578 0.816406 0.390625 0.816406 0.371094 0.818359 0.369141 0.818359 0.357422 0.816406 0.355469 0.816406 0.351562 0.812500 0.347656 0.806641 0.347656 0.804688 0.345703 0.773438 0.345703 0.771484 0.347656 0.763672 0.347656
0 0.470703 0.386719 0.455078 0.394531 0.449219 0.400391 0.449219 0.431641 0.455078 0.437500 0.460938 0.437500 0.462891 0.439453 0.472656 0.439453 0.474609 0.441406 0.488281 0.441406 0.492188 0.439453 0.492188 0.435547 0.498047 0.429688 0.503906 0.427734 0.507812 0.423828 0.509766 0.419922 0.509766 0.408203 0.500000 0.398438 0.484375 0.390625 0.480469 0.386719
0 0.513672 0.472656 0.503906 0.472656 0.486328 0.482422 0.460938 0.490234 0.451172 0.498047 0.419922 0.505859 0.408203 0.517578 0.380859 0.527344 0.359375 0.544922 0.406250 0.544922 0.425781 0.539062 0.437500 0.539062 0.490234 0.509766 0.521484 0.501953 0.521484 0.494141
0 0.755859 0.652344 0.750000 0.664062 0.734375 0.683594 0.730469 0.701172 0.730469 0.710938 0.734375 0.720703 0.744141 0.730469 0.751953 0.734375 0.771484 0.736328 0.773438 0.738281 0.792969 0.738281 0.820312 0.730469 0.830078 0.714844 0.830078 0.705078 0.806641 0.683594 0.800781 0.675781 0.798828 0.666016 0.789062 0.652344 0.773438 0.652344 0.771484 0.650391
0 0.361328 0.796875 0.355469 0.796875 0.353516 0.794922 0.349609 0.796875 0.333984 0.796875 0.328125 0.800781 0.316406 0.802734 0.308594 0.808594 0.308594 0.812500 0.302734 0.824219 0.296875 0.830078 0.296875 0.839844 0.306641 0.851562 0.312500 0.869141 0.318359 0.873047 0.330078 0.876953 0.349609 0.876953 0.363281 0.865234 0.365234 0.859375 0.373047 0.851562 0.373047 0.837891 0.365234 0.824219 0.365234 0.818359 0.367188 0.816406 0.365234 0.800781
2 0.751953 0.000000 0.750000 0.009766 0.740234 0.027344 0.740234 0.041016 0.750000 0.058594 0.753906 0.078125 0.757812 0.083984 0.767578 0.085938 0.781250 0.078125 0.818359 0.068359 0.822266 0.064453 0.822266 0.054688 0.818359 0.046875 0.820312 0.023438 0.814453 0.017578 0.812500 0.011719 0.804688 0.005859 0.802734 0.000000
2 0.982422 0.013672 0.978516 0.015625 0.964844 0.015625 0.957031 0.021484 0.947266 0.025391 0.943359 0.031250 0.943359 0.042969 0.945312 0.044922 0.945312 0.072266 0.947266 0.074219 0.947266 0.078125 0.955078 0.085938 0.960938 0.087891 0.964844 0.091797 0.974609 0.091797 0.982422 0.085938 0.994141 0.085938 0.998047 0.083984 0.998047 0.037109 0.992188 0.021484 0.988281 0.015625 0.984375 0.015625
2 0.220703 0.048828 0.218750 0.046875 0.218750 0.042969 0.216797 0.041016 0.216797 0.039062 0.210938 0.033203 0.208984 0.033203 0.207031 0.031250 0.205078 0.033203 0.183594 0.033203 0.181641 0.035156 0.181641 0.046875 0.183594 0.048828 0.183594 0.054688 0.185547 0.056641 0.191406 0.056641 0.193359 0.054688 0.216797 0.054688 0.218750 0.052734 0.220703 0.052734
2 0.093750 0.042969 0.070312 0.042969 0.068359 0.044922 0.056641 0.044922 0.054688 0.046875 0.044922 0.046875 0.042969 0.048828 0.035156 0.048828 0.033203 0.050781 0.033203 0.056641 0.041016 0.060547 0.044922 0.064453 0.044922 0.066406 0.048828 0.070312 0.048828 0.074219 0.054688 0.080078 0.060547 0.080078 0.062500 0.078125 0.068359 0.078125 0.074219 0.074219 0.080078 0.074219 0.082031 0.072266 0.089844 0.072266 0.097656 0.068359 0.097656 0.048828
2 0.457031 0.062500 0.414062 0.074219 0.443359 0.234375 0.433594 0.218750 0.337891 0.230469 0.328125 0.248047 0.335938 0.263672 0.443359 0.250000 0.462891 0.341797 0.394531 0.353516 0.410156 0.380859 0.353516 0.398438 0.343750 0.414062 0.316406 0.396484 0.263672 0.412109 0.277344 0.455078 0.404297 0.412109 0.421875 0.388672 0.464844 0.380859 0.462891 0.341797 0.476562 0.349609 0.533203 0.337891 0.478516 0.095703
2 0.343750 0.074219 0.343750 0.083984 0.345703 0.085938 0.345703 0.095703 0.347656 0.097656 0.347656 0.109375 0.349609 0.111328 0.349609 0.130859 0.351562 0.132812 0.351562 0.138672 0.355469 0.142578 0.375000 0.142578 0.376953 0.140625 0.380859 0.140625 0.378906 0.125000 0.371094 0.109375 0.371094 0.103516 0.369141 0.101562 0.367188 0.074219 0.365234 0.072266 0.347656 0.072266
2 0.267578 0.087891 0.244141 0.091797 0.240234 0.107422 0.232422 0.103516 0.203125 0.111328 0.199219 0.126953 0.169922 0.125000 0.164062 0.156250 0.162109 0.146484 0.148438 0.140625 0.150391 0.119141 0.082031 0.126953 0.080078 0.140625 0.087891 0.144531 0.064453 0.154297 0.070312 0.187500 0.082031 0.191406 0.076172 0.195312 0.082031 0.220703 0.162109 0.216797 0.166016 0.181641 0.109375 0.185547 0.160156 0.177734 0.166016 0.162109 0.169922 0.177734 0.253906 0.166016 0.248047 0.150391 0.277344 0.142578
2 0.941406 0.142578 0.927734 0.148438 0.919922 0.158203 0.917969 0.169922 0.906250 0.166016 0.888672 0.183594 0.880859 0.208984 0.884766 0.222656 0.890625 0.228516 0.910156 0.220703 0.917969 0.222656 0.937500 0.214844 0.941406 0.208984 0.951172 0.226562 0.955078 0.228516 0.972656 0.224609 0.982422 0.216797 0.982422 0.207031 0.962891 0.191406 0.960938 0.183594 0.953125 0.171875 0.949219 0.154297
2 0.000000 0.242188 0.000000 0.279297 0.005859 0.283203 0.023438 0.283203 0.017578 0.287109 0.017578 0.296875 0.025391 0.312500 0.031250 0.339844 0.134766 0.326172 0.162109 0.316406 0.148438 0.263672 0.125000 0.261719 0.091797 0.269531 0.068359 0.269531 0.029297 0.281250 0.025391 0.240234 0.015625 0.238281
2 0.949219 0.269531 0.945312 0.269531 0.943359 0.271484 0.937500 0.271484 0.935547 0.273438 0.929688 0.273438 0.923828 0.277344 0.919922 0.277344 0.917969 0.279297 0.912109 0.279297 0.908203 0.285156 0.908203 0.304688 0.910156 0.306641 0.910156 0.312500 0.914062 0.318359 0.921875 0.318359 0.923828 0.316406 0.927734 0.316406 0.931641 0.312500 0.941406 0.310547 0.949219 0.304688 0.957031 0.304688 0.960938 0.302734 0.962891 0.296875 0.957031 0.289062 0.957031 0.287109 0.953125 0.283203 0.953125 0.275391
2 0.443359 0.285156 0.441406 0.281250 0.425781 0.281250 0.396484 0.289062 0.369141 0.291016 0.353516 0.296875 0.320312 0.300781 0.316406 0.308594 0.316406 0.324219 0.320312 0.332031 0.326172 0.335938 0.351562 0.328125 0.380859 0.326172 0.425781 0.316406 0.441406 0.318359 0.445312 0.310547
2 0.269531 0.316406 0.263672 0.312500 0.195312 0.316406 0.039062 0.347656 0.056641 0.449219 0.095703 0.441406 0.125000 0.423828 0.160156 0.412109 0.203125 0.404297 0.285156 0.378906
2 0.744141 0.382812 0.732422 0.378906 0.541016 0.453125 0.517578 0.470703 0.539062 0.533203 0.583984 0.625000 0.794922 0.537109 0.789062 0.513672 0.791016 0.472656 0.771484 0.414062 0.753906 0.402344
2 0.246094 0.431641 0.236328 0.429688 0.212891 0.439453 0.210938 0.453125 0.214844 0.466797 0.212891 0.468750 0.201172 0.466797 0.189453 0.474609 0.160156 0.484375 0.158203 0.486328 0.160156 0.501953 0.167969 0.503906 0.175781 0.500000 0.181641 0.500000 0.185547 0.496094 0.203125 0.488281 0.208984 0.488281 0.216797 0.484375 0.216797 0.474609 0.218750 0.472656 0.226562 0.476562 0.238281 0.470703 0.253906 0.466797 0.255859 0.464844 0.255859 0.455078
2 0.138672 0.466797 0.134766 0.464844 0.132812 0.466797 0.123047 0.468750 0.113281 0.474609 0.097656 0.478516 0.085938 0.484375 0.082031 0.488281 0.082031 0.494141 0.091797 0.503906 0.095703 0.515625 0.101562 0.521484 0.115234 0.521484 0.128906 0.515625 0.134766 0.515625 0.142578 0.509766 0.152344 0.505859 0.152344 0.500000 0.150391 0.498047 0.150391 0.492188 0.148438 0.490234 0.144531 0.474609
2 0.855469 0.535156 0.851562 0.537109 0.847656 0.542969 0.847656 0.593750 0.857422 0.593750 0.859375 0.591797 0.875000 0.591797 0.878906 0.589844 0.880859 0.585938 0.880859 0.582031 0.886719 0.572266 0.886719 0.564453 0.888672 0.562500 0.888672 0.544922 0.882812 0.541016 0.873047 0.541016 0.871094 0.539062 0.865234 0.539062 0.863281 0.537109 0.857422 0.537109
2 0.335938 0.550781 0.246094 0.585938 0.285156 0.707031 0.292969 0.708984 0.275391 0.720703 0.285156 0.753906 0.306641 0.750000 0.396484 0.714844 0.384766 0.683594 0.376953 0.677734
2 0.830078 0.630859 0.830078 0.642578 0.832031 0.644531 0.832031 0.654297 0.835938 0.662109 0.839844 0.664062 0.888672 0.664062 0.892578 0.662109 0.892578 0.656250 0.890625 0.654297 0.890625 0.640625 0.888672 0.638672 0.888672 0.630859 0.884766 0.628906 0.832031 0.628906
2 0.662109 0.699219 0.656250 0.695312 0.601562 0.712891 0.587891 0.720703 0.572266 0.722656 0.548828 0.730469 0.546875 0.740234 0.552734 0.748047 0.554688 0.759766 0.566406 0.761719 0.574219 0.757812 0.583984 0.757812 0.605469 0.748047 0.667969 0.728516 0.671875 0.724609 0.664062 0.708984
2 0.841797 0.890625 0.839844 0.894531 0.839844 0.904297 0.841797 0.906250 0.841797 0.910156 0.845703 0.917969 0.847656 0.929688 0.851562 0.933594 0.863281 0.933594 0.875000 0.927734 0.882812 0.927734 0.884766 0.925781 0.896484 0.925781 0.896484 0.908203 0.894531 0.906250 0.894531 0.896484 0.892578 0.894531 0.892578 0.884766 0.890625 0.882812 0.855469 0.882812 0.853516 0.884766 0.845703 0.886719
4 0.742188 0.136719 0.576172 0.162109 0.619141 0.296875 0.636719 0.306641 0.564453 0.343750 0.548828 0.373047 0.482422 0.386719 0.511719 0.408203 0.492188 0.441406 0.455078 0.439453 0.449219 0.398438 0.113281 0.535156 0.126953 0.636719 0.806641 0.332031 0.791016 0.259766 0.757812 0.248047 0.779297 0.228516
4 0.804688 0.552734 0.648438 0.613281 0.642578 0.626953 0.623047 0.625000 0.550781 0.654297 0.539062 0.677734 0.552734 0.722656 0.587891 0.718750 0.660156 0.693359 0.662109 0.683594 0.666016 0.699219 0.679688 0.708984 0.718750 0.708984 0.748047 0.654297 0.757812 0.646484 0.794922 0.642578 0.808594 0.591797
5 0.494141 0.005859 0.441406 0.000000 0.390625 0.009766 0.214844 0.066406 0.113281 0.085938 0.001953 0.125000 0.000000 0.146484 0.019531 0.148438 0.109375 0.109375 0.236328 0.083984 0.265625 0.066406 0.363281 0.039062 0.482422 0.017578
5 0.820312 0.000000 0.818359 0.001953 0.824219 0.011719 0.822266 0.013672 0.830078 0.041016 0.835938 0.046875 0.845703 0.078125 0.851562 0.083984 0.853516 0.095703 0.888672 0.158203 0.898438 0.164062 0.904297 0.162109 0.910156 0.152344 0.878906 0.097656 0.871094 0.074219 0.865234 0.066406 0.863281 0.054688 0.857422 0.046875 0.859375 0.044922 0.843750 0.000000
5 0.998047 0.320312 0.906250 0.345703 0.900391 0.353516 0.902344 0.470703 0.914062 0.525391 0.896484 0.541016 0.900391 0.556641 0.929688 0.548828 0.935547 0.539062 0.923828 0.468750 0.921875 0.371094 0.929688 0.363281 0.964844 0.359375 0.998047 0.343750
5 0.001953 0.333984 0.181641 0.896484 0.011719 0.441406 0.000000 0.476562 0.058594 0.630859 0.001953 0.652344 0.000000 0.687500 0.072266 0.667969 0.195312 0.998047 0.216797 0.994141 0.201172 0.929688 0.224609 0.998047 0.333984 0.998047 0.236328 0.960938
5 0.921875 0.623047 0.912109 0.628906 0.910156 0.636719 0.916016 0.646484 0.916016 0.654297 0.906250 0.673828 0.904297 0.687500 0.888672 0.712891 0.890625 0.738281 0.900391 0.744141 0.910156 0.738281 0.912109 0.732422 0.910156 0.726562 0.912109 0.722656 0.910156 0.720703 0.916016 0.714844 0.916016 0.710938 0.923828 0.697266 0.941406 0.646484 0.939453 0.636719 0.935547 0.630859
5 0.785156 0.849609 0.771484 0.843750 0.736328 0.853516 0.632812 0.906250 0.470703 0.955078 0.429688 0.978516 0.386719 0.988281 0.380859 0.998047 0.441406 0.998047 0.478516 0.974609 0.531250 0.964844 0.634766 0.929688 0.744141 0.875000 0.781250 0.865234
5 0.937500 0.867188 0.931641 0.869141 0.925781 0.878906 0.931641 0.896484 0.929688 0.898438 0.935547 0.912109 0.933594 0.917969 0.953125 0.960938 0.951172 0.962891 0.955078 0.972656 0.953125 0.974609 0.955078 0.976562 0.953125 0.978516 0.955078 0.994141 0.958984 0.998047 0.970703 0.998047 0.976562 0.988281 0.974609 0.976562 0.976562 0.966797 0.972656 0.958984 0.974609 0.957031 0.972656 0.947266 0.955078 0.912109 0.957031 0.908203 0.951172 0.892578 0.953125 0.888672 0.949219 0.876953 0.943359 0.869141
