0 0.515625 0.000000 0.394531 0.000000 0.371094 0.005859 0.328125 0.033203 0.337891 0.070312 0.328125 0.099609 0.310547 0.109375 0.310547 0.142578 0.320312 0.177734 0.347656 0.218750 0.369141 0.222656 0.386719 0.212891 0.404297 0.183594 0.406250 0.158203 0.457031 0.072266 0.466797 0.070312 0.488281 0.103516 0.501953 0.111328 0.513672 0.089844 0.529297 0.080078 0.533203 0.037109
0 0.542969 0.142578 0.541016 0.142578 0.539062 0.140625 0.531250 0.140625 0.529297 0.138672 0.525391 0.138672 0.523438 0.140625 0.517578 0.142578 0.507812 0.152344 0.505859 0.152344 0.505859 0.154297 0.503906 0.156250 0.503906 0.169922 0.507812 0.175781 0.507812 0.181641 0.509766 0.183594 0.509766 0.187500 0.513672 0.193359 0.519531 0.193359 0.521484 0.191406 0.525391 0.191406 0.527344 0.189453 0.529297 0.189453 0.537109 0.177734 0.546875 0.173828 0.550781 0.169922 0.550781 0.154297 0.546875 0.150391 0.546875 0.148438
0 0.046875 0.187500 0.046875 0.232422 0.068359 0.234375 0.078125 0.269531 0.107422 0.294922 0.138672 0.294922 0.148438 0.318359 0.160156 0.320312 0.179688 0.306641 0.212891 0.294922 0.244141 0.273438 0.228516 0.218750 0.171875 0.224609 0.142578 0.216797 0.138672 0.205078 0.082031 0.203125 0.074219 0.189453 0.095703 0.181641 0.062500 0.179688
0 0.101562 0.181641 0.101562 0.183594 0.103516 0.185547 0.105469 0.183594 0.107422 0.183594 0.105469 0.181641
0 0.847656 0.230469 0.839844 0.228516 0.824219 0.234375 0.818359 0.251953 0.791016 0.267578 0.707031 0.269531 0.718750 0.347656 0.728516 0.363281 0.757812 0.361328 0.822266 0.386719 0.841797 0.382812 0.830078 0.380859 0.826172 0.375000 0.802734 0.373047 0.800781 0.357422 0.820312 0.333984 0.847656 0.322266 0.835938 0.302734 0.849609 0.238281
0 0.251953 0.316406 0.232422 0.310547 0.224609 0.318359 0.185547 0.333984 0.166016 0.349609 0.111328 0.375000 0.099609 0.394531 0.054688 0.398438 0.054688 0.427734 0.070312 0.419922 0.087891 0.421875 0.103516 0.447266 0.130859 0.447266 0.146484 0.431641 0.173828 0.427734 0.175781 0.406250 0.189453 0.388672 0.224609 0.384766 0.265625 0.388672 0.267578 0.371094
0 0.417969 0.441406 0.410156 0.437500 0.378906 0.435547 0.376953 0.429688 0.380859 0.423828 0.367188 0.410156 0.306641 0.417969 0.308594 0.423828 0.304688 0.429688 0.312500 0.439453 0.312500 0.447266 0.324219 0.447266 0.322266 0.453125 0.312500 0.453125 0.310547 0.466797 0.314453 0.474609 0.318359 0.474609 0.322266 0.468750 0.328125 0.478516 0.328125 0.486328 0.335938 0.486328 0.339844 0.490234 0.339844 0.494141 0.326172 0.505859 0.339844 0.511719 0.363281 0.511719 0.367188 0.509766 0.369141 0.498047 0.396484 0.488281 0.410156 0.470703 0.410156 0.457031
0 0.298828 0.437500 0.292969 0.433594 0.271484 0.433594 0.269531 0.435547 0.265625 0.435547 0.257812 0.441406 0.242188 0.441406 0.240234 0.443359 0.236328 0.443359 0.236328 0.447266 0.234375 0.449219 0.236328 0.453125 0.236328 0.462891 0.234375 0.464844 0.234375 0.484375 0.236328 0.488281 0.248047 0.498047 0.255859 0.498047 0.263672 0.492188 0.271484 0.492188 0.287109 0.484375 0.291016 0.484375 0.302734 0.476562 0.304688 0.466797 0.306641 0.464844 0.306641 0.458984 0.308594 0.457031 0.308594 0.451172
0 0.998047 0.511719 0.921875 0.492188 0.906250 0.507812 0.904297 0.527344 0.845703 0.525391 0.839844 0.537109 0.822266 0.527344 0.796875 0.537109 0.757812 0.603516 0.765625 0.662109 0.775391 0.664062 0.765625 0.667969 0.841797 0.669922 0.841797 0.638672 0.833984 0.648438 0.824219 0.628906 0.816406 0.638672 0.810547 0.617188 0.798828 0.615234 0.802734 0.601562 0.816406 0.605469 0.833984 0.595703 0.880859 0.599609 0.914062 0.589844 0.968750 0.615234 0.998047 0.619141
0 0.615234 0.609375 0.621094 0.615234 0.626953 0.617188 0.648438 0.613281 0.652344 0.617188 0.667969 0.621094 0.673828 0.613281 0.675781 0.593750 0.681641 0.589844 0.693359 0.587891 0.707031 0.574219 0.714844 0.552734 0.712891 0.550781 0.681641 0.550781 0.679688 0.548828 0.634766 0.548828 0.630859 0.550781 0.626953 0.572266 0.623047 0.576172 0.609375 0.578125 0.609375 0.589844
0 0.466797 0.615234 0.470703 0.626953 0.468750 0.646484 0.472656 0.660156 0.482422 0.664062 0.492188 0.673828 0.531250 0.677734 0.564453 0.685547 0.576172 0.667969 0.582031 0.638672 0.574219 0.619141 0.566406 0.607422 0.558594 0.603516 0.531250 0.603516 0.517578 0.609375 0.482422 0.607422
0 0.958984 0.642578 0.947266 0.650391 0.941406 0.658203 0.943359 0.667969 0.951172 0.679688 0.951172 0.691406 0.945312 0.699219 0.945312 0.710938 0.951172 0.714844 0.957031 0.714844 0.958984 0.716797 0.974609 0.716797 0.976562 0.718750 0.992188 0.718750 0.998047 0.716797 0.998047 0.654297 0.992188 0.650391 0.982422 0.648438 0.970703 0.642578
0 0.857422 0.656250 0.853516 0.656250 0.851562 0.658203 0.851562 0.660156 0.853516 0.662109 0.855469 0.662109 0.857422 0.660156
0 0.826172 0.677734 0.832031 0.677734 0.833984 0.675781 0.826172 0.675781
0 0.074219 0.689453 0.066406 0.689453 0.064453 0.691406 0.060547 0.691406 0.058594 0.693359 0.050781 0.693359 0.050781 0.701172 0.048828 0.703125 0.048828 0.708984 0.050781 0.710938 0.050781 0.722656 0.052734 0.724609 0.052734 0.728516 0.058594 0.732422 0.062500 0.732422 0.064453 0.730469 0.070312 0.730469 0.072266 0.728516 0.080078 0.728516 0.082031 0.726562 0.083984 0.726562 0.087891 0.722656 0.087891 0.720703 0.089844 0.718750 0.089844 0.708984 0.087891 0.707031 0.083984 0.697266
0 0.843750 0.693359 0.833984 0.697266 0.832031 0.705078 0.833984 0.751953 0.828125 0.771484 0.820312 0.849609 0.830078 0.857422 0.865234 0.859375 0.873047 0.853516 0.882812 0.714844 0.869141 0.697266
0 0.753906 0.939453 0.757812 0.943359 0.757812 0.945312 0.759766 0.945312 0.761719 0.949219 0.767578 0.953125 0.769531 0.957031 0.769531 0.964844 0.771484 0.966797 0.771484 0.978516 0.783203 0.978516 0.785156 0.980469 0.802734 0.980469 0.814453 0.968750 0.814453 0.960938 0.816406 0.958984 0.816406 0.939453 0.814453 0.937500 0.806641 0.937500 0.802734 0.933594 0.798828 0.933594 0.796875 0.931641 0.787109 0.931641 0.785156 0.929688 0.781250 0.929688 0.779297 0.931641 0.763672 0.931641
2 0.673828 0.007812 0.671875 0.080078 0.675781 0.087891 0.695312 0.089844 0.664062 0.099609 0.675781 0.169922 0.705078 0.177734 0.689453 0.181641 0.703125 0.261719 0.755859 0.267578 0.812500 0.253906 0.824219 0.230469 0.845703 0.222656 0.839844 0.171875 0.828125 0.160156 0.787109 0.162109 0.826172 0.152344 0.808594 0.076172 0.816406 0.058594 0.812500 0.001953 0.693359 0.000000
2 0.824219 0.000000 0.851562 0.093750 0.849609 0.134766 0.875000 0.167969 0.859375 0.181641 0.839844 0.302734 0.914062 0.324219 0.941406 0.187500 0.933594 0.179688 0.878906 0.171875 0.945312 0.154297 0.949219 0.126953 0.966797 0.097656 0.972656 0.029297 0.984375 0.003906
2 0.142578 0.060547 0.140625 0.064453 0.140625 0.072266 0.142578 0.074219 0.142578 0.093750 0.144531 0.097656 0.146484 0.097656 0.152344 0.103516 0.160156 0.105469 0.162109 0.107422 0.195312 0.105469 0.201172 0.097656 0.208984 0.093750 0.208984 0.083984 0.201172 0.070312 0.201172 0.066406 0.191406 0.054688 0.187500 0.052734 0.181641 0.052734 0.179688 0.050781 0.177734 0.052734 0.175781 0.050781 0.162109 0.050781
2 0.214844 0.072266 0.212891 0.076172 0.214844 0.093750 0.218750 0.097656 0.226562 0.097656 0.228516 0.095703 0.234375 0.095703 0.236328 0.097656 0.232422 0.099609 0.228516 0.105469 0.234375 0.111328 0.236328 0.121094 0.240234 0.125000 0.248047 0.125000 0.255859 0.121094 0.271484 0.119141 0.277344 0.115234 0.277344 0.105469 0.273438 0.099609 0.273438 0.095703 0.267578 0.091797 0.259766 0.091797 0.257812 0.093750 0.253906 0.091797 0.257812 0.087891 0.257812 0.080078 0.255859 0.078125 0.253906 0.066406 0.250000 0.062500 0.228516 0.066406
2 0.462891 0.074219 0.457031 0.074219 0.451172 0.080078 0.439453 0.105469 0.429688 0.117188 0.429688 0.125000 0.435547 0.126953 0.445312 0.136719 0.447266 0.142578 0.445312 0.144531 0.439453 0.140625 0.423828 0.154297 0.419922 0.162109 0.419922 0.181641 0.423828 0.189453 0.429688 0.189453 0.443359 0.179688 0.451172 0.162109 0.451172 0.154297 0.445312 0.146484 0.447266 0.142578 0.462891 0.150391 0.470703 0.150391 0.482422 0.140625 0.496094 0.123047 0.496094 0.117188 0.474609 0.097656
2 0.025391 0.080078 0.025391 0.087891 0.027344 0.089844 0.025391 0.091797 0.027344 0.093750 0.025391 0.095703 0.027344 0.097656 0.025391 0.099609 0.029297 0.107422 0.027344 0.111328 0.031250 0.117188 0.058594 0.117188 0.060547 0.115234 0.070312 0.115234 0.080078 0.111328 0.101562 0.111328 0.103516 0.109375 0.103516 0.085938 0.097656 0.082031 0.082031 0.082031 0.076172 0.078125 0.031250 0.078125 0.029297 0.080078
2 0.472656 0.195312 0.480469 0.250000 0.513672 0.248047 0.517578 0.224609 0.521484 0.232422 0.546875 0.234375 0.548828 0.265625 0.556641 0.271484 0.652344 0.257812 0.648438 0.214844 0.630859 0.214844 0.628906 0.199219 0.623047 0.195312 0.625000 0.179688 0.619141 0.175781 0.603516 0.177734 0.562500 0.169922 0.539062 0.179688 0.527344 0.193359 0.515625 0.195312 0.511719 0.205078 0.505859 0.187500
2 0.228516 0.203125 0.226562 0.201172 0.226562 0.197266 0.218750 0.189453 0.214844 0.187500 0.205078 0.187500 0.203125 0.185547 0.197266 0.185547 0.195312 0.187500 0.167969 0.187500 0.164062 0.191406 0.164062 0.199219 0.162109 0.201172 0.162109 0.212891 0.164062 0.216797 0.169922 0.220703 0.201172 0.220703 0.203125 0.218750 0.214844 0.218750 0.216797 0.216797 0.224609 0.216797 0.228516 0.214844
2 0.033203 0.244141 0.033203 0.269531 0.035156 0.269531 0.037109 0.271484 0.050781 0.271484 0.052734 0.269531 0.070312 0.269531 0.070312 0.244141 0.068359 0.242188 0.064453 0.242188 0.062500 0.240234 0.050781 0.240234 0.048828 0.242188 0.035156 0.242188
2 0.365234 0.285156 0.337891 0.281250 0.320312 0.289062 0.267578 0.298828 0.257812 0.304688 0.257812 0.320312 0.273438 0.367188 0.275391 0.392578 0.281250 0.404297 0.308594 0.402344 0.373047 0.382812 0.392578 0.382812 0.394531 0.341797 0.388672 0.318359 0.373047 0.304688 0.371094 0.291016
2 0.099609 0.294922 0.085938 0.292969 0.078125 0.294922 0.074219 0.298828 0.068359 0.320312 0.074219 0.330078 0.072266 0.333984 0.066406 0.328125 0.033203 0.332031 0.037109 0.341797 0.035156 0.343750 0.037109 0.345703 0.035156 0.347656 0.037109 0.349609 0.035156 0.351562 0.037109 0.353516 0.035156 0.355469 0.037109 0.367188 0.058594 0.367188 0.064453 0.371094 0.074219 0.369141 0.076172 0.371094 0.082031 0.369141 0.095703 0.351562 0.099609 0.351562 0.101562 0.347656 0.099609 0.341797 0.082031 0.337891 0.107422 0.332031 0.105469 0.300781
2 0.804688 0.351562 0.802734 0.357422 0.804688 0.369141 0.802734 0.371094 0.806641 0.373047 0.826172 0.373047 0.830078 0.378906 0.835938 0.380859 0.841797 0.378906 0.843750 0.382812 0.837891 0.386719 0.843750 0.386719 0.853516 0.392578 0.873047 0.392578 0.888672 0.378906 0.886719 0.376953 0.890625 0.369141 0.884766 0.359375 0.861328 0.345703 0.855469 0.339844 0.849609 0.328125 0.826172 0.335938 0.820312 0.335938 0.820312 0.337891
2 0.990234 0.335938 0.986328 0.343750 0.974609 0.355469 0.970703 0.369141 0.957031 0.371094 0.951172 0.376953 0.949219 0.384766 0.953125 0.390625 0.982422 0.402344 0.972656 0.404297 0.957031 0.417969 0.957031 0.435547 0.976562 0.445312 0.998047 0.449219 0.998047 0.412109 0.986328 0.406250 0.994141 0.404297 0.998047 0.388672 0.996094 0.382812 0.998047 0.380859 0.998047 0.335938
2 0.765625 0.402344 0.753906 0.394531 0.705078 0.382812 0.699219 0.396484 0.687500 0.392578 0.664062 0.398438 0.662109 0.429688 0.652344 0.439453 0.654297 0.455078 0.605469 0.455078 0.599609 0.462891 0.601562 0.480469 0.666016 0.498047 0.722656 0.498047 0.724609 0.478516 0.718750 0.472656 0.734375 0.470703 0.744141 0.449219 0.744141 0.425781 0.728516 0.414062 0.738281 0.410156 0.738281 0.400391 0.742188 0.410156 0.763672 0.412109
2 0.658203 0.400391 0.658203 0.404297 0.654297 0.408203 0.658203 0.408203
2 0.179688 0.431641 0.148438 0.435547 0.136719 0.447266 0.132812 0.466797 0.107422 0.460938 0.056641 0.464844 0.056641 0.488281 0.064453 0.501953 0.060547 0.542969 0.066406 0.548828 0.050781 0.554688 0.052734 0.591797 0.041016 0.638672 0.087891 0.640625 0.087891 0.597656 0.082031 0.593750 0.087891 0.589844 0.089844 0.558594 0.082031 0.552734 0.115234 0.552734 0.123047 0.539062 0.126953 0.498047 0.195312 0.490234
2 0.894531 0.431641 0.890625 0.451172 0.882812 0.457031 0.884766 0.464844 0.896484 0.464844 0.935547 0.474609 0.937500 0.486328 0.998047 0.505859 0.998047 0.453125 0.972656 0.449219 0.960938 0.445312 0.957031 0.441406 0.927734 0.433594 0.917969 0.433594 0.908203 0.429688
2 0.638672 0.437500 0.640625 0.437500 0.642578 0.439453 0.646484 0.439453 0.644531 0.437500
2 0.470703 0.507812 0.472656 0.529297 0.476562 0.529297 0.478516 0.531250 0.480469 0.529297 0.525391 0.529297 0.527344 0.527344 0.533203 0.527344 0.541016 0.523438 0.541016 0.519531 0.539062 0.519531 0.539062 0.521484 0.535156 0.525391 0.529297 0.525391 0.525391 0.521484 0.525391 0.507812 0.523438 0.503906 0.519531 0.503906 0.507812 0.498047 0.494141 0.498047 0.492188 0.500000 0.478516 0.501953
2 0.539062 0.511719 0.539062 0.513672 0.541016 0.515625 0.541016 0.511719
2 0.626953 0.541016 0.628906 0.544922 0.632812 0.546875 0.720703 0.546875 0.724609 0.539062 0.726562 0.529297 0.724609 0.527344 0.724609 0.523438 0.714844 0.521484 0.712891 0.519531 0.689453 0.519531 0.687500 0.517578 0.648438 0.517578 0.644531 0.519531 0.642578 0.517578 0.634766 0.517578 0.630859 0.523438 0.630859 0.527344 0.626953 0.531250
2 0.476562 0.541016 0.476562 0.564453 0.478516 0.566406 0.478516 0.578125 0.480469 0.580078 0.478516 0.591797 0.482422 0.593750 0.482422 0.597656 0.486328 0.601562 0.492188 0.603516 0.523438 0.603516 0.525391 0.601562 0.541016 0.601562 0.544922 0.597656 0.544922 0.564453 0.542969 0.562500 0.544922 0.539062 0.539062 0.539062 0.537109 0.537109 0.529297 0.537109 0.527344 0.539062 0.521484 0.537109 0.484375 0.537109
2 0.177734 0.593750 0.179688 0.595703 0.179688 0.601562 0.203125 0.625000 0.210938 0.628906 0.222656 0.630859 0.242188 0.609375 0.248047 0.607422 0.250000 0.601562 0.255859 0.597656 0.265625 0.580078 0.265625 0.574219 0.246094 0.566406 0.232422 0.566406 0.214844 0.560547 0.189453 0.560547 0.181641 0.566406 0.177734 0.574219
2 0.113281 0.576172 0.111328 0.580078 0.111328 0.605469 0.113281 0.609375 0.117188 0.609375 0.119141 0.611328 0.126953 0.611328 0.128906 0.613281 0.136719 0.613281 0.138672 0.615234 0.146484 0.615234 0.148438 0.617188 0.160156 0.617188 0.162109 0.615234 0.162109 0.580078 0.158203 0.574219 0.154297 0.572266 0.150391 0.572266 0.148438 0.570312 0.142578 0.570312 0.140625 0.568359 0.138672 0.570312 0.123047 0.570312 0.121094 0.572266 0.117188 0.572266
2 0.908203 0.593750 0.886719 0.613281 0.880859 0.699219 0.914062 0.708984 0.890625 0.708984 0.876953 0.849609 0.925781 0.855469 0.947266 0.841797 0.982422 0.865234 0.998047 0.867188 0.998047 0.728516 0.929688 0.710938 0.947266 0.687500 0.937500 0.656250 0.964844 0.630859 0.962891 0.617188 0.955078 0.607422
2 0.328125 0.605469 0.308594 0.605469 0.306641 0.603516 0.300781 0.603516 0.292969 0.611328 0.291016 0.611328 0.291016 0.613281 0.273438 0.632812 0.275391 0.634766 0.277344 0.648438 0.289062 0.669922 0.296875 0.669922 0.298828 0.667969 0.314453 0.666016 0.316406 0.664062 0.326172 0.662109 0.333984 0.656250 0.343750 0.652344 0.347656 0.648438 0.347656 0.636719 0.337891 0.625000 0.333984 0.617188 0.333984 0.613281
2 0.474609 0.666016 0.457031 0.697266 0.453125 0.712891 0.447266 0.787109 0.451172 0.794922 0.470703 0.806641 0.539062 0.822266 0.542969 0.818359 0.554688 0.726562 0.568359 0.693359 0.533203 0.681641 0.490234 0.677734 0.482422 0.667969
2 0.728516 0.677734 0.728516 0.693359 0.730469 0.693359 0.732422 0.695312 0.746094 0.695312 0.748047 0.697266 0.763672 0.697266 0.765625 0.699219 0.777344 0.699219 0.779297 0.701172 0.781250 0.701172 0.785156 0.695312 0.785156 0.683594 0.787109 0.681641 0.785156 0.679688 0.785156 0.677734 0.781250 0.677734 0.779297 0.675781 0.761719 0.675781 0.759766 0.673828 0.740234 0.673828 0.738281 0.671875 0.734375 0.671875 0.732422 0.673828 0.730469 0.673828 0.730469 0.675781
2 0.601562 0.695312 0.591797 0.707031 0.591797 0.734375 0.585938 0.755859 0.591797 0.759766 0.580078 0.759766 0.564453 0.771484 0.566406 0.802734 0.597656 0.808594 0.611328 0.808594 0.621094 0.802734 0.642578 0.808594 0.667969 0.808594 0.667969 0.781250 0.662109 0.781250 0.650391 0.771484 0.625000 0.771484 0.613281 0.765625 0.621094 0.763672 0.636719 0.767578 0.646484 0.763672 0.644531 0.734375 0.654297 0.718750 0.654297 0.707031 0.648438 0.703125 0.630859 0.703125 0.611328 0.695312
2 0.234375 0.720703 0.236328 0.726562 0.246094 0.728516 0.250000 0.734375 0.242188 0.750000 0.242188 0.777344 0.248047 0.783203 0.261719 0.785156 0.240234 0.789062 0.228516 0.828125 0.234375 0.853516 0.238281 0.859375 0.287109 0.859375 0.291016 0.855469 0.283203 0.835938 0.283203 0.822266 0.289062 0.798828 0.285156 0.792969 0.275391 0.791016 0.310547 0.783203 0.312500 0.773438 0.328125 0.755859 0.328125 0.744141 0.316406 0.740234 0.310547 0.730469 0.242188 0.726562
2 0.728516 0.730469 0.726562 0.734375 0.726562 0.748047 0.722656 0.755859 0.722656 0.765625 0.728516 0.771484 0.732422 0.773438 0.738281 0.773438 0.751953 0.783203 0.755859 0.783203 0.763672 0.787109 0.773438 0.787109 0.777344 0.779297 0.777344 0.761719 0.779297 0.759766 0.779297 0.742188 0.781250 0.740234 0.779297 0.734375 0.775391 0.732422 0.744141 0.732422 0.742188 0.730469
2 0.714844 0.773438 0.710938 0.779297 0.712891 0.785156 0.714844 0.863281 0.716797 0.865234 0.775391 0.865234 0.773438 0.796875 0.765625 0.791016 0.748047 0.787109 0.726562 0.775391
2 0.556641 0.818359 0.550781 0.833984 0.548828 0.847656 0.550781 0.853516 0.564453 0.859375 0.591797 0.861328 0.595703 0.841797 0.597656 0.843750 0.597656 0.861328 0.595703 0.863281 0.597656 0.871094 0.601562 0.875000 0.619141 0.878906 0.626953 0.876953 0.628906 0.873047 0.626953 0.847656 0.630859 0.830078 0.607422 0.826172 0.603516 0.828125 0.597656 0.843750 0.595703 0.833984 0.599609 0.828125 0.599609 0.822266 0.591797 0.812500 0.570312 0.810547
2 0.400391 0.837891 0.398438 0.847656 0.394531 0.851562 0.392578 0.863281 0.382812 0.867188 0.380859 0.871094 0.382812 0.882812 0.396484 0.894531 0.402344 0.904297 0.441406 0.906250 0.462891 0.900391 0.468750 0.892578 0.470703 0.875000 0.455078 0.853516 0.445312 0.847656 0.445312 0.833984 0.443359 0.830078 0.423828 0.830078 0.421875 0.832031 0.408203 0.832031
2 0.058594 0.880859 0.060547 0.906250 0.103516 0.906250 0.109375 0.896484 0.115234 0.904297 0.125000 0.908203 0.154297 0.910156 0.177734 0.904297 0.195312 0.904297 0.201172 0.898438 0.201172 0.884766 0.197266 0.880859 0.191406 0.859375 0.185547 0.853516 0.166016 0.845703 0.144531 0.845703 0.134766 0.837891 0.107422 0.832031 0.095703 0.832031 0.087891 0.837891 0.064453 0.865234
2 0.214844 0.892578 0.214844 0.904297 0.218750 0.908203 0.218750 0.910156 0.222656 0.916016 0.244141 0.916016 0.246094 0.914062 0.248047 0.914062 0.248047 0.898438 0.246094 0.896484 0.246094 0.892578 0.244141 0.890625 0.234375 0.890625 0.232422 0.888672 0.230469 0.890625 0.220703 0.890625 0.218750 0.892578
2 0.966797 0.945312 0.933594 0.941406 0.919922 0.935547 0.896484 0.937500 0.892578 0.941406 0.890625 0.953125 0.884766 0.943359 0.822266 0.945312 0.818359 0.960938 0.818359 0.998047 0.847656 0.998047 0.855469 0.990234 0.880859 0.992188 0.886719 0.988281 0.890625 0.998047 0.962891 0.998047 0.966797 0.990234
2 0.550781 0.962891 0.542969 0.957031 0.542969 0.949219 0.541016 0.947266 0.476562 0.949219 0.466797 0.955078 0.458984 0.955078 0.455078 0.966797 0.455078 0.998047 0.537109 0.998047 0.539062 0.978516 0.541016 0.976562 0.542969 0.978516 0.544922 0.974609 0.548828 0.974609
2 0.560547 0.945312 0.558594 0.947266 0.558594 0.953125 0.554688 0.958984 0.554688 0.974609 0.552734 0.976562 0.552734 0.988281 0.550781 0.990234 0.550781 0.998047 0.607422 0.998047 0.607422 0.988281 0.613281 0.974609 0.613281 0.968750 0.607422 0.957031 0.603516 0.953125 0.580078 0.951172 0.574219 0.945312
2 0.445312 0.957031 0.439453 0.957031 0.437500 0.958984 0.402344 0.958984 0.400391 0.960938 0.398438 0.958984 0.396484 0.960938 0.394531 0.958984 0.386719 0.962891 0.384766 0.960938 0.382812 0.962891 0.375000 0.962891 0.369141 0.966797 0.365234 0.976562 0.365234 0.996094 0.367188 0.998047 0.439453 0.998047 0.445312 0.984375 0.445312 0.970703 0.447266 0.968750
2 0.208984 0.978516 0.208984 0.984375 0.207031 0.986328 0.207031 0.998047 0.248047 0.998047 0.248047 0.980469 0.246094 0.978516 0.246094 0.974609 0.244141 0.974609 0.242188 0.972656 0.222656 0.972656 0.220703 0.974609 0.212891 0.974609
2 0.160156 0.990234 0.150391 0.976562 0.121094 0.976562 0.119141 0.978516 0.107422 0.978516 0.105469 0.980469 0.093750 0.980469 0.091797 0.982422 0.041016 0.982422 0.037109 0.986328 0.037109 0.998047 0.160156 0.998047
5 0.000000 0.023438 0.019531 0.976562 0.687500 0.929688 0.703125 0.998047 0.714844 0.927734 0.998047 0.917969 0.712891 0.908203 0.720703 0.611328 0.988281 0.273438 0.699219 0.601562 0.689453 0.908203 0.039062 0.935547 0.480469 0.425781 0.041016 0.855469 0.037109 0.414062 0.306641 0.265625 0.037109 0.378906
