0 0.000000 0.119141 0.083984 0.115234 0.093750 0.162109 0.179688 0.185547 0.207031 0.167969 0.214844 0.093750 0.234375 0.091797 0.255859 0.076172 0.279297 0.101562 0.341797 0.095703 0.384766 0.037109 0.386719 0.003906 0.000000 0.000000
0 0.998047 0.062500 0.958984 0.087891 0.894531 0.109375 0.859375 0.136719 0.857422 0.160156 0.861328 0.171875 0.892578 0.224609 0.910156 0.232422 0.919922 0.230469 0.998047 0.193359
0 0.003906 0.125000 0.001953 0.126953 0.001953 0.128906 0.003906 0.130859 0.003906 0.144531 0.005859 0.144531 0.005859 0.142578 0.007812 0.140625 0.005859 0.138672 0.005859 0.125000
0 0.013672 0.126953 0.015625 0.130859 0.019531 0.132812 0.019531 0.134766 0.021484 0.134766 0.021484 0.128906 0.025391 0.126953 0.027344 0.128906 0.027344 0.134766 0.029297 0.136719 0.025391 0.140625 0.019531 0.138672 0.017578 0.140625 0.011719 0.140625 0.011719 0.142578 0.017578 0.142578 0.019531 0.144531 0.023438 0.142578 0.027344 0.142578 0.029297 0.144531 0.035156 0.144531 0.037109 0.142578 0.041016 0.142578 0.042969 0.144531 0.046875 0.142578 0.052734 0.142578 0.050781 0.138672 0.048828 0.140625 0.044922 0.138672 0.044922 0.132812 0.046875 0.130859 0.050781 0.132812 0.052734 0.128906 0.052734 0.125000 0.042969 0.125000 0.041016 0.126953 0.039062 0.125000 0.031250 0.125000 0.029297 0.126953 0.015625 0.125000
0 0.058594 0.126953 0.068359 0.126953 0.068359 0.125000 0.066406 0.125000 0.064453 0.126953 0.062500 0.126953 0.060547 0.125000
0 0.189453 0.189453 0.189453 0.201172 0.193359 0.207031 0.191406 0.220703 0.201172 0.238281 0.203125 0.253906 0.207031 0.259766 0.216797 0.255859 0.238281 0.257812 0.263672 0.246094 0.277344 0.250000 0.292969 0.240234 0.296875 0.234375 0.302734 0.214844 0.302734 0.195312 0.294922 0.179688 0.281250 0.175781 0.226562 0.169922 0.212891 0.171875
0 0.873047 0.384766 0.865234 0.388672 0.849609 0.410156 0.837891 0.445312 0.830078 0.453125 0.830078 0.500000 0.826172 0.503906 0.833984 0.507812 0.839844 0.531250 0.849609 0.537109 0.851562 0.544922 0.867188 0.550781 0.869141 0.558594 0.863281 0.564453 0.923828 0.560547 0.931641 0.546875 0.931641 0.535156 0.935547 0.531250 0.937500 0.535156 0.941406 0.523438 0.949219 0.525391 0.949219 0.437500 0.941406 0.421875 0.908203 0.392578
0 0.097656 0.482422 0.105469 0.527344 0.091797 0.595703 0.097656 0.634766 0.167969 0.634766 0.177734 0.628906 0.201172 0.636719 0.271484 0.621094 0.314453 0.601562 0.326172 0.580078 0.306641 0.548828 0.281250 0.546875 0.275391 0.541016 0.275391 0.498047 0.261719 0.486328 0.271484 0.482422 0.251953 0.474609 0.248047 0.457031 0.230469 0.445312 0.132812 0.443359 0.117188 0.476562
0 0.441406 0.644531 0.421875 0.654297 0.392578 0.656250 0.386719 0.669922 0.367188 0.677734 0.351562 0.691406 0.347656 0.701172 0.347656 0.714844 0.365234 0.730469 0.371094 0.746094 0.386719 0.761719 0.410156 0.761719 0.429688 0.750000 0.474609 0.732422 0.490234 0.720703 0.486328 0.705078 0.470703 0.685547 0.457031 0.658203
0 0.003906 0.681641 0.005859 0.908203 0.076172 0.931641 0.078125 0.919922 0.109375 0.912109 0.126953 0.884766 0.162109 0.894531 0.179688 0.912109 0.177734 0.923828 0.185547 0.921875 0.185547 0.937500 0.193359 0.919922 0.224609 0.916016 0.220703 0.894531 0.244141 0.892578 0.236328 0.888672 0.261719 0.863281 0.261719 0.851562 0.251953 0.849609 0.253906 0.812500 0.240234 0.781250 0.207031 0.779297 0.203125 0.771484 0.224609 0.767578 0.222656 0.757812 0.210938 0.759766 0.214844 0.748047 0.228516 0.746094 0.222656 0.732422 0.150391 0.738281 0.101562 0.679688 0.033203 0.703125
0 0.234375 0.742188 0.234375 0.751953 0.236328 0.753906 0.234375 0.755859 0.234375 0.765625 0.236328 0.767578 0.238281 0.767578 0.240234 0.765625 0.240234 0.755859 0.238281 0.753906 0.238281 0.750000 0.240234 0.748047 0.240234 0.746094 0.236328 0.742188
0 0.251953 0.748047 0.250000 0.750000 0.250000 0.759766 0.248047 0.761719 0.251953 0.765625 0.253906 0.765625 0.255859 0.763672 0.263672 0.763672 0.263672 0.761719 0.253906 0.751953 0.253906 0.748047
0 0.775391 0.794922 0.777344 0.792969 0.779297 0.792969 0.775391 0.792969
0 0.750000 0.810547 0.755859 0.810547 0.757812 0.808594 0.750000 0.808594
0 0.722656 0.826172 0.736328 0.826172 0.738281 0.824219 0.742188 0.824219 0.740234 0.824219 0.738281 0.822266 0.726562 0.822266 0.724609 0.824219 0.722656 0.824219
0 0.621094 0.884766 0.623047 0.906250 0.679688 0.998047 0.894531 0.994141 0.884766 0.974609 0.882812 0.933594 0.857422 0.906250 0.822266 0.828125 0.812500 0.830078 0.810547 0.822266 0.783203 0.820312 0.781250 0.826172 0.798828 0.826172 0.800781 0.833984 0.751953 0.837891 0.748047 0.851562 0.738281 0.847656 0.738281 0.837891 0.714844 0.832031 0.650391 0.861328
0 0.230469 0.912109 0.230469 0.916016 0.232422 0.914062
2 0.998047 0.000000 0.972656 0.000000 0.958984 0.007812 0.945312 0.009766 0.939453 0.013672 0.935547 0.013672 0.923828 0.023438 0.921875 0.031250 0.927734 0.041016 0.927734 0.044922 0.953125 0.083984 0.958984 0.083984 0.962891 0.080078 0.968750 0.078125 0.982422 0.062500 0.982422 0.058594 0.988281 0.054688 0.998047 0.042969
2 0.562500 0.164062 0.558594 0.169922 0.558594 0.175781 0.560547 0.177734 0.560547 0.181641 0.562500 0.183594 0.564453 0.189453 0.574219 0.199219 0.587891 0.199219 0.589844 0.197266 0.591797 0.197266 0.593750 0.199219 0.593750 0.201172 0.597656 0.201172 0.593750 0.197266 0.593750 0.183594 0.591797 0.181641 0.591797 0.179688 0.589844 0.177734 0.587891 0.171875 0.580078 0.164062 0.578125 0.164062 0.576172 0.162109 0.570312 0.162109 0.568359 0.164062
2 0.185547 0.208984 0.181641 0.205078 0.154297 0.205078 0.152344 0.207031 0.142578 0.208984 0.136719 0.212891 0.132812 0.212891 0.128906 0.216797 0.128906 0.218750 0.132812 0.224609 0.132812 0.228516 0.134766 0.230469 0.134766 0.234375 0.136719 0.236328 0.138672 0.242188 0.140625 0.242188 0.142578 0.244141 0.146484 0.244141 0.150391 0.240234 0.152344 0.240234 0.154297 0.234375 0.162109 0.226562 0.171875 0.226562 0.173828 0.228516 0.181641 0.228516 0.185547 0.222656
2 0.597656 0.207031 0.595703 0.208984 0.597656 0.208984 0.599609 0.212891 0.589844 0.220703 0.589844 0.224609 0.587891 0.226562 0.589844 0.230469 0.587891 0.232422 0.587891 0.244141 0.589844 0.246094 0.589844 0.250000 0.591797 0.251953 0.591797 0.257812 0.593750 0.259766 0.593750 0.263672 0.595703 0.267578 0.599609 0.269531 0.611328 0.269531 0.625000 0.257812 0.626953 0.257812 0.628906 0.253906 0.628906 0.242188 0.626953 0.240234 0.628906 0.238281 0.628906 0.224609 0.625000 0.218750 0.619141 0.216797 0.609375 0.208984 0.605469 0.207031 0.603516 0.208984
2 0.531250 0.222656 0.531250 0.228516 0.537109 0.236328 0.537109 0.253906 0.539062 0.255859 0.539062 0.261719 0.541016 0.263672 0.541016 0.271484 0.542969 0.273438 0.550781 0.273438 0.552734 0.271484 0.558594 0.271484 0.560547 0.269531 0.570312 0.269531 0.572266 0.267578 0.576172 0.267578 0.580078 0.259766 0.578125 0.257812 0.578125 0.248047 0.576172 0.246094 0.576172 0.238281 0.574219 0.236328 0.572266 0.222656 0.568359 0.218750 0.562500 0.218750 0.556641 0.214844 0.548828 0.214844 0.546875 0.216797 0.542969 0.216797 0.541016 0.218750 0.537109 0.218750
2 0.816406 0.273438 0.808594 0.265625 0.777344 0.257812 0.767578 0.246094 0.765625 0.234375 0.757812 0.230469 0.734375 0.240234 0.728516 0.246094 0.730469 0.261719 0.726562 0.265625 0.708984 0.267578 0.697266 0.275391 0.691406 0.275391 0.683594 0.279297 0.681641 0.287109 0.695312 0.312500 0.716797 0.310547 0.742188 0.320312 0.773438 0.304688 0.787109 0.302734 0.804688 0.289062 0.814453 0.287109 0.818359 0.281250
2 0.935547 0.259766 0.931641 0.259766 0.927734 0.263672 0.919922 0.265625 0.900391 0.275391 0.900391 0.285156 0.902344 0.287109 0.904297 0.296875 0.912109 0.312500 0.921875 0.324219 0.929688 0.324219 0.931641 0.322266 0.935547 0.322266 0.941406 0.314453 0.945312 0.316406 0.949219 0.314453 0.947266 0.308594 0.955078 0.304688 0.955078 0.296875 0.949219 0.285156 0.949219 0.281250 0.945312 0.277344 0.943359 0.271484 0.939453 0.267578
2 0.402344 0.279297 0.394531 0.285156 0.392578 0.291016 0.394531 0.294922 0.402344 0.302734 0.404297 0.308594 0.408203 0.312500 0.408203 0.318359 0.410156 0.320312 0.410156 0.335938 0.412109 0.337891 0.412109 0.341797 0.414062 0.343750 0.423828 0.343750 0.431641 0.337891 0.433594 0.337891 0.439453 0.332031 0.439453 0.324219 0.441406 0.322266 0.441406 0.318359 0.439453 0.316406 0.439453 0.312500 0.433594 0.302734 0.433594 0.298828 0.429688 0.291016 0.423828 0.285156 0.416016 0.281250 0.406250 0.281250
2 0.568359 0.333984 0.558594 0.333984 0.546875 0.339844 0.542969 0.339844 0.541016 0.337891 0.531250 0.337891 0.525391 0.343750 0.521484 0.353516 0.521484 0.359375 0.527344 0.369141 0.531250 0.382812 0.537109 0.394531 0.542969 0.400391 0.542969 0.402344 0.546875 0.404297 0.556641 0.402344 0.562500 0.388672 0.585938 0.382812 0.585938 0.375000 0.580078 0.365234 0.576172 0.341797 0.572266 0.335938
2 0.050781 0.363281 0.048828 0.365234 0.042969 0.365234 0.041016 0.367188 0.037109 0.367188 0.035156 0.369141 0.033203 0.369141 0.031250 0.371094 0.029297 0.371094 0.025391 0.375000 0.025391 0.378906 0.027344 0.380859 0.027344 0.384766 0.029297 0.386719 0.029297 0.388672 0.031250 0.390625 0.031250 0.392578 0.033203 0.394531 0.033203 0.396484 0.039062 0.402344 0.041016 0.400391 0.041016 0.396484 0.042969 0.394531 0.042969 0.392578 0.048828 0.386719 0.052734 0.386719 0.054688 0.384766 0.060547 0.384766 0.060547 0.382812 0.062500 0.380859 0.060547 0.378906 0.060547 0.375000 0.056641 0.371094 0.056641 0.369141
2 0.117188 0.394531 0.117188 0.398438 0.119141 0.402344 0.125000 0.406250 0.125000 0.412109 0.128906 0.416016 0.130859 0.421875 0.134766 0.425781 0.140625 0.427734 0.148438 0.435547 0.152344 0.435547 0.154297 0.437500 0.171875 0.437500 0.179688 0.431641 0.179688 0.419922 0.171875 0.404297 0.167969 0.380859 0.162109 0.375000 0.156250 0.378906 0.148438 0.380859 0.144531 0.384766 0.132812 0.390625
2 0.523438 0.386719 0.517578 0.380859 0.500000 0.380859 0.498047 0.382812 0.492188 0.382812 0.490234 0.384766 0.480469 0.386719 0.468750 0.392578 0.464844 0.398438 0.464844 0.402344 0.468750 0.408203 0.468750 0.412109 0.470703 0.414062 0.470703 0.417969 0.472656 0.419922 0.472656 0.423828 0.474609 0.427734 0.486328 0.427734 0.488281 0.425781 0.492188 0.425781 0.498047 0.421875 0.507812 0.419922 0.519531 0.414062 0.523438 0.410156 0.525391 0.410156 0.527344 0.408203 0.527344 0.398438 0.525391 0.396484
2 0.501953 0.462891 0.492188 0.439453 0.462891 0.441406 0.460938 0.439453 0.466797 0.437500 0.468750 0.431641 0.466797 0.425781 0.458984 0.419922 0.435547 0.425781 0.417969 0.437500 0.412109 0.435547 0.398438 0.437500 0.376953 0.445312 0.384766 0.466797 0.388672 0.470703 0.431641 0.451172 0.435547 0.466797 0.445312 0.480469 0.468750 0.476562 0.480469 0.470703 0.498047 0.466797
2 0.044922 0.421875 0.033203 0.423828 0.027344 0.429688 0.025391 0.425781 0.009766 0.425781 0.000000 0.441406 0.000000 0.455078 0.003906 0.462891 0.003906 0.470703 0.019531 0.494141 0.023438 0.496094 0.029297 0.496094 0.041016 0.490234 0.046875 0.478516 0.060547 0.478516 0.072266 0.472656 0.064453 0.453125 0.056641 0.443359 0.056641 0.437500 0.052734 0.427734
2 0.667969 0.423828 0.660156 0.423828 0.640625 0.433594 0.636719 0.443359 0.632812 0.437500 0.617188 0.439453 0.609375 0.445312 0.599609 0.447266 0.597656 0.449219 0.597656 0.482422 0.599609 0.486328 0.615234 0.494141 0.634766 0.486328 0.644531 0.474609 0.646484 0.468750 0.652344 0.476562 0.666016 0.474609 0.675781 0.468750 0.679688 0.468750 0.681641 0.460938 0.679688 0.455078 0.671875 0.449219
2 0.808594 0.439453 0.804688 0.439453 0.802734 0.437500 0.794922 0.437500 0.792969 0.439453 0.787109 0.439453 0.779297 0.443359 0.769531 0.451172 0.767578 0.455078 0.767578 0.464844 0.771484 0.470703 0.771484 0.474609 0.775391 0.478516 0.779297 0.488281 0.783203 0.492188 0.794922 0.492188 0.796875 0.490234 0.802734 0.490234 0.804688 0.488281 0.808594 0.488281 0.810547 0.486328 0.816406 0.486328 0.820312 0.484375 0.820312 0.468750 0.822266 0.466797 0.822266 0.460938 0.824219 0.458984 0.824219 0.455078 0.820312 0.447266
2 0.285156 0.498047 0.281250 0.501953 0.275391 0.517578 0.275391 0.537109 0.281250 0.544922 0.302734 0.544922 0.308594 0.546875 0.316406 0.554688 0.320312 0.562500 0.330078 0.570312 0.341797 0.568359 0.357422 0.558594 0.357422 0.535156 0.353516 0.529297 0.353516 0.525391 0.345703 0.515625 0.337891 0.513672 0.328125 0.505859 0.328125 0.488281 0.326172 0.486328 0.310547 0.488281
2 0.085938 0.488281 0.074219 0.488281 0.072266 0.490234 0.066406 0.490234 0.064453 0.492188 0.054688 0.494141 0.042969 0.500000 0.041016 0.503906 0.041016 0.515625 0.042969 0.519531 0.058594 0.535156 0.058594 0.539062 0.060547 0.541016 0.060547 0.562500 0.066406 0.570312 0.076172 0.568359 0.083984 0.560547 0.095703 0.554688 0.099609 0.546875 0.099609 0.511719 0.097656 0.509766 0.097656 0.503906 0.093750 0.494141
2 0.470703 0.533203 0.468750 0.533203 0.466797 0.535156 0.453125 0.541016 0.449219 0.544922 0.435547 0.550781 0.435547 0.552734 0.433594 0.554688 0.433594 0.562500 0.437500 0.566406 0.437500 0.570312 0.439453 0.572266 0.439453 0.574219 0.445312 0.580078 0.445312 0.582031 0.453125 0.582031 0.460938 0.576172 0.462891 0.576172 0.472656 0.566406 0.476562 0.566406 0.478516 0.564453 0.482422 0.564453 0.484375 0.562500 0.484375 0.556641 0.478516 0.548828 0.478516 0.546875 0.474609 0.542969 0.474609 0.541016 0.472656 0.539062 0.472656 0.535156
2 0.818359 0.544922 0.818359 0.554688 0.820312 0.556641 0.820312 0.560547 0.822266 0.562500 0.822266 0.566406 0.824219 0.568359 0.824219 0.570312 0.832031 0.570312 0.837891 0.566406 0.841797 0.566406 0.843750 0.564453 0.849609 0.564453 0.851562 0.562500 0.851562 0.554688 0.849609 0.552734 0.849609 0.550781 0.837891 0.539062 0.830078 0.539062 0.828125 0.541016 0.824219 0.541016
2 0.996094 0.544922 0.994141 0.546875 0.992188 0.546875 0.990234 0.548828 0.988281 0.548828 0.986328 0.550781 0.984375 0.550781 0.980469 0.554688 0.982422 0.556641 0.982422 0.560547 0.986328 0.566406 0.986328 0.572266 0.988281 0.574219 0.988281 0.578125 0.990234 0.580078 0.990234 0.583984 0.994141 0.589844 0.994141 0.593750 0.996094 0.595703 0.998047 0.595703 0.998047 0.544922
2 0.884766 0.570312 0.871094 0.580078 0.871094 0.585938 0.876953 0.591797 0.876953 0.597656 0.880859 0.605469 0.878906 0.615234 0.886719 0.638672 0.896484 0.648438 0.902344 0.650391 0.910156 0.662109 0.914062 0.664062 0.919922 0.664062 0.943359 0.654297 0.949219 0.648438 0.947266 0.634766 0.943359 0.623047 0.933594 0.607422 0.931641 0.595703 0.919922 0.572266 0.914062 0.566406 0.898438 0.566406
2 0.375000 0.576172 0.373047 0.576172 0.371094 0.574219 0.365234 0.574219 0.363281 0.576172 0.359375 0.576172 0.355469 0.580078 0.351562 0.580078 0.349609 0.582031 0.347656 0.582031 0.341797 0.585938 0.341797 0.591797 0.345703 0.595703 0.345703 0.597656 0.347656 0.599609 0.347656 0.601562 0.351562 0.605469 0.357422 0.605469 0.361328 0.601562 0.363281 0.601562 0.365234 0.599609 0.367188 0.599609 0.369141 0.597656 0.371094 0.597656 0.376953 0.591797 0.376953 0.587891 0.378906 0.585938 0.378906 0.583984 0.376953 0.582031 0.376953 0.578125
2 0.599609 0.574219 0.595703 0.574219 0.593750 0.576172 0.591797 0.576172 0.589844 0.578125 0.587891 0.578125 0.583984 0.582031 0.582031 0.582031 0.578125 0.585938 0.578125 0.587891 0.580078 0.589844 0.580078 0.599609 0.582031 0.601562 0.582031 0.603516 0.585938 0.607422 0.589844 0.607422 0.591797 0.605469 0.597656 0.605469 0.599609 0.603516 0.603516 0.603516 0.605469 0.601562 0.607422 0.601562 0.609375 0.599609 0.611328 0.599609 0.617188 0.593750 0.615234 0.591797 0.615234 0.587891 0.607422 0.580078 0.605469 0.580078
2 0.669922 0.591797 0.664062 0.585938 0.660156 0.585938 0.658203 0.583984 0.652344 0.583984 0.650391 0.585938 0.646484 0.585938 0.636719 0.591797 0.632812 0.591797 0.630859 0.593750 0.623047 0.593750 0.619141 0.597656 0.619141 0.603516 0.621094 0.605469 0.621094 0.609375 0.625000 0.615234 0.626953 0.625000 0.628906 0.626953 0.636719 0.626953 0.638672 0.625000 0.652344 0.619141 0.660156 0.613281 0.669922 0.611328 0.673828 0.607422 0.671875 0.605469 0.671875 0.595703 0.669922 0.593750
2 0.740234 0.593750 0.730469 0.593750 0.728516 0.595703 0.722656 0.595703 0.720703 0.597656 0.714844 0.597656 0.710938 0.601562 0.710938 0.609375 0.718750 0.619141 0.718750 0.623047 0.720703 0.625000 0.720703 0.630859 0.722656 0.632812 0.722656 0.636719 0.724609 0.638672 0.724609 0.640625 0.726562 0.640625 0.728516 0.642578 0.730469 0.640625 0.734375 0.640625 0.740234 0.636719 0.744141 0.636719 0.746094 0.634766 0.751953 0.634766 0.757812 0.630859 0.757812 0.623047 0.755859 0.621094 0.755859 0.617188 0.753906 0.615234 0.746094 0.597656
2 0.576172 0.605469 0.572266 0.603516 0.566406 0.603516 0.564453 0.605469 0.558594 0.605469 0.556641 0.603516 0.539062 0.603516 0.537109 0.605469 0.523438 0.607422 0.515625 0.613281 0.503906 0.617188 0.478516 0.630859 0.476562 0.636719 0.478516 0.638672 0.480469 0.650391 0.484375 0.654297 0.494141 0.652344 0.511719 0.642578 0.535156 0.634766 0.552734 0.623047 0.564453 0.621094 0.576172 0.611328
2 0.078125 0.632812 0.072266 0.630859 0.056641 0.630859 0.042969 0.636719 0.031250 0.638672 0.015625 0.646484 0.009766 0.652344 0.007812 0.658203 0.009766 0.666016 0.015625 0.673828 0.021484 0.687500 0.029297 0.697266 0.054688 0.689453 0.083984 0.671875 0.091797 0.671875 0.095703 0.669922 0.095703 0.660156 0.083984 0.638672
2 0.679688 0.634766 0.671875 0.634766 0.669922 0.632812 0.664062 0.632812 0.662109 0.634766 0.654297 0.634766 0.634766 0.646484 0.634766 0.654297 0.636719 0.656250 0.638672 0.662109 0.642578 0.666016 0.648438 0.667969 0.656250 0.675781 0.656250 0.681641 0.662109 0.681641 0.664062 0.679688 0.681641 0.671875 0.685547 0.667969 0.685547 0.666016 0.683594 0.664062 0.683594 0.648438 0.679688 0.642578 0.681641 0.636719
2 0.822266 0.642578 0.816406 0.648438 0.816406 0.652344 0.812500 0.660156 0.812500 0.675781 0.814453 0.677734 0.814453 0.683594 0.820312 0.689453 0.824219 0.691406 0.830078 0.691406 0.841797 0.703125 0.845703 0.705078 0.847656 0.703125 0.851562 0.703125 0.857422 0.697266 0.859375 0.697266 0.865234 0.689453 0.865234 0.679688 0.863281 0.677734 0.861328 0.667969 0.853516 0.664062 0.849609 0.660156 0.847656 0.656250 0.847656 0.650391 0.841797 0.644531 0.837891 0.642578
2 0.169922 0.675781 0.166016 0.671875 0.164062 0.671875 0.160156 0.667969 0.156250 0.667969 0.154297 0.669922 0.146484 0.669922 0.144531 0.671875 0.138672 0.671875 0.136719 0.673828 0.132812 0.673828 0.132812 0.675781 0.130859 0.677734 0.132812 0.679688 0.132812 0.685547 0.134766 0.687500 0.134766 0.689453 0.138672 0.693359 0.140625 0.693359 0.142578 0.695312 0.150391 0.695312 0.152344 0.693359 0.156250 0.693359 0.158203 0.691406 0.160156 0.691406 0.169922 0.681641
2 0.746094 0.669922 0.740234 0.673828 0.740234 0.689453 0.742188 0.691406 0.742188 0.697266 0.748047 0.705078 0.748047 0.708984 0.751953 0.714844 0.751953 0.718750 0.753906 0.722656 0.759766 0.726562 0.767578 0.726562 0.769531 0.724609 0.773438 0.724609 0.789062 0.716797 0.791016 0.712891 0.791016 0.705078 0.787109 0.699219 0.787109 0.695312 0.779297 0.685547 0.779297 0.681641 0.777344 0.679688 0.777344 0.675781 0.775391 0.671875 0.771484 0.669922 0.767578 0.669922 0.765625 0.667969 0.759766 0.667969 0.757812 0.669922
2 0.214844 0.710938 0.212891 0.710938 0.207031 0.705078 0.205078 0.705078 0.199219 0.699219 0.199219 0.697266 0.193359 0.693359 0.175781 0.693359 0.173828 0.695312 0.166016 0.697266 0.158203 0.707031 0.144531 0.710938 0.142578 0.712891 0.142578 0.718750 0.144531 0.720703 0.146484 0.728516 0.152344 0.734375 0.162109 0.734375 0.173828 0.728516 0.181641 0.728516 0.183594 0.726562 0.195312 0.726562 0.197266 0.724609 0.208984 0.724609 0.214844 0.718750
2 0.912109 0.714844 0.902344 0.726562 0.910156 0.757812 0.919922 0.763672 0.937500 0.761719 0.945312 0.775391 0.923828 0.787109 0.917969 0.794922 0.910156 0.796875 0.908203 0.812500 0.912109 0.824219 0.919922 0.830078 0.925781 0.847656 0.939453 0.855469 0.968750 0.843750 0.972656 0.839844 0.972656 0.828125 0.958984 0.800781 0.947266 0.765625 0.937500 0.761719 0.945312 0.757812 0.949219 0.748047 0.937500 0.726562 0.919922 0.714844
2 0.710938 0.728516 0.703125 0.728516 0.701172 0.730469 0.687500 0.736328 0.687500 0.738281 0.689453 0.740234 0.689453 0.744141 0.691406 0.746094 0.691406 0.755859 0.689453 0.757812 0.691406 0.759766 0.691406 0.761719 0.689453 0.763672 0.691406 0.765625 0.691406 0.767578 0.689453 0.769531 0.691406 0.771484 0.691406 0.775391 0.693359 0.775391 0.695312 0.777344 0.697266 0.777344 0.705078 0.769531 0.707031 0.769531 0.708984 0.767578 0.712891 0.767578 0.714844 0.765625 0.720703 0.765625 0.722656 0.763672 0.732422 0.763672 0.734375 0.761719 0.730469 0.751953 0.724609 0.750000 0.720703 0.746094 0.716797 0.732422
2 0.585938 0.746094 0.578125 0.755859 0.564453 0.763672 0.560547 0.763672 0.558594 0.765625 0.558594 0.773438 0.564453 0.785156 0.564453 0.798828 0.572266 0.806641 0.583984 0.832031 0.593750 0.845703 0.603516 0.845703 0.611328 0.837891 0.625000 0.832031 0.640625 0.816406 0.636719 0.806641 0.626953 0.796875 0.617188 0.792969 0.611328 0.783203 0.609375 0.773438 0.599609 0.759766 0.595703 0.750000 0.591797 0.746094
2 0.316406 0.775391 0.326172 0.800781 0.310547 0.812500 0.312500 0.828125 0.351562 0.880859 0.351562 0.898438 0.361328 0.908203 0.416016 0.884766 0.421875 0.869141 0.443359 0.896484 0.480469 0.890625 0.486328 0.873047 0.496094 0.875000 0.505859 0.894531 0.517578 0.896484 0.574219 0.876953 0.572266 0.867188 0.554688 0.857422 0.550781 0.826172 0.537109 0.818359 0.535156 0.804688 0.507812 0.804688 0.509766 0.783203 0.472656 0.777344 0.423828 0.796875 0.425781 0.820312 0.414062 0.833984 0.419922 0.871094 0.410156 0.861328 0.371094 0.871094 0.357422 0.843750 0.386719 0.820312 0.369141 0.781250 0.367188 0.753906 0.355469 0.751953
2 0.466797 0.759766 0.464844 0.759766 0.462891 0.761719 0.460938 0.761719 0.460938 0.763672 0.466797 0.763672
2 0.998047 0.878906 0.978516 0.878906 0.968750 0.882812 0.966797 0.884766 0.966797 0.904297 0.968750 0.906250 0.968750 0.910156 0.947266 0.923828 0.947266 0.931641 0.951172 0.937500 0.955078 0.953125 0.960938 0.962891 0.964844 0.962891 0.966797 0.964844 0.970703 0.962891 0.978516 0.962891 0.998047 0.949219
2 0.125000 0.890625 0.119141 0.896484 0.119141 0.900391 0.117188 0.902344 0.117188 0.916016 0.126953 0.929688 0.126953 0.933594 0.134766 0.949219 0.144531 0.958984 0.148438 0.960938 0.158203 0.960938 0.160156 0.962891 0.179688 0.953125 0.183594 0.949219 0.183594 0.943359 0.179688 0.935547 0.171875 0.927734 0.169922 0.919922 0.164062 0.910156 0.162109 0.900391 0.156250 0.896484 0.144531 0.896484 0.142578 0.894531 0.134766 0.894531 0.128906 0.890625
2 0.587891 0.900391 0.576172 0.902344 0.564453 0.910156 0.541016 0.916016 0.533203 0.919922 0.523438 0.929688 0.531250 0.941406 0.533203 0.953125 0.546875 0.966797 0.552734 0.982422 0.562500 0.992188 0.603516 0.982422 0.607422 0.978516 0.607422 0.974609 0.599609 0.968750 0.599609 0.955078 0.597656 0.953125 0.595703 0.958984 0.591797 0.953125 0.591797 0.937500 0.593750 0.935547 0.607422 0.935547 0.607422 0.929688
4 0.933594 0.000000 0.787109 0.005859 0.708984 0.039062 0.689453 0.062500 0.636719 0.076172 0.621094 0.093750 0.572266 0.107422 0.570312 0.121094 0.599609 0.181641 0.632812 0.220703 0.642578 0.267578 0.660156 0.269531 0.710938 0.240234 0.779297 0.216797 0.796875 0.193359 0.792969 0.166016 0.806641 0.154297 0.798828 0.138672 0.804688 0.117188 0.853516 0.132812 0.886719 0.105469 0.894531 0.087891 0.927734 0.093750 0.943359 0.085938 0.941406 0.070312 0.912109 0.031250
4 0.500000 0.152344 0.490234 0.148438 0.472656 0.162109 0.451172 0.169922 0.441406 0.181641 0.427734 0.185547 0.408203 0.205078 0.404297 0.218750 0.361328 0.218750 0.328125 0.238281 0.312500 0.242188 0.296875 0.255859 0.296875 0.271484 0.318359 0.291016 0.341797 0.296875 0.369141 0.289062 0.404297 0.267578 0.478516 0.238281 0.517578 0.203125 0.515625 0.193359 0.501953 0.175781
4 0.871094 0.755859 0.859375 0.763672 0.849609 0.783203 0.826172 0.785156 0.818359 0.789062 0.818359 0.796875 0.849609 0.871094 0.853516 0.888672 0.869141 0.916016 0.876953 0.919922 0.906250 0.894531 0.904297 0.869141 0.908203 0.859375 0.908203 0.839844 0.904297 0.816406 0.888672 0.789062 0.886719 0.759766 0.880859 0.755859
5 0.998047 0.197266 0.986328 0.201172 0.972656 0.210938 0.958984 0.214844 0.949219 0.222656 0.912109 0.234375 0.894531 0.246094 0.863281 0.255859 0.859375 0.263672 0.861328 0.269531 0.869141 0.273438 0.892578 0.263672 0.904297 0.261719 0.923828 0.250000 0.945312 0.244141 0.982422 0.224609 0.996094 0.220703
5 0.257812 0.250000 0.273438 0.302734 0.109375 0.388672 0.281250 0.322266 0.494141 0.712891 0.386719 0.791016 0.501953 0.732422 0.578125 0.875000 0.345703 0.998047 0.585938 0.894531 0.673828 0.998047 0.603516 0.884766 0.998047 0.638672 0.710938 0.792969 0.648438 0.685547 0.689453 0.802734 0.595703 0.865234 0.457031 0.617188 0.623047 0.505859 0.449219 0.599609 0.347656 0.410156 0.603516 0.292969 0.335938 0.394531
5 0.228516 0.261719 0.220703 0.257812 0.210938 0.259766 0.109375 0.308594 0.087891 0.324219 0.062500 0.328125 0.035156 0.347656 0.001953 0.363281 0.000000 0.382812 0.009766 0.382812 0.072266 0.345703 0.101562 0.339844 0.123047 0.322266 0.160156 0.306641 0.191406 0.287109 0.226562 0.275391
6 0.582031 0.083984 0.580078 0.085938 0.568359 0.072266 0.568359 0.066406 0.564453 0.074219 0.560547 0.072266 0.562500 0.044922 0.552734 0.031250 0.513672 0.029297 0.498047 0.041016 0.482422 0.035156 0.472656 0.042969 0.472656 0.050781 0.458984 0.056641 0.437500 0.058594 0.427734 0.054688 0.416016 0.062500 0.419922 0.072266 0.419922 0.099609 0.429688 0.107422 0.441406 0.099609 0.449219 0.111328 0.468750 0.109375 0.480469 0.115234 0.486328 0.111328 0.490234 0.115234 0.533203 0.115234 0.582031 0.089844
6 0.216797 0.103516 0.220703 0.113281 0.214844 0.121094 0.208984 0.142578 0.214844 0.167969 0.244141 0.164062 0.289062 0.173828 0.304688 0.181641 0.326172 0.177734 0.328125 0.166016 0.345703 0.146484 0.363281 0.150391 0.365234 0.158203 0.367188 0.138672 0.363281 0.134766 0.363281 0.121094 0.369141 0.111328 0.359375 0.109375 0.345703 0.099609 0.310547 0.107422 0.279297 0.105469 0.263672 0.093750 0.257812 0.095703 0.253906 0.089844 0.236328 0.097656 0.230469 0.095703 0.218750 0.105469
6 0.318359 0.333984 0.322266 0.343750 0.332031 0.341797 0.335938 0.343750 0.337891 0.347656 0.345703 0.347656 0.345703 0.345703 0.349609 0.343750 0.351562 0.347656 0.355469 0.349609 0.361328 0.347656 0.367188 0.347656 0.369141 0.349609 0.398438 0.349609 0.402344 0.347656 0.408203 0.349609 0.408203 0.343750 0.400391 0.326172 0.398438 0.314453 0.386719 0.302734 0.375000 0.300781 0.373047 0.298828 0.357422 0.300781 0.355469 0.302734 0.341797 0.304688 0.335938 0.308594 0.330078 0.308594
6 0.847656 0.326172 0.841797 0.328125 0.833984 0.324219 0.826172 0.328125 0.822266 0.326172 0.804688 0.326172 0.798828 0.333984 0.792969 0.333984 0.789062 0.337891 0.783203 0.351562 0.781250 0.376953 0.783203 0.378906 0.783203 0.386719 0.789062 0.386719 0.791016 0.388672 0.791016 0.396484 0.794922 0.400391 0.828125 0.402344 0.833984 0.406250 0.839844 0.400391 0.849609 0.398438 0.855469 0.382812 0.855469 0.353516 0.851562 0.343750 0.851562 0.333984
6 0.882812 0.927734 0.886719 0.933594 0.884766 0.937500 0.886719 0.962891 0.896484 0.980469 0.898438 0.990234 0.904297 0.992188 0.906250 0.998047 0.910156 0.994141 0.914062 0.998047 0.923828 0.998047 0.925781 0.994141 0.929688 0.998047 0.939453 0.998047 0.941406 0.994141 0.945312 0.998047 0.951172 0.994141 0.955078 0.998047 0.955078 0.990234 0.962891 0.982422 0.960938 0.966797 0.955078 0.960938 0.953125 0.951172 0.949219 0.947266 0.943359 0.921875 0.935547 0.914062 0.919922 0.914062 0.914062 0.910156 0.902344 0.914062 0.900391 0.919922 0.894531 0.925781
