0 0.363281 0.011719 0.357422 0.066406 0.367188 0.097656 0.351562 0.119141 0.349609 0.132812 0.380859 0.181641 0.419922 0.185547 0.449219 0.173828 0.494141 0.230469 0.537109 0.228516 0.556641 0.214844 0.587891 0.208984 0.583984 0.119141 0.566406 0.091797 0.564453 0.066406 0.544922 0.044922 0.523438 0.042969 0.500000 0.050781 0.476562 0.039062 0.421875 0.031250 0.404297 0.000000
0 0.900391 0.013672 0.886719 0.023438 0.882812 0.050781 0.867188 0.064453 0.867188 0.113281 0.880859 0.152344 0.875000 0.183594 0.880859 0.240234 0.867188 0.250000 0.865234 0.283203 0.878906 0.312500 0.876953 0.363281 0.886719 0.378906 0.906250 0.386719 0.955078 0.388672 0.988281 0.359375 0.998047 0.322266 0.998047 0.037109 0.990234 0.025391 0.931641 0.023438
0 0.404297 0.808594 0.345703 0.767578 0.320312 0.773438 0.330078 0.789062 0.314453 0.810547 0.292969 0.761719 0.273438 0.761719 0.267578 0.781250 0.246094 0.742188 0.226562 0.744141 0.220703 0.769531 0.216797 0.748047 0.199219 0.751953 0.203125 0.789062 0.177734 0.802734 0.181641 0.826172 0.164062 0.828125 0.160156 0.853516 0.148438 0.843750 0.148438 0.861328 0.142578 0.843750 0.105469 0.841797 0.046875 0.865234 0.060547 0.898438 0.060547 0.966797 0.126953 0.974609 0.101562 0.986328 0.115234 0.994141 0.169922 0.964844 0.193359 0.984375 0.253906 0.994141 0.263672 0.984375 0.234375 0.980469 0.285156 0.960938 0.267578 0.939453 0.300781 0.925781 0.335938 0.966797 0.378906 0.968750 0.400391 0.943359
0 0.154297 0.769531 0.152344 0.767578 0.150391 0.769531 0.148438 0.769531 0.146484 0.771484 0.144531 0.771484 0.142578 0.773438 0.140625 0.773438 0.140625 0.777344 0.142578 0.777344 0.144531 0.779297 0.152344 0.779297 0.154297 0.777344
0 0.173828 0.769531 0.173828 0.771484 0.177734 0.771484 0.177734 0.769531
0 0.105469 0.794922 0.103516 0.794922 0.101562 0.796875 0.101562 0.798828 0.099609 0.800781 0.097656 0.800781 0.097656 0.802734 0.103516 0.802734 0.105469 0.800781
0 0.169922 0.812500 0.167969 0.814453 0.167969 0.816406 0.166016 0.818359 0.166016 0.820312 0.169922 0.820312 0.171875 0.822266 0.173828 0.822266 0.173828 0.814453 0.171875 0.814453
0 0.414062 0.820312 0.414062 0.833984 0.416016 0.833984 0.416016 0.824219 0.414062 0.822266
0 0.148438 0.835938 0.150391 0.837891 0.150391 0.835938 0.152344 0.833984 0.156250 0.837891 0.158203 0.837891 0.158203 0.835938 0.156250 0.833984 0.156250 0.832031 0.158203 0.830078 0.152344 0.830078 0.152344 0.833984 0.150391 0.835938
0 0.132812 0.835938 0.132812 0.837891 0.142578 0.837891 0.142578 0.835938 0.140625 0.835938 0.138672 0.833984 0.136719 0.833984 0.134766 0.835938
0 0.279297 0.984375 0.277344 0.984375 0.275391 0.986328 0.275391 0.988281 0.279297 0.988281
0 0.285156 0.986328 0.287109 0.986328 0.291016 0.990234 0.292969 0.990234 0.294922 0.988281 0.294922 0.984375 0.289062 0.984375 0.287109 0.986328
2 0.111328 0.000000 0.111328 0.005859 0.109375 0.007812 0.109375 0.013672 0.107422 0.015625 0.107422 0.027344 0.109375 0.029297 0.150391 0.029297 0.152344 0.027344 0.152344 0.000000
2 0.164062 0.000000 0.164062 0.011719 0.162109 0.013672 0.162109 0.025391 0.164062 0.027344 0.167969 0.027344 0.169922 0.025391 0.171875 0.027344 0.208984 0.027344 0.210938 0.025391 0.210938 0.021484 0.208984 0.019531 0.208984 0.000000
2 0.470703 0.000000 0.470703 0.005859 0.472656 0.007812 0.472656 0.013672 0.478516 0.021484 0.486328 0.021484 0.488281 0.023438 0.498047 0.023438 0.500000 0.025391 0.515625 0.025391 0.517578 0.027344 0.521484 0.027344 0.521484 0.021484 0.523438 0.019531 0.523438 0.003906 0.527344 0.000000
2 0.546875 0.001953 0.542969 0.031250 0.552734 0.039062 0.576172 0.039062 0.593750 0.044922 0.609375 0.044922 0.617188 0.041016 0.619141 0.042969 0.642578 0.042969 0.644531 0.041016 0.646484 0.027344 0.644531 0.025391 0.644531 0.011719 0.640625 0.000000 0.548828 0.000000
2 0.664062 0.000000 0.658203 0.005859 0.660156 0.009766 0.658203 0.013672 0.652344 0.017578 0.652344 0.039062 0.650391 0.041016 0.650391 0.050781 0.658203 0.050781 0.660156 0.052734 0.666016 0.052734 0.667969 0.054688 0.669922 0.052734 0.685547 0.052734 0.693359 0.056641 0.699219 0.056641 0.701172 0.035156 0.703125 0.033203 0.701172 0.011719 0.707031 0.000000
2 0.273438 0.013672 0.271484 0.015625 0.271484 0.023438 0.269531 0.025391 0.269531 0.039062 0.271484 0.041016 0.271484 0.042969 0.273438 0.042969 0.275391 0.044922 0.287109 0.044922 0.289062 0.042969 0.289062 0.039062 0.291016 0.037109 0.291016 0.019531 0.289062 0.017578 0.289062 0.015625 0.287109 0.013672
2 0.140625 0.041016 0.134766 0.048828 0.134766 0.068359 0.130859 0.072266 0.128906 0.076172 0.128906 0.082031 0.125000 0.085938 0.126953 0.087891 0.134766 0.087891 0.136719 0.089844 0.164062 0.089844 0.166016 0.091797 0.175781 0.091797 0.177734 0.089844 0.177734 0.041016 0.166016 0.041016 0.164062 0.039062
2 0.000000 0.128906 0.000000 0.160156 0.003906 0.160156 0.005859 0.162109 0.017578 0.162109 0.017578 0.148438 0.019531 0.146484 0.019531 0.130859 0.017578 0.128906 0.015625 0.128906 0.013672 0.126953 0.009766 0.126953 0.007812 0.128906
2 0.738281 0.175781 0.738281 0.154297 0.734375 0.150391 0.736328 0.132812 0.732422 0.130859 0.679688 0.132812 0.669922 0.136719 0.605469 0.136719 0.587891 0.140625 0.587891 0.158203 0.595703 0.166016 0.636719 0.167969 0.681641 0.177734 0.705078 0.177734 0.718750 0.181641 0.734375 0.181641
2 0.046875 0.142578 0.046875 0.156250 0.044922 0.158203 0.044922 0.183594 0.048828 0.185547 0.101562 0.187500 0.103516 0.189453 0.117188 0.189453 0.121094 0.187500 0.123047 0.183594 0.121094 0.169922 0.117188 0.164062 0.111328 0.164062 0.101562 0.154297 0.099609 0.140625 0.097656 0.138672 0.093750 0.138672 0.091797 0.136719 0.087891 0.136719 0.085938 0.138672 0.078125 0.138672 0.076172 0.136719 0.050781 0.136719
2 0.328125 0.148438 0.328125 0.150391 0.324219 0.156250 0.324219 0.160156 0.322266 0.162109 0.324219 0.164062 0.324219 0.167969 0.322266 0.169922 0.322266 0.175781 0.324219 0.177734 0.324219 0.181641 0.328125 0.185547 0.347656 0.189453 0.357422 0.197266 0.363281 0.199219 0.363281 0.197266 0.365234 0.195312 0.365234 0.189453 0.367188 0.187500 0.367188 0.177734 0.365234 0.175781 0.365234 0.169922 0.363281 0.167969 0.357422 0.154297 0.347656 0.148438 0.335938 0.148438 0.333984 0.146484
2 0.187500 0.208984 0.183594 0.220703 0.187500 0.251953 0.199219 0.255859 0.228516 0.253906 0.230469 0.263672 0.240234 0.269531 0.250000 0.263672 0.251953 0.253906 0.269531 0.253906 0.279297 0.216797 0.279297 0.208984 0.273438 0.201172 0.226562 0.197266
2 0.416016 0.210938 0.416016 0.232422 0.417969 0.234375 0.417969 0.250000 0.419922 0.251953 0.419922 0.261719 0.421875 0.263672 0.421875 0.277344 0.431641 0.287109 0.439453 0.291016 0.455078 0.291016 0.458984 0.287109 0.458984 0.277344 0.457031 0.275391 0.457031 0.265625 0.455078 0.263672 0.455078 0.251953 0.453125 0.250000 0.453125 0.234375 0.451172 0.232422 0.451172 0.218750 0.449219 0.216797 0.449219 0.210938 0.447266 0.208984
2 0.759766 0.250000 0.750000 0.302734 0.750000 0.312500 0.753906 0.316406 0.781250 0.322266 0.789062 0.320312 0.792969 0.310547 0.794922 0.320312 0.802734 0.324219 0.835938 0.330078 0.861328 0.328125 0.863281 0.291016 0.857422 0.279297 0.851562 0.279297 0.843750 0.271484 0.830078 0.267578 0.796875 0.273438 0.794922 0.253906 0.785156 0.253906 0.769531 0.248047
2 0.593750 0.251953 0.593750 0.287109 0.609375 0.296875 0.646484 0.298828 0.658203 0.302734 0.662109 0.285156 0.666016 0.312500 0.707031 0.314453 0.712891 0.308594 0.718750 0.289062 0.718750 0.261719 0.714844 0.257812 0.693359 0.253906 0.666016 0.253906 0.660156 0.279297 0.650391 0.271484 0.648438 0.255859 0.634766 0.255859 0.617188 0.250000
2 0.978516 0.394531 0.968750 0.390625 0.958984 0.396484 0.912109 0.398438 0.906250 0.410156 0.896484 0.416016 0.861328 0.404297 0.845703 0.406250 0.847656 0.417969 0.839844 0.455078 0.839844 0.484375 0.845703 0.490234 0.878906 0.494141 0.902344 0.490234 0.947266 0.490234 0.960938 0.498047 0.962891 0.503906 0.974609 0.470703
2 0.386719 0.564453 0.388672 0.574219 0.406250 0.587891 0.406250 0.591797 0.412109 0.599609 0.435547 0.605469 0.458984 0.615234 0.474609 0.619141 0.490234 0.619141 0.498047 0.605469 0.507812 0.597656 0.507812 0.589844 0.500000 0.582031 0.498047 0.568359 0.492188 0.562500 0.474609 0.552734 0.431641 0.550781 0.398438 0.558594
2 0.685547 0.640625 0.679688 0.644531 0.675781 0.660156 0.683594 0.667969 0.693359 0.669922 0.673828 0.671875 0.669922 0.675781 0.667969 0.712891 0.677734 0.716797 0.716797 0.722656 0.720703 0.716797 0.720703 0.687500 0.714844 0.677734 0.699219 0.671875 0.701172 0.669922 0.750000 0.671875 0.753906 0.662109 0.753906 0.650391 0.746094 0.642578
2 0.591797 0.728516 0.486328 0.722656 0.482422 0.750000 0.494141 0.761719 0.402344 0.753906 0.402344 0.796875 0.423828 0.806641 0.472656 0.810547 0.423828 0.812500 0.437500 0.865234 0.462891 0.867188 0.523438 0.843750 0.521484 0.832031 0.533203 0.820312 0.472656 0.810547 0.552734 0.814453 0.558594 0.804688 0.605469 0.802734 0.605469 0.773438 0.552734 0.765625 0.585938 0.763672
2 0.681641 0.726562 0.679688 0.744141 0.687500 0.750000 0.695312 0.750000 0.701172 0.753906 0.699219 0.763672 0.703125 0.775391 0.707031 0.779297 0.708984 0.777344 0.750000 0.779297 0.751953 0.781250 0.759766 0.781250 0.761719 0.779297 0.761719 0.738281 0.757812 0.734375 0.751953 0.734375 0.744141 0.730469 0.718750 0.730469 0.710938 0.726562 0.699219 0.726562 0.697266 0.724609 0.683594 0.724609
2 0.998047 0.777344 0.990234 0.773438 0.986328 0.775391 0.978516 0.773438 0.947266 0.779297 0.917969 0.777344 0.902344 0.781250 0.896484 0.779297 0.876953 0.781250 0.867188 0.789062 0.865234 0.794922 0.871094 0.839844 0.917969 0.841797 0.966797 0.837891 0.996094 0.832031
2 0.728516 0.833984 0.724609 0.830078 0.708984 0.828125 0.701172 0.816406 0.675781 0.816406 0.673828 0.818359 0.681641 0.824219 0.679688 0.828125 0.667969 0.826172 0.656250 0.832031 0.648438 0.832031 0.644531 0.841797 0.644531 0.855469 0.648438 0.871094 0.646484 0.875000 0.648438 0.900391 0.652344 0.904297 0.658203 0.902344 0.699219 0.902344 0.718750 0.896484 0.724609 0.886719 0.728516 0.871094
2 0.566406 0.884766 0.554688 0.886719 0.542969 0.882812 0.513672 0.890625 0.474609 0.888672 0.466797 0.892578 0.455078 0.892578 0.451172 0.896484 0.451172 0.908203 0.462891 0.919922 0.458984 0.939453 0.449219 0.951172 0.447266 0.947266 0.437500 0.947266 0.433594 0.958984 0.480469 0.970703 0.550781 0.982422 0.552734 0.962891 0.568359 0.914062
2 0.998047 0.914062 0.984375 0.917969 0.982422 0.916016 0.980469 0.917969 0.978516 0.916016 0.976562 0.917969 0.974609 0.916016 0.972656 0.917969 0.970703 0.916016 0.968750 0.917969 0.960938 0.916016 0.953125 0.919922 0.951172 0.917969 0.931641 0.923828 0.921875 0.929688 0.916016 0.927734 0.904297 0.933594 0.902344 0.970703 0.906250 0.974609 0.916016 0.974609 0.921875 0.978516 0.933594 0.978516 0.935547 0.980469 0.945312 0.980469 0.947266 0.978516 0.949219 0.980469 0.962891 0.976562 0.966797 0.978516 0.998047 0.976562
2 0.740234 0.939453 0.740234 0.966797 0.742188 0.970703 0.751953 0.974609 0.757812 0.980469 0.761719 0.980469 0.763672 0.982422 0.773438 0.982422 0.775391 0.980469 0.783203 0.980469 0.785156 0.978516 0.794922 0.978516 0.802734 0.972656 0.804688 0.958984 0.808594 0.949219 0.808594 0.939453 0.806641 0.937500 0.804688 0.939453 0.802734 0.937500 0.798828 0.939453 0.796875 0.937500 0.794922 0.939453 0.792969 0.937500 0.791016 0.939453 0.789062 0.937500 0.785156 0.939453 0.783203 0.937500 0.781250 0.939453 0.779297 0.937500 0.777344 0.939453 0.775391 0.937500 0.771484 0.937500 0.769531 0.939453 0.767578 0.937500 0.763672 0.939453 0.761719 0.937500 0.759766 0.939453 0.757812 0.937500 0.753906 0.939453 0.751953 0.937500 0.748047 0.939453 0.746094 0.937500 0.742188 0.937500
2 0.830078 0.937500 0.828125 0.939453 0.828125 0.943359 0.830078 0.945312 0.830078 0.951172 0.841797 0.951172 0.841797 0.939453 0.839844 0.937500 0.837891 0.939453 0.835938 0.939453 0.833984 0.937500 0.832031 0.939453
3 0.000000 0.361328 0.007812 0.585938 0.125000 0.587891 0.111328 0.599609 0.162109 0.595703 0.191406 0.621094 0.292969 0.585938 0.335938 0.585938 0.345703 0.605469 0.406250 0.595703 0.384766 0.562500 0.437500 0.546875 0.554688 0.572266 0.605469 0.562500 0.580078 0.542969 0.607422 0.531250 0.607422 0.468750 0.591797 0.464844 0.605469 0.408203 0.562500 0.386719 0.591797 0.375000 0.550781 0.337891 0.523438 0.361328 0.542969 0.371094 0.523438 0.375000 0.521484 0.337891 0.494141 0.351562 0.488281 0.335938 0.359375 0.335938 0.339844 0.312500 0.285156 0.306641 0.261719 0.335938 0.085938 0.345703 0.027344 0.332031 0.029297 0.361328
3 0.601562 0.390625 0.601562 0.392578 0.605469 0.392578 0.603516 0.390625
3 0.601562 0.429688 0.601562 0.431641 0.603516 0.431641 0.603516 0.429688
3 0.500000 0.570312 0.500000 0.574219 0.501953 0.576172 0.501953 0.582031 0.503906 0.583984 0.503906 0.585938 0.505859 0.585938 0.509766 0.589844 0.509766 0.597656 0.507812 0.599609 0.511719 0.595703 0.511719 0.583984 0.509766 0.582031 0.509766 0.578125 0.507812 0.576172 0.509766 0.574219 0.509766 0.572266 0.507812 0.572266 0.507812 0.576172 0.505859 0.578125 0.503906 0.578125 0.501953 0.576172 0.501953 0.570312
3 0.029297 0.595703 0.041016 0.595703 0.046875 0.601562 0.048828 0.607422 0.044922 0.611328 0.042969 0.611328 0.039062 0.607422 0.039062 0.601562 0.033203 0.599609 0.033203 0.605469 0.029297 0.609375 0.025391 0.609375 0.025391 0.613281 0.027344 0.615234 0.033203 0.615234 0.037109 0.617188 0.041016 0.613281 0.050781 0.613281 0.052734 0.611328 0.056641 0.611328 0.060547 0.615234 0.058594 0.617188 0.068359 0.623047 0.068359 0.609375 0.060547 0.605469 0.064453 0.597656 0.064453 0.593750 0.060547 0.591797 0.058594 0.593750 0.050781 0.591797 0.048828 0.593750 0.037109 0.593750 0.035156 0.595703
3 0.035156 0.621094 0.035156 0.623047 0.033203 0.625000 0.031250 0.625000 0.029297 0.626953 0.025391 0.626953 0.025391 0.628906 0.027344 0.628906 0.029297 0.630859 0.031250 0.628906 0.035156 0.628906
3 0.060547 0.623047 0.058594 0.623047 0.054688 0.626953 0.048828 0.626953 0.048828 0.628906 0.050781 0.630859 0.052734 0.630859 0.056641 0.634766 0.058594 0.634766 0.058594 0.632812 0.060547 0.630859
5 0.814453 0.000000 0.763672 0.087891 0.605469 0.054688 0.759766 0.111328 0.712891 0.326172 0.140625 0.294922 0.707031 0.347656 0.607422 0.826172 0.396484 0.890625 0.599609 0.851562 0.570312 0.998047 0.617188 0.933594 0.998047 0.912109 0.619141 0.910156 0.697266 0.496094 0.998047 0.582031 0.699219 0.472656
