0 0.701172 0.039062 0.699219 0.080078 0.728516 0.119141 0.750000 0.169922 0.826172 0.193359 0.867188 0.193359 0.898438 0.207031 0.910156 0.203125 0.917969 0.173828 0.917969 0.142578 0.906250 0.132812 0.898438 0.111328 0.884766 0.103516 0.882812 0.091797 0.884766 0.027344 0.892578 0.000000 0.744141 0.000000
0 0.234375 0.029297 0.220703 0.033203 0.187500 0.052734 0.179688 0.091797 0.181641 0.101562 0.187500 0.107422 0.205078 0.107422 0.212891 0.099609 0.218750 0.101562 0.216797 0.107422 0.224609 0.123047 0.244141 0.134766 0.255859 0.130859 0.263672 0.083984 0.267578 0.072266 0.277344 0.058594 0.277344 0.041016 0.265625 0.033203
0 0.498047 0.179688 0.492188 0.208984 0.492188 0.232422 0.507812 0.248047 0.531250 0.250000 0.566406 0.263672 0.582031 0.263672 0.615234 0.255859 0.634766 0.238281 0.640625 0.228516 0.638672 0.208984 0.642578 0.201172 0.642578 0.181641 0.623047 0.164062 0.568359 0.154297 0.552734 0.164062 0.542969 0.175781 0.511719 0.171875
0 0.224609 0.324219 0.226562 0.343750 0.230469 0.353516 0.234375 0.355469 0.259766 0.355469 0.261719 0.353516 0.273438 0.353516 0.279297 0.349609 0.287109 0.351562 0.289062 0.349609 0.302734 0.349609 0.312500 0.343750 0.316406 0.343750 0.322266 0.347656 0.332031 0.347656 0.335938 0.343750 0.335938 0.332031 0.337891 0.330078 0.337891 0.326172 0.326172 0.322266 0.281250 0.320312 0.279297 0.318359 0.236328 0.318359
0 0.654297 0.392578 0.664062 0.410156 0.697266 0.425781 0.720703 0.421875 0.730469 0.429688 0.953125 0.447266 0.998047 0.443359 0.998047 0.425781 0.978516 0.404297 0.970703 0.417969 0.945312 0.414062 0.943359 0.390625 0.931641 0.382812 0.900391 0.384766 0.841797 0.375000 0.750000 0.380859 0.732422 0.369141 0.712891 0.375000 0.705078 0.392578
0 0.957031 0.388672 0.957031 0.392578 0.953125 0.396484 0.951172 0.394531 0.951172 0.396484 0.949219 0.398438 0.949219 0.400391 0.951172 0.402344 0.953125 0.400391 0.955078 0.400391 0.957031 0.402344 0.957031 0.406250 0.958984 0.408203 0.966797 0.408203 0.966797 0.402344 0.968750 0.400391 0.968750 0.398438 0.966797 0.396484 0.966797 0.394531 0.968750 0.392578 0.970703 0.392578 0.972656 0.394531 0.974609 0.394531 0.974609 0.392578 0.972656 0.390625 0.962891 0.390625 0.960938 0.388672
0 0.000000 0.783203 0.000000 0.835938 0.224609 0.882812 0.259766 0.853516 0.306641 0.869141 0.343750 0.828125 0.287109 0.917969 0.302734 0.962891 0.349609 0.998047 0.867188 0.986328 0.857422 0.929688 0.507812 0.835938 0.107422 0.763672
0 0.291016 0.937500 0.289062 0.939453 0.291016 0.941406 0.291016 0.943359 0.294922 0.943359 0.296875 0.941406 0.296875 0.939453 0.294922 0.941406
0 0.955078 0.953125 0.955078 0.960938 0.957031 0.962891 0.960938 0.958984 0.960938 0.957031 0.958984 0.955078 0.957031 0.955078
0 0.968750 0.960938 0.968750 0.990234 0.972656 0.990234 0.972656 0.976562 0.974609 0.974609 0.974609 0.972656 0.972656 0.970703 0.972656 0.962891 0.970703 0.960938
0 0.960938 0.990234 0.958984 0.988281 0.957031 0.990234 0.957031 0.992188 0.960938 0.992188
1 0.371094 0.353516 0.355469 0.410156 0.345703 0.507812 0.300781 0.744141 0.314453 0.755859 0.359375 0.767578 0.373047 0.765625 0.380859 0.751953 0.402344 0.611328 0.412109 0.599609 0.414062 0.517578 0.439453 0.392578 0.433594 0.359375
1 0.792969 0.494141 0.775391 0.515625 0.775391 0.556641 0.787109 0.603516 0.818359 0.613281 0.837891 0.611328 0.853516 0.623047 0.878906 0.630859 0.906250 0.628906 0.914062 0.613281 0.910156 0.583984 0.933594 0.572266 0.937500 0.564453 0.937500 0.542969 0.916016 0.511719 0.902344 0.500000 0.900391 0.492188 0.876953 0.480469 0.851562 0.480469
1 0.769531 0.738281 0.765625 0.740234 0.761719 0.750000 0.763672 0.779297 0.761719 0.781250 0.759766 0.808594 0.757812 0.810547 0.757812 0.839844 0.763672 0.843750 0.775391 0.843750 0.796875 0.851562 0.810547 0.849609 0.816406 0.839844 0.816406 0.810547 0.818359 0.808594 0.818359 0.792969 0.816406 0.791016 0.814453 0.771484 0.783203 0.738281
1 0.000000 0.841797 0.003906 0.943359 0.023438 0.933594 0.056641 0.937500 0.113281 0.968750 0.156250 0.980469 0.162109 0.988281 0.173828 0.986328 0.183594 0.998047 0.189453 0.998047 0.187500 0.990234 0.193359 0.998047 0.291016 0.996094 0.294922 0.966797 0.265625 0.927734 0.263672 0.912109 0.302734 0.894531 0.304688 0.878906 0.294922 0.869141 0.257812 0.857422 0.248047 0.859375 0.230469 0.882812 0.179688 0.880859 0.152344 0.865234 0.101562 0.859375 0.076172 0.845703
1 0.003906 0.955078 0.003906 0.990234 0.005859 0.992188 0.011719 0.992188 0.013672 0.994141 0.017578 0.994141 0.019531 0.996094 0.021484 0.994141 0.021484 0.990234 0.019531 0.988281 0.019531 0.984375 0.021484 0.982422 0.025391 0.982422 0.025391 0.976562 0.023438 0.974609 0.021484 0.976562 0.019531 0.976562 0.011719 0.968750 0.011719 0.966797 0.007812 0.962891 0.007812 0.955078
1 0.041016 0.976562 0.039062 0.976562 0.037109 0.978516 0.037109 0.980469 0.039062 0.982422 0.041016 0.980469
1 0.054688 0.978516 0.054688 0.980469 0.056641 0.980469
2 0.445312 0.064453 0.443359 0.066406 0.443359 0.068359 0.441406 0.070312 0.441406 0.080078 0.445312 0.083984 0.453125 0.083984 0.455078 0.085938 0.462891 0.085938 0.464844 0.083984 0.464844 0.076172 0.466797 0.074219 0.466797 0.070312 0.464844 0.068359 0.462891 0.068359 0.460938 0.066406 0.451172 0.066406 0.449219 0.064453
2 0.277344 0.068359 0.269531 0.080078 0.269531 0.083984 0.267578 0.085938 0.267578 0.099609 0.265625 0.101562 0.265625 0.111328 0.263672 0.113281 0.261719 0.130859 0.263672 0.132812 0.273438 0.132812 0.275391 0.134766 0.285156 0.134766 0.287109 0.136719 0.304688 0.136719 0.304688 0.123047 0.306641 0.121094 0.308594 0.103516 0.312500 0.093750 0.312500 0.070312 0.304688 0.066406 0.283203 0.066406 0.281250 0.068359
2 0.546875 0.068359 0.544922 0.070312 0.544922 0.083984 0.542969 0.085938 0.542969 0.091797 0.541016 0.093750 0.541016 0.101562 0.542969 0.101562 0.544922 0.103516 0.552734 0.103516 0.556641 0.099609 0.556641 0.095703 0.554688 0.093750 0.554688 0.085938 0.556641 0.083984 0.556641 0.070312 0.554688 0.070312 0.552734 0.068359
2 0.619141 0.078125 0.613281 0.078125 0.611328 0.080078 0.611328 0.085938 0.609375 0.087891 0.609375 0.095703 0.607422 0.097656 0.607422 0.107422 0.605469 0.109375 0.607422 0.111328 0.609375 0.111328 0.611328 0.113281 0.613281 0.111328 0.617188 0.111328 0.619141 0.109375 0.619141 0.097656 0.621094 0.095703 0.621094 0.087891 0.623047 0.085938 0.623047 0.082031
2 0.402344 0.119141 0.398438 0.125000 0.398438 0.136719 0.396484 0.138672 0.396484 0.142578 0.398438 0.144531 0.398438 0.152344 0.400391 0.154297 0.404297 0.154297 0.406250 0.156250 0.414062 0.156250 0.416016 0.154297 0.417969 0.154297 0.417969 0.152344 0.421875 0.148438 0.421875 0.146484 0.423828 0.144531 0.423828 0.136719 0.425781 0.134766 0.425781 0.132812 0.423828 0.130859 0.423828 0.125000 0.421875 0.123047 0.421875 0.121094 0.419922 0.121094 0.417969 0.119141
2 0.259766 0.154297 0.259766 0.156250 0.257812 0.158203 0.257812 0.173828 0.259766 0.175781 0.269531 0.175781 0.271484 0.177734 0.289062 0.177734 0.291016 0.175781 0.292969 0.175781 0.292969 0.158203 0.291016 0.158203 0.289062 0.156250 0.279297 0.156250 0.277344 0.154297
2 0.259766 0.195312 0.259766 0.208984 0.263672 0.208984 0.265625 0.210938 0.275391 0.210938 0.277344 0.212891 0.289062 0.212891 0.292969 0.208984 0.292969 0.193359 0.289062 0.193359 0.287109 0.191406 0.261719 0.191406 0.261719 0.193359
2 0.375000 0.203125 0.373047 0.207031 0.373047 0.210938 0.371094 0.212891 0.371094 0.228516 0.375000 0.234375 0.378906 0.236328 0.382812 0.236328 0.384766 0.238281 0.394531 0.238281 0.396484 0.240234 0.419922 0.240234 0.423828 0.238281 0.423828 0.234375 0.425781 0.232422 0.425781 0.222656 0.427734 0.220703 0.429688 0.210938 0.427734 0.210938 0.417969 0.203125 0.410156 0.203125 0.408203 0.201172 0.402344 0.201172 0.394531 0.197266 0.380859 0.197266
2 0.845703 0.218750 0.843750 0.222656 0.843750 0.240234 0.841797 0.242188 0.841797 0.281250 0.839844 0.283203 0.841797 0.285156 0.839844 0.289062 0.841797 0.304688 0.845703 0.306641 0.869141 0.306641 0.873047 0.304688 0.873047 0.279297 0.875000 0.277344 0.875000 0.257812 0.876953 0.255859 0.878906 0.222656 0.876953 0.220703 0.863281 0.220703 0.861328 0.218750
2 0.792969 0.222656 0.791016 0.224609 0.791016 0.240234 0.789062 0.242188 0.789062 0.267578 0.787109 0.269531 0.787109 0.304688 0.791016 0.306641 0.800781 0.306641 0.804688 0.302734 0.804688 0.269531 0.806641 0.267578 0.804688 0.263672 0.806641 0.259766 0.806641 0.224609 0.796875 0.224609
2 0.914062 0.226562 0.912109 0.228516 0.912109 0.242188 0.910156 0.244141 0.908203 0.257812 0.904297 0.265625 0.904297 0.281250 0.902344 0.283203 0.902344 0.314453 0.906250 0.316406 0.919922 0.316406 0.921875 0.318359 0.935547 0.318359 0.935547 0.314453 0.937500 0.312500 0.935547 0.308594 0.937500 0.306641 0.937500 0.257812 0.939453 0.255859 0.939453 0.232422 0.933594 0.228516 0.927734 0.228516 0.925781 0.226562
2 0.978516 0.232422 0.974609 0.236328 0.974609 0.244141 0.972656 0.246094 0.972656 0.273438 0.970703 0.275391 0.970703 0.289062 0.968750 0.291016 0.968750 0.318359 0.966797 0.320312 0.968750 0.322266 0.976562 0.322266 0.978516 0.324219 0.998047 0.324219 0.998047 0.234375
5 0.000000 0.218750 0.000000 0.250000 0.998047 0.378906 0.994141 0.353516 0.492188 0.287109 0.492188 0.000000 0.441406 0.000000 0.478516 0.050781 0.464844 0.285156
5 0.000000 0.751953 0.000000 0.781250 0.107422 0.761719 0.291016 0.785156 0.769531 0.912109 0.927734 0.937500 0.980469 0.923828 0.294922 0.759766 0.115234 0.736328
6 0.000000 0.330078 0.000000 0.750000 0.039062 0.732422 0.117188 0.728516 0.214844 0.732422 0.218750 0.746094 0.228516 0.732422 0.234375 0.748047 0.269531 0.748047 0.326172 0.529297 0.333984 0.351562 0.230469 0.357422 0.218750 0.339844 0.125000 0.339844 0.054688 0.318359
6 0.455078 0.394531 0.449219 0.623047 0.410156 0.619141 0.394531 0.708984 0.457031 0.712891 0.480469 0.798828 0.691406 0.837891 0.722656 0.660156 0.759766 0.705078 0.789062 0.689453 0.787109 0.732422 0.732422 0.703125 0.738281 0.841797 0.919922 0.841797 0.974609 0.716797 0.996094 0.460938 0.945312 0.468750 0.921875 0.515625 0.941406 0.562500 0.890625 0.642578 0.783203 0.599609 0.773438 0.513672 0.824219 0.478516 0.820312 0.451172 0.730469 0.433594 0.726562 0.466797 0.724609 0.435547
6 0.417969 0.607422 0.429688 0.607422 0.431641 0.605469 0.417969 0.605469
6 0.742188 0.683594 0.742188 0.685547 0.746094 0.685547 0.746094 0.683594
6 0.775391 0.710938 0.773438 0.712891 0.773438 0.718750 0.775391 0.718750 0.777344 0.720703 0.777344 0.722656 0.779297 0.724609 0.781250 0.724609 0.781250 0.722656 0.783203 0.720703 0.783203 0.712891 0.781250 0.714844 0.781250 0.716797 0.779297 0.718750 0.777344 0.718750 0.775391 0.716797
6 0.757812 0.871094 0.757812 0.873047 0.759766 0.873047 0.761719 0.875000 0.763672 0.873047 0.763672 0.871094
6 0.187500 0.992188 0.187500 0.994141 0.191406 0.998047 0.191406 0.994141 0.189453 0.992188
