0 0.503906 0.019531 0.505859 0.021484 0.505859 0.025391 0.507812 0.027344 0.509766 0.033203 0.517578 0.041016 0.521484 0.041016 0.523438 0.042969 0.525391 0.041016 0.529297 0.041016 0.541016 0.031250 0.542969 0.031250 0.544922 0.029297 0.548828 0.029297 0.550781 0.027344 0.554688 0.027344 0.562500 0.019531 0.562500 0.015625 0.564453 0.013672 0.564453 0.011719 0.562500 0.009766 0.562500 0.005859 0.556641 0.000000 0.511719 0.000000 0.505859 0.005859 0.505859 0.009766 0.503906 0.011719
0 0.972656 0.058594 0.958984 0.062500 0.947266 0.076172 0.945312 0.093750 0.949219 0.109375 0.935547 0.123047 0.931641 0.144531 0.935547 0.158203 0.945312 0.167969 0.958984 0.171875 0.960938 0.169922 0.964844 0.179688 0.974609 0.189453 0.988281 0.193359 0.998047 0.191406 0.998047 0.076172 0.986328 0.062500
0 0.708984 0.080078 0.703125 0.074219 0.699219 0.074219 0.697266 0.072266 0.687500 0.072266 0.685547 0.070312 0.675781 0.070312 0.667969 0.066406 0.662109 0.066406 0.660156 0.068359 0.658203 0.066406 0.656250 0.068359 0.654297 0.066406 0.652344 0.068359 0.648438 0.068359 0.638672 0.078125 0.638672 0.082031 0.636719 0.083984 0.636719 0.093750 0.634766 0.095703 0.634766 0.103516 0.636719 0.105469 0.634766 0.107422 0.634766 0.113281 0.636719 0.115234 0.636719 0.119141 0.642578 0.125000 0.646484 0.125000 0.648438 0.126953 0.656250 0.125000 0.662109 0.119141 0.666016 0.119141 0.673828 0.111328 0.673828 0.107422 0.679688 0.099609 0.697266 0.099609 0.699219 0.097656 0.703125 0.097656 0.708984 0.091797 0.708984 0.087891 0.710938 0.085938 0.708984 0.083984
0 0.140625 0.089844 0.125000 0.099609 0.113281 0.140625 0.126953 0.306641 0.142578 0.318359 0.173828 0.320312 0.177734 0.373047 0.210938 0.402344 0.234375 0.404297 0.251953 0.378906 0.240234 0.357422 0.234375 0.314453 0.267578 0.281250 0.261719 0.255859 0.234375 0.230469 0.242188 0.212891 0.271484 0.216797 0.279297 0.208984 0.269531 0.167969 0.279297 0.128906 0.271484 0.121094 0.218750 0.115234 0.185547 0.085938
0 0.757812 0.099609 0.744141 0.103516 0.732422 0.117188 0.730469 0.126953 0.734375 0.138672 0.730469 0.150391 0.734375 0.166016 0.728516 0.171875 0.712891 0.173828 0.703125 0.183594 0.699219 0.197266 0.703125 0.210938 0.714844 0.222656 0.716797 0.238281 0.726562 0.248047 0.724609 0.257812 0.728516 0.271484 0.738281 0.281250 0.751953 0.285156 0.765625 0.281250 0.777344 0.267578 0.777344 0.248047 0.765625 0.234375 0.767578 0.224609 0.763672 0.210938 0.777344 0.195312 0.779297 0.185547 0.775391 0.169922 0.781250 0.164062 0.785156 0.150391 0.781250 0.138672 0.785156 0.126953 0.781250 0.113281 0.771484 0.103516
0 0.546875 0.111328 0.544922 0.113281 0.537109 0.113281 0.533203 0.115234 0.523438 0.125000 0.521484 0.128906 0.521484 0.136719 0.519531 0.138672 0.521484 0.140625 0.521484 0.148438 0.523438 0.152344 0.533203 0.162109 0.537109 0.164062 0.544922 0.164062 0.546875 0.166016 0.548828 0.164062 0.556641 0.164062 0.560547 0.162109 0.570312 0.152344 0.572266 0.148438 0.572266 0.140625 0.574219 0.138672 0.572266 0.136719 0.572266 0.128906 0.570312 0.125000 0.560547 0.115234 0.556641 0.113281 0.548828 0.113281
0 0.638672 0.132812 0.625000 0.136719 0.615234 0.146484 0.611328 0.166016 0.621094 0.193359 0.632812 0.205078 0.625000 0.216797 0.623047 0.226562 0.625000 0.253906 0.636719 0.267578 0.650391 0.271484 0.664062 0.267578 0.673828 0.257812 0.677734 0.242188 0.693359 0.224609 0.695312 0.199219 0.691406 0.185547 0.667969 0.164062 0.662109 0.146484 0.652344 0.136719
0 0.330078 0.152344 0.328125 0.154297 0.324219 0.154297 0.318359 0.160156 0.318359 0.162109 0.316406 0.164062 0.316406 0.167969 0.314453 0.169922 0.314453 0.173828 0.312500 0.175781 0.312500 0.179688 0.310547 0.181641 0.310547 0.185547 0.308594 0.187500 0.308594 0.191406 0.306641 0.193359 0.306641 0.195312 0.308594 0.197266 0.308594 0.201172 0.314453 0.207031 0.318359 0.207031 0.320312 0.208984 0.322266 0.208984 0.324219 0.210938 0.328125 0.210938 0.330078 0.212891 0.332031 0.210938 0.335938 0.210938 0.337891 0.208984 0.339844 0.208984 0.345703 0.203125 0.345703 0.199219 0.347656 0.197266 0.347656 0.193359 0.345703 0.191406 0.347656 0.189453 0.347656 0.185547 0.345703 0.183594 0.347656 0.181641 0.347656 0.175781 0.345703 0.173828 0.345703 0.167969 0.343750 0.166016 0.343750 0.162109 0.335938 0.154297 0.332031 0.154297
0 0.376953 0.197266 0.369141 0.208984 0.371094 0.212891 0.369141 0.218750 0.373047 0.226562 0.371094 0.234375 0.373047 0.265625 0.380859 0.273438 0.392578 0.277344 0.404297 0.275391 0.419922 0.279297 0.449219 0.277344 0.457031 0.265625 0.449219 0.253906 0.443359 0.251953 0.427734 0.253906 0.417969 0.250000 0.404297 0.251953 0.398438 0.248047 0.400391 0.234375 0.398438 0.230469 0.406250 0.222656 0.408203 0.216797 0.406250 0.205078 0.398438 0.195312 0.392578 0.193359 0.384766 0.197266 0.382812 0.195312
0 0.546875 0.199219 0.544922 0.201172 0.537109 0.201172 0.533203 0.203125 0.523438 0.212891 0.521484 0.216797 0.521484 0.224609 0.519531 0.226562 0.521484 0.228516 0.521484 0.236328 0.523438 0.240234 0.533203 0.250000 0.537109 0.251953 0.544922 0.251953 0.546875 0.253906 0.548828 0.251953 0.556641 0.251953 0.560547 0.250000 0.570312 0.240234 0.572266 0.236328 0.572266 0.228516 0.574219 0.226562 0.572266 0.224609 0.572266 0.216797 0.570312 0.212891 0.560547 0.203125 0.556641 0.201172 0.548828 0.201172
0 0.449219 0.208984 0.447266 0.210938 0.443359 0.210938 0.437500 0.216797 0.437500 0.220703 0.435547 0.222656 0.435547 0.234375 0.437500 0.236328 0.437500 0.240234 0.443359 0.246094 0.447266 0.246094 0.449219 0.248047 0.451172 0.246094 0.455078 0.246094 0.460938 0.240234 0.460938 0.236328 0.462891 0.234375 0.462891 0.222656 0.460938 0.220703 0.460938 0.216797 0.455078 0.210938 0.451172 0.210938
0 0.406250 0.316406 0.404297 0.318359 0.400391 0.318359 0.394531 0.324219 0.394531 0.328125 0.392578 0.330078 0.394531 0.332031 0.394531 0.335938 0.400391 0.341797 0.404297 0.341797 0.406250 0.343750 0.408203 0.341797 0.412109 0.341797 0.417969 0.335938 0.417969 0.332031 0.419922 0.330078 0.417969 0.328125 0.417969 0.324219 0.412109 0.318359 0.408203 0.318359
0 0.605469 0.357422 0.603516 0.359375 0.599609 0.359375 0.593750 0.365234 0.593750 0.369141 0.591797 0.371094 0.591797 0.380859 0.593750 0.382812 0.591797 0.384766 0.593750 0.386719 0.593750 0.390625 0.595703 0.392578 0.593750 0.394531 0.593750 0.398438 0.595703 0.400391 0.593750 0.402344 0.593750 0.404297 0.595703 0.406250 0.595703 0.410156 0.601562 0.416016 0.605469 0.416016 0.607422 0.417969 0.609375 0.416016 0.613281 0.416016 0.619141 0.410156 0.619141 0.406250 0.621094 0.404297 0.621094 0.402344 0.619141 0.400391 0.621094 0.398438 0.621094 0.394531 0.619141 0.392578 0.621094 0.390625 0.621094 0.384766 0.619141 0.382812 0.619141 0.371094 0.617188 0.369141 0.617188 0.365234 0.611328 0.359375 0.607422 0.359375
0 0.119141 0.406250 0.115234 0.419922 0.117188 0.449219 0.132812 0.466797 0.160156 0.476562 0.181641 0.476562 0.189453 0.484375 0.199219 0.486328 0.216797 0.503906 0.238281 0.503906 0.251953 0.492188 0.255859 0.478516 0.253906 0.468750 0.236328 0.435547 0.218750 0.417969 0.195312 0.410156 0.171875 0.412109 0.158203 0.396484 0.144531 0.392578 0.128906 0.396484
0 0.417969 0.419922 0.419922 0.427734 0.425781 0.433594 0.429688 0.433594 0.439453 0.443359 0.449219 0.449219 0.474609 0.455078 0.488281 0.460938 0.501953 0.458984 0.515625 0.445312 0.523438 0.429688 0.521484 0.419922 0.515625 0.414062 0.509766 0.412109 0.503906 0.414062 0.498047 0.419922 0.496094 0.427734 0.490234 0.433594 0.458984 0.423828 0.445312 0.412109 0.431641 0.406250 0.425781 0.408203 0.419922 0.414062
0 0.289062 0.453125 0.281250 0.464844 0.283203 0.498047 0.271484 0.517578 0.271484 0.529297 0.277344 0.542969 0.289062 0.550781 0.285156 0.562500 0.287109 0.578125 0.298828 0.585938 0.322266 0.582031 0.343750 0.601562 0.355469 0.593750 0.363281 0.593750 0.369141 0.587891 0.371094 0.578125 0.359375 0.556641 0.369141 0.550781 0.378906 0.550781 0.384766 0.544922 0.384766 0.527344 0.371094 0.517578 0.355469 0.515625 0.341797 0.507812 0.318359 0.513672 0.316406 0.476562 0.300781 0.453125
0 0.134766 0.507812 0.132812 0.509766 0.125000 0.509766 0.121094 0.511719 0.101562 0.531250 0.099609 0.535156 0.099609 0.542969 0.097656 0.544922 0.099609 0.546875 0.099609 0.554688 0.101562 0.558594 0.113281 0.570312 0.117188 0.572266 0.125000 0.572266 0.126953 0.574219 0.138672 0.574219 0.140625 0.572266 0.148438 0.572266 0.152344 0.570312 0.164062 0.558594 0.166016 0.554688 0.166016 0.546875 0.167969 0.544922 0.166016 0.542969 0.166016 0.535156 0.160156 0.527344 0.158203 0.521484 0.148438 0.511719 0.144531 0.509766 0.136719 0.509766
0 0.435547 0.523438 0.421875 0.527344 0.410156 0.541016 0.410156 0.562500 0.419922 0.576172 0.408203 0.589844 0.404297 0.607422 0.408203 0.621094 0.416016 0.628906 0.423828 0.664062 0.433594 0.685547 0.433594 0.707031 0.445312 0.720703 0.458984 0.724609 0.472656 0.720703 0.484375 0.707031 0.486328 0.675781 0.480469 0.656250 0.490234 0.636719 0.488281 0.576172 0.492188 0.564453 0.488281 0.550781 0.478516 0.541016 0.462891 0.539062 0.453125 0.529297
0 0.171875 0.583984 0.158203 0.587891 0.146484 0.601562 0.144531 0.611328 0.146484 0.634766 0.140625 0.656250 0.142578 0.658203 0.140625 0.673828 0.148438 0.695312 0.158203 0.705078 0.173828 0.708984 0.201172 0.699219 0.212891 0.687500 0.216797 0.669922 0.212891 0.656250 0.197266 0.642578 0.199219 0.640625 0.197266 0.638672 0.199219 0.611328 0.195312 0.597656 0.185547 0.587891
0 0.349609 0.707031 0.339844 0.708984 0.324219 0.716797 0.314453 0.726562 0.310547 0.744141 0.314453 0.757812 0.324219 0.769531 0.322266 0.773438 0.326172 0.787109 0.339844 0.798828 0.349609 0.800781 0.355469 0.798828 0.357422 0.800781 0.376953 0.794922 0.390625 0.779297 0.396484 0.761719 0.394531 0.755859 0.396484 0.753906 0.394531 0.750000 0.396484 0.740234 0.390625 0.722656 0.380859 0.712891 0.363281 0.707031
0 0.171875 0.726562 0.156250 0.742188 0.156250 0.750000 0.154297 0.751953 0.156250 0.753906 0.156250 0.761719 0.175781 0.783203 0.177734 0.789062 0.175781 0.791016 0.177734 0.794922 0.175781 0.802734 0.179688 0.816406 0.193359 0.828125 0.201172 0.828125 0.203125 0.830078 0.205078 0.828125 0.212891 0.828125 0.228516 0.812500 0.228516 0.804688 0.230469 0.802734 0.228516 0.794922 0.230469 0.792969 0.228516 0.789062 0.230469 0.787109 0.228516 0.765625 0.216797 0.748047 0.197266 0.728516 0.183594 0.724609
0 0.464844 0.767578 0.462891 0.769531 0.458984 0.769531 0.455078 0.773438 0.453125 0.773438 0.447266 0.779297 0.447266 0.783203 0.445312 0.785156 0.447266 0.787109 0.447266 0.791016 0.451172 0.794922 0.451172 0.796875 0.453125 0.798828 0.453125 0.802734 0.458984 0.808594 0.462891 0.808594 0.464844 0.810547 0.466797 0.808594 0.472656 0.808594 0.474609 0.810547 0.476562 0.808594 0.480469 0.808594 0.486328 0.802734 0.486328 0.798828 0.488281 0.796875 0.488281 0.789062 0.486328 0.787109 0.486328 0.783203 0.484375 0.781250 0.484375 0.779297 0.474609 0.769531 0.470703 0.769531 0.468750 0.767578
2 0.146484 0.000000 0.146484 0.001953 0.144531 0.003906 0.144531 0.035156 0.150391 0.039062 0.177734 0.039062 0.179688 0.037109 0.179688 0.005859 0.177734 0.003906 0.177734 0.000000
2 0.246094 0.000000 0.246094 0.019531 0.250000 0.025391 0.273438 0.023438 0.279297 0.015625 0.281250 0.017578 0.279297 0.072266 0.306641 0.078125 0.308594 0.095703 0.314453 0.099609 0.335938 0.097656 0.339844 0.091797 0.339844 0.080078 0.332031 0.068359 0.318359 0.066406 0.314453 0.056641 0.308594 0.052734 0.289062 0.052734 0.300781 0.048828 0.300781 0.031250 0.312500 0.021484 0.314453 0.000000 0.281250 0.000000 0.279297 0.005859 0.277344 0.000000
2 0.355469 0.000000 0.355469 0.025391 0.357422 0.027344 0.357422 0.033203 0.363281 0.046875 0.367188 0.046875 0.369141 0.041016 0.375000 0.035156 0.375000 0.031250 0.376953 0.029297 0.378906 0.031250 0.378906 0.035156 0.382812 0.037109 0.400391 0.037109 0.402344 0.035156 0.410156 0.033203 0.412109 0.023438 0.410156 0.021484 0.410156 0.015625 0.408203 0.013672 0.408203 0.003906 0.406250 0.000000 0.384766 0.000000 0.382812 0.003906 0.380859 0.000000
2 0.671875 0.000000 0.671875 0.003906 0.669922 0.005859 0.669922 0.013672 0.667969 0.015625 0.667969 0.025391 0.666016 0.027344 0.667969 0.031250 0.667969 0.042969 0.671875 0.048828 0.685547 0.048828 0.687500 0.050781 0.708984 0.050781 0.710938 0.046875 0.710938 0.033203 0.712891 0.031250 0.712891 0.027344 0.714844 0.025391 0.714844 0.019531 0.716797 0.017578 0.716797 0.000000
2 0.753906 0.000000 0.750000 0.007812 0.742188 0.015625 0.734375 0.017578 0.736328 0.039062 0.728516 0.046875 0.726562 0.052734 0.722656 0.095703 0.736328 0.103516 0.742188 0.103516 0.748047 0.099609 0.757812 0.097656 0.767578 0.099609 0.775391 0.105469 0.779297 0.091797 0.779297 0.060547 0.777344 0.054688 0.765625 0.042969 0.771484 0.025391 0.771484 0.000000
2 0.953125 0.000000 0.953125 0.017578 0.955078 0.019531 0.955078 0.037109 0.953125 0.039062 0.953125 0.044922 0.957031 0.048828 0.960938 0.048828 0.976562 0.058594 0.982422 0.058594 0.988281 0.062500 0.998047 0.064453 0.998047 0.000000
2 0.462891 0.011719 0.462891 0.031250 0.466797 0.035156 0.466797 0.037109 0.468750 0.037109 0.470703 0.039062 0.490234 0.039062 0.492188 0.041016 0.505859 0.041016 0.505859 0.027344 0.503906 0.025391 0.503906 0.021484 0.501953 0.019531 0.501953 0.009766 0.498047 0.009766 0.496094 0.007812 0.494141 0.007812 0.492188 0.005859 0.488281 0.005859 0.486328 0.003906 0.474609 0.003906 0.472656 0.005859 0.468750 0.005859
2 0.916016 0.031250 0.912109 0.033203 0.908203 0.039062 0.906250 0.054688 0.904297 0.056641 0.904297 0.060547 0.900391 0.064453 0.900391 0.078125 0.892578 0.097656 0.892578 0.107422 0.906250 0.109375 0.908203 0.111328 0.916016 0.111328 0.917969 0.113281 0.931641 0.113281 0.939453 0.107422 0.939453 0.103516 0.941406 0.101562 0.943359 0.078125 0.945312 0.076172 0.949219 0.048828 0.947266 0.044922 0.937500 0.037109 0.925781 0.031250
2 0.583984 0.037109 0.582031 0.039062 0.582031 0.064453 0.583984 0.064453 0.585938 0.066406 0.607422 0.066406 0.609375 0.064453 0.609375 0.039062 0.603516 0.035156 0.587891 0.035156 0.585938 0.037109
2 0.388672 0.050781 0.386719 0.052734 0.380859 0.052734 0.378906 0.054688 0.378906 0.058594 0.376953 0.060547 0.376953 0.087891 0.375000 0.089844 0.375000 0.095703 0.376953 0.097656 0.376953 0.099609 0.378906 0.099609 0.380859 0.101562 0.388672 0.101562 0.390625 0.103516 0.394531 0.103516 0.398438 0.099609 0.398438 0.080078 0.400391 0.078125 0.400391 0.066406 0.402344 0.064453 0.402344 0.060547 0.404297 0.058594 0.404297 0.054688 0.402344 0.052734 0.396484 0.052734 0.394531 0.050781
2 0.582031 0.083984 0.580078 0.085938 0.578125 0.085938 0.578125 0.105469 0.576172 0.107422 0.576172 0.111328 0.574219 0.113281 0.574219 0.119141 0.572266 0.121094 0.572266 0.123047 0.574219 0.125000 0.576172 0.125000 0.580078 0.128906 0.589844 0.128906 0.591797 0.126953 0.597656 0.125000 0.603516 0.119141 0.603516 0.087891 0.601562 0.087891 0.599609 0.085938 0.589844 0.085938 0.587891 0.083984
2 0.679688 0.101562 0.675781 0.107422 0.675781 0.111328 0.664062 0.123047 0.662109 0.126953 0.660156 0.142578 0.664062 0.146484 0.666016 0.154297 0.671875 0.162109 0.675781 0.162109 0.677734 0.164062 0.693359 0.164062 0.695312 0.166016 0.705078 0.166016 0.708984 0.167969 0.710938 0.166016 0.710938 0.140625 0.712891 0.138672 0.712891 0.126953 0.714844 0.125000 0.716797 0.107422 0.708984 0.103516 0.691406 0.103516 0.689453 0.101562
2 0.394531 0.123047 0.394531 0.128906 0.392578 0.130859 0.392578 0.136719 0.390625 0.138672 0.390625 0.158203 0.394531 0.158203 0.396484 0.160156 0.437500 0.160156 0.439453 0.162109 0.445312 0.162109 0.447266 0.164062 0.453125 0.164062 0.457031 0.160156 0.458984 0.156250 0.458984 0.138672 0.457031 0.136719 0.457031 0.132812 0.449219 0.123047 0.437500 0.123047 0.435547 0.121094 0.398438 0.121094
2 0.464844 0.152344 0.464844 0.154297 0.462891 0.156250 0.462891 0.179688 0.466797 0.179688 0.468750 0.181641 0.488281 0.181641 0.490234 0.183594 0.494141 0.183594 0.496094 0.181641 0.503906 0.181641 0.503906 0.179688 0.505859 0.177734 0.505859 0.154297 0.503906 0.152344 0.498047 0.152344 0.496094 0.150391 0.466797 0.150391
2 0.326172 0.216797 0.322266 0.216797 0.320312 0.214844 0.312500 0.214844 0.308594 0.212891 0.306641 0.214844 0.300781 0.214844 0.296875 0.218750 0.296875 0.222656 0.294922 0.224609 0.294922 0.238281 0.292969 0.240234 0.292969 0.250000 0.287109 0.259766 0.287109 0.265625 0.289062 0.267578 0.308594 0.267578 0.316406 0.261719 0.335938 0.261719 0.337891 0.259766 0.337891 0.253906 0.333984 0.248047 0.333984 0.242188 0.332031 0.240234 0.332031 0.224609
2 0.603516 0.214844 0.597656 0.220703 0.597656 0.222656 0.595703 0.224609 0.595703 0.240234 0.593750 0.242188 0.593750 0.255859 0.591797 0.257812 0.593750 0.257812 0.595703 0.259766 0.601562 0.259766 0.603516 0.261719 0.621094 0.261719 0.621094 0.250000 0.623047 0.248047 0.623047 0.246094 0.621094 0.244141 0.621094 0.226562 0.623047 0.224609 0.623047 0.216797 0.621094 0.214844
2 0.263672 0.306641 0.263672 0.314453 0.261719 0.316406 0.263672 0.330078 0.269531 0.333984 0.300781 0.335938 0.302734 0.337891 0.312500 0.337891 0.320312 0.341797 0.332031 0.341797 0.333984 0.343750 0.347656 0.343750 0.349609 0.341797 0.351562 0.298828 0.347656 0.285156 0.335938 0.281250 0.326172 0.281250 0.324219 0.279297 0.294922 0.279297 0.281250 0.285156 0.279297 0.291016
2 0.578125 0.298828 0.578125 0.300781 0.576172 0.302734 0.576172 0.320312 0.578125 0.322266 0.580078 0.322266 0.582031 0.324219 0.585938 0.324219 0.587891 0.322266 0.591797 0.322266 0.595703 0.318359 0.595703 0.308594 0.597656 0.306641 0.597656 0.298828
2 0.466797 0.355469 0.453125 0.353516 0.445312 0.363281 0.443359 0.375000 0.402344 0.373047 0.373047 0.376953 0.373047 0.402344 0.380859 0.406250 0.371094 0.410156 0.367188 0.417969 0.365234 0.455078 0.373047 0.466797 0.390625 0.466797 0.390625 0.451172 0.400391 0.441406 0.408203 0.423828 0.406250 0.412109 0.402344 0.408203 0.388672 0.408203 0.388672 0.404297 0.445312 0.400391 0.455078 0.410156 0.466797 0.410156 0.484375 0.402344 0.488281 0.390625 0.486328 0.380859
2 0.529297 0.376953 0.529297 0.388672 0.531250 0.390625 0.550781 0.390625 0.552734 0.392578 0.572266 0.392578 0.574219 0.390625 0.574219 0.363281 0.572266 0.363281 0.570312 0.361328 0.542969 0.361328 0.541016 0.363281 0.539062 0.363281 0.539062 0.365234 0.537109 0.367188 0.537109 0.371094 0.533203 0.375000 0.531250 0.375000
2 0.380859 0.595703 0.363281 0.595703 0.355469 0.605469 0.328125 0.599609 0.316406 0.617188 0.312500 0.644531 0.318359 0.660156 0.333984 0.656250 0.347656 0.656250 0.351562 0.660156 0.351562 0.677734 0.345703 0.685547 0.345703 0.697266 0.369141 0.697266 0.375000 0.683594 0.408203 0.681641 0.402344 0.664062 0.386719 0.652344 0.386719 0.609375 0.384766 0.597656
2 0.800781 0.705078 0.800781 0.716797 0.833984 0.724609 0.857422 0.724609 0.861328 0.718750 0.888672 0.718750 0.890625 0.716797 0.892578 0.691406 0.896484 0.675781 0.894531 0.669922 0.890625 0.666016 0.855469 0.664062 0.849609 0.662109 0.847656 0.658203 0.837891 0.656250 0.830078 0.662109 0.824219 0.677734 0.820312 0.681641 0.808594 0.685547
2 0.375000 0.816406 0.375000 0.828125 0.376953 0.832031 0.396484 0.832031 0.398438 0.833984 0.419922 0.833984 0.431641 0.828125 0.441406 0.828125 0.445312 0.824219 0.445312 0.812500 0.439453 0.808594 0.431641 0.808594 0.429688 0.806641 0.423828 0.806641 0.421875 0.804688 0.386719 0.804688 0.382812 0.806641 0.376953 0.812500
2 0.666016 0.816406 0.656250 0.816406 0.654297 0.818359 0.654297 0.820312 0.652344 0.822266 0.652344 0.839844 0.654297 0.841797 0.660156 0.841797 0.664062 0.837891 0.664062 0.835938 0.669922 0.830078 0.669922 0.828125 0.671875 0.826172 0.671875 0.820312 0.669922 0.818359 0.667969 0.818359
3 0.718750 0.281250 0.712891 0.304688 0.714844 0.328125 0.687500 0.406250 0.691406 0.417969 0.738281 0.419922 0.791016 0.414062 0.800781 0.406250 0.818359 0.376953 0.824219 0.347656 0.845703 0.328125 0.847656 0.310547 0.843750 0.298828 0.824219 0.289062 0.802734 0.291016 0.771484 0.281250 0.751953 0.287109 0.732422 0.277344
3 0.953125 0.318359 0.908203 0.285156 0.894531 0.281250 0.876953 0.285156 0.869141 0.300781 0.873047 0.312500 0.908203 0.332031 0.878906 0.332031 0.861328 0.345703 0.849609 0.349609 0.833984 0.371094 0.830078 0.386719 0.833984 0.402344 0.851562 0.410156 0.888672 0.396484 0.898438 0.406250 0.919922 0.406250 0.929688 0.388672 0.931641 0.373047 0.937500 0.369141 0.957031 0.330078
3 0.658203 0.291016 0.646484 0.294922 0.640625 0.302734 0.638672 0.339844 0.630859 0.359375 0.630859 0.365234 0.626953 0.371094 0.623047 0.392578 0.626953 0.406250 0.630859 0.410156 0.642578 0.414062 0.654297 0.410156 0.656250 0.406250 0.654297 0.404297 0.656250 0.388672 0.677734 0.337891 0.675781 0.335938 0.677734 0.332031 0.675781 0.328125 0.677734 0.326172 0.675781 0.302734 0.669922 0.294922
3 0.900391 0.443359 0.669922 0.451172 0.664062 0.484375 0.679688 0.503906 0.740234 0.521484 0.816406 0.521484 0.794922 0.533203 0.740234 0.535156 0.666016 0.511719 0.652344 0.515625 0.644531 0.531250 0.652344 0.546875 0.642578 0.597656 0.648438 0.626953 0.779297 0.675781 0.861328 0.529297 0.851562 0.509766 0.882812 0.494141
3 0.941406 0.476562 0.933594 0.480469 0.917969 0.521484 0.845703 0.648438 0.861328 0.656250 0.894531 0.656250 0.927734 0.667969 0.951172 0.667969 0.968750 0.673828 0.998047 0.667969 0.998047 0.478516
3 0.767578 0.796875 0.781250 0.804688 0.822266 0.804688 0.847656 0.814453 0.898438 0.812500 0.923828 0.824219 0.937500 0.824219 0.978516 0.843750 0.998047 0.835938 0.998047 0.800781 0.978516 0.781250 0.955078 0.783203 0.830078 0.748047 0.810547 0.750000 0.796875 0.746094
4 0.554688 0.445312 0.539062 0.482422 0.572266 0.490234 0.570312 0.513672 0.552734 0.529297 0.500000 0.544922 0.492188 0.560547 0.488281 0.843750 0.601562 0.869141 0.628906 0.777344 0.628906 0.689453 0.615234 0.646484 0.642578 0.615234 0.650391 0.548828 0.642578 0.531250 0.658203 0.505859 0.664062 0.453125
4 0.181641 0.539062 0.181641 0.544922 0.179688 0.546875 0.179688 0.550781 0.175781 0.556641 0.175781 0.560547 0.177734 0.562500 0.175781 0.564453 0.175781 0.568359 0.171875 0.574219 0.171875 0.582031 0.173828 0.583984 0.181641 0.583984 0.183594 0.585938 0.191406 0.585938 0.193359 0.587891 0.199219 0.587891 0.201172 0.585938 0.201172 0.582031 0.203125 0.580078 0.203125 0.558594 0.201172 0.556641 0.201172 0.548828 0.199219 0.546875 0.199219 0.544922 0.195312 0.541016 0.193359 0.541016 0.191406 0.539062
4 0.144531 0.789062 0.142578 0.791016 0.140625 0.791016 0.138672 0.792969 0.138672 0.794922 0.136719 0.796875 0.138672 0.798828 0.138672 0.800781 0.140625 0.802734 0.142578 0.802734 0.144531 0.804688 0.146484 0.802734 0.148438 0.802734 0.150391 0.800781 0.150391 0.798828 0.152344 0.796875 0.150391 0.794922 0.150391 0.792969 0.148438 0.791016 0.146484 0.791016
5 0.119141 0.070312 0.345703 0.123047 0.392578 0.539062 0.523438 0.539062 0.554688 0.443359 0.900391 0.441406 0.695312 0.843750 0.945312 0.855469 0.753906 0.814453 0.796875 0.744141 0.998047 0.781250 0.998047 0.742188 0.798828 0.716797 0.998047 0.287109 0.916016 0.414062 0.693359 0.421875 0.693359 0.253906 0.656250 0.419922 0.527344 0.416016 0.500000 0.515625 0.384766 0.515625 0.359375 0.128906 0.576172 0.087891 0.375000 0.117188
5 0.251953 0.302734 0.238281 0.312500 0.253906 0.378906 0.244141 0.398438 0.257812 0.478516 0.250000 0.523438 0.269531 0.656250 0.292969 0.730469 0.289062 0.806641 0.300781 0.849609 0.318359 0.859375 0.333984 0.843750 0.320312 0.806641 0.322266 0.769531 0.308594 0.744141 0.320312 0.718750 0.283203 0.572266 0.287109 0.550781 0.269531 0.529297 0.281250 0.433594 0.261719 0.306641
