0 0.707031 0.134766 0.695312 0.111328 0.632812 0.095703 0.630859 0.054688 0.619141 0.042969 0.617188 0.033203 0.609375 0.029297 0.597656 0.037109 0.580078 0.041016 0.572266 0.058594 0.546875 0.070312 0.533203 0.083984 0.521484 0.109375 0.519531 0.148438 0.537109 0.164062 0.589844 0.171875 0.615234 0.162109 0.628906 0.148438 0.689453 0.156250 0.701172 0.148438
0 0.037109 0.044922 0.037109 0.076172 0.052734 0.082031 0.052734 0.099609 0.066406 0.125000 0.066406 0.138672 0.080078 0.142578 0.152344 0.146484 0.166016 0.134766 0.158203 0.117188 0.136719 0.101562 0.140625 0.070312 0.136719 0.042969 0.109375 0.039062 0.109375 0.044922 0.101562 0.054688 0.089844 0.060547 0.083984 0.076172 0.076172 0.074219 0.082031 0.056641 0.074219 0.042969 0.041016 0.041016
0 0.050781 0.164062 0.044922 0.167969 0.044922 0.191406 0.042969 0.193359 0.044922 0.195312 0.044922 0.210938 0.050781 0.220703 0.052734 0.230469 0.066406 0.246094 0.085938 0.251953 0.099609 0.248047 0.117188 0.234375 0.126953 0.230469 0.138672 0.214844 0.140625 0.199219 0.136719 0.195312 0.132812 0.177734 0.109375 0.162109 0.091797 0.158203 0.070312 0.158203
0 0.468750 0.228516 0.460938 0.228516 0.458984 0.230469 0.455078 0.230469 0.453125 0.232422 0.451172 0.232422 0.449219 0.234375 0.449219 0.236328 0.441406 0.244141 0.441406 0.250000 0.439453 0.251953 0.439453 0.253906 0.441406 0.255859 0.441406 0.259766 0.443359 0.261719 0.443359 0.263672 0.453125 0.273438 0.457031 0.273438 0.462891 0.267578 0.466797 0.267578 0.468750 0.265625 0.474609 0.265625 0.484375 0.255859 0.484375 0.244141 0.482422 0.242188 0.482422 0.240234 0.480469 0.240234 0.476562 0.236328 0.476562 0.234375 0.472656 0.230469 0.470703 0.230469
0 0.511719 0.240234 0.505859 0.253906 0.517578 0.269531 0.529297 0.279297 0.535156 0.294922 0.541016 0.298828 0.554688 0.302734 0.580078 0.302734 0.587891 0.298828 0.591797 0.289062 0.593750 0.271484 0.601562 0.261719 0.601562 0.257812 0.582031 0.236328 0.568359 0.230469 0.562500 0.230469 0.560547 0.232422 0.535156 0.230469 0.529297 0.234375 0.519531 0.234375
0 0.535156 0.332031 0.527344 0.339844 0.527344 0.347656 0.539062 0.359375 0.544922 0.361328 0.548828 0.365234 0.550781 0.365234 0.552734 0.367188 0.562500 0.367188 0.566406 0.361328 0.566406 0.353516 0.564453 0.351562 0.564453 0.343750 0.562500 0.341797 0.562500 0.333984 0.560547 0.332031 0.556641 0.332031 0.554688 0.330078 0.539062 0.330078 0.537109 0.332031
0 0.974609 0.333984 0.958984 0.337891 0.933594 0.351562 0.931641 0.386719 0.923828 0.394531 0.914062 0.398438 0.914062 0.404297 0.923828 0.416016 0.921875 0.458984 0.927734 0.464844 0.935547 0.466797 0.949219 0.482422 0.957031 0.486328 0.972656 0.484375 0.986328 0.472656 0.986328 0.460938 0.976562 0.451172 0.980469 0.427734 0.972656 0.408203 0.972656 0.400391 0.982422 0.386719 0.986328 0.373047 0.994141 0.365234 0.998047 0.353516 0.980469 0.335938
0 0.765625 0.421875 0.722656 0.421875 0.701172 0.412109 0.671875 0.416016 0.652344 0.447266 0.642578 0.548828 0.615234 0.560547 0.603516 0.578125 0.615234 0.654297 0.595703 0.673828 0.591797 0.714844 0.675781 0.759766 0.685547 0.753906 0.683594 0.728516 0.701172 0.689453 0.712891 0.621094 0.742188 0.572266 0.742188 0.521484 0.763672 0.462891
0 0.015625 0.480469 0.015625 0.492188 0.017578 0.494141 0.017578 0.498047 0.019531 0.498047 0.023438 0.501953 0.023438 0.503906 0.027344 0.505859 0.033203 0.505859 0.035156 0.507812 0.042969 0.507812 0.044922 0.509766 0.056641 0.509766 0.058594 0.507812 0.066406 0.507812 0.068359 0.505859 0.072266 0.505859 0.080078 0.500000 0.076172 0.492188 0.072266 0.490234 0.066406 0.490234 0.064453 0.488281 0.056641 0.488281 0.052734 0.486328 0.042969 0.476562 0.041016 0.476562 0.033203 0.470703 0.025391 0.470703 0.023438 0.472656 0.019531 0.472656
0 0.867188 0.484375 0.855469 0.476562 0.839844 0.476562 0.837891 0.474609 0.835938 0.476562 0.806641 0.476562 0.798828 0.480469 0.792969 0.480469 0.789062 0.484375 0.789062 0.492188 0.796875 0.500000 0.800781 0.509766 0.812500 0.521484 0.822266 0.525391 0.828125 0.525391 0.830078 0.527344 0.837891 0.527344 0.839844 0.525391 0.853516 0.525391 0.857422 0.521484 0.857422 0.509766 0.867188 0.500000 0.867188 0.496094 0.869141 0.494141 0.869141 0.488281
0 0.220703 0.490234 0.212891 0.484375 0.207031 0.484375 0.205078 0.486328 0.205078 0.488281 0.197266 0.494141 0.177734 0.494141 0.177734 0.496094 0.175781 0.498047 0.175781 0.513672 0.183594 0.521484 0.185547 0.521484 0.187500 0.523438 0.191406 0.523438 0.193359 0.525391 0.218750 0.525391 0.220703 0.523438 0.222656 0.523438 0.226562 0.519531 0.226562 0.509766 0.228516 0.507812 0.228516 0.505859 0.226562 0.503906 0.226562 0.500000 0.220703 0.492188
0 0.912109 0.605469 0.894531 0.607422 0.888672 0.611328 0.888672 0.626953 0.886719 0.628906 0.884766 0.642578 0.880859 0.650391 0.880859 0.656250 0.888672 0.669922 0.888672 0.683594 0.892578 0.683594 0.898438 0.687500 0.904297 0.687500 0.912109 0.681641 0.914062 0.677734 0.914062 0.671875 0.916016 0.669922 0.916016 0.662109 0.917969 0.660156 0.919922 0.630859 0.921875 0.628906 0.921875 0.619141 0.923828 0.617188 0.923828 0.613281 0.917969 0.607422 0.914062 0.607422
0 0.976562 0.607422 0.962891 0.623047 0.949219 0.623047 0.943359 0.630859 0.937500 0.650391 0.935547 0.679688 0.931641 0.691406 0.935547 0.697266 0.937500 0.716797 0.933594 0.722656 0.935547 0.732422 0.929688 0.736328 0.937500 0.742188 0.941406 0.750000 0.939453 0.753906 0.943359 0.757812 0.998047 0.753906 0.998047 0.619141 0.992188 0.611328
0 0.412109 0.658203 0.406250 0.687500 0.419922 0.707031 0.425781 0.722656 0.431641 0.726562 0.443359 0.726562 0.458984 0.730469 0.474609 0.726562 0.484375 0.726562 0.488281 0.718750 0.500000 0.710938 0.501953 0.707031 0.500000 0.695312 0.486328 0.681641 0.478516 0.667969 0.478516 0.664062 0.472656 0.658203 0.453125 0.660156 0.443359 0.654297 0.433594 0.654297 0.431641 0.652344 0.421875 0.652344
0 0.814453 0.675781 0.794922 0.673828 0.792969 0.675781 0.779297 0.677734 0.779297 0.697266 0.773438 0.703125 0.769531 0.703125 0.763672 0.707031 0.757812 0.724609 0.759766 0.744141 0.765625 0.750000 0.783203 0.753906 0.802734 0.744141 0.818359 0.746094 0.835938 0.736328 0.837891 0.726562 0.832031 0.716797 0.832031 0.699219 0.830078 0.693359
0 0.966797 0.765625 0.966797 0.767578 0.968750 0.765625 0.970703 0.767578 0.982422 0.767578 0.984375 0.765625 0.986328 0.767578 0.988281 0.767578 0.990234 0.769531 0.998047 0.769531 0.998047 0.767578 0.996094 0.767578 0.994141 0.765625
0 0.115234 0.830078 0.097656 0.820312 0.083984 0.820312 0.083984 0.822266 0.072266 0.832031 0.068359 0.845703 0.066406 0.847656 0.054688 0.847656 0.052734 0.845703 0.048828 0.845703 0.044922 0.851562 0.046875 0.853516 0.046875 0.857422 0.050781 0.859375 0.056641 0.859375 0.060547 0.857422 0.062500 0.859375 0.101562 0.859375 0.103516 0.861328 0.111328 0.861328 0.115234 0.859375
0 0.207031 0.853516 0.207031 0.863281 0.208984 0.865234 0.208984 0.869141 0.218750 0.876953 0.218750 0.878906 0.232422 0.892578 0.232422 0.894531 0.236328 0.898438 0.248047 0.896484 0.250000 0.894531 0.251953 0.886719 0.257812 0.880859 0.261719 0.880859 0.267578 0.876953 0.275391 0.875000 0.273438 0.871094 0.255859 0.865234 0.246094 0.855469 0.244141 0.855469 0.234375 0.847656 0.216797 0.847656 0.214844 0.849609 0.210938 0.849609
2 0.117188 0.000000 0.117188 0.005859 0.121094 0.009766 0.121094 0.021484 0.123047 0.025391 0.126953 0.029297 0.134766 0.031250 0.142578 0.039062 0.146484 0.039062 0.148438 0.041016 0.158203 0.041016 0.166016 0.044922 0.181641 0.042969 0.183594 0.041016 0.183594 0.029297 0.187500 0.019531 0.191406 0.015625 0.193359 0.000000
2 0.744141 0.017578 0.761719 0.023438 0.767578 0.027344 0.775391 0.027344 0.777344 0.023438 0.783203 0.035156 0.792969 0.039062 0.802734 0.039062 0.806641 0.037109 0.806641 0.033203 0.812500 0.023438 0.812500 0.019531 0.816406 0.013672 0.818359 0.000000 0.785156 0.000000 0.783203 0.013672 0.779297 0.023438 0.777344 0.021484 0.779297 0.000000 0.748047 0.000000
2 0.867188 0.000000 0.841797 0.000000 0.839844 0.019531 0.837891 0.023438 0.828125 0.031250 0.824219 0.039062 0.824219 0.046875 0.822266 0.048828 0.822266 0.056641 0.820312 0.058594 0.820312 0.068359 0.822266 0.070312 0.853516 0.076172 0.853516 0.064453 0.855469 0.062500 0.859375 0.046875 0.863281 0.041016 0.873047 0.033203 0.873047 0.027344 0.876953 0.019531 0.876953 0.005859
2 0.894531 0.005859 0.876953 0.054688 0.876953 0.068359 0.880859 0.072266 0.910156 0.078125 0.945312 0.078125 0.998047 0.093750 0.998047 0.031250 0.982422 0.029297 0.960938 0.021484 0.951172 0.021484 0.935547 0.013672 0.908203 0.009766 0.904297 0.005859
2 0.521484 0.080078 0.509766 0.070312 0.486328 0.062500 0.462891 0.070312 0.412109 0.068359 0.404297 0.072266 0.398438 0.080078 0.398438 0.115234 0.392578 0.119141 0.394531 0.121094 0.398438 0.117188 0.402344 0.125000 0.402344 0.154297 0.412109 0.162109 0.441406 0.166016 0.455078 0.175781 0.480469 0.177734 0.486328 0.164062 0.498047 0.162109 0.513672 0.152344
2 0.781250 0.091797 0.771484 0.095703 0.765625 0.117188 0.761719 0.195312 0.744141 0.242188 0.722656 0.367188 0.705078 0.400391 0.708984 0.412109 0.744141 0.419922 0.757812 0.412109 0.761719 0.359375 0.771484 0.341797 0.771484 0.330078 0.759766 0.316406 0.769531 0.240234 0.773438 0.271484 0.789062 0.269531 0.794922 0.261719 0.794922 0.222656 0.777344 0.226562 0.800781 0.099609
2 0.806641 0.121094 0.804688 0.123047 0.804688 0.126953 0.800781 0.134766 0.800781 0.140625 0.798828 0.142578 0.798828 0.150391 0.796875 0.152344 0.796875 0.177734 0.798828 0.179688 0.822266 0.179688 0.824219 0.175781 0.822266 0.166016 0.826172 0.158203 0.830078 0.154297 0.830078 0.152344 0.835938 0.146484 0.835938 0.142578 0.837891 0.140625 0.837891 0.134766 0.832031 0.130859 0.828125 0.130859 0.818359 0.125000 0.812500 0.125000 0.808594 0.121094
2 0.857422 0.156250 0.851562 0.160156 0.847656 0.169922 0.843750 0.173828 0.843750 0.181641 0.841797 0.183594 0.845703 0.189453 0.843750 0.191406 0.845703 0.193359 0.845703 0.197266 0.847656 0.199219 0.849609 0.199219 0.851562 0.201172 0.865234 0.201172 0.867188 0.199219 0.869141 0.199219 0.873047 0.195312 0.873047 0.193359 0.875000 0.191406 0.875000 0.185547 0.876953 0.183594 0.878906 0.177734 0.882812 0.173828 0.882812 0.171875 0.884766 0.169922 0.884766 0.166016 0.880859 0.162109 0.871094 0.162109 0.869141 0.160156 0.865234 0.160156 0.863281 0.158203 0.859375 0.158203
2 0.330078 0.166016 0.326172 0.169922 0.326172 0.208984 0.333984 0.216797 0.333984 0.220703 0.335938 0.222656 0.335938 0.230469 0.337891 0.232422 0.357422 0.232422 0.367188 0.222656 0.373047 0.222656 0.375000 0.218750 0.375000 0.195312 0.376953 0.193359 0.376953 0.179688 0.375000 0.177734 0.375000 0.173828 0.373047 0.171875 0.367188 0.171875 0.365234 0.169922 0.353516 0.167969 0.351562 0.166016
2 0.816406 0.273438 0.814453 0.292969 0.816406 0.306641 0.814453 0.308594 0.785156 0.306641 0.779297 0.312500 0.777344 0.365234 0.794922 0.367188 0.865234 0.363281 0.863281 0.355469 0.865234 0.343750 0.857422 0.339844 0.865234 0.322266 0.855469 0.316406 0.865234 0.304688 0.869141 0.294922 0.869141 0.283203 0.853516 0.281250 0.833984 0.273438
4 0.019531 0.003906 0.019531 0.005859 0.017578 0.007812 0.015625 0.007812 0.015625 0.009766 0.017578 0.009766 0.019531 0.011719 0.015625 0.015625 0.013672 0.013672 0.015625 0.015625 0.015625 0.033203 0.019531 0.037109 0.021484 0.037109 0.021484 0.013672 0.019531 0.011719
4 0.019531 0.140625 0.019531 0.144531 0.021484 0.144531 0.023438 0.142578 0.025391 0.142578 0.027344 0.144531 0.027344 0.146484 0.023438 0.150391 0.025391 0.152344 0.029297 0.152344 0.029297 0.144531 0.031250 0.142578 0.029297 0.140625
4 0.035156 0.142578 0.035156 0.146484 0.037109 0.146484 0.039062 0.148438 0.039062 0.150391 0.041016 0.150391 0.042969 0.148438 0.042969 0.142578
4 0.117188 0.150391 0.117188 0.152344 0.119141 0.154297 0.121094 0.154297 0.121094 0.152344 0.119141 0.150391
4 0.125000 0.156250 0.128906 0.160156 0.130859 0.158203 0.130859 0.156250
4 0.396484 0.171875 0.394531 0.173828 0.396484 0.173828
4 0.388672 0.187500 0.392578 0.189453 0.390625 0.191406 0.390625 0.201172 0.394531 0.205078 0.400391 0.205078 0.404297 0.208984 0.402344 0.210938 0.404297 0.212891 0.404297 0.203125 0.412109 0.197266 0.412109 0.195312 0.406250 0.193359 0.408203 0.187500 0.416016 0.189453 0.417969 0.193359 0.419922 0.193359 0.419922 0.189453 0.423828 0.185547 0.433594 0.189453 0.437500 0.187500 0.449219 0.187500 0.453125 0.195312 0.453125 0.201172 0.460938 0.203125 0.458984 0.189453 0.462891 0.185547 0.466797 0.185547 0.462891 0.185547 0.458984 0.181641 0.447266 0.181641 0.445312 0.179688 0.439453 0.179688 0.435547 0.183594 0.414062 0.183594 0.406250 0.181641 0.404297 0.179688 0.404297 0.171875 0.400391 0.173828 0.402344 0.179688 0.400391 0.181641 0.394531 0.179688
4 0.537109 0.179688 0.535156 0.181641 0.537109 0.181641 0.539062 0.183594 0.539062 0.185547 0.541016 0.187500 0.541016 0.189453 0.542969 0.191406 0.544922 0.191406 0.544922 0.183594 0.546875 0.181641 0.544922 0.179688
4 0.162109 0.185547 0.169922 0.185547 0.167969 0.183594 0.164062 0.183594
4 0.511719 0.230469 0.511719 0.220703 0.509766 0.218750 0.509766 0.216797 0.505859 0.212891 0.505859 0.203125 0.503906 0.201172 0.501953 0.201172 0.500000 0.203125 0.492188 0.203125 0.486328 0.207031 0.484375 0.207031 0.482422 0.205078 0.480469 0.205078 0.478516 0.207031 0.466797 0.207031 0.466797 0.212891 0.468750 0.214844 0.470703 0.214844 0.472656 0.212891 0.478516 0.212891 0.480469 0.214844 0.480469 0.216797 0.478516 0.218750 0.480469 0.218750 0.482422 0.220703 0.482422 0.222656 0.484375 0.224609 0.484375 0.230469 0.486328 0.232422 0.488281 0.230469 0.490234 0.230469 0.492188 0.232422 0.500000 0.232422 0.501953 0.230469
4 0.542969 0.203125 0.541016 0.205078 0.542969 0.207031 0.542969 0.208984 0.541016 0.210938 0.541016 0.212891 0.542969 0.212891 0.544922 0.210938 0.544922 0.205078
4 0.392578 0.210938 0.392578 0.214844 0.394531 0.212891 0.398438 0.212891 0.396484 0.210938
4 0.458984 0.210938 0.457031 0.210938 0.455078 0.212891 0.453125 0.212891 0.451172 0.210938 0.449219 0.210938 0.447266 0.212891 0.449219 0.214844 0.449219 0.216797 0.447266 0.218750 0.447266 0.222656 0.451172 0.222656 0.451172 0.216797 0.455078 0.212891 0.458984 0.212891
4 0.027344 0.214844 0.025391 0.218750 0.021484 0.216797 0.015625 0.226562 0.013672 0.222656 0.011719 0.240234 0.003906 0.248047 0.007812 0.257812 0.005859 0.269531 0.011719 0.269531 0.005859 0.275391 0.005859 0.298828 0.009766 0.300781 0.005859 0.312500 0.011719 0.316406 0.005859 0.330078 0.011719 0.333984 0.005859 0.335938 0.003906 0.363281 0.017578 0.361328 0.021484 0.365234 0.052734 0.365234 0.054688 0.361328 0.060547 0.361328 0.062500 0.345703 0.054688 0.333984 0.058594 0.330078 0.054688 0.318359 0.060547 0.312500 0.060547 0.300781 0.074219 0.296875 0.070312 0.287109 0.074219 0.285156 0.076172 0.257812 0.068359 0.253906 0.064453 0.255859 0.056641 0.250000 0.052734 0.240234 0.037109 0.222656 0.039062 0.220703
4 0.425781 0.218750 0.425781 0.220703 0.427734 0.220703
4 0.433594 0.224609 0.433594 0.228516 0.437500 0.228516 0.437500 0.226562 0.435547 0.224609
4 0.082031 0.259766 0.085938 0.267578 0.083984 0.291016 0.089844 0.273438 0.097656 0.267578 0.109375 0.269531 0.111328 0.253906 0.125000 0.242188 0.138672 0.242188 0.152344 0.250000 0.158203 0.265625 0.156250 0.314453 0.160156 0.285156 0.173828 0.257812 0.167969 0.248047 0.138672 0.242188 0.117188 0.242188 0.111328 0.250000 0.103516 0.250000 0.095703 0.257812
4 0.289062 0.250000 0.289062 0.257812 0.287109 0.259766 0.287109 0.261719 0.291016 0.261719 0.292969 0.263672 0.302734 0.263672 0.304688 0.265625 0.332031 0.265625 0.326172 0.259766 0.326172 0.257812 0.322266 0.253906 0.312500 0.253906 0.310547 0.251953 0.306641 0.251953 0.300781 0.248047 0.291016 0.248047
4 0.003906 0.378906 0.000000 0.998047 0.871094 0.998047 0.896484 0.851562 0.857422 0.710938 0.886719 0.609375 0.937500 0.642578 0.990234 0.492188 0.958984 0.546875 0.949219 0.500000 0.818359 0.529297 0.792969 0.474609 0.921875 0.466797 0.783203 0.437500 0.679688 0.765625 0.583984 0.714844 0.607422 0.656250 0.576172 0.677734 0.566406 0.585938 0.562500 0.697266 0.521484 0.689453 0.552734 0.390625 0.523438 0.345703 0.562500 0.310547 0.513672 0.275391 0.359375 0.277344 0.343750 0.373047 0.150391 0.339844 0.115234 0.498047 0.078125 0.488281 0.080078 0.306641 0.064453 0.367188
4 0.574219 0.343750 0.574219 0.345703 0.576172 0.347656 0.576172 0.343750
4 0.574219 0.365234 0.566406 0.373047 0.566406 0.375000 0.574219 0.375000
4 0.558594 0.373047 0.560547 0.375000 0.560547 0.373047
4 0.878906 0.382812 0.875000 0.386719 0.875000 0.388672 0.878906 0.392578 0.880859 0.392578 0.882812 0.390625 0.880859 0.390625 0.878906 0.388672 0.878906 0.386719 0.880859 0.384766 0.880859 0.382812
4 0.894531 0.384766 0.892578 0.386719 0.890625 0.386719 0.890625 0.388672 0.892578 0.388672 0.892578 0.386719
4 0.560547 0.390625 0.558594 0.392578 0.560547 0.392578
4 0.558594 0.398438 0.558594 0.435547 0.556641 0.437500 0.560547 0.441406 0.560547 0.443359 0.558594 0.445312 0.560547 0.447266 0.562500 0.445312 0.566406 0.445312 0.568359 0.447266 0.570312 0.445312 0.564453 0.445312 0.562500 0.443359 0.562500 0.437500 0.560547 0.435547 0.560547 0.429688 0.558594 0.427734 0.558594 0.425781 0.560547 0.423828 0.560547 0.421875 0.558594 0.419922 0.558594 0.417969 0.560547 0.416016 0.560547 0.414062 0.558594 0.412109 0.558594 0.410156 0.560547 0.408203 0.560547 0.406250 0.558594 0.404297 0.560547 0.402344 0.560547 0.398438
4 0.865234 0.398438 0.863281 0.398438 0.861328 0.400391 0.861328 0.404297 0.861328 0.402344 0.863281 0.400391 0.865234 0.400391
4 0.875000 0.400391 0.875000 0.404297 0.876953 0.404297 0.878906 0.402344 0.880859 0.402344 0.882812 0.404297 0.888672 0.404297 0.888672 0.402344 0.882812 0.402344 0.880859 0.400391 0.880859 0.398438 0.876953 0.398438
4 0.990234 0.398438 0.988281 0.398438 0.986328 0.400391 0.986328 0.402344 0.988281 0.400391 0.990234 0.400391
4 0.808594 0.402344 0.808594 0.404297 0.810547 0.404297 0.810547 0.402344
4 0.125000 0.414062 0.125000 0.416016 0.126953 0.417969 0.126953 0.419922 0.125000 0.421875 0.125000 0.425781 0.126953 0.427734 0.126953 0.429688 0.126953 0.423828 0.128906 0.421875 0.130859 0.421875 0.130859 0.419922 0.128906 0.419922 0.125000 0.416016
4 0.785156 0.429688 0.785156 0.431641 0.787109 0.431641 0.787109 0.429688
4 0.832031 0.429688 0.832031 0.431641 0.833984 0.431641
4 0.847656 0.429688 0.847656 0.431641 0.849609 0.431641
4 0.863281 0.429688 0.863281 0.431641 0.865234 0.431641
4 0.566406 0.437500 0.566406 0.439453 0.570312 0.439453 0.570312 0.437500
4 0.839844 0.437500 0.839844 0.439453 0.841797 0.439453 0.841797 0.437500
4 0.847656 0.437500 0.847656 0.439453 0.849609 0.439453 0.849609 0.437500
4 0.863281 0.437500 0.863281 0.439453 0.865234 0.439453 0.865234 0.437500
4 0.878906 0.445312 0.878906 0.447266 0.880859 0.447266 0.880859 0.445312
4 0.568359 0.453125 0.568359 0.455078 0.570312 0.457031 0.570312 0.458984 0.568359 0.460938 0.568359 0.462891 0.570312 0.464844 0.570312 0.486328 0.570312 0.453125
4 0.871094 0.453125 0.871094 0.455078 0.873047 0.455078 0.873047 0.453125
4 0.996094 0.468750 0.996094 0.470703 0.998047 0.470703 0.998047 0.468750
4 0.878906 0.476562 0.876953 0.478516 0.876953 0.482422 0.878906 0.484375 0.878906 0.486328 0.882812 0.486328 0.882812 0.484375 0.880859 0.484375 0.878906 0.482422 0.878906 0.480469 0.880859 0.478516 0.880859 0.476562
4 0.894531 0.476562 0.890625 0.480469 0.890625 0.482422 0.892578 0.482422 0.894531 0.484375 0.896484 0.484375 0.894531 0.484375 0.892578 0.482422 0.896484 0.478516 0.896484 0.476562
4 0.939453 0.478516 0.939453 0.480469 0.937500 0.482422 0.937500 0.486328 0.939453 0.488281 0.939453 0.494141 0.943359 0.494141 0.943359 0.492188 0.941406 0.492188 0.939453 0.490234 0.939453 0.488281 0.941406 0.486328 0.941406 0.482422 0.939453 0.480469
4 0.994141 0.476562 0.994141 0.480469 0.996094 0.482422 0.996094 0.484375 0.998047 0.484375 0.998047 0.476562
4 0.939453 0.500000 0.941406 0.501953 0.943359 0.500000
4 0.984375 0.539062 0.984375 0.542969 0.986328 0.542969 0.986328 0.541016
4 0.927734 0.648438 0.925781 0.648438 0.923828 0.650391 0.923828 0.652344 0.921875 0.654297 0.921875 0.658203 0.919922 0.660156 0.921875 0.662109 0.921875 0.667969 0.919922 0.669922 0.921875 0.671875 0.921875 0.675781 0.919922 0.677734 0.919922 0.679688 0.917969 0.681641 0.917969 0.685547 0.916016 0.687500 0.919922 0.691406 0.921875 0.691406 0.925781 0.695312 0.925781 0.693359 0.929688 0.687500 0.927734 0.685547 0.927734 0.683594 0.929688 0.681641 0.927734 0.679688 0.927734 0.675781 0.929688 0.673828 0.929688 0.671875 0.927734 0.669922 0.927734 0.660156 0.929688 0.658203 0.929688 0.656250 0.927734 0.654297
4 0.933594 0.697266 0.933594 0.699219 0.929688 0.703125 0.923828 0.703125 0.923828 0.708984 0.921875 0.710938 0.921875 0.718750 0.923828 0.720703 0.933594 0.720703 0.933594 0.718750 0.935547 0.716797 0.935547 0.708984 0.933594 0.707031
4 0.923828 0.726562 0.923828 0.728516 0.927734 0.728516 0.927734 0.726562
4 0.923828 0.744141 0.923828 0.746094 0.925781 0.746094
4 0.998047 0.755859 0.996094 0.755859 0.994141 0.757812 0.966797 0.757812 0.964844 0.759766 0.953125 0.759766 0.953125 0.761719 0.955078 0.763672 0.957031 0.761719 0.958984 0.761719 0.960938 0.763672 0.960938 0.765625 0.962891 0.765625 0.964844 0.763672 0.994141 0.763672 0.996094 0.765625 0.998047 0.765625
4 0.968750 0.767578 0.970703 0.769531 0.964844 0.775391 0.953125 0.773438 0.949219 0.779297 0.955078 0.783203 0.957031 0.781250 0.962891 0.783203 0.968750 0.789062 0.966797 0.792969 0.968750 0.798828 0.974609 0.796875 0.982422 0.804688 0.978516 0.812500 0.980469 0.810547 0.982422 0.812500 0.982422 0.826172 0.984375 0.828125 0.982422 0.841797 0.986328 0.847656 0.982422 0.857422 0.986328 0.861328 0.990234 0.859375 0.996094 0.863281 0.994141 0.867188 0.984375 0.867188 0.986328 0.871094 0.990234 0.871094 0.998047 0.865234 0.996094 0.861328 0.998047 0.859375 0.998047 0.771484 0.990234 0.771484 0.984375 0.767578 0.976562 0.771484
4 0.939453 0.773438 0.939453 0.775391 0.941406 0.777344 0.943359 0.777344 0.943359 0.775391 0.941406 0.773438
4 0.972656 0.802734 0.970703 0.804688 0.970703 0.808594 0.972656 0.808594
6 0.080078 0.488281 0.115234 0.496094 0.150391 0.337891 0.154297 0.353516 0.169922 0.359375 0.343750 0.371094 0.373047 0.324219 0.365234 0.302734 0.371094 0.281250 0.333984 0.267578 0.240234 0.255859 0.175781 0.257812 0.156250 0.316406 0.152344 0.251953 0.138672 0.244141 0.115234 0.248047 0.111328 0.269531 0.087891 0.279297 0.080078 0.310547
6 0.689453 0.253906 0.642578 0.255859 0.636719 0.324219 0.580078 0.341797 0.582031 0.400391 0.570312 0.414062 0.568359 0.449219 0.556641 0.445312 0.548828 0.419922 0.525391 0.656250 0.531250 0.697266 0.560547 0.697266 0.566406 0.623047 0.578125 0.677734 0.601562 0.652344 0.599609 0.576172 0.615234 0.554688 0.636719 0.546875 0.648438 0.433594 0.630859 0.414062 0.667969 0.408203 0.681641 0.392578 0.677734 0.367188 0.697266 0.347656 0.685547 0.326172
6 0.097656 0.261719 0.097656 0.263672 0.099609 0.263672 0.099609 0.261719
