0 0.091797 0.000000 0.193359 0.302734 0.000000 0.380859 0.000000 0.791016 0.117188 0.742188 0.158203 0.828125 0.433594 0.775391 0.466797 0.818359 0.017578 0.906250 0.003906 0.998047 0.998047 0.998047 0.998047 0.658203 0.638672 0.619141 0.470703 0.412109 0.554688 0.408203 0.574219 0.322266 0.892578 0.277344 0.982422 0.320312 0.998047 0.408203 0.998047 0.000000 0.884766 0.119141 0.986328 0.101562 0.966797 0.250000 0.529297 0.281250 0.470703 0.000000
0 0.533203 0.000000 0.535156 0.000000 0.537109 0.001953 0.539062 0.001953 0.541016 0.000000 0.546875 0.000000
0 0.662109 0.011719 0.677734 0.019531 0.691406 0.033203 0.697266 0.046875 0.726562 0.060547 0.753906 0.060547 0.773438 0.083984 0.798828 0.050781 0.820312 0.033203 0.851562 0.015625 0.906250 0.000000 0.664062 0.000000
0 0.625000 0.164062 0.617188 0.171875 0.617188 0.177734 0.615234 0.179688 0.617188 0.189453 0.621094 0.195312 0.617188 0.205078 0.623047 0.220703 0.634766 0.234375 0.640625 0.234375 0.642578 0.236328 0.652344 0.236328 0.654297 0.234375 0.656250 0.236328 0.658203 0.234375 0.664062 0.234375 0.677734 0.222656 0.677734 0.216797 0.679688 0.214844 0.677734 0.195312 0.671875 0.189453 0.671875 0.185547 0.652344 0.166016 0.640625 0.164062 0.638672 0.162109 0.636719 0.164062 0.634766 0.162109
0 0.755859 0.166016 0.753906 0.167969 0.742188 0.169922 0.734375 0.177734 0.734375 0.183594 0.732422 0.185547 0.732422 0.189453 0.734375 0.191406 0.732422 0.193359 0.734375 0.195312 0.732422 0.197266 0.734375 0.199219 0.734375 0.205078 0.740234 0.210938 0.742188 0.222656 0.750000 0.230469 0.763672 0.232422 0.765625 0.230469 0.777344 0.228516 0.792969 0.214844 0.792969 0.208984 0.794922 0.207031 0.794922 0.199219 0.792969 0.197266 0.794922 0.195312 0.794922 0.189453 0.792969 0.187500 0.792969 0.181641 0.781250 0.169922 0.769531 0.167969 0.767578 0.166016 0.765625 0.167969 0.763672 0.166016 0.761719 0.167969 0.759766 0.166016 0.757812 0.167969
0 0.605469 0.248047 0.603516 0.246094 0.599609 0.250000 0.601562 0.250000 0.603516 0.248047 0.605469 0.250000
0 0.949219 0.339844 0.919922 0.318359 0.886719 0.316406 0.599609 0.355469 0.591797 0.423828 0.566406 0.445312 0.531250 0.453125 0.560547 0.474609 0.601562 0.546875 0.623047 0.562500 0.621094 0.527344 0.634766 0.511719 0.689453 0.509766 0.720703 0.529297 0.732422 0.583984 0.787109 0.576172 0.773438 0.542969 0.777344 0.513672 0.794922 0.500000 0.888672 0.488281 0.914062 0.507812 0.898438 0.433594 0.923828 0.396484 0.945312 0.400391
0 0.947266 0.814453 0.945312 0.814453 0.945312 0.820312 0.947266 0.818359 0.949219 0.818359 0.947266 0.816406
0 0.960938 0.814453 0.960938 0.818359 0.964844 0.818359 0.964844 0.816406 0.962891 0.814453
0 0.060547 0.828125 0.054688 0.828125 0.052734 0.826172 0.052734 0.824219 0.056641 0.822266 0.042969 0.822266 0.041016 0.820312 0.037109 0.820312 0.035156 0.822266 0.033203 0.820312 0.029297 0.822266 0.029297 0.824219 0.025391 0.828125 0.017578 0.828125 0.013672 0.835938 0.001953 0.835938 0.000000 0.837891 0.003906 0.841797 0.003906 0.845703 0.007812 0.843750 0.005859 0.841797 0.007812 0.839844 0.011719 0.841797 0.011719 0.845703 0.013672 0.845703 0.013672 0.841797 0.015625 0.839844 0.017578 0.839844 0.019531 0.843750 0.025391 0.841797 0.027344 0.845703 0.035156 0.845703 0.039062 0.837891 0.044922 0.837891 0.046875 0.841797 0.052734 0.841797 0.058594 0.837891 0.062500 0.839844 0.062500 0.837891 0.058594 0.833984
2 0.908203 0.500000 0.892578 0.494141 0.873047 0.494141 0.822266 0.505859 0.781250 0.509766 0.779297 0.550781 0.792969 0.582031 0.792969 0.601562 0.798828 0.615234 0.876953 0.609375 0.923828 0.599609 0.925781 0.583984 0.921875 0.578125 0.912109 0.503906
2 0.710938 0.519531 0.707031 0.515625 0.681641 0.515625 0.679688 0.517578 0.664062 0.517578 0.650391 0.523438 0.625000 0.523438 0.621094 0.541016 0.621094 0.554688 0.625000 0.562500 0.626953 0.576172 0.630859 0.580078 0.714844 0.576172 0.712891 0.546875 0.710938 0.544922
3 0.087891 0.000000 0.000000 0.000000 0.000000 0.378906 0.154297 0.326172 0.191406 0.302734 0.175781 0.238281
4 0.996094 0.408203 0.923828 0.412109 0.927734 0.496094 0.921875 0.503906 0.921875 0.550781 0.929688 0.599609 0.917969 0.609375 0.814453 0.619141 0.833984 0.644531 0.837891 0.669922 0.880859 0.667969 0.947266 0.652344 0.998047 0.654297
4 0.462891 0.798828 0.449219 0.781250 0.402344 0.783203 0.347656 0.798828 0.259766 0.802734 0.291016 0.804688 0.294922 0.822266 0.248047 0.835938 0.208984 0.826172 0.027344 0.857422 0.000000 0.851562 0.000000 0.886719 0.037109 0.892578 0.226562 0.865234 0.285156 0.867188 0.314453 0.857422 0.328125 0.841797 0.343750 0.853516 0.388672 0.851562 0.439453 0.837891 0.460938 0.814453
