0 0.494141 0.066406 0.498047 0.095703 0.462891 0.207031 0.486328 0.238281 0.496094 0.332031 0.511719 0.320312 0.542969 0.326172 0.546875 0.365234 0.550781 0.357422 0.560547 0.363281 0.539062 0.376953 0.539062 0.388672 0.527344 0.376953 0.513672 0.402344 0.523438 0.410156 0.511719 0.412109 0.507812 0.464844 0.607422 0.505859 0.625000 0.443359 0.607422 0.431641 0.601562 0.410156 0.617188 0.324219 0.593750 0.302734 0.585938 0.273438 0.617188 0.177734 0.601562 0.148438 0.601562 0.074219 0.589844 0.062500
0 0.234375 0.197266 0.216797 0.232422 0.214844 0.277344 0.246094 0.306641 0.304688 0.333984 0.376953 0.351562 0.394531 0.335938 0.386719 0.332031 0.392578 0.322266 0.416016 0.316406 0.410156 0.263672 0.416016 0.234375 0.408203 0.203125 0.388672 0.195312 0.361328 0.193359 0.339844 0.175781 0.330078 0.173828 0.322266 0.175781 0.312500 0.189453 0.302734 0.181641 0.267578 0.177734
0 0.179688 0.603516 0.175781 0.630859 0.158203 0.650391 0.156250 0.669922 0.160156 0.675781 0.199219 0.689453 0.232422 0.681641 0.253906 0.699219 0.267578 0.699219 0.273438 0.683594 0.281250 0.710938 0.318359 0.722656 0.335938 0.720703 0.349609 0.712891 0.347656 0.681641 0.341797 0.673828 0.304688 0.656250 0.279297 0.654297 0.285156 0.632812 0.281250 0.597656 0.208984 0.589844 0.201172 0.591797 0.197266 0.599609
0 0.302734 0.841797 0.302734 0.857422 0.304688 0.861328 0.322266 0.876953 0.324219 0.884766 0.328125 0.890625 0.332031 0.892578 0.339844 0.892578 0.341797 0.890625 0.351562 0.892578 0.353516 0.890625 0.357422 0.890625 0.371094 0.876953 0.373047 0.873047 0.373047 0.857422 0.359375 0.839844 0.349609 0.837891 0.345703 0.833984 0.337891 0.833984 0.335938 0.835938 0.330078 0.835938 0.322266 0.839844 0.318359 0.839844 0.316406 0.837891 0.308594 0.837891
0 0.498047 0.970703 0.498047 0.992188 0.500000 0.982422 0.515625 0.998047 0.671875 0.998047 0.675781 0.992188 0.681641 0.996094 0.687500 0.939453 0.707031 0.933594 0.699219 0.927734 0.587891 0.894531 0.537109 0.886719
2 0.007812 0.000000 0.007812 0.005859 0.000000 0.011719 0.011719 0.015625 0.013672 0.021484 0.007812 0.021484 0.005859 0.025391 0.017578 0.029297 0.015625 0.080078 0.011719 0.085938 0.007812 0.085938 0.019531 0.089844 0.103516 0.089844 0.103516 0.035156 0.107422 0.019531 0.107422 0.000000
2 0.285156 0.041016 0.279297 0.044922 0.277344 0.117188 0.269531 0.138672 0.269531 0.167969 0.292969 0.175781 0.308594 0.173828 0.312500 0.169922 0.328125 0.166016 0.343750 0.169922 0.347656 0.140625 0.349609 0.042969 0.345703 0.039062 0.300781 0.037109
2 0.664062 0.076172 0.660156 0.080078 0.660156 0.083984 0.654297 0.095703 0.654297 0.099609 0.650391 0.103516 0.650391 0.111328 0.648438 0.113281 0.648438 0.125000 0.654297 0.128906 0.656250 0.126953 0.658203 0.128906 0.667969 0.128906 0.669922 0.130859 0.673828 0.130859 0.675781 0.128906 0.685547 0.128906 0.685547 0.126953 0.681641 0.128906 0.677734 0.125000 0.677734 0.119141 0.681641 0.115234 0.691406 0.115234 0.693359 0.117188 0.697266 0.113281 0.697266 0.080078 0.693359 0.078125 0.677734 0.078125 0.675781 0.076172
2 0.701172 0.093750 0.701172 0.125000 0.703125 0.128906 0.708984 0.128906 0.710938 0.130859 0.726562 0.130859 0.728516 0.132812 0.730469 0.130859 0.751953 0.130859 0.751953 0.109375 0.753906 0.107422 0.753906 0.082031 0.750000 0.082031 0.748047 0.080078 0.722656 0.080078 0.720703 0.082031 0.714844 0.082031
2 0.759766 0.083984 0.759766 0.091797 0.757812 0.093750 0.757812 0.115234 0.759766 0.117188 0.759766 0.128906 0.761719 0.132812 0.769531 0.132812 0.771484 0.134766 0.787109 0.134766 0.794922 0.138672 0.802734 0.138672 0.804688 0.140625 0.808594 0.140625 0.812500 0.134766 0.810547 0.132812 0.810547 0.103516 0.812500 0.101562 0.812500 0.089844 0.806641 0.085938 0.798828 0.085938 0.796875 0.083984 0.785156 0.083984 0.783203 0.082031 0.767578 0.082031 0.765625 0.083984
2 0.830078 0.093750 0.828125 0.097656 0.828125 0.107422 0.830078 0.109375 0.828125 0.113281 0.828125 0.138672 0.830078 0.140625 0.841797 0.142578 0.843750 0.144531 0.861328 0.144531 0.863281 0.142578 0.873047 0.142578 0.875000 0.140625 0.878906 0.140625 0.886719 0.134766 0.886719 0.130859 0.884766 0.128906 0.884766 0.101562 0.880859 0.097656 0.869141 0.097656 0.867188 0.095703 0.847656 0.095703 0.845703 0.093750
2 0.000000 0.103516 0.000000 0.140625 0.013672 0.140625 0.015625 0.142578 0.019531 0.142578 0.023438 0.146484 0.031250 0.150391 0.044922 0.150391 0.046875 0.148438 0.050781 0.148438 0.058594 0.144531 0.054688 0.138672 0.054688 0.126953 0.058594 0.121094 0.058594 0.117188 0.056641 0.115234 0.033203 0.117188 0.031250 0.115234 0.021484 0.113281 0.011719 0.105469
2 0.361328 0.126953 0.357422 0.130859 0.357422 0.138672 0.355469 0.140625 0.355469 0.173828 0.357422 0.175781 0.357422 0.185547 0.359375 0.187500 0.369141 0.187500 0.371094 0.189453 0.412109 0.191406 0.414062 0.185547 0.414062 0.156250 0.412109 0.152344 0.414062 0.150391 0.416016 0.126953 0.412109 0.123047 0.398438 0.125000 0.390625 0.121094 0.380859 0.121094 0.369141 0.126953
2 0.642578 0.148438 0.640625 0.167969 0.623047 0.183594 0.621094 0.199219 0.609375 0.214844 0.605469 0.259766 0.593750 0.267578 0.593750 0.277344 0.621094 0.314453 0.642578 0.322266 0.658203 0.322266 0.656250 0.265625 0.660156 0.255859 0.662109 0.224609 0.675781 0.199219 0.675781 0.160156 0.671875 0.152344
2 0.716797 0.164062 0.707031 0.195312 0.712891 0.218750 0.701172 0.244141 0.691406 0.332031 0.738281 0.347656 0.777344 0.351562 0.783203 0.345703 0.785156 0.314453 0.800781 0.267578 0.800781 0.242188 0.810547 0.208984 0.812500 0.175781 0.767578 0.167969 0.750000 0.160156
2 0.847656 0.160156 0.841797 0.164062 0.839844 0.173828 0.832031 0.185547 0.832031 0.222656 0.824219 0.246094 0.822266 0.263672 0.824219 0.265625 0.824219 0.279297 0.828125 0.283203 0.861328 0.287109 0.869141 0.228516 0.875000 0.218750 0.875000 0.195312 0.878906 0.185547 0.878906 0.169922 0.876953 0.166016
2 0.000000 0.177734 0.000000 0.210938 0.011719 0.216797 0.009766 0.218750 0.000000 0.218750 0.000000 0.255859 0.011719 0.259766 0.033203 0.259766 0.037109 0.255859 0.037109 0.244141 0.029297 0.230469 0.027344 0.222656 0.023438 0.220703 0.029297 0.216797 0.035156 0.205078 0.037109 0.195312 0.023438 0.181641 0.015625 0.177734
2 0.894531 0.224609 0.886719 0.232422 0.878906 0.291016 0.884766 0.302734 0.875000 0.304688 0.869141 0.316406 0.867188 0.351562 0.845703 0.367188 0.843750 0.373047 0.886719 0.388672 0.902344 0.390625 0.908203 0.382812 0.912109 0.388672 0.923828 0.390625 0.931641 0.382812 0.935547 0.386719 0.941406 0.373047 0.943359 0.322266 0.953125 0.271484 0.955078 0.238281 0.947266 0.230469
2 0.126953 0.253906 0.123047 0.257812 0.123047 0.261719 0.115234 0.275391 0.117188 0.289062 0.128906 0.294922 0.164062 0.294922 0.169922 0.287109 0.169922 0.283203 0.173828 0.277344 0.173828 0.271484 0.175781 0.267578 0.169922 0.261719 0.164062 0.261719 0.158203 0.257812 0.154297 0.257812 0.146484 0.253906
2 0.812500 0.302734 0.810547 0.306641 0.810547 0.322266 0.808594 0.324219 0.808594 0.347656 0.810547 0.349609 0.810547 0.355469 0.812500 0.353516 0.816406 0.353516 0.818359 0.355469 0.826172 0.355469 0.830078 0.359375 0.845703 0.359375 0.847656 0.357422 0.851562 0.357422 0.851562 0.353516 0.853516 0.351562 0.853516 0.328125 0.855469 0.326172 0.855469 0.316406 0.857422 0.314453 0.855469 0.310547 0.849609 0.306641 0.835938 0.306641 0.833984 0.304688 0.826172 0.304688 0.824219 0.302734 0.818359 0.302734 0.816406 0.300781
2 0.234375 0.312500 0.228516 0.345703 0.232422 0.353516 0.378906 0.412109 0.388672 0.412109 0.396484 0.404297 0.402344 0.371094 0.412109 0.355469 0.412109 0.347656 0.388672 0.343750 0.376953 0.359375 0.351562 0.357422 0.335938 0.343750 0.289062 0.333984 0.267578 0.318359 0.246094 0.310547
2 0.107422 0.335938 0.101562 0.367188 0.087891 0.375000 0.078125 0.449219 0.085938 0.453125 0.115234 0.451172 0.121094 0.457031 0.121094 0.470703 0.138672 0.470703 0.154297 0.464844 0.128906 0.462891 0.126953 0.466797 0.123047 0.460938 0.126953 0.453125 0.156250 0.457031 0.160156 0.464844 0.195312 0.462891 0.193359 0.427734 0.199219 0.416016 0.179688 0.406250 0.167969 0.392578 0.148438 0.398438 0.125000 0.396484 0.125000 0.380859 0.117188 0.373047 0.119141 0.339844
2 0.253906 0.408203 0.246094 0.419922 0.246094 0.429688 0.238281 0.443359 0.238281 0.462891 0.234375 0.470703 0.234375 0.480469 0.246094 0.488281 0.261719 0.490234 0.267578 0.482422 0.269531 0.457031 0.271484 0.453125 0.269531 0.451172 0.269531 0.445312 0.269531 0.449219 0.267578 0.451172 0.263672 0.447266 0.265625 0.443359 0.263672 0.421875 0.265625 0.419922 0.263672 0.416016 0.257812 0.414062 0.255859 0.412109 0.255859 0.408203
2 0.312500 0.435547 0.310547 0.437500 0.308594 0.437500 0.308594 0.441406 0.306641 0.443359 0.306641 0.447266 0.304688 0.449219 0.304688 0.451172 0.296875 0.458984 0.296875 0.464844 0.300781 0.468750 0.302734 0.468750 0.308594 0.472656 0.320312 0.472656 0.322266 0.470703 0.322266 0.464844 0.324219 0.462891 0.324219 0.457031 0.326172 0.455078 0.326172 0.451172 0.328125 0.449219 0.328125 0.439453 0.326172 0.437500 0.322266 0.437500 0.320312 0.435547
2 0.402344 0.484375 0.400391 0.488281 0.400391 0.505859 0.419922 0.517578 0.455078 0.529297 0.470703 0.539062 0.476562 0.539062 0.478516 0.531250 0.490234 0.511719 0.490234 0.507812 0.478516 0.503906 0.472656 0.498047 0.472656 0.490234 0.457031 0.486328 0.453125 0.482422 0.441406 0.478516 0.429688 0.480469 0.419922 0.474609 0.410156 0.476562
2 0.638672 0.509766 0.634766 0.513672 0.634766 0.517578 0.628906 0.525391 0.628906 0.531250 0.626953 0.533203 0.628906 0.535156 0.628906 0.544922 0.626953 0.546875 0.626953 0.548828 0.628906 0.550781 0.638672 0.552734 0.644531 0.556641 0.650391 0.556641 0.652344 0.558594 0.660156 0.558594 0.662109 0.556641 0.664062 0.556641 0.664062 0.548828 0.666016 0.546875 0.667969 0.541016 0.673828 0.533203 0.673828 0.525391 0.671875 0.523438 0.667969 0.523438 0.666016 0.521484 0.660156 0.519531 0.654297 0.513672 0.650391 0.513672 0.648438 0.511719
2 0.496094 0.519531 0.492188 0.533203 0.492188 0.544922 0.494141 0.546875 0.507812 0.550781 0.511719 0.554688 0.539062 0.564453 0.542969 0.568359 0.562500 0.576172 0.582031 0.576172 0.587891 0.558594 0.593750 0.552734 0.597656 0.542969 0.595703 0.539062 0.580078 0.531250 0.570312 0.529297 0.564453 0.523438 0.542969 0.515625 0.541016 0.517578 0.533203 0.513672 0.521484 0.515625 0.513672 0.511719 0.503906 0.511719
2 0.070312 0.525391 0.066406 0.533203 0.068359 0.562500 0.080078 0.574219 0.113281 0.580078 0.107422 0.583984 0.068359 0.582031 0.064453 0.583984 0.064453 0.591797 0.070312 0.591797 0.074219 0.585938 0.089844 0.591797 0.091797 0.597656 0.080078 0.601562 0.099609 0.609375 0.097656 0.623047 0.103516 0.626953 0.138672 0.630859 0.160156 0.625000 0.177734 0.599609 0.177734 0.591797 0.173828 0.587891 0.144531 0.585938 0.138672 0.582031 0.140625 0.546875 0.146484 0.535156
2 0.683594 0.535156 0.675781 0.554688 0.677734 0.566406 0.681641 0.570312 0.699219 0.578125 0.712891 0.580078 0.716797 0.578125 0.718750 0.568359 0.720703 0.570312 0.720703 0.580078 0.736328 0.583984 0.751953 0.591797 0.759766 0.589844 0.759766 0.585938 0.767578 0.576172 0.771484 0.566406 0.771484 0.560547 0.767578 0.556641 0.763672 0.556641 0.759766 0.552734 0.742188 0.544922 0.730469 0.544922 0.726562 0.554688 0.724609 0.544922 0.720703 0.541016 0.703125 0.533203 0.697266 0.525391
2 0.371094 0.550781 0.371094 0.562500 0.378906 0.572266 0.390625 0.578125 0.417969 0.585938 0.445312 0.599609 0.457031 0.597656 0.458984 0.585938 0.464844 0.574219 0.464844 0.566406 0.458984 0.562500 0.449219 0.560547 0.441406 0.548828 0.423828 0.542969 0.412109 0.542969 0.410156 0.541016 0.384766 0.537109 0.380859 0.539062
2 0.789062 0.544922 0.785156 0.548828 0.785156 0.550781 0.781250 0.556641 0.779297 0.566406 0.775391 0.572266 0.775391 0.580078 0.779297 0.583984 0.781250 0.583984 0.783203 0.585938 0.787109 0.585938 0.791016 0.589844 0.792969 0.589844 0.800781 0.595703 0.810547 0.595703 0.812500 0.593750 0.812500 0.589844 0.814453 0.587891 0.816406 0.582031 0.822266 0.574219 0.822266 0.570312 0.826172 0.564453 0.826172 0.558594 0.822266 0.554688 0.818359 0.554688 0.816406 0.552734 0.812500 0.552734 0.810547 0.550781 0.806641 0.550781 0.804688 0.548828 0.800781 0.548828 0.798828 0.546875
2 0.882812 0.556641 0.861328 0.595703 0.863281 0.599609 0.878906 0.607422 0.876953 0.609375 0.857422 0.607422 0.851562 0.613281 0.847656 0.621094 0.843750 0.652344 0.861328 0.666016 0.898438 0.669922 0.904297 0.664062 0.910156 0.638672 0.910156 0.619141 0.906250 0.613281 0.912109 0.607422 0.912109 0.589844 0.917969 0.568359 0.908203 0.558594
2 0.087891 0.632812 0.087891 0.636719 0.085938 0.638672 0.085938 0.666016 0.089844 0.673828 0.103516 0.673828 0.105469 0.675781 0.132812 0.675781 0.134766 0.673828 0.138672 0.673828 0.140625 0.669922 0.140625 0.662109 0.142578 0.660156 0.142578 0.644531 0.138672 0.638672 0.130859 0.638672 0.128906 0.636719 0.115234 0.636719 0.113281 0.634766 0.105469 0.634766 0.103516 0.632812 0.093750 0.632812 0.091797 0.630859
2 0.857422 0.673828 0.851562 0.681641 0.843750 0.697266 0.843750 0.705078 0.857422 0.710938 0.861328 0.714844 0.869141 0.718750 0.873047 0.718750 0.875000 0.720703 0.880859 0.720703 0.882812 0.722656 0.890625 0.722656 0.896484 0.710938 0.900391 0.707031 0.900391 0.703125 0.902344 0.701172 0.902344 0.695312 0.904297 0.691406 0.900391 0.687500 0.896484 0.687500 0.892578 0.685547 0.886719 0.677734 0.876953 0.675781 0.873047 0.671875 0.865234 0.671875 0.863281 0.673828
2 0.050781 0.681641 0.044922 0.718750 0.048828 0.726562 0.119141 0.730469 0.125000 0.720703 0.130859 0.726562 0.146484 0.732422 0.140625 0.734375 0.171875 0.736328 0.171875 0.730469 0.175781 0.728516 0.177734 0.699219 0.171875 0.691406 0.132812 0.687500 0.126953 0.720703 0.119141 0.712891 0.119141 0.707031 0.125000 0.703125 0.123047 0.697266 0.083984 0.683594 0.062500 0.679688
2 0.373047 0.714844 0.375000 0.720703 0.392578 0.728516 0.429688 0.740234 0.468750 0.748047 0.492188 0.757812 0.501953 0.755859 0.501953 0.744141 0.509766 0.724609 0.509766 0.716797 0.503906 0.712891 0.478516 0.705078 0.460938 0.703125 0.443359 0.697266 0.431641 0.689453 0.398438 0.681641 0.390625 0.681641 0.386719 0.685547 0.384766 0.695312
2 0.943359 0.712891 0.945312 0.714844 0.945312 0.720703 0.943359 0.722656 0.943359 0.728516 0.945312 0.730469 0.945312 0.732422 0.943359 0.734375 0.945312 0.736328 0.945312 0.738281 0.953125 0.738281 0.955078 0.740234 0.962891 0.740234 0.964844 0.742188 0.972656 0.742188 0.974609 0.744141 0.980469 0.744141 0.982422 0.742188 0.982422 0.736328 0.984375 0.734375 0.984375 0.714844 0.982422 0.712891 0.980469 0.712891 0.978516 0.710938 0.974609 0.710938 0.972656 0.708984 0.964844 0.708984 0.962891 0.707031 0.955078 0.707031 0.953125 0.708984 0.949219 0.708984
2 0.958984 0.820312 0.958984 0.830078 0.957031 0.832031 0.957031 0.845703 0.955078 0.847656 0.955078 0.851562 0.957031 0.853516 0.957031 0.855469 0.958984 0.855469 0.962891 0.859375 0.964844 0.859375 0.966797 0.861328 0.970703 0.861328 0.972656 0.863281 0.978516 0.863281 0.980469 0.865234 0.984375 0.865234 0.988281 0.861328 0.988281 0.853516 0.990234 0.851562 0.990234 0.845703 0.992188 0.843750 0.992188 0.830078 0.990234 0.830078 0.988281 0.828125 0.984375 0.828125 0.982422 0.826172 0.976562 0.826172 0.974609 0.824219 0.970703 0.824219 0.964844 0.820312
2 0.066406 0.861328 0.066406 0.873047 0.068359 0.876953 0.072266 0.878906 0.101562 0.884766 0.113281 0.890625 0.126953 0.890625 0.138672 0.894531 0.148438 0.894531 0.150391 0.892578 0.150391 0.869141 0.156250 0.863281 0.156250 0.859375 0.152344 0.857422 0.132812 0.853516 0.105469 0.843750 0.097656 0.849609 0.097656 0.853516 0.093750 0.857422 0.076172 0.857422 0.072266 0.855469 0.068359 0.857422
4 0.189453 0.695312 0.189453 0.830078 0.201172 0.884766 0.248047 0.892578 0.253906 0.876953 0.230469 0.880859 0.230469 0.859375 0.283203 0.861328 0.296875 0.871094 0.292969 0.900391 0.326172 0.908203 0.330078 0.892578 0.302734 0.863281 0.300781 0.841797 0.345703 0.832031 0.367188 0.845703 0.375000 0.869141 0.398438 0.873047 0.410156 0.894531 0.478516 0.906250 0.488281 0.873047 0.474609 0.798828 0.482422 0.785156 0.468750 0.787109 0.455078 0.773438 0.472656 0.759766 0.382812 0.728516 0.281250 0.724609 0.263672 0.707031
4 0.373047 0.875000 0.373047 0.876953 0.369141 0.880859 0.371094 0.882812 0.373047 0.882812
5 0.000000 0.269531 0.072266 0.302734 0.001953 0.910156 0.099609 0.316406 0.599609 0.539062 0.457031 0.998047 0.523438 0.876953 0.988281 0.996094 0.531250 0.839844 0.652344 0.476562 0.841797 0.562500 0.828125 0.685547 0.869141 0.546875 0.660156 0.451172 0.695312 0.367188 0.998047 0.416016 0.689453 0.337891 0.601562 0.511719
6 0.691406 0.378906 0.666016 0.443359 0.667969 0.453125 0.724609 0.482422 0.855469 0.533203 0.929688 0.556641 0.937500 0.550781 0.951172 0.515625 0.953125 0.486328 0.962891 0.476562 0.957031 0.472656 0.958984 0.460938 0.917969 0.427734 0.837891 0.402344 0.755859 0.390625 0.708984 0.375000
6 0.630859 0.560547 0.539062 0.851562 0.908203 0.951172 0.912109 0.929688 0.902344 0.925781 0.941406 0.900391 0.945312 0.830078 0.970703 0.779297 0.904297 0.759766 0.847656 0.714844 0.798828 0.703125 0.792969 0.687500 0.753906 0.796875 0.783203 0.666016
6 0.000000 0.998047 0.384766 0.998047 0.388672 0.992188 0.386719 0.931641 0.378906 0.939453 0.373047 0.923828 0.332031 0.923828 0.191406 0.894531 0.119141 0.912109 0.029297 0.894531 0.003906 0.916016
6 0.917969 0.931641 0.917969 0.935547 0.919922 0.935547 0.919922 0.933594
