0 0.187500 0.000000 0.000000 0.000000 0.005859 0.669922 0.103516 0.650391 0.121094 0.558594 0.306641 0.492188 0.310547 0.439453 0.330078 0.429688 0.292969 0.384766 0.250000 0.380859 0.281250 0.361328 0.341797 0.357422 0.375000 0.378906 0.333984 0.431641 0.359375 0.437500 0.367188 0.472656 0.486328 0.433594 0.464844 0.337891 0.419922 0.306641 0.443359 0.285156 0.425781 0.238281 0.357422 0.250000 0.300781 0.228516 0.259766 0.072266 0.228516 0.019531 0.193359 0.021484
0 0.998047 0.398438 0.966797 0.402344 0.955078 0.414062 0.925781 0.421875 0.869141 0.419922 0.839844 0.427734 0.830078 0.443359 0.818359 0.445312 0.791016 0.466797 0.796875 0.501953 0.808594 0.507812 0.888672 0.501953 0.886719 0.480469 0.890625 0.476562 0.919922 0.474609 0.931641 0.476562 0.941406 0.488281 0.935547 0.503906 0.998047 0.507812
0 0.326172 0.447266 0.324219 0.447266 0.322266 0.445312 0.320312 0.447266 0.320312 0.449219 0.324219 0.449219
2 0.195312 0.000000 0.193359 0.017578 0.224609 0.013672 0.238281 0.050781 0.261719 0.070312 0.308594 0.216797 0.322266 0.218750 0.341797 0.210938 0.355469 0.242188 0.402344 0.230469 0.394531 0.201172 0.388672 0.203125 0.378906 0.191406 0.369141 0.150391 0.361328 0.156250 0.345703 0.126953 0.326172 0.072266 0.310547 0.000000 0.255859 0.000000 0.253906 0.005859 0.251953 0.000000
2 0.722656 0.117188 0.705078 0.117188 0.697266 0.121094 0.691406 0.121094 0.689453 0.123047 0.679688 0.123047 0.677734 0.125000 0.677734 0.144531 0.679688 0.146484 0.679688 0.152344 0.683594 0.160156 0.685547 0.171875 0.689453 0.177734 0.697266 0.177734 0.705078 0.173828 0.712891 0.173828 0.714844 0.171875 0.720703 0.171875 0.722656 0.169922 0.728516 0.169922 0.730469 0.167969 0.730469 0.158203 0.728516 0.156250 0.728516 0.148438 0.726562 0.146484 0.726562 0.140625 0.724609 0.138672 0.724609 0.125000 0.722656 0.123047
2 0.767578 0.169922 0.755859 0.169922 0.753906 0.171875 0.748047 0.171875 0.746094 0.173828 0.740234 0.173828 0.738281 0.175781 0.738281 0.187500 0.740234 0.189453 0.740234 0.199219 0.742188 0.201172 0.742188 0.216797 0.744141 0.220703 0.748047 0.220703 0.750000 0.222656 0.751953 0.220703 0.755859 0.220703 0.763672 0.216797 0.777344 0.214844 0.781250 0.212891 0.785156 0.207031 0.785156 0.203125 0.783203 0.201172 0.783203 0.193359 0.779297 0.185547 0.779297 0.179688 0.777344 0.175781 0.771484 0.173828
2 0.843750 0.175781 0.832031 0.175781 0.830078 0.177734 0.822266 0.177734 0.820312 0.179688 0.820312 0.185547 0.822266 0.187500 0.822266 0.191406 0.824219 0.193359 0.824219 0.201172 0.826172 0.203125 0.826172 0.232422 0.828125 0.234375 0.837891 0.234375 0.839844 0.232422 0.843750 0.232422 0.845703 0.230469 0.851562 0.230469 0.857422 0.222656 0.857422 0.203125 0.855469 0.201172 0.855469 0.185547 0.853516 0.183594 0.853516 0.181641 0.849609 0.181641
2 0.675781 0.195312 0.671875 0.191406 0.667969 0.191406 0.644531 0.199219 0.626953 0.201172 0.615234 0.207031 0.609375 0.207031 0.599609 0.212891 0.589844 0.214844 0.583984 0.222656 0.583984 0.232422 0.585938 0.236328 0.589844 0.238281 0.599609 0.238281 0.601562 0.236328 0.625000 0.234375 0.638672 0.228516 0.648438 0.228516 0.650391 0.226562 0.677734 0.222656 0.681641 0.220703 0.677734 0.210938
2 0.714844 0.232422 0.714844 0.253906 0.718750 0.257812 0.732422 0.257812 0.734375 0.255859 0.740234 0.255859 0.742188 0.253906 0.746094 0.253906 0.746094 0.251953 0.748047 0.250000 0.746094 0.248047 0.746094 0.244141 0.744141 0.242188 0.744141 0.234375 0.742188 0.232422 0.742188 0.228516 0.740234 0.226562 0.726562 0.226562 0.724609 0.228516 0.718750 0.228516
2 0.728516 0.269531 0.724609 0.265625 0.720703 0.265625 0.718750 0.263672 0.708984 0.263672 0.707031 0.265625 0.695312 0.265625 0.689453 0.269531 0.683594 0.269531 0.681641 0.271484 0.666016 0.273438 0.664062 0.275391 0.664062 0.289062 0.666016 0.291016 0.666016 0.294922 0.669922 0.298828 0.669922 0.302734 0.671875 0.304688 0.689453 0.304688 0.691406 0.302734 0.703125 0.302734 0.705078 0.300781 0.714844 0.300781 0.722656 0.296875 0.728516 0.296875 0.732422 0.292969
2 0.621094 0.283203 0.621094 0.289062 0.623047 0.291016 0.625000 0.296875 0.634766 0.308594 0.634766 0.312500 0.636719 0.314453 0.636719 0.322266 0.638672 0.322266 0.640625 0.324219 0.648438 0.324219 0.650391 0.322266 0.656250 0.322266 0.658203 0.320312 0.662109 0.320312 0.664062 0.318359 0.669922 0.318359 0.669922 0.314453 0.667969 0.312500 0.667969 0.310547 0.664062 0.306641 0.664062 0.304688 0.656250 0.296875 0.656250 0.292969 0.654297 0.291016 0.654297 0.283203 0.652344 0.281250 0.652344 0.279297 0.630859 0.279297 0.628906 0.281250 0.623047 0.281250
2 0.675781 0.332031 0.675781 0.353516 0.679688 0.365234 0.677734 0.400391 0.679688 0.412109 0.687500 0.425781 0.699219 0.427734 0.742188 0.417969 0.775391 0.414062 0.800781 0.416016 0.818359 0.412109 0.810547 0.367188 0.804688 0.363281 0.773438 0.365234 0.767578 0.359375 0.757812 0.359375 0.753906 0.355469 0.751953 0.333984 0.746094 0.322266
2 0.541016 0.560547 0.511719 0.560547 0.527344 0.521484 0.496094 0.447266 0.429688 0.453125 0.201172 0.542969 0.191406 0.533203 0.115234 0.570312 0.111328 0.609375 0.126953 0.660156 0.173828 0.712891 0.248047 0.685547 0.248047 0.644531 0.259766 0.699219 0.271484 0.707031 0.322266 0.687500 0.328125 0.636719 0.375000 0.667969 0.406250 0.640625 0.447266 0.640625 0.552734 0.605469
2 0.779297 0.478516 0.773438 0.476562 0.771484 0.478516 0.757812 0.478516 0.755859 0.480469 0.746094 0.480469 0.744141 0.482422 0.742188 0.482422 0.740234 0.484375 0.740234 0.496094 0.742188 0.498047 0.742188 0.505859 0.746094 0.509766 0.750000 0.509766 0.751953 0.507812 0.765625 0.507812 0.767578 0.505859 0.779297 0.505859 0.781250 0.503906 0.781250 0.492188 0.779297 0.490234
2 0.728516 0.486328 0.722656 0.486328 0.720703 0.488281 0.716797 0.488281 0.714844 0.490234 0.710938 0.490234 0.708984 0.492188 0.703125 0.492188 0.701172 0.494141 0.699219 0.494141 0.697266 0.492188 0.695312 0.492188 0.693359 0.494141 0.693359 0.498047 0.691406 0.500000 0.693359 0.501953 0.693359 0.517578 0.695312 0.519531 0.695312 0.521484 0.710938 0.521484 0.712891 0.519531 0.720703 0.519531 0.722656 0.517578 0.730469 0.517578 0.732422 0.515625 0.732422 0.513672 0.734375 0.511719 0.732422 0.509766 0.732422 0.503906 0.730469 0.501953 0.730469 0.498047 0.728516 0.496094
2 0.998047 0.542969 0.927734 0.558594 0.830078 0.574219 0.833984 0.605469 0.837891 0.611328 0.849609 0.611328 0.884766 0.601562 0.998047 0.580078
2 0.753906 0.572266 0.746094 0.580078 0.744141 0.621094 0.796875 0.625000 0.779297 0.632812 0.716797 0.642578 0.714844 0.687500 0.728516 0.691406 0.738281 0.685547 0.761719 0.685547 0.789062 0.673828 0.789062 0.714844 0.839844 0.716797 0.837891 0.695312 0.822266 0.673828 0.849609 0.667969 0.841797 0.625000 0.808594 0.621094 0.822266 0.619141 0.830078 0.611328 0.826172 0.572266 0.820312 0.568359
2 0.912109 0.634766 0.894531 0.634766 0.892578 0.636719 0.882812 0.636719 0.880859 0.638672 0.875000 0.638672 0.873047 0.640625 0.853516 0.640625 0.849609 0.642578 0.851562 0.646484 0.849609 0.648438 0.849609 0.656250 0.851562 0.658203 0.851562 0.664062 0.853516 0.666016 0.853516 0.669922 0.857422 0.671875 0.865234 0.671875 0.867188 0.669922 0.873047 0.669922 0.878906 0.664062 0.886719 0.660156 0.892578 0.660156 0.894531 0.658203 0.898438 0.658203 0.902344 0.656250 0.906250 0.652344 0.908203 0.652344 0.910156 0.648438 0.910156 0.640625 0.912109 0.638672
2 0.998047 0.769531 0.992188 0.763672 0.960938 0.765625 0.955078 0.761719 0.953125 0.748047 0.949219 0.744141 0.939453 0.744141 0.927734 0.748047 0.902344 0.750000 0.867188 0.761719 0.845703 0.763672 0.843750 0.783203 0.845703 0.794922 0.853516 0.800781 0.902344 0.798828 0.923828 0.791016 0.941406 0.791016 0.990234 0.783203 0.998047 0.779297
2 0.412109 0.812500 0.396484 0.806641 0.386719 0.798828 0.367188 0.796875 0.357422 0.802734 0.341797 0.804688 0.320312 0.820312 0.310547 0.822266 0.306641 0.826172 0.306641 0.830078 0.318359 0.855469 0.328125 0.863281 0.335938 0.863281 0.343750 0.857422 0.361328 0.855469 0.382812 0.845703 0.408203 0.841797 0.414062 0.830078 0.414062 0.816406
2 0.964844 0.802734 0.964844 0.810547 0.966797 0.812500 0.966797 0.824219 0.970703 0.828125 0.976562 0.828125 0.978516 0.830078 0.982422 0.830078 0.984375 0.828125 0.996094 0.828125 0.998047 0.826172 0.998047 0.800781 0.996094 0.798828 0.976562 0.798828 0.974609 0.800781 0.968750 0.800781 0.966797 0.802734
2 0.974609 0.863281 0.966797 0.867188 0.966797 0.882812 0.976562 0.910156 0.976562 0.951172 0.980469 0.957031 0.998047 0.957031 0.998047 0.861328
2 0.970703 0.943359 0.970703 0.933594 0.968750 0.931641 0.968750 0.923828 0.966797 0.921875 0.966797 0.919922 0.960938 0.919922 0.958984 0.917969 0.949219 0.917969 0.947266 0.919922 0.935547 0.919922 0.933594 0.921875 0.927734 0.921875 0.925781 0.923828 0.910156 0.923828 0.908203 0.925781 0.908203 0.931641 0.910156 0.933594 0.919922 0.935547 0.925781 0.941406 0.927734 0.947266 0.931641 0.951172 0.943359 0.951172 0.945312 0.949219 0.951172 0.949219 0.953125 0.947266 0.962891 0.947266 0.964844 0.945312
4 0.474609 0.835938 0.474609 0.847656 0.496094 0.910156 0.509766 0.931641 0.542969 0.933594 0.552734 0.919922 0.566406 0.919922 0.582031 0.927734 0.619141 0.929688 0.636719 0.912109 0.654297 0.904297 0.650391 0.896484 0.636719 0.894531 0.625000 0.886719 0.617188 0.857422 0.605469 0.845703 0.605469 0.826172 0.599609 0.804688 0.595703 0.802734 0.548828 0.804688 0.525391 0.800781 0.515625 0.820312
4 0.455078 0.896484 0.443359 0.892578 0.423828 0.875000 0.400391 0.876953 0.326172 0.894531 0.322266 0.917969 0.300781 0.923828 0.296875 0.929688 0.292969 0.953125 0.296875 0.980469 0.339844 0.982422 0.353516 0.998047 0.396484 0.998047 0.406250 0.994141 0.423828 0.976562 0.458984 0.960938 0.460938 0.953125 0.441406 0.927734 0.441406 0.917969 0.453125 0.908203
5 0.345703 0.000000 0.402344 0.187500 0.488281 0.339844 0.496094 0.402344 0.542969 0.486328 0.603516 0.707031 0.689453 0.847656 0.728516 0.970703 0.751953 0.998047 0.808594 0.998047 0.748047 0.824219 0.675781 0.714844 0.689453 0.687500 0.628906 0.433594 0.554688 0.279297 0.470703 0.000000
