0 0.310547 0.087891 0.312500 0.093750 0.304688 0.099609 0.300781 0.099609 0.294922 0.105469 0.292969 0.111328 0.292969 0.130859 0.294922 0.136719 0.300781 0.142578 0.306641 0.154297 0.312500 0.158203 0.318359 0.158203 0.320312 0.160156 0.355469 0.158203 0.361328 0.152344 0.361328 0.132812 0.351562 0.117188 0.351562 0.103516 0.347656 0.099609 0.328125 0.089844 0.324219 0.089844 0.316406 0.083984
0 0.683594 0.230469 0.685547 0.234375 0.685547 0.269531 0.689453 0.273438 0.708984 0.279297 0.734375 0.296875 0.750000 0.296875 0.767578 0.287109 0.773438 0.279297 0.779297 0.261719 0.777344 0.259766 0.773438 0.236328 0.753906 0.218750 0.734375 0.212891 0.720703 0.212891 0.701172 0.218750
0 0.564453 0.292969 0.562500 0.294922 0.562500 0.296875 0.564453 0.298828 0.562500 0.300781 0.564453 0.302734 0.568359 0.302734 0.570312 0.300781 0.570312 0.296875 0.566406 0.292969
0 0.380859 0.431641 0.386719 0.453125 0.410156 0.451172 0.417969 0.439453 0.421875 0.451172 0.449219 0.464844 0.457031 0.457031 0.480469 0.457031 0.486328 0.478516 0.474609 0.482422 0.474609 0.488281 0.492188 0.488281 0.542969 0.507812 0.578125 0.509766 0.593750 0.503906 0.623047 0.441406 0.615234 0.421875 0.589844 0.417969 0.587891 0.396484 0.583984 0.416016 0.574219 0.417969 0.517578 0.396484 0.421875 0.390625 0.412109 0.382812 0.402344 0.386719 0.416016 0.396484 0.416016 0.404297 0.423828 0.402344 0.429688 0.410156 0.423828 0.416016 0.390625 0.414062
1 0.000000 0.216797 0.000000 0.998047 0.068359 0.998047 0.113281 0.966797 0.115234 0.896484 0.091797 0.884766 0.078125 0.847656 0.095703 0.814453 0.119141 0.810547 0.121094 0.765625 0.060547 0.365234 0.025391 0.220703
2 0.228516 0.000000 0.156250 0.000000 0.152344 0.013672 0.136719 0.023438 0.132812 0.037109 0.154297 0.044922 0.162109 0.060547 0.126953 0.066406 0.130859 0.091797 0.189453 0.091797 0.187500 0.126953 0.136719 0.136719 0.148438 0.171875 0.142578 0.201172 0.074219 0.210938 0.070312 0.222656 0.083984 0.246094 0.201172 0.246094 0.207031 0.171875 0.228516 0.167969 0.230469 0.097656 0.195312 0.091797 0.195312 0.070312 0.187500 0.060547 0.216797 0.056641
2 0.785156 0.003906 0.777344 0.021484 0.761719 0.041016 0.742188 0.087891 0.732422 0.095703 0.732422 0.111328 0.740234 0.117188 0.761719 0.121094 0.787109 0.134766 0.861328 0.132812 0.865234 0.125000 0.853516 0.111328 0.863281 0.105469 0.871094 0.078125 0.871094 0.000000 0.794922 0.000000
2 0.076172 0.052734 0.060547 0.054688 0.058594 0.056641 0.048828 0.056641 0.046875 0.058594 0.033203 0.058594 0.027344 0.062500 0.027344 0.085938 0.035156 0.101562 0.039062 0.103516 0.044922 0.103516 0.046875 0.101562 0.072266 0.099609 0.074219 0.097656 0.083984 0.097656 0.087891 0.093750 0.087891 0.085938 0.082031 0.080078 0.080078 0.072266 0.078125 0.070312 0.078125 0.062500 0.080078 0.060547 0.080078 0.056641
2 0.029297 0.146484 0.029297 0.158203 0.037109 0.167969 0.039062 0.177734 0.042969 0.181641 0.099609 0.177734 0.101562 0.175781 0.107422 0.177734 0.109375 0.173828 0.099609 0.169922 0.101562 0.162109 0.125000 0.162109 0.134766 0.154297 0.130859 0.140625 0.119141 0.130859 0.080078 0.132812 0.074219 0.126953 0.068359 0.125000 0.042969 0.128906 0.035156 0.134766
2 0.753906 0.130859 0.750000 0.132812 0.746094 0.138672 0.736328 0.140625 0.730469 0.146484 0.724609 0.164062 0.722656 0.193359 0.726562 0.205078 0.732422 0.208984 0.757812 0.210938 0.759766 0.212891 0.773438 0.212891 0.775391 0.210938 0.777344 0.177734 0.779297 0.175781 0.779297 0.142578 0.773438 0.136719 0.767578 0.136719 0.763672 0.132812
2 0.947266 0.208984 0.949219 0.210938 0.947266 0.212891 0.947266 0.216797 0.949219 0.218750 0.947266 0.220703 0.947266 0.224609 0.949219 0.226562 0.947266 0.228516 0.947266 0.232422 0.949219 0.234375 0.947266 0.236328 0.949219 0.240234 0.947266 0.242188 0.949219 0.253906 0.953125 0.255859 0.994141 0.255859 0.998047 0.257812 0.998047 0.218750 0.968750 0.218750 0.966797 0.216797 0.957031 0.216797 0.955078 0.214844 0.957031 0.212891 0.964844 0.212891 0.968750 0.208984 0.966797 0.205078
2 0.740234 0.335938 0.740234 0.349609 0.750000 0.355469 0.826172 0.361328 0.830078 0.365234 0.824219 0.376953 0.794922 0.376953 0.789062 0.380859 0.789062 0.398438 0.796875 0.406250 0.884766 0.410156 0.886719 0.369141 0.880859 0.361328 0.875000 0.365234 0.865234 0.363281 0.869141 0.347656 0.865234 0.341797 0.767578 0.330078 0.744141 0.332031
2 0.958984 0.376953 0.958984 0.380859 0.957031 0.382812 0.957031 0.396484 0.953125 0.402344 0.957031 0.406250 0.958984 0.406250 0.960938 0.408203 0.996094 0.408203 0.998047 0.410156 0.998047 0.375000 0.960938 0.375000
2 0.261719 0.408203 0.267578 0.445312 0.238281 0.455078 0.226562 0.537109 0.294922 0.554688 0.298828 0.523438 0.337891 0.529297 0.314453 0.542969 0.314453 0.621094 0.265625 0.619141 0.257812 0.677734 0.419922 0.697266 0.720703 0.683594 0.724609 0.654297 0.695312 0.640625 0.697266 0.587891 0.591797 0.580078 0.582031 0.638672 0.404297 0.630859 0.408203 0.490234 0.314453 0.468750 0.302734 0.480469 0.292969 0.453125 0.365234 0.460938 0.373047 0.406250 0.318359 0.390625 0.312500 0.408203
2 0.718750 0.398438 0.714844 0.402344 0.714844 0.406250 0.712891 0.408203 0.712891 0.435547 0.714844 0.437500 0.714844 0.451172 0.712891 0.453125 0.712891 0.457031 0.714844 0.458984 0.714844 0.470703 0.718750 0.474609 0.753906 0.472656 0.757812 0.468750 0.757812 0.433594 0.759766 0.431641 0.759766 0.410156 0.761719 0.408203 0.761719 0.404297 0.757812 0.400391 0.753906 0.400391 0.751953 0.398438
2 0.941406 0.443359 0.941406 0.466797 0.945312 0.470703 0.964844 0.470703 0.966797 0.468750 0.984375 0.468750 0.986328 0.466797 0.998047 0.466797 0.998047 0.433594 0.962891 0.433594 0.955078 0.437500 0.949219 0.437500
2 0.886719 0.458984 0.857422 0.451172 0.847656 0.464844 0.847656 0.496094 0.812500 0.494141 0.789062 0.509766 0.769531 0.513672 0.767578 0.544922 0.722656 0.533203 0.652344 0.525391 0.646484 0.531250 0.646484 0.568359 0.703125 0.580078 0.720703 0.574219 0.757812 0.578125 0.773438 0.550781 0.779297 0.554688 0.853516 0.546875 0.849609 0.498047 0.876953 0.500000 0.886719 0.494141
2 0.337891 0.464844 0.335938 0.466797 0.337891 0.468750 0.339844 0.468750 0.341797 0.466797 0.339844 0.464844
2 0.371094 0.470703 0.369141 0.472656 0.369141 0.474609 0.371094 0.476562 0.375000 0.476562 0.376953 0.474609 0.373047 0.470703
2 0.998047 0.470703 0.986328 0.474609 0.978516 0.484375 0.960938 0.486328 0.953125 0.492188 0.953125 0.511719 0.960938 0.519531 0.962891 0.529297 0.929688 0.531250 0.925781 0.539062 0.925781 0.578125 0.929688 0.582031 0.988281 0.583984 0.949219 0.587891 0.943359 0.591797 0.941406 0.615234 0.945312 0.626953 0.953125 0.630859 0.998047 0.625000 0.998047 0.552734 0.990234 0.544922 0.992188 0.529297 0.998047 0.527344
2 0.427734 0.501953 0.423828 0.533203 0.433594 0.541016 0.546875 0.556641 0.554688 0.552734 0.556641 0.542969 0.562500 0.560547 0.626953 0.566406 0.630859 0.562500 0.636719 0.523438 0.623047 0.515625 0.542969 0.509766 0.457031 0.490234 0.431641 0.494141
2 0.761719 0.585938 0.757812 0.601562 0.757812 0.677734 0.771484 0.687500 0.802734 0.687500 0.806641 0.681641 0.804688 0.677734 0.806641 0.667969 0.814453 0.666016 0.833984 0.667969 0.841797 0.660156 0.839844 0.658203 0.841797 0.634766 0.833984 0.628906 0.822266 0.626953 0.818359 0.640625 0.814453 0.625000 0.814453 0.609375 0.808594 0.599609 0.767578 0.601562 0.765625 0.587891
2 0.292969 0.708984 0.294922 0.710938 0.296875 0.710938 0.298828 0.712891 0.300781 0.712891 0.306641 0.707031 0.308594 0.708984 0.322266 0.708984 0.324219 0.710938 0.326172 0.710938 0.330078 0.707031 0.332031 0.708984 0.333984 0.707031 0.332031 0.705078 0.330078 0.707031 0.328125 0.705078 0.308594 0.705078 0.306641 0.707031 0.304688 0.705078 0.302734 0.705078 0.300781 0.703125 0.298828 0.703125 0.296875 0.705078 0.294922 0.705078 0.292969 0.707031
2 0.566406 0.789062 0.564453 0.792969 0.566406 0.794922 0.566406 0.802734 0.570312 0.810547 0.570312 0.816406 0.576172 0.822266 0.582031 0.822266 0.583984 0.824219 0.605469 0.824219 0.607422 0.826172 0.617188 0.826172 0.621094 0.822266 0.623047 0.818359 0.623047 0.808594 0.625000 0.806641 0.625000 0.800781 0.626953 0.798828 0.626953 0.785156 0.623047 0.781250 0.619141 0.779297 0.578125 0.779297 0.574219 0.781250
2 0.539062 0.783203 0.527344 0.781250 0.517578 0.789062 0.490234 0.785156 0.478516 0.798828 0.449219 0.812500 0.441406 0.830078 0.441406 0.849609 0.445312 0.853516 0.480469 0.853516 0.466797 0.857422 0.458984 0.865234 0.455078 0.894531 0.457031 0.914062 0.460938 0.917969 0.507812 0.923828 0.517578 0.912109 0.525391 0.882812 0.525391 0.863281 0.513672 0.853516 0.562500 0.849609 0.562500 0.808594
2 0.818359 0.791016 0.814453 0.794922 0.814453 0.798828 0.812500 0.800781 0.812500 0.808594 0.804688 0.814453 0.804688 0.826172 0.808594 0.830078 0.808594 0.833984 0.810547 0.835938 0.810547 0.839844 0.812500 0.841797 0.814453 0.849609 0.816406 0.851562 0.820312 0.851562 0.822266 0.849609 0.833984 0.849609 0.835938 0.847656 0.849609 0.847656 0.851562 0.845703 0.859375 0.845703 0.863281 0.839844 0.861328 0.835938 0.861328 0.826172 0.859375 0.824219 0.859375 0.810547 0.851562 0.802734 0.851562 0.800781 0.843750 0.794922 0.833984 0.794922 0.832031 0.792969
2 0.683594 0.808594 0.683594 0.818359 0.681641 0.820312 0.683594 0.847656 0.689453 0.855469 0.722656 0.853516 0.730469 0.851562 0.734375 0.847656 0.744141 0.855469 0.757812 0.855469 0.759766 0.857422 0.777344 0.855469 0.781250 0.851562 0.779297 0.849609 0.779297 0.814453 0.771484 0.808594 0.744141 0.808594 0.736328 0.812500 0.720703 0.802734 0.697266 0.802734 0.695312 0.804688 0.687500 0.804688
2 0.289062 0.824219 0.281250 0.890625 0.281250 0.912109 0.285156 0.916016 0.337891 0.927734 0.396484 0.929688 0.402344 0.925781 0.408203 0.880859 0.408203 0.839844 0.402344 0.826172 0.392578 0.820312 0.320312 0.818359 0.312500 0.822266 0.296875 0.820312
2 0.574219 0.847656 0.568359 0.853516 0.566406 0.861328 0.564453 0.863281 0.564453 0.869141 0.568359 0.876953 0.568359 0.888672 0.570312 0.892578 0.574219 0.896484 0.582031 0.896484 0.583984 0.894531 0.615234 0.894531 0.621094 0.888672 0.621094 0.876953 0.623047 0.875000 0.623047 0.855469 0.621094 0.851562 0.613281 0.845703 0.607422 0.845703 0.605469 0.843750 0.583984 0.843750 0.582031 0.845703
2 0.816406 0.914062 0.812500 0.912109 0.808594 0.912109 0.806641 0.914062 0.787109 0.914062 0.785156 0.916016 0.777344 0.916016 0.773438 0.921875 0.773438 0.937500 0.775391 0.939453 0.775391 0.951172 0.777344 0.953125 0.777344 0.962891 0.783203 0.968750 0.826172 0.966797 0.828125 0.964844 0.828125 0.953125 0.826172 0.951172 0.826172 0.945312 0.822266 0.939453 0.824219 0.935547 0.824219 0.925781 0.820312 0.917969
2 0.875000 0.919922 0.871094 0.923828 0.871094 0.929688 0.869141 0.931641 0.869141 0.937500 0.871094 0.939453 0.871094 0.949219 0.873047 0.951172 0.873047 0.953125 0.876953 0.957031 0.878906 0.957031 0.880859 0.955078 0.886719 0.955078 0.888672 0.953125 0.888672 0.951172 0.890625 0.949219 0.890625 0.929688 0.888672 0.927734 0.888672 0.925781 0.886719 0.923828 0.884766 0.923828 0.882812 0.921875 0.878906 0.921875 0.876953 0.919922
2 0.767578 0.931641 0.755859 0.923828 0.734375 0.923828 0.732422 0.925781 0.708984 0.925781 0.703125 0.927734 0.693359 0.943359 0.693359 0.960938 0.695312 0.962891 0.695312 0.974609 0.693359 0.976562 0.701172 0.980469 0.728516 0.980469 0.730469 0.978516 0.753906 0.978516 0.759766 0.976562 0.769531 0.964844 0.767578 0.958984 0.761719 0.955078 0.761719 0.947266 0.759766 0.945312 0.759766 0.935547 0.763672 0.931641 0.765625 0.933594
2 0.683594 0.935547 0.671875 0.935547 0.669922 0.937500 0.632812 0.937500 0.630859 0.939453 0.617188 0.939453 0.615234 0.937500 0.611328 0.939453 0.601562 0.953125 0.599609 0.970703 0.595703 0.974609 0.597656 0.988281 0.607422 0.992188 0.623047 0.992188 0.626953 0.994141 0.628906 0.992188 0.646484 0.992188 0.648438 0.990234 0.664062 0.988281 0.683594 0.982422 0.687500 0.978516 0.687500 0.972656 0.685547 0.970703 0.685547 0.943359 0.687500 0.941406
5 0.255859 0.000000 0.154297 0.998047 0.205078 0.988281 0.226562 0.765625 0.888672 0.724609 0.937500 0.998047 0.957031 0.000000 0.900391 0.701172 0.226562 0.746094 0.291016 0.035156
