0 0.998047 0.275391 0.984375 0.275391 0.978516 0.281250 0.962891 0.281250 0.927734 0.289062 0.914062 0.298828 0.882812 0.304688 0.865234 0.324219 0.865234 0.333984 0.875000 0.349609 0.882812 0.375000 0.892578 0.380859 0.910156 0.382812 0.945312 0.376953 0.958984 0.363281 0.962891 0.351562 0.970703 0.343750 0.986328 0.335938 0.998047 0.335938
0 0.000000 0.382812 0.000000 0.708984 0.064453 0.720703 0.091797 0.679688 0.093750 0.603516 0.082031 0.574219 0.074219 0.585938 0.060547 0.583984 0.056641 0.554688 0.064453 0.546875 0.054688 0.546875 0.044922 0.521484 0.052734 0.505859 0.054688 0.443359 0.019531 0.384766
0 0.203125 0.429688 0.203125 0.431641 0.201172 0.433594 0.199219 0.433594 0.203125 0.437500 0.205078 0.437500 0.207031 0.435547 0.207031 0.433594 0.205078 0.431641 0.205078 0.429688
0 0.257812 0.517578 0.250000 0.517578 0.246094 0.509766 0.224609 0.501953 0.222656 0.470703 0.218750 0.462891 0.212891 0.462891 0.205078 0.441406 0.197266 0.453125 0.191406 0.449219 0.167969 0.466797 0.142578 0.453125 0.130859 0.462891 0.123047 0.455078 0.091797 0.455078 0.087891 0.482422 0.076172 0.490234 0.072266 0.501953 0.076172 0.539062 0.089844 0.550781 0.091797 0.560547 0.117188 0.580078 0.134766 0.580078 0.156250 0.566406 0.171875 0.566406 0.181641 0.560547 0.240234 0.558594 0.255859 0.542969
0 0.166016 0.458984 0.164062 0.460938 0.166016 0.462891
0 0.652344 0.548828 0.646484 0.548828 0.644531 0.546875 0.634766 0.546875 0.632812 0.548828 0.621094 0.548828 0.619141 0.550781 0.613281 0.550781 0.611328 0.552734 0.607422 0.550781 0.601562 0.554688 0.601562 0.568359 0.605469 0.574219 0.605469 0.580078 0.609375 0.587891 0.611328 0.587891 0.621094 0.597656 0.640625 0.597656 0.644531 0.593750 0.654297 0.589844 0.660156 0.582031 0.660156 0.560547 0.658203 0.558594 0.658203 0.554688
0 0.257812 0.599609 0.236328 0.585938 0.205078 0.574219 0.183594 0.583984 0.152344 0.582031 0.142578 0.585938 0.123047 0.615234 0.125000 0.646484 0.121094 0.658203 0.125000 0.699219 0.152344 0.712891 0.167969 0.712891 0.193359 0.701172 0.203125 0.687500 0.210938 0.666016 0.230469 0.660156 0.267578 0.628906 0.269531 0.619141
0 0.402344 0.617188 0.398438 0.630859 0.406250 0.646484 0.443359 0.671875 0.445312 0.681641 0.437500 0.707031 0.447266 0.742188 0.457031 0.746094 0.451172 0.750000 0.447266 0.765625 0.453125 0.783203 0.478516 0.783203 0.460938 0.781250 0.462891 0.771484 0.500000 0.767578 0.521484 0.773438 0.544922 0.765625 0.550781 0.740234 0.542969 0.722656 0.544922 0.675781 0.550781 0.673828 0.537109 0.666016 0.494141 0.671875 0.484375 0.656250 0.480469 0.628906 0.443359 0.605469 0.417969 0.607422
0 0.919922 0.691406 0.919922 0.705078 0.921875 0.707031 0.923828 0.724609 0.927734 0.730469 0.943359 0.736328 0.949219 0.742188 0.957031 0.742188 0.962891 0.738281 0.974609 0.736328 0.980469 0.730469 0.980469 0.726562 0.982422 0.724609 0.982422 0.712891 0.984375 0.710938 0.984375 0.701172 0.978516 0.693359 0.955078 0.681641 0.945312 0.681641 0.943359 0.679688 0.937500 0.679688 0.929688 0.683594
0 0.876953 0.863281 0.861328 0.875000 0.859375 0.886719 0.843750 0.917969 0.839844 0.962891 0.843750 0.998047 0.939453 0.998047 0.925781 0.986328 0.927734 0.978516 0.929688 0.982422 0.935547 0.980469 0.927734 0.974609 0.927734 0.968750 0.933594 0.964844 0.929688 0.955078 0.933594 0.947266 0.929688 0.943359 0.925781 0.912109 0.896484 0.886719 0.894531 0.876953 0.886719 0.867188
0 0.998047 0.943359 0.992188 0.943359 0.990234 0.945312 0.988281 0.945312 0.986328 0.947266 0.984375 0.945312 0.978516 0.945312 0.976562 0.947266 0.976562 0.949219 0.984375 0.949219 0.986328 0.947266 0.990234 0.947266 0.994141 0.951172 0.998047 0.951172
0 0.966797 0.947266 0.968750 0.949219 0.968750 0.947266
0 0.998047 0.958984 0.996094 0.958984 0.994141 0.957031 0.990234 0.960938 0.980469 0.960938 0.976562 0.964844 0.982422 0.964844 0.984375 0.966797 0.986328 0.966797 0.988281 0.964844 0.990234 0.964844 0.992188 0.966797 0.998047 0.966797
0 0.998047 0.974609 0.992188 0.974609 0.990234 0.976562 0.980469 0.976562 0.976562 0.980469 0.982422 0.980469 0.984375 0.982422 0.986328 0.980469 0.990234 0.980469 0.992188 0.982422 0.998047 0.982422
0 0.945312 0.996094 0.945312 0.998047 0.955078 0.998047 0.955078 0.994141 0.947266 0.994141
0 0.960938 0.996094 0.960938 0.998047 0.970703 0.998047 0.970703 0.994141 0.968750 0.992188 0.964844 0.992188
0 0.976562 0.994141 0.976562 0.998047 0.986328 0.998047 0.986328 0.996094 0.984375 0.994141 0.982422 0.994141 0.980469 0.992188 0.978516 0.992188
2 0.310547 0.000000 0.314453 0.009766 0.312500 0.025391 0.318359 0.044922 0.324219 0.050781 0.396484 0.041016 0.443359 0.039062 0.498047 0.025391 0.521484 0.025391 0.525391 0.021484 0.521484 0.000000
2 0.273438 0.048828 0.263672 0.041016 0.257812 0.041016 0.255859 0.039062 0.253906 0.039062 0.251953 0.041016 0.226562 0.041016 0.222656 0.044922 0.224609 0.046875 0.224609 0.070312 0.226562 0.072266 0.226562 0.078125 0.228516 0.080078 0.238281 0.080078 0.240234 0.078125 0.261719 0.078125 0.263672 0.076172 0.265625 0.076172 0.271484 0.068359 0.269531 0.066406 0.271484 0.064453 0.269531 0.062500 0.271484 0.060547 0.269531 0.058594 0.271484 0.056641 0.271484 0.050781
2 0.767578 0.052734 0.769531 0.054688 0.767578 0.066406 0.769531 0.068359 0.773438 0.091797 0.777344 0.093750 0.781250 0.091797 0.794922 0.091797 0.839844 0.080078 0.867188 0.078125 0.875000 0.076172 0.876953 0.072266 0.871094 0.048828 0.873047 0.046875 0.777344 0.044922 0.769531 0.048828
2 0.375000 0.072266 0.371094 0.080078 0.373047 0.082031 0.373047 0.115234 0.375000 0.117188 0.394531 0.117188 0.396484 0.115234 0.406250 0.115234 0.408203 0.113281 0.414062 0.113281 0.416016 0.111328 0.433594 0.111328 0.433594 0.109375 0.419922 0.109375 0.417969 0.107422 0.417969 0.095703 0.414062 0.091797 0.414062 0.087891 0.417969 0.082031 0.408203 0.062500 0.392578 0.062500 0.386719 0.066406 0.378906 0.068359
2 0.941406 0.083984 0.941406 0.085938 0.937500 0.089844 0.937500 0.107422 0.939453 0.109375 0.941406 0.119141 0.949219 0.130859 0.988281 0.130859 0.990234 0.128906 0.998047 0.126953 0.998047 0.103516 0.996094 0.101562 0.996094 0.087891 0.994141 0.085938 0.994141 0.080078 0.976562 0.070312 0.964844 0.070312 0.958984 0.074219 0.955078 0.074219 0.947266 0.078125
2 0.814453 0.097656 0.791016 0.095703 0.744141 0.103516 0.748047 0.130859 0.751953 0.136719 0.751953 0.148438 0.755859 0.152344 0.750000 0.156250 0.748047 0.162109 0.753906 0.199219 0.802734 0.193359 0.824219 0.183594 0.822266 0.144531 0.814453 0.142578 0.822266 0.140625 0.824219 0.134766 0.818359 0.115234 0.818359 0.103516
2 0.197266 0.119141 0.197266 0.130859 0.205078 0.154297 0.205078 0.167969 0.207031 0.169922 0.218750 0.169922 0.226562 0.166016 0.236328 0.166016 0.238281 0.164062 0.248047 0.164062 0.257812 0.160156 0.269531 0.160156 0.275391 0.156250 0.275391 0.144531 0.273438 0.142578 0.275391 0.140625 0.275391 0.130859 0.271484 0.125000 0.271484 0.119141 0.285156 0.115234 0.242188 0.115234 0.240234 0.117188 0.230469 0.111328 0.224609 0.111328 0.216797 0.115234 0.199219 0.117188
2 0.455078 0.117188 0.416016 0.117188 0.414062 0.119141 0.400391 0.121094 0.398438 0.123047 0.400391 0.126953 0.396484 0.130859 0.388672 0.132812 0.384766 0.136719 0.380859 0.136719 0.367188 0.144531 0.367188 0.171875 0.373047 0.175781 0.396484 0.175781 0.398438 0.173828 0.404297 0.173828 0.406250 0.175781 0.435547 0.175781 0.437500 0.173828 0.451172 0.173828 0.455078 0.169922 0.457031 0.152344 0.460938 0.142578 0.460938 0.125000
2 0.929688 0.138672 0.929688 0.154297 0.935547 0.164062 0.935547 0.171875 0.937500 0.173828 0.937500 0.181641 0.939453 0.183594 0.939453 0.195312 0.964844 0.195312 0.966797 0.193359 0.974609 0.193359 0.976562 0.195312 0.984375 0.195312 0.988281 0.197266 0.990234 0.195312 0.990234 0.142578 0.988281 0.140625 0.988281 0.136719 0.986328 0.134766 0.935547 0.134766
2 0.234375 0.177734 0.234375 0.191406 0.238281 0.197266 0.238281 0.216797 0.240234 0.218750 0.240234 0.222656 0.248047 0.230469 0.251953 0.232422 0.263672 0.232422 0.265625 0.230469 0.269531 0.230469 0.273438 0.224609 0.277344 0.224609 0.285156 0.218750 0.285156 0.197266 0.283203 0.195312 0.283203 0.187500 0.281250 0.183594 0.273438 0.175781 0.240234 0.175781 0.238281 0.177734
2 0.464844 0.177734 0.462891 0.179688 0.462891 0.193359 0.464844 0.195312 0.462891 0.224609 0.464844 0.226562 0.464844 0.230469 0.466797 0.232422 0.515625 0.232422 0.515625 0.216797 0.511719 0.214844 0.501953 0.214844 0.498047 0.208984 0.498047 0.177734
2 0.886719 0.177734 0.853516 0.183594 0.845703 0.189453 0.849609 0.208984 0.861328 0.214844 0.847656 0.220703 0.857422 0.263672 0.841797 0.261719 0.812500 0.269531 0.808594 0.275391 0.814453 0.296875 0.855469 0.291016 0.859375 0.287109 0.857422 0.263672 0.863281 0.287109 0.896484 0.279297 0.917969 0.265625 0.914062 0.246094 0.902344 0.244141 0.886719 0.248047 0.882812 0.244141 0.878906 0.218750 0.863281 0.212891 0.892578 0.201172 0.890625 0.181641
2 0.935547 0.207031 0.937500 0.208984 0.937500 0.214844 0.939453 0.216797 0.939453 0.222656 0.941406 0.224609 0.941406 0.230469 0.943359 0.232422 0.943359 0.238281 0.945312 0.240234 0.945312 0.242188 0.947266 0.244141 0.947266 0.248047 0.949219 0.250000 0.947266 0.251953 0.953125 0.255859 0.960938 0.255859 0.962891 0.253906 0.966797 0.253906 0.968750 0.251953 0.974609 0.250000 0.974609 0.244141 0.976562 0.242188 0.976562 0.218750 0.974609 0.216797 0.974609 0.210938 0.972656 0.208984 0.962891 0.208984 0.960938 0.207031
2 0.519531 0.234375 0.519531 0.253906 0.517578 0.255859 0.517578 0.263672 0.519531 0.265625 0.519531 0.279297 0.523438 0.283203 0.542969 0.283203 0.544922 0.281250 0.550781 0.281250 0.554688 0.277344 0.556641 0.277344 0.562500 0.269531 0.562500 0.265625 0.564453 0.263672 0.564453 0.257812 0.566406 0.255859 0.566406 0.236328 0.562500 0.234375 0.554688 0.234375 0.552734 0.232422 0.523438 0.232422
2 0.769531 0.230469 0.757812 0.232422 0.755859 0.234375 0.746094 0.236328 0.740234 0.240234 0.740234 0.261719 0.742188 0.263672 0.742188 0.273438 0.744141 0.275391 0.744141 0.287109 0.746094 0.289062 0.746094 0.294922 0.750000 0.298828 0.769531 0.298828 0.771484 0.296875 0.787109 0.294922 0.792969 0.291016 0.792969 0.281250 0.791016 0.279297 0.789062 0.265625 0.785156 0.261719 0.779297 0.246094 0.777344 0.246094 0.773438 0.242188 0.771484 0.238281 0.771484 0.232422
2 0.500000 0.294922 0.501953 0.367188 0.503906 0.369141 0.507812 0.369141 0.511719 0.373047 0.533203 0.373047 0.535156 0.371094 0.542969 0.371094 0.546875 0.369141 0.548828 0.365234 0.548828 0.353516 0.550781 0.351562 0.550781 0.347656 0.548828 0.345703 0.546875 0.298828 0.542969 0.294922 0.539062 0.294922 0.537109 0.292969 0.503906 0.292969
2 0.240234 0.304688 0.236328 0.308594 0.238281 0.324219 0.261719 0.324219 0.271484 0.320312 0.275391 0.324219 0.277344 0.333984 0.287109 0.337891 0.279297 0.341797 0.281250 0.361328 0.285156 0.371094 0.292969 0.373047 0.312500 0.365234 0.328125 0.365234 0.332031 0.361328 0.332031 0.345703 0.326172 0.335938 0.302734 0.333984 0.324219 0.326172 0.326172 0.322266 0.322266 0.304688 0.314453 0.300781 0.279297 0.302734 0.273438 0.308594 0.265625 0.302734
2 0.119141 0.343750 0.107422 0.345703 0.103516 0.349609 0.101562 0.355469 0.101562 0.373047 0.093750 0.380859 0.085938 0.382812 0.080078 0.390625 0.080078 0.404297 0.091797 0.417969 0.095703 0.425781 0.117188 0.425781 0.121094 0.417969 0.121094 0.412109 0.125000 0.406250 0.126953 0.392578 0.130859 0.388672 0.148438 0.386719 0.146484 0.382812 0.142578 0.384766 0.138672 0.376953 0.132812 0.375000 0.132812 0.365234 0.125000 0.359375 0.123047 0.355469 0.125000 0.353516 0.123047 0.351562 0.123047 0.345703
2 0.140625 0.367188 0.140625 0.369141 0.142578 0.369141 0.142578 0.367188
2 0.552734 0.421875 0.546875 0.410156 0.537109 0.406250 0.503906 0.406250 0.484375 0.412109 0.476562 0.410156 0.468750 0.414062 0.437500 0.414062 0.416016 0.419922 0.390625 0.421875 0.386719 0.437500 0.388672 0.458984 0.392578 0.466797 0.457031 0.464844 0.472656 0.458984 0.529297 0.457031 0.542969 0.451172 0.542969 0.439453 0.552734 0.427734
2 0.333984 0.421875 0.328125 0.425781 0.328125 0.437500 0.332031 0.449219 0.333984 0.496094 0.341797 0.525391 0.347656 0.533203 0.363281 0.539062 0.388672 0.539062 0.390625 0.537109 0.388672 0.533203 0.394531 0.529297 0.388672 0.523438 0.386719 0.515625 0.386719 0.501953 0.380859 0.472656 0.380859 0.453125 0.375000 0.435547 0.375000 0.419922 0.365234 0.416016
2 0.701172 0.421875 0.664062 0.421875 0.564453 0.441406 0.564453 0.458984 0.574219 0.498047 0.583984 0.501953 0.576172 0.505859 0.576172 0.529297 0.585938 0.546875 0.615234 0.546875 0.718750 0.525391 0.712891 0.507812 0.710938 0.480469 0.714844 0.476562 0.714844 0.464844 0.701172 0.431641
2 0.388672 0.542969 0.410156 0.589844 0.412109 0.601562 0.417969 0.603516 0.447266 0.603516 0.458984 0.615234 0.464844 0.615234 0.462891 0.593750 0.464844 0.591797 0.476562 0.591797 0.480469 0.587891 0.480469 0.578125 0.466797 0.548828 0.464844 0.531250 0.460938 0.525391 0.416016 0.529297 0.412109 0.531250 0.408203 0.539062
2 0.382812 0.544922 0.363281 0.546875 0.341797 0.585938 0.353516 0.617188 0.341797 0.626953 0.324219 0.597656 0.240234 0.664062 0.248047 0.685547 0.228516 0.677734 0.158203 0.769531 0.140625 0.771484 0.113281 0.847656 0.173828 0.863281 0.224609 0.792969 0.208984 0.826172 0.234375 0.837891 0.201172 0.861328 0.248047 0.884766 0.273438 0.867188 0.281250 0.910156 0.312500 0.921875 0.347656 0.841797 0.306641 0.822266 0.275391 0.859375 0.333984 0.755859 0.248047 0.689453 0.398438 0.791016 0.439453 0.761719 0.392578 0.632812
2 0.730469 0.560547 0.720703 0.572266 0.738281 0.697266 0.728516 0.841797 0.734375 0.851562 0.748047 0.853516 0.761719 0.849609 0.775391 0.726562 0.759766 0.642578 0.759766 0.617188 0.750000 0.597656 0.751953 0.572266
2 0.498047 0.623047 0.498047 0.628906 0.500000 0.630859 0.500000 0.636719 0.501953 0.640625 0.505859 0.644531 0.511719 0.644531 0.513672 0.646484 0.517578 0.644531 0.523438 0.644531 0.525391 0.642578 0.531250 0.642578 0.539062 0.638672 0.544922 0.638672 0.546875 0.636719 0.556641 0.636719 0.558594 0.634766 0.564453 0.634766 0.568359 0.632812 0.566406 0.626953 0.564453 0.626953 0.554688 0.617188 0.552734 0.617188 0.548828 0.613281 0.548828 0.611328 0.527344 0.611328 0.525391 0.613281 0.519531 0.613281 0.517578 0.615234 0.507812 0.615234 0.500000 0.619141
2 0.000000 0.712891 0.000000 0.777344 0.009766 0.781250 0.019531 0.781250 0.031250 0.787109 0.041016 0.787109 0.048828 0.777344 0.050781 0.767578 0.054688 0.763672 0.064453 0.763672 0.068359 0.757812 0.068359 0.746094 0.070312 0.744141 0.070312 0.728516 0.068359 0.726562 0.044922 0.724609 0.037109 0.720703
2 0.697266 0.755859 0.693359 0.755859 0.691406 0.753906 0.687500 0.753906 0.685547 0.751953 0.675781 0.751953 0.673828 0.753906 0.667969 0.755859 0.664062 0.759766 0.664062 0.761719 0.662109 0.763672 0.662109 0.804688 0.666016 0.808594 0.679688 0.808594 0.683594 0.804688 0.685547 0.804688 0.689453 0.800781 0.695312 0.798828 0.699219 0.794922 0.699219 0.757812
2 0.507812 0.781250 0.507812 0.789062 0.505859 0.791016 0.505859 0.816406 0.515625 0.824219 0.517578 0.837891 0.523438 0.837891 0.525391 0.839844 0.546875 0.839844 0.548828 0.841797 0.564453 0.843750 0.570312 0.837891 0.570312 0.832031 0.572266 0.830078 0.572266 0.822266 0.568359 0.810547 0.570312 0.806641 0.570312 0.794922 0.568359 0.792969 0.572266 0.787109 0.572266 0.775391 0.570312 0.773438 0.535156 0.773438 0.525391 0.777344 0.513672 0.777344
2 0.865234 0.789062 0.810547 0.808594 0.798828 0.845703 0.792969 0.810547 0.796875 0.802734 0.779297 0.808594 0.777344 0.832031 0.783203 0.839844 0.769531 0.880859 0.755859 0.998047 0.841797 0.998047 0.835938 0.986328 0.841797 0.912109 0.857422 0.880859 0.853516 0.828125
2 0.427734 0.818359 0.416016 0.818359 0.414062 0.820312 0.414062 0.822266 0.412109 0.824219 0.412109 0.828125 0.410156 0.830078 0.408203 0.835938 0.402344 0.841797 0.402344 0.845703 0.400391 0.847656 0.400391 0.851562 0.398438 0.853516 0.398438 0.857422 0.400391 0.859375 0.402344 0.865234 0.412109 0.876953 0.417969 0.876953 0.421875 0.873047 0.423828 0.863281 0.425781 0.861328 0.425781 0.859375 0.431641 0.849609 0.431641 0.845703 0.437500 0.835938 0.437500 0.822266 0.433594 0.822266
2 0.800781 0.816406 0.800781 0.818359 0.802734 0.818359 0.802734 0.816406
2 0.609375 0.871094 0.611328 0.873047 0.607422 0.880859 0.609375 0.912109 0.640625 0.916016 0.644531 0.927734 0.648438 0.929688 0.675781 0.931641 0.695312 0.923828 0.716797 0.921875 0.718750 0.916016 0.716797 0.884766 0.720703 0.871094 0.716797 0.861328 0.697266 0.857422 0.689453 0.849609 0.677734 0.843750 0.656250 0.839844 0.650391 0.841797 0.648438 0.849609 0.642578 0.853516 0.625000 0.853516
2 0.417969 0.888672 0.412109 0.886719 0.402344 0.878906 0.384766 0.873047 0.376953 0.873047 0.369141 0.878906 0.367188 0.890625 0.355469 0.914062 0.355469 0.923828 0.357422 0.925781 0.355469 0.951172 0.363281 0.957031 0.371094 0.957031 0.375000 0.953125 0.388672 0.953125 0.394531 0.955078 0.398438 0.951172 0.400391 0.945312 0.406250 0.939453 0.410156 0.927734 0.412109 0.914062 0.416016 0.908203 0.416016 0.902344 0.419922 0.894531
2 0.000000 0.929688 0.000000 0.998047 0.134766 0.998047 0.142578 0.986328 0.148438 0.990234 0.150391 0.998047 0.166016 0.998047 0.164062 0.990234 0.136719 0.984375 0.037109 0.937500 0.015625 0.929688
5 0.269531 0.000000 0.357422 0.414062 0.716797 0.373047 0.998047 0.271484 0.996094 0.244141 0.945312 0.257812 0.896484 0.011719 0.873047 0.000000 0.917969 0.267578 0.720703 0.345703 0.384766 0.390625 0.310547 0.001953
5 0.621094 0.609375 0.607422 0.623047 0.599609 0.738281 0.583984 0.789062 0.583984 0.867188 0.570312 0.943359 0.550781 0.998047 0.578125 0.998047 0.607422 0.953125 0.595703 0.937500 0.611328 0.861328 0.609375 0.794922 0.625000 0.748047 0.623047 0.701172 0.634766 0.664062 0.634766 0.623047
5 0.000000 0.832031 0.000000 0.861328 0.080078 0.906250 0.226562 0.964844 0.287109 0.996094 0.355469 0.998047 0.349609 0.980469 0.318359 0.972656 0.271484 0.941406 0.212891 0.917969 0.195312 0.904297 0.134766 0.888672 0.066406 0.851562
6 0.000000 0.000000 0.000000 0.265625 0.011719 0.279297 0.029297 0.341797 0.076172 0.347656 0.199219 0.335938 0.208984 0.318359 0.187500 0.277344 0.199219 0.261719 0.169922 0.175781 0.154297 0.166016 0.156250 0.115234 0.175781 0.066406 0.167969 0.029297 0.154297 0.023438 0.138672 0.000000
6 0.957031 0.404297 0.898438 0.416016 0.933594 0.421875 0.945312 0.437500 0.869141 0.439453 0.863281 0.457031 0.871094 0.496094 0.839844 0.531250 0.826172 0.583984 0.832031 0.666016 0.839844 0.652344 0.839844 0.693359 0.849609 0.708984 0.878906 0.708984 0.896484 0.695312 0.896484 0.664062 0.871094 0.652344 0.896484 0.648438 0.898438 0.628906 0.914062 0.626953 0.904297 0.621094 0.914062 0.611328 0.906250 0.605469 0.921875 0.574219 0.957031 0.560547 0.953125 0.531250 0.906250 0.525391 0.916016 0.500000 0.927734 0.513672 0.943359 0.513672 0.941406 0.501953 0.921875 0.500000 0.917969 0.488281 0.943359 0.474609 0.927734 0.451172 0.957031 0.433594
6 0.917969 0.507812 0.917969 0.513672 0.919922 0.515625 0.919922 0.507812
6 0.919922 0.625000 0.919922 0.628906 0.921875 0.630859 0.923828 0.630859 0.927734 0.626953 0.929688 0.626953 0.927734 0.625000
6 0.906250 0.640625 0.906250 0.644531 0.910156 0.644531 0.910156 0.640625
6 0.939453 0.642578 0.937500 0.644531 0.939453 0.644531
6 0.832031 0.671875 0.832031 0.673828 0.833984 0.673828 0.833984 0.671875
6 0.998047 0.708984 0.988281 0.712891 0.990234 0.722656 0.976562 0.738281 0.955078 0.746094 0.939453 0.746094 0.941406 0.751953 0.935547 0.753906 0.925781 0.785156 0.923828 0.820312 0.917969 0.832031 0.919922 0.851562 0.910156 0.873047 0.912109 0.884766 0.917969 0.886719 0.931641 0.912109 0.935547 0.931641 0.998047 0.925781 0.998047 0.712891 0.994141 0.710938
