0 0.464844 0.044922 0.464844 0.046875 0.462891 0.048828 0.462891 0.054688 0.468750 0.064453 0.468750 0.068359 0.470703 0.070312 0.470703 0.072266 0.474609 0.076172 0.494141 0.076172 0.496094 0.074219 0.500000 0.074219 0.500000 0.064453 0.503906 0.058594 0.503906 0.048828 0.501953 0.046875 0.500000 0.046875 0.498047 0.044922 0.492188 0.044922 0.488281 0.041016 0.482422 0.041016 0.480469 0.039062 0.478516 0.039062 0.476562 0.041016 0.470703 0.041016
0 0.517578 0.062500 0.519531 0.070312 0.531250 0.080078 0.531250 0.093750 0.533203 0.097656 0.541016 0.103516 0.556641 0.103516 0.558594 0.101562 0.568359 0.099609 0.574219 0.093750 0.582031 0.091797 0.593750 0.082031 0.593750 0.066406 0.589844 0.062500 0.585938 0.062500 0.583984 0.060547 0.556641 0.060547 0.548828 0.054688 0.544922 0.054688 0.542969 0.052734 0.531250 0.052734 0.529297 0.054688 0.525391 0.054688
0 0.802734 0.177734 0.798828 0.183594 0.798828 0.189453 0.789062 0.199219 0.789062 0.224609 0.792969 0.228516 0.818359 0.228516 0.820312 0.226562 0.820312 0.224609 0.822266 0.222656 0.822266 0.218750 0.824219 0.216797 0.824219 0.210938 0.826172 0.208984 0.826172 0.203125 0.828125 0.201172 0.828125 0.189453 0.826172 0.187500 0.826172 0.183594 0.820312 0.177734
0 0.298828 0.240234 0.291016 0.248047 0.291016 0.251953 0.292969 0.253906 0.292969 0.255859 0.298828 0.261719 0.300781 0.261719 0.302734 0.263672 0.312500 0.263672 0.316406 0.259766 0.316406 0.248047 0.310547 0.242188 0.308594 0.242188 0.306641 0.240234
0 0.615234 0.291016 0.615234 0.294922 0.613281 0.296875 0.613281 0.306641 0.615234 0.308594 0.615234 0.312500 0.617188 0.316406 0.638672 0.337891 0.664062 0.337891 0.667969 0.335938 0.667969 0.314453 0.675781 0.306641 0.675781 0.304688 0.667969 0.300781 0.664062 0.296875 0.662109 0.289062 0.654297 0.285156 0.632812 0.285156 0.628906 0.283203 0.626953 0.285156 0.619141 0.287109
0 0.998047 0.292969 0.955078 0.298828 0.949219 0.320312 0.880859 0.316406 0.855469 0.324219 0.828125 0.312500 0.820312 0.333984 0.791016 0.332031 0.769531 0.347656 0.740234 0.337891 0.722656 0.339844 0.710938 0.349609 0.712891 0.373047 0.720703 0.384766 0.771484 0.375000 0.798828 0.382812 0.818359 0.376953 0.841797 0.384766 0.890625 0.382812 0.951172 0.357422 0.998047 0.351562
0 0.310547 0.324219 0.306641 0.328125 0.306641 0.330078 0.308594 0.332031 0.308594 0.337891 0.310547 0.339844 0.310547 0.341797 0.316406 0.347656 0.320312 0.347656 0.322266 0.349609 0.324219 0.347656 0.326172 0.347656 0.328125 0.345703 0.328125 0.339844 0.330078 0.337891 0.330078 0.335938 0.332031 0.333984 0.332031 0.332031 0.330078 0.330078 0.330078 0.328125 0.328125 0.328125 0.324219 0.324219
0 0.302734 0.400391 0.296875 0.406250 0.289062 0.410156 0.279297 0.410156 0.273438 0.414062 0.273438 0.433594 0.277344 0.439453 0.281250 0.453125 0.292969 0.464844 0.296875 0.464844 0.304688 0.468750 0.310547 0.474609 0.318359 0.476562 0.322266 0.474609 0.326172 0.466797 0.341797 0.460938 0.355469 0.447266 0.355469 0.445312 0.347656 0.439453 0.343750 0.433594 0.343750 0.429688 0.335938 0.421875 0.330078 0.419922 0.324219 0.414062 0.318359 0.412109 0.308594 0.402344
0 0.558594 0.400391 0.548828 0.406250 0.544922 0.406250 0.541016 0.410156 0.541016 0.414062 0.533203 0.423828 0.533203 0.435547 0.539062 0.447266 0.546875 0.451172 0.552734 0.460938 0.564453 0.466797 0.574219 0.466797 0.578125 0.464844 0.582031 0.457031 0.591797 0.445312 0.595703 0.431641 0.593750 0.429688 0.593750 0.423828 0.591797 0.421875 0.589844 0.412109 0.582031 0.402344 0.578125 0.402344 0.576172 0.400391
0 0.404297 0.412109 0.400391 0.417969 0.400391 0.445312 0.406250 0.455078 0.410156 0.458984 0.417969 0.460938 0.419922 0.462891 0.439453 0.462891 0.441406 0.464844 0.447266 0.462891 0.451172 0.455078 0.458984 0.449219 0.458984 0.437500 0.460938 0.435547 0.460938 0.431641 0.455078 0.427734 0.451172 0.417969 0.447266 0.414062 0.439453 0.412109 0.437500 0.410156 0.433594 0.410156 0.431641 0.408203 0.414062 0.408203 0.412109 0.410156
0 0.710938 0.458984 0.710938 0.460938 0.707031 0.464844 0.707031 0.482422 0.710938 0.486328 0.712891 0.486328 0.720703 0.494141 0.720703 0.496094 0.722656 0.498047 0.726562 0.498047 0.728516 0.500000 0.730469 0.498047 0.740234 0.498047 0.742188 0.496094 0.750000 0.496094 0.753906 0.492188 0.753906 0.490234 0.755859 0.488281 0.755859 0.482422 0.757812 0.480469 0.757812 0.468750 0.755859 0.466797 0.755859 0.464844 0.744141 0.453125 0.742188 0.453125 0.740234 0.451172 0.736328 0.451172 0.734375 0.449219 0.726562 0.449219 0.724609 0.451172 0.718750 0.453125 0.712891 0.458984
0 0.449219 0.466797 0.439453 0.474609 0.427734 0.501953 0.427734 0.517578 0.433594 0.527344 0.433594 0.539062 0.423828 0.556641 0.429688 0.589844 0.425781 0.640625 0.429688 0.664062 0.439453 0.671875 0.476562 0.664062 0.484375 0.667969 0.542969 0.666016 0.552734 0.652344 0.542969 0.625000 0.500000 0.617188 0.476562 0.634766 0.474609 0.613281 0.494141 0.578125 0.484375 0.552734 0.496094 0.523438 0.494141 0.484375 0.478516 0.470703
0 0.253906 0.539062 0.253906 0.542969 0.251953 0.544922 0.251953 0.562500 0.255859 0.572266 0.265625 0.582031 0.267578 0.589844 0.271484 0.593750 0.279297 0.597656 0.296875 0.597656 0.310547 0.591797 0.316406 0.591797 0.322266 0.587891 0.322266 0.582031 0.326172 0.572266 0.326172 0.564453 0.322266 0.556641 0.312500 0.550781 0.302734 0.541016 0.292969 0.541016 0.277344 0.535156 0.257812 0.535156
0 0.863281 0.556641 0.863281 0.566406 0.865234 0.568359 0.865234 0.570312 0.867188 0.572266 0.873047 0.574219 0.876953 0.578125 0.896484 0.578125 0.898438 0.576172 0.902344 0.576172 0.904297 0.574219 0.906250 0.574219 0.910156 0.568359 0.910156 0.554688 0.902344 0.546875 0.896484 0.546875 0.894531 0.544922 0.880859 0.544922 0.875000 0.550781 0.873047 0.550781
0 0.935547 0.552734 0.935547 0.554688 0.933594 0.556641 0.933594 0.560547 0.935547 0.562500 0.935547 0.568359 0.937500 0.570312 0.937500 0.572266 0.941406 0.576172 0.943359 0.576172 0.945312 0.578125 0.951172 0.578125 0.953125 0.576172 0.957031 0.576172 0.958984 0.574219 0.960938 0.574219 0.964844 0.570312 0.964844 0.560547 0.962891 0.558594 0.962891 0.556641 0.960938 0.556641 0.958984 0.554688 0.957031 0.554688 0.955078 0.552734 0.951172 0.552734 0.949219 0.550781 0.939453 0.550781 0.937500 0.552734
0 0.125000 0.574219 0.123047 0.576172 0.121094 0.591797 0.113281 0.603516 0.115234 0.613281 0.123047 0.623047 0.125000 0.630859 0.144531 0.646484 0.169922 0.648438 0.189453 0.630859 0.191406 0.626953 0.191406 0.617188 0.189453 0.613281 0.181641 0.605469 0.171875 0.589844 0.164062 0.585938 0.142578 0.582031
0 0.347656 0.646484 0.349609 0.648438 0.361328 0.642578 0.375000 0.642578 0.378906 0.640625 0.388672 0.630859 0.390625 0.623047 0.402344 0.613281 0.404297 0.609375 0.404297 0.603516 0.396484 0.597656 0.384766 0.597656 0.382812 0.595703 0.359375 0.595703 0.357422 0.593750 0.351562 0.593750 0.341797 0.599609 0.341797 0.619141 0.343750 0.621094 0.343750 0.632812 0.347656 0.640625
0 0.560547 0.640625 0.560547 0.648438 0.564453 0.652344 0.578125 0.656250 0.607422 0.671875 0.625000 0.671875 0.640625 0.666016 0.654297 0.669922 0.679688 0.669922 0.691406 0.662109 0.697266 0.652344 0.697266 0.640625 0.693359 0.632812 0.679688 0.621094 0.656250 0.630859 0.648438 0.630859 0.646484 0.628906 0.625000 0.628906 0.607422 0.623047 0.580078 0.619141 0.570312 0.625000
0 0.816406 0.621094 0.816406 0.623047 0.812500 0.628906 0.812500 0.634766 0.814453 0.636719 0.814453 0.640625 0.816406 0.642578 0.816406 0.644531 0.818359 0.644531 0.824219 0.650391 0.826172 0.650391 0.833984 0.658203 0.837891 0.658203 0.843750 0.662109 0.859375 0.662109 0.869141 0.652344 0.867188 0.646484 0.857422 0.636719 0.855469 0.630859 0.847656 0.623047 0.845703 0.623047 0.841797 0.619141 0.839844 0.619141 0.837891 0.617188 0.824219 0.617188 0.822266 0.619141
0 0.794922 0.630859 0.792969 0.628906 0.777344 0.626953 0.775391 0.625000 0.759766 0.625000 0.750000 0.630859 0.746094 0.630859 0.738281 0.634766 0.734375 0.632812 0.716797 0.632812 0.703125 0.640625 0.703125 0.656250 0.705078 0.658203 0.710938 0.658203 0.718750 0.664062 0.726562 0.664062 0.728516 0.666016 0.751953 0.666016 0.753906 0.664062 0.759766 0.664062 0.773438 0.648438 0.791016 0.644531 0.794922 0.640625
0 0.886719 0.630859 0.886719 0.640625 0.888672 0.642578 0.888672 0.648438 0.890625 0.650391 0.890625 0.654297 0.892578 0.656250 0.892578 0.662109 0.896484 0.667969 0.898438 0.667969 0.908203 0.673828 0.912109 0.673828 0.914062 0.675781 0.916016 0.673828 0.925781 0.669922 0.929688 0.666016 0.931641 0.666016 0.931641 0.664062 0.933594 0.662109 0.933594 0.654297 0.931641 0.652344 0.931641 0.646484 0.929688 0.644531 0.929688 0.632812 0.925781 0.628906 0.919922 0.628906 0.917969 0.626953 0.894531 0.626953 0.892578 0.628906 0.888672 0.628906
0 0.958984 0.640625 0.958984 0.642578 0.955078 0.646484 0.955078 0.656250 0.958984 0.660156 0.964844 0.660156 0.966797 0.662109 0.974609 0.662109 0.976562 0.664062 0.982422 0.664062 0.986328 0.671875 0.984375 0.677734 0.992188 0.693359 0.998047 0.697266 0.998047 0.636719 0.980469 0.636719 0.978516 0.638672 0.962891 0.638672
0 0.183594 0.681641 0.179688 0.685547 0.175781 0.693359 0.173828 0.703125 0.171875 0.705078 0.173828 0.708984 0.173828 0.714844 0.175781 0.716797 0.175781 0.720703 0.179688 0.728516 0.195312 0.736328 0.210938 0.736328 0.212891 0.734375 0.216797 0.734375 0.220703 0.726562 0.226562 0.720703 0.232422 0.718750 0.236328 0.712891 0.236328 0.701172 0.234375 0.697266 0.224609 0.689453 0.214844 0.687500 0.207031 0.681641
0 0.406250 0.730469 0.398438 0.740234 0.396484 0.748047 0.402344 0.771484 0.400391 0.812500 0.402344 0.814453 0.416016 0.814453 0.425781 0.810547 0.435547 0.810547 0.443359 0.814453 0.472656 0.812500 0.476562 0.806641 0.476562 0.796875 0.484375 0.783203 0.494141 0.777344 0.500000 0.769531 0.494141 0.751953 0.494141 0.728516 0.484375 0.720703 0.433594 0.718750
0 0.359375 0.726562 0.355469 0.726562 0.353516 0.724609 0.339844 0.724609 0.337891 0.726562 0.335938 0.726562 0.332031 0.730469 0.332031 0.732422 0.330078 0.734375 0.330078 0.751953 0.328125 0.753906 0.328125 0.763672 0.330078 0.765625 0.330078 0.767578 0.332031 0.767578 0.333984 0.769531 0.343750 0.769531 0.345703 0.767578 0.349609 0.767578 0.351562 0.765625 0.355469 0.765625 0.365234 0.757812 0.365234 0.755859 0.367188 0.753906 0.367188 0.746094 0.365234 0.744141 0.365234 0.738281 0.363281 0.736328 0.363281 0.732422
0 0.515625 0.808594 0.517578 0.818359 0.535156 0.837891 0.542969 0.839844 0.562500 0.857422 0.568359 0.857422 0.582031 0.849609 0.593750 0.833984 0.615234 0.830078 0.619141 0.824219 0.626953 0.833984 0.644531 0.833984 0.654297 0.830078 0.660156 0.820312 0.662109 0.798828 0.654297 0.789062 0.642578 0.787109 0.621094 0.798828 0.607422 0.781250 0.597656 0.775391 0.558594 0.769531 0.550781 0.779297 0.541016 0.781250 0.521484 0.794922
0 0.267578 0.820312 0.267578 0.832031 0.271484 0.837891 0.271484 0.853516 0.273438 0.855469 0.275391 0.871094 0.283203 0.871094 0.292969 0.875000 0.296875 0.880859 0.308594 0.890625 0.318359 0.890625 0.320312 0.888672 0.339844 0.886719 0.341797 0.884766 0.339844 0.875000 0.332031 0.873047 0.326172 0.867188 0.322266 0.857422 0.312500 0.853516 0.300781 0.853516 0.296875 0.849609 0.291016 0.832031 0.283203 0.822266 0.279297 0.820312
0 0.558594 0.890625 0.558594 0.898438 0.560547 0.900391 0.560547 0.902344 0.562500 0.904297 0.564453 0.904297 0.570312 0.910156 0.576172 0.910156 0.582031 0.906250 0.593750 0.906250 0.599609 0.902344 0.599609 0.892578 0.597656 0.890625 0.595703 0.884766 0.593750 0.882812 0.589844 0.882812 0.587891 0.880859 0.585938 0.880859 0.580078 0.876953 0.570312 0.876953 0.560547 0.886719 0.560547 0.888672
0 0.220703 0.882812 0.203125 0.890625 0.199219 0.900391 0.201172 0.925781 0.197266 0.929688 0.187500 0.931641 0.179688 0.939453 0.179688 0.960938 0.183594 0.972656 0.201172 0.992188 0.203125 0.998047 0.230469 0.998047 0.242188 0.972656 0.240234 0.964844 0.232422 0.958984 0.230469 0.947266 0.248047 0.945312 0.251953 0.941406 0.255859 0.927734 0.242188 0.894531 0.236328 0.888672
0 0.498047 0.892578 0.488281 0.898438 0.482422 0.906250 0.480469 0.919922 0.484375 0.929688 0.476562 0.939453 0.474609 0.955078 0.480469 0.972656 0.484375 0.976562 0.500000 0.984375 0.511719 0.984375 0.521484 0.980469 0.529297 0.970703 0.531250 0.960938 0.527344 0.945312 0.523438 0.939453 0.535156 0.935547 0.546875 0.937500 0.550781 0.933594 0.550781 0.906250 0.539062 0.898438 0.515625 0.898438
0 0.707031 0.929688 0.707031 0.935547 0.710938 0.943359 0.718750 0.947266 0.720703 0.951172 0.738281 0.958984 0.742188 0.957031 0.750000 0.957031 0.751953 0.958984 0.771484 0.958984 0.773438 0.957031 0.787109 0.958984 0.789062 0.957031 0.792969 0.957031 0.792969 0.947266 0.785156 0.939453 0.779297 0.939453 0.771484 0.931641 0.767578 0.931641 0.765625 0.929688 0.748047 0.929688 0.746094 0.927734 0.738281 0.927734 0.736328 0.925781 0.710938 0.925781
0 0.000000 0.947266 0.000000 0.998047 0.033203 0.998047 0.033203 0.996094 0.044922 0.984375 0.044922 0.976562 0.027344 0.955078 0.025391 0.955078 0.023438 0.953125 0.019531 0.953125 0.017578 0.951172 0.013672 0.951172 0.011719 0.949219 0.007812 0.949219 0.005859 0.947266
0 0.349609 0.957031 0.349609 0.962891 0.347656 0.964844 0.347656 0.990234 0.349609 0.992188 0.349609 0.998047 0.429688 0.998047 0.433594 0.992188 0.427734 0.972656 0.425781 0.972656 0.414062 0.960938 0.412109 0.962891 0.406250 0.962891 0.404297 0.960938 0.390625 0.960938 0.378906 0.953125 0.371094 0.953125 0.363281 0.949219 0.353516 0.951172
0 0.867188 0.974609 0.867188 0.978516 0.873047 0.988281 0.878906 0.994141 0.888672 0.998047 0.998047 0.998047 0.998047 0.986328 0.996094 0.984375 0.955078 0.982422 0.947266 0.976562 0.929688 0.970703 0.900391 0.968750 0.888672 0.964844 0.886719 0.966797 0.876953 0.966797
3 0.000000 0.121094 0.000000 0.945312 0.035156 0.998047 0.201172 0.998047 0.177734 0.939453 0.216797 0.880859 0.257812 0.925781 0.232422 0.998047 0.347656 0.998047 0.361328 0.947266 0.511719 0.998047 0.472656 0.955078 0.498047 0.890625 0.552734 0.906250 0.519531 0.998047 0.753906 0.996094 0.777344 0.970703 0.710938 0.923828 0.998047 0.984375 0.929688 0.960938 0.910156 0.701172 0.945312 0.666016 0.998047 0.701172 0.953125 0.656250 0.998047 0.634766 0.998047 0.353516 0.708984 0.365234 0.998047 0.291016 0.998047 0.000000 0.332031 0.000000 0.316406 0.080078
3 0.000000 0.099609 0.000000 0.103516 0.001953 0.101562
3 0.976562 0.777344 0.994141 0.777344 0.996094 0.779297 0.998047 0.779297 0.998047 0.777344
3 0.533203 0.785156 0.531250 0.787109 0.521484 0.787109 0.521484 0.791016 0.519531 0.792969 0.519531 0.794922 0.521484 0.792969 0.523438 0.792969 0.525391 0.791016 0.527344 0.791016
3 0.595703 0.882812 0.597656 0.884766 0.597656 0.886719 0.599609 0.888672 0.599609 0.890625 0.599609 0.888672 0.597656 0.886719 0.597656 0.884766
3 0.222656 0.931641 0.220703 0.931641 0.220703 0.933594
3 0.525391 0.939453 0.525391 0.941406 0.527344 0.943359 0.527344 0.939453
3 0.843750 0.960938 0.843750 0.962891 0.847656 0.962891 0.847656 0.960938
3 0.859375 0.960938 0.859375 0.962891 0.861328 0.962891 0.861328 0.960938
3 0.843750 0.968750 0.845703 0.970703 0.853516 0.970703 0.855469 0.972656 0.859375 0.972656 0.861328 0.974609 0.861328 0.978516 0.863281 0.978516 0.865234 0.976562 0.865234 0.972656 0.867188 0.970703 0.869141 0.970703 0.869141 0.968750
3 0.771484 0.984375 0.771484 0.986328 0.775391 0.986328 0.777344 0.988281 0.779297 0.986328 0.777344 0.984375
3 0.843750 0.986328 0.847656 0.986328 0.849609 0.988281 0.845703 0.992188 0.843750 0.992188 0.843750 0.994141 0.847656 0.998047 0.849609 0.998047 0.849609 0.996094 0.851562 0.994141 0.855469 0.994141 0.859375 0.998047 0.865234 0.998047 0.865234 0.996094 0.867188 0.994141 0.867188 0.992188 0.863281 0.988281 0.863281 0.986328 0.861328 0.984375 0.859375 0.984375 0.857422 0.986328 0.855469 0.986328 0.853516 0.984375 0.851562 0.984375 0.849609 0.986328
3 0.765625 0.994141 0.771484 0.994141 0.773438 0.992188 0.765625 0.992188
3 0.781250 0.992188 0.781250 0.994141 0.785156 0.994141 0.785156 0.992188
3 0.798828 0.992188 0.798828 0.994141 0.800781 0.994141 0.800781 0.992188
3 0.814453 0.992188 0.814453 0.994141 0.816406 0.994141 0.816406 0.992188
3 0.828125 0.992188 0.828125 0.994141 0.832031 0.994141 0.832031 0.992188
4 0.000000 0.000000 0.003906 0.121094 0.076172 0.095703 0.134766 0.091797 0.152344 0.078125 0.173828 0.085938 0.197266 0.076172 0.257812 0.085938 0.279297 0.074219 0.310547 0.080078 0.330078 0.064453 0.330078 0.000000
4 0.556641 0.666016 0.552734 0.669922 0.552734 0.708984 0.554688 0.710938 0.554688 0.750000 0.558594 0.761719 0.580078 0.767578 0.630859 0.769531 0.640625 0.708984 0.638672 0.677734 0.611328 0.677734 0.582031 0.664062
4 0.650391 0.675781 0.644531 0.771484 0.652344 0.775391 0.673828 0.777344 0.699219 0.789062 0.714844 0.789062 0.718750 0.777344 0.716797 0.761719 0.722656 0.716797 0.722656 0.687500 0.718750 0.673828 0.712891 0.669922 0.685547 0.671875 0.677734 0.677734
4 0.855469 0.669922 0.851562 0.685547 0.857422 0.714844 0.841797 0.822266 0.824219 0.832031 0.740234 0.824219 0.736328 0.912109 0.742188 0.919922 0.910156 0.958984 0.925781 0.949219 0.908203 0.693359 0.898438 0.673828
4 0.945312 0.667969 0.923828 0.675781 0.912109 0.689453 0.923828 0.775391 0.935547 0.779297 0.927734 0.785156 0.931641 0.960938 0.953125 0.972656 0.992188 0.976562 0.998047 0.972656 0.998047 0.781250 0.974609 0.777344 0.998047 0.775391 0.998047 0.703125 0.972656 0.669922
4 0.480469 0.671875 0.474609 0.673828 0.470703 0.681641 0.472656 0.687500 0.478516 0.691406 0.476562 0.697266 0.480469 0.707031 0.494141 0.712891 0.501953 0.720703 0.511719 0.722656 0.515625 0.734375 0.513672 0.751953 0.517578 0.759766 0.503906 0.769531 0.498047 0.779297 0.498047 0.800781 0.500000 0.806641 0.507812 0.810547 0.515625 0.806641 0.519531 0.787109 0.537109 0.783203 0.548828 0.765625 0.548828 0.746094 0.539062 0.728516 0.542969 0.697266 0.535156 0.681641 0.529297 0.677734 0.507812 0.671875
4 0.515625 0.837891 0.513672 0.845703 0.511719 0.847656 0.511719 0.853516 0.513672 0.855469 0.511719 0.859375 0.511719 0.865234 0.513672 0.867188 0.513672 0.890625 0.517578 0.894531 0.539062 0.894531 0.541016 0.896484 0.550781 0.896484 0.554688 0.888672 0.558594 0.884766 0.558594 0.871094 0.556641 0.869141 0.556641 0.857422 0.550781 0.851562 0.548828 0.851562 0.542969 0.845703 0.542969 0.843750 0.539062 0.841797 0.533203 0.841797 0.531250 0.839844 0.523438 0.839844 0.521484 0.837891
4 0.710938 0.853516 0.699219 0.835938 0.646484 0.839844 0.630859 0.853516 0.626953 0.853516 0.621094 0.841797 0.613281 0.837891 0.580078 0.853516 0.572266 0.861328 0.572266 0.871094 0.595703 0.880859 0.607422 0.902344 0.632812 0.906250 0.703125 0.908203 0.708984 0.884766
