0 0.000000 0.000000 0.003906 0.181641 0.058594 0.158203 0.185547 0.169922 0.224609 0.164062 0.292969 0.169922 0.316406 0.183594 0.388672 0.183594 0.386719 0.162109 0.367188 0.142578 0.330078 0.140625 0.322266 0.123047 0.351562 0.095703 0.363281 0.011719 0.357422 0.000000
0 0.005859 0.197266 0.003906 0.197266 0.003906 0.199219
0 0.003906 0.220703 0.000000 0.259766 0.031250 0.298828 0.000000 0.433594 0.000000 0.658203 0.037109 0.679688 0.074219 0.669922 0.117188 0.685547 0.222656 0.671875 0.382812 0.730469 0.431641 0.730469 0.417969 0.689453 0.359375 0.671875 0.349609 0.652344 0.416016 0.648438 0.445312 0.593750 0.492188 0.582031 0.498047 0.435547 0.421875 0.406250 0.220703 0.398438 0.181641 0.365234 0.187500 0.330078 0.167969 0.283203 0.189453 0.269531 0.115234 0.216797
0 0.673828 0.273438 0.654297 0.322266 0.667969 0.386719 0.638672 0.394531 0.640625 0.425781 0.628906 0.398438 0.621094 0.421875 0.617188 0.400391 0.564453 0.384766 0.578125 0.451172 0.562500 0.476562 0.599609 0.476562 0.599609 0.453125 0.587891 0.470703 0.582031 0.449219 0.599609 0.447266 0.605469 0.423828 0.609375 0.462891 0.626953 0.457031 0.613281 0.523438 0.658203 0.533203 0.669922 0.589844 0.759766 0.593750 0.818359 0.701172 0.882812 0.710938 0.896484 0.591797 0.917969 0.566406 0.937500 0.488281 0.998047 0.421875 0.998047 0.300781
0 0.222656 0.320312 0.220703 0.328125 0.222656 0.330078 0.222656 0.335938 0.226562 0.343750 0.232422 0.349609 0.248047 0.357422 0.259766 0.359375 0.261719 0.361328 0.269531 0.361328 0.283203 0.355469 0.291016 0.345703 0.291016 0.337891 0.289062 0.333984 0.271484 0.314453 0.271484 0.312500 0.265625 0.306641 0.259766 0.304688 0.255859 0.300781 0.240234 0.300781
0 0.566406 0.560547 0.564453 0.589844 0.568359 0.599609 0.574219 0.605469 0.587891 0.609375 0.599609 0.619141 0.638672 0.621094 0.644531 0.617188 0.652344 0.601562 0.640625 0.572266 0.625000 0.550781 0.619141 0.550781 0.617188 0.548828 0.589844 0.548828 0.587891 0.550781 0.572266 0.552734
2 0.373047 0.000000 0.376953 0.027344 0.371094 0.050781 0.369141 0.085938 0.375000 0.091797 0.398438 0.087891 0.511719 0.087891 0.511719 0.046875 0.519531 0.019531 0.515625 0.000000
2 0.568359 0.003906 0.568359 0.027344 0.572266 0.031250 0.617188 0.031250 0.619141 0.033203 0.625000 0.033203 0.626953 0.031250 0.630859 0.031250 0.630859 0.025391 0.632812 0.023438 0.632812 0.019531 0.630859 0.017578 0.630859 0.000000 0.570312 0.000000
2 0.980469 0.000000 0.978516 0.013672 0.982422 0.015625 0.986328 0.011719 0.988281 0.017578 0.992188 0.017578 0.996094 0.021484 0.996094 0.025391 0.992188 0.029297 0.984375 0.027344 0.982422 0.023438 0.978516 0.031250 0.976562 0.041016 0.978516 0.042969 0.980469 0.083984 0.978516 0.093750 0.974609 0.097656 0.974609 0.111328 0.970703 0.121094 0.982422 0.126953 0.998047 0.126953 0.998047 0.000000
2 0.896484 0.041016 0.892578 0.037109 0.869141 0.039062 0.867188 0.044922 0.871094 0.044922 0.875000 0.048828 0.873047 0.054688 0.863281 0.054688 0.849609 0.046875 0.839844 0.044922 0.835938 0.054688 0.822266 0.062500 0.822266 0.074219 0.824219 0.076172 0.824219 0.089844 0.828125 0.095703 0.894531 0.095703 0.896484 0.093750
2 0.568359 0.046875 0.566406 0.076172 0.564453 0.078125 0.566406 0.080078 0.564453 0.082031 0.566406 0.083984 0.564453 0.085938 0.566406 0.087891 0.564453 0.089844 0.566406 0.091797 0.583984 0.091797 0.585938 0.093750 0.626953 0.093750 0.628906 0.091797 0.628906 0.054688 0.630859 0.052734 0.630859 0.048828 0.621094 0.044922 0.589844 0.044922 0.587891 0.042969 0.572266 0.042969
2 0.667969 0.052734 0.666016 0.082031 0.669922 0.095703 0.695312 0.095703 0.697266 0.097656 0.716797 0.097656 0.718750 0.095703 0.748047 0.095703 0.750000 0.097656 0.765625 0.097656 0.767578 0.095703 0.769531 0.097656 0.775391 0.095703 0.779297 0.097656 0.789062 0.093750 0.789062 0.068359 0.791016 0.066406 0.775391 0.052734 0.753906 0.052734 0.751953 0.050781 0.750000 0.052734 0.732422 0.052734 0.730469 0.050781 0.707031 0.050781 0.687500 0.046875 0.677734 0.046875
2 0.582031 0.101562 0.578125 0.107422 0.578125 0.115234 0.580078 0.117188 0.580078 0.138672 0.578125 0.142578 0.582031 0.146484 0.589844 0.146484 0.591797 0.148438 0.603516 0.148438 0.605469 0.150391 0.621094 0.150391 0.623047 0.152344 0.628906 0.152344 0.632812 0.146484 0.632812 0.138672 0.634766 0.136719 0.634766 0.105469 0.632812 0.103516 0.626953 0.103516 0.625000 0.101562 0.611328 0.101562 0.609375 0.099609 0.589844 0.099609 0.587891 0.101562
2 0.900391 0.109375 0.888672 0.099609 0.830078 0.099609 0.826172 0.113281 0.824219 0.109375 0.814453 0.109375 0.808594 0.105469 0.763672 0.105469 0.755859 0.107422 0.753906 0.138672 0.755859 0.142578 0.824219 0.142578 0.826172 0.130859 0.828125 0.144531 0.832031 0.148438 0.876953 0.152344 0.894531 0.146484
2 0.425781 0.103516 0.423828 0.105469 0.425781 0.107422
2 0.384766 0.146484 0.384766 0.154297 0.406250 0.169922 0.457031 0.171875 0.478516 0.175781 0.505859 0.175781 0.507812 0.171875 0.505859 0.146484 0.484375 0.144531 0.490234 0.140625 0.484375 0.138672 0.484375 0.107422 0.478516 0.103516 0.435547 0.101562 0.431641 0.105469 0.433594 0.142578 0.431641 0.146484 0.427734 0.148438
2 0.380859 0.138672 0.384766 0.142578 0.388672 0.142578 0.390625 0.140625 0.390625 0.138672 0.384766 0.138672 0.382812 0.140625
2 0.019531 0.177734 0.023438 0.212891 0.058594 0.199219 0.138672 0.197266 0.291016 0.207031 0.310547 0.205078 0.316406 0.195312 0.314453 0.187500 0.296875 0.175781 0.261719 0.177734 0.216797 0.167969 0.193359 0.175781 0.150391 0.166016 0.078125 0.167969 0.056641 0.162109
2 0.585938 0.166016 0.587891 0.167969 0.587891 0.181641 0.585938 0.183594 0.587891 0.187500 0.585938 0.191406 0.587891 0.214844 0.623047 0.214844 0.625000 0.212891 0.697266 0.214844 0.699219 0.212891 0.697266 0.203125 0.699219 0.179688 0.695312 0.175781 0.687500 0.173828 0.683594 0.169922 0.681641 0.162109 0.591797 0.160156
2 0.750000 0.187500 0.750000 0.189453 0.757812 0.189453 0.755859 0.189453 0.753906 0.187500
2 0.787109 0.189453 0.789062 0.191406 0.791016 0.191406 0.792969 0.189453 0.796875 0.193359 0.800781 0.193359 0.802734 0.191406 0.808594 0.191406 0.810547 0.193359 0.808594 0.195312 0.812500 0.195312 0.814453 0.193359 0.814453 0.189453 0.800781 0.189453 0.798828 0.187500 0.796875 0.187500 0.794922 0.189453 0.792969 0.189453 0.791016 0.187500 0.789062 0.189453
2 0.554688 0.273438 0.560547 0.291016 0.648438 0.298828 0.656250 0.294922 0.648438 0.267578 0.654297 0.248047 0.658203 0.259766 0.759766 0.277344 0.910156 0.289062 0.935547 0.281250 0.933594 0.267578 0.914062 0.251953 0.835938 0.242188 0.814453 0.246094 0.810547 0.226562 0.746094 0.228516 0.703125 0.218750 0.656250 0.218750 0.652344 0.226562 0.638672 0.216797 0.566406 0.218750
2 0.808594 0.218750 0.808594 0.220703 0.810547 0.220703 0.810547 0.218750
2 0.367188 0.332031 0.367188 0.296875 0.371094 0.287109 0.371094 0.281250 0.367188 0.279297 0.345703 0.279297 0.343750 0.281250 0.326172 0.281250 0.324219 0.283203 0.267578 0.283203 0.257812 0.285156 0.255859 0.289062 0.257812 0.300781 0.263672 0.302734 0.292969 0.332031 0.322266 0.332031 0.324219 0.333984 0.328125 0.332031 0.330078 0.333984 0.365234 0.333984
2 0.394531 0.287109 0.394531 0.302734 0.396484 0.304688 0.394531 0.308594 0.394531 0.333984 0.402344 0.337891 0.419922 0.337891 0.421875 0.339844 0.460938 0.339844 0.462891 0.341797 0.472656 0.341797 0.474609 0.339844 0.474609 0.326172 0.476562 0.324219 0.476562 0.289062 0.474609 0.287109 0.468750 0.287109 0.466797 0.289062
2 0.568359 0.300781 0.564453 0.312500 0.566406 0.322266 0.560547 0.335938 0.560547 0.378906 0.568359 0.386719 0.593750 0.386719 0.625000 0.392578 0.648438 0.392578 0.666016 0.386719 0.660156 0.324219 0.658203 0.326172 0.652344 0.322266 0.656250 0.318359 0.660156 0.320312 0.666016 0.308594 0.652344 0.302734 0.634766 0.300781
2 0.470703 0.394531 0.470703 0.396484 0.468750 0.398438 0.468750 0.417969 0.472656 0.417969 0.474609 0.419922 0.498047 0.419922 0.498047 0.416016 0.500000 0.414062 0.500000 0.406250 0.498047 0.404297 0.498047 0.398438 0.496094 0.396484 0.488281 0.396484 0.486328 0.394531
2 0.558594 0.634766 0.560547 0.695312 0.708984 0.707031 0.789062 0.707031 0.802734 0.701172 0.802734 0.691406 0.792969 0.689453 0.794922 0.683594 0.802734 0.685547 0.791016 0.662109 0.794922 0.658203 0.769531 0.615234 0.667969 0.605469 0.673828 0.593750 0.697266 0.589844 0.669922 0.591797 0.671875 0.583984 0.667969 0.605469 0.636719 0.632812 0.570312 0.626953
2 0.716797 0.585938 0.714844 0.585938 0.712891 0.583984 0.712891 0.585938 0.710938 0.587891 0.710938 0.589844 0.708984 0.591797 0.707031 0.591797 0.708984 0.591797 0.710938 0.589844 0.712891 0.589844
2 0.750000 0.591797 0.753906 0.595703 0.755859 0.595703 0.753906 0.595703
2 0.453125 0.595703 0.443359 0.605469 0.439453 0.619141 0.429688 0.628906 0.423828 0.664062 0.439453 0.679688 0.443359 0.699219 0.443359 0.728516 0.451172 0.732422 0.490234 0.734375 0.496094 0.732422 0.494141 0.726562 0.498047 0.712891 0.498047 0.683594 0.513672 0.671875 0.513672 0.632812 0.503906 0.623047 0.500000 0.613281 0.501953 0.609375 0.496094 0.597656 0.486328 0.595703 0.468750 0.603516
2 0.419922 0.646484 0.416016 0.650391 0.412109 0.650391 0.416016 0.650391
2 0.892578 0.644531 0.892578 0.671875 0.890625 0.673828 0.890625 0.703125 0.890625 0.679688 0.892578 0.677734
2 0.353516 0.648438 0.353516 0.650391 0.351562 0.652344 0.351562 0.656250 0.353516 0.658203 0.353516 0.660156 0.357422 0.664062 0.357422 0.666016 0.359375 0.667969 0.359375 0.669922 0.365234 0.669922 0.361328 0.669922 0.357422 0.666016 0.357422 0.664062 0.355469 0.662109 0.355469 0.660156 0.353516 0.658203 0.353516 0.656250 0.351562 0.654297 0.351562 0.652344 0.353516 0.650391
2 0.218750 0.673828 0.222656 0.673828 0.224609 0.675781 0.226562 0.675781 0.224609 0.675781 0.222656 0.673828
2 0.371094 0.671875 0.373047 0.671875 0.375000 0.673828 0.375000 0.675781 0.376953 0.677734 0.384766 0.677734 0.386719 0.675781 0.392578 0.681641 0.390625 0.683594 0.392578 0.685547 0.396484 0.685547 0.398438 0.683594 0.400391 0.683594 0.402344 0.685547 0.406250 0.685547 0.404297 0.683594 0.406250 0.681641 0.406250 0.679688 0.404297 0.677734 0.390625 0.677734 0.386719 0.673828 0.376953 0.673828 0.375000 0.671875
2 0.125000 0.695312 0.121094 0.708984 0.128906 0.726562 0.146484 0.720703 0.187500 0.738281 0.222656 0.740234 0.238281 0.753906 0.285156 0.763672 0.300781 0.777344 0.431641 0.824219 0.470703 0.824219 0.472656 0.798828 0.470703 0.792969 0.466797 0.798828 0.460938 0.777344 0.431641 0.771484 0.421875 0.759766 0.386719 0.750000 0.355469 0.730469 0.322266 0.724609 0.298828 0.708984 0.253906 0.701172 0.242188 0.687500 0.187500 0.677734
2 0.230469 0.677734 0.232422 0.677734 0.234375 0.679688 0.240234 0.679688 0.242188 0.681641 0.246094 0.681641 0.248047 0.683594 0.250000 0.683594 0.251953 0.685547 0.253906 0.685547 0.251953 0.685547 0.250000 0.683594 0.248047 0.683594 0.246094 0.681641 0.242188 0.681641 0.238281 0.677734
2 0.257812 0.687500 0.265625 0.695312 0.269531 0.695312 0.271484 0.697266 0.273438 0.697266 0.275391 0.699219 0.281250 0.699219 0.275391 0.699219 0.271484 0.695312 0.269531 0.695312 0.263672 0.689453 0.259766 0.689453
2 0.412109 0.687500 0.417969 0.687500 0.419922 0.689453 0.419922 0.693359 0.423828 0.693359 0.425781 0.695312 0.425781 0.697266 0.423828 0.699219 0.421875 0.699219 0.423828 0.701172 0.431641 0.701172 0.433594 0.703125 0.433594 0.708984 0.435547 0.710938 0.435547 0.712891 0.435547 0.710938 0.433594 0.708984 0.433594 0.703125 0.429688 0.699219 0.429688 0.697266 0.419922 0.687500
2 0.814453 0.699219 0.814453 0.705078 0.822266 0.705078 0.824219 0.707031 0.826172 0.707031 0.828125 0.705078 0.830078 0.705078 0.832031 0.707031 0.837891 0.707031 0.833984 0.707031 0.832031 0.705078 0.822266 0.705078 0.820312 0.703125 0.818359 0.703125
2 0.113281 0.705078 0.115234 0.707031 0.115234 0.705078
2 0.314453 0.708984 0.316406 0.708984 0.320312 0.712891 0.322266 0.712891 0.324219 0.714844 0.330078 0.714844 0.332031 0.716797 0.335938 0.716797 0.333984 0.716797 0.332031 0.714844 0.328125 0.714844 0.326172 0.712891 0.320312 0.712891 0.316406 0.708984
2 0.888672 0.707031 0.888672 0.708984 0.886719 0.710938 0.884766 0.710938 0.882812 0.712891 0.875000 0.712891 0.884766 0.712891 0.888672 0.708984
2 0.351562 0.718750 0.361328 0.718750 0.371094 0.724609 0.376953 0.730469 0.380859 0.730469 0.382812 0.732422 0.394531 0.732422 0.400391 0.738281 0.406250 0.738281 0.408203 0.736328 0.414062 0.742188 0.414062 0.744141 0.419922 0.744141 0.421875 0.742188 0.427734 0.742188 0.429688 0.744141 0.431641 0.742188 0.433594 0.730469 0.435547 0.728516 0.435547 0.724609 0.435547 0.728516 0.431641 0.732422 0.423828 0.732422 0.417969 0.736328 0.414062 0.736328 0.412109 0.732422 0.404297 0.732422 0.402344 0.734375 0.396484 0.730469 0.382812 0.732422 0.380859 0.728516 0.373047 0.722656 0.369141 0.722656 0.363281 0.718750
2 0.863281 0.718750 0.857422 0.751953 0.845703 0.777344 0.839844 0.814453 0.847656 0.818359 0.869141 0.814453 0.896484 0.818359 0.875000 0.820312 0.861328 0.828125 0.857422 0.835938 0.849609 0.896484 0.873047 0.900391 0.876953 0.886719 0.892578 0.882812 0.896484 0.875000 0.904297 0.826172 0.894531 0.820312 0.902344 0.816406 0.908203 0.781250 0.917969 0.757812 0.919922 0.730469 0.896484 0.722656
2 0.191406 0.751953 0.191406 0.757812 0.199219 0.757812 0.201172 0.755859 0.199219 0.753906 0.199219 0.755859 0.197266 0.757812 0.195312 0.757812 0.193359 0.755859 0.193359 0.751953
2 0.542969 0.759766 0.544922 0.761719 0.542969 0.763672 0.544922 0.765625 0.542969 0.771484 0.556641 0.775391 0.558594 0.773438 0.576172 0.773438 0.578125 0.775391 0.603516 0.775391 0.605469 0.777344 0.667969 0.779297 0.667969 0.761719 0.656250 0.757812 0.611328 0.757812 0.609375 0.755859 0.552734 0.753906
2 0.470703 0.781250 0.468750 0.783203 0.468750 0.785156 0.470703 0.785156
2 0.027344 0.792969 0.021484 0.808594 0.023438 0.841797 0.037109 0.849609 0.041016 0.849609 0.048828 0.859375 0.052734 0.859375 0.068359 0.867188 0.085938 0.867188 0.091797 0.835938 0.097656 0.824219 0.097656 0.816406 0.089844 0.810547 0.070312 0.804688 0.060547 0.796875 0.048828 0.794922 0.046875 0.792969
2 0.662109 0.818359 0.660156 0.816406 0.644531 0.816406 0.636719 0.822266 0.625000 0.822266 0.623047 0.820312 0.607422 0.820312 0.607422 0.824219 0.605469 0.826172 0.605469 0.857422 0.607422 0.859375 0.621094 0.859375 0.623047 0.861328 0.628906 0.861328 0.630859 0.863281 0.654297 0.863281 0.654297 0.837891 0.656250 0.835938 0.656250 0.832031 0.662109 0.826172
2 0.134766 0.826172 0.128906 0.832031 0.126953 0.857422 0.123047 0.863281 0.123047 0.869141 0.115234 0.876953 0.113281 0.892578 0.152344 0.906250 0.175781 0.904297 0.187500 0.908203 0.197266 0.908203 0.199219 0.888672 0.203125 0.876953 0.203125 0.859375 0.197266 0.851562 0.185547 0.847656 0.179688 0.841797 0.177734 0.833984 0.173828 0.835938 0.167969 0.828125 0.158203 0.822266 0.150391 0.822266 0.144531 0.826172
2 0.738281 0.820312 0.734375 0.820312 0.734375 0.826172 0.730469 0.830078 0.718750 0.826172 0.667969 0.828125 0.666016 0.833984 0.667969 0.859375 0.675781 0.863281 0.671875 0.896484 0.675781 0.900391 0.695312 0.908203 0.724609 0.904297 0.728516 0.900391 0.730469 0.876953 0.734375 0.869141 0.720703 0.869141 0.718750 0.867188 0.720703 0.865234 0.734375 0.865234 0.740234 0.855469
2 0.755859 0.826172 0.751953 0.835938 0.755859 0.847656 0.748047 0.853516 0.748047 0.865234 0.753906 0.869141 0.751953 0.871094 0.753906 0.876953 0.753906 0.908203 0.777344 0.916016 0.794922 0.916016 0.796875 0.882812 0.791016 0.876953 0.792969 0.873047 0.791016 0.859375 0.792969 0.857422 0.800781 0.857422 0.800781 0.853516 0.808594 0.847656 0.808594 0.843750 0.804688 0.843750 0.798828 0.837891 0.800781 0.833984 0.792969 0.833984 0.777344 0.828125
2 0.972656 0.865234 0.964844 0.894531 0.958984 0.900391 0.960938 0.902344 0.957031 0.912109 0.955078 0.935547 0.951172 0.943359 0.945312 0.947266 0.947266 0.949219 0.945312 0.953125 0.955078 0.960938 0.962891 0.960938 0.972656 0.964844 0.990234 0.964844 0.998047 0.957031 0.998047 0.869141 0.984375 0.865234
2 0.023438 0.882812 0.015625 0.890625 0.007812 0.908203 0.001953 0.955078 0.033203 0.966797 0.044922 0.978516 0.085938 0.978516 0.091797 0.982422 0.097656 0.998047 0.128906 0.998047 0.146484 0.960938 0.150391 0.923828 0.113281 0.906250 0.089844 0.900391 0.078125 0.902344 0.076172 0.894531 0.066406 0.890625
2 0.396484 0.921875 0.357422 0.919922 0.353516 0.923828 0.347656 0.914062 0.328125 0.908203 0.324219 0.914062 0.324219 0.935547 0.316406 0.966797 0.314453 0.962891 0.302734 0.958984 0.275391 0.958984 0.267578 0.970703 0.265625 0.984375 0.271484 0.990234 0.302734 0.998047 0.308594 0.982422 0.314453 0.976562 0.318359 0.996094 0.345703 0.998047 0.345703 0.984375 0.349609 0.980469 0.353516 0.960938 0.363281 0.964844 0.394531 0.962891
2 0.429688 0.931641 0.427734 0.935547 0.427734 0.964844 0.429688 0.966797 0.427734 0.998047 0.464844 0.998047 0.474609 0.990234 0.474609 0.945312 0.466797 0.941406 0.457031 0.941406 0.455078 0.939453 0.449219 0.939453 0.435547 0.931641
2 0.531250 0.984375 0.533203 0.992188 0.546875 0.996094 0.556641 0.996094 0.558594 0.998047 0.654297 0.998047 0.646484 0.986328 0.636719 0.984375 0.630859 0.980469 0.613281 0.978516 0.611328 0.976562 0.595703 0.976562 0.587891 0.972656 0.578125 0.972656 0.566406 0.968750 0.546875 0.968750 0.542969 0.966797 0.533203 0.974609 0.533203 0.982422
5 0.527344 0.000000 0.503906 0.859375 0.005859 0.677734 0.000000 0.720703 0.550781 0.943359 0.935547 0.998047 0.537109 0.867188 0.564453 0.003906
