0 0.912109 0.000000 0.865234 0.000000 0.861328 0.126953 0.814453 0.154297 0.814453 0.193359 0.820312 0.214844 0.839844 0.218750 0.845703 0.246094 0.902344 0.240234 0.917969 0.222656 0.917969 0.197266 0.908203 0.173828 0.906250 0.140625 0.914062 0.085938 0.908203 0.058594 0.914062 0.039062
1 0.158203 0.000000 0.181641 0.109375 0.185547 0.164062 0.199219 0.201172 0.232422 0.203125 0.248047 0.197266 0.279297 0.197266 0.291016 0.187500 0.296875 0.171875 0.298828 0.111328 0.291016 0.037109 0.281250 0.000000
1 0.810547 0.146484 0.804688 0.148438 0.798828 0.158203 0.796875 0.216797 0.787109 0.261719 0.785156 0.298828 0.787109 0.302734 0.818359 0.304688 0.833984 0.298828 0.839844 0.279297 0.839844 0.244141 0.835938 0.220703 0.822266 0.218750 0.818359 0.214844 0.812500 0.193359 0.814453 0.187500 0.810547 0.167969 0.812500 0.154297 0.818359 0.148438
2 0.962891 0.025391 0.937500 0.023438 0.927734 0.054688 0.921875 0.302734 0.927734 0.318359 0.957031 0.328125 0.939453 0.328125 0.933594 0.347656 0.933594 0.328125 0.900391 0.312500 0.867188 0.308594 0.853516 0.341797 0.820312 0.318359 0.783203 0.316406 0.773438 0.345703 0.783203 0.378906 0.837891 0.384766 0.845703 0.371094 0.853516 0.384766 0.890625 0.390625 0.908203 0.375000 0.900391 0.396484 0.912109 0.398438 0.931641 0.347656 0.931641 0.378906 0.970703 0.404297 0.998047 0.402344 0.998047 0.343750 0.955078 0.330078 0.974609 0.326172 0.978516 0.156250
2 0.648438 0.148438 0.660156 0.150391 0.681641 0.132812 0.697266 0.132812 0.761719 0.150391 0.763672 0.158203 0.785156 0.166016 0.792969 0.164062 0.796875 0.138672 0.828125 0.138672 0.841797 0.130859 0.857422 0.113281 0.859375 0.097656 0.857422 0.093750 0.662109 0.050781 0.654297 0.080078 0.656250 0.099609
2 0.652344 0.160156 0.650391 0.162109 0.650391 0.166016 0.646484 0.169922 0.644531 0.169922 0.642578 0.171875 0.644531 0.173828 0.642578 0.175781 0.646484 0.175781 0.654297 0.167969 0.654297 0.164062 0.652344 0.162109
2 0.451172 0.298828 0.447266 0.337891 0.455078 0.341797 0.429688 0.341797 0.427734 0.376953 0.435547 0.382812 0.476562 0.388672 0.484375 0.375000 0.484375 0.357422 0.482422 0.353516 0.462891 0.345703 0.472656 0.343750 0.490234 0.349609 0.507812 0.347656 0.511719 0.324219 0.519531 0.312500 0.513672 0.306641 0.492188 0.300781
2 0.691406 0.316406 0.691406 0.322266 0.693359 0.324219 0.695312 0.351562 0.697266 0.355469 0.707031 0.363281 0.726562 0.371094 0.744141 0.373047 0.744141 0.353516 0.750000 0.349609 0.763672 0.349609 0.765625 0.339844 0.773438 0.326172 0.773438 0.316406 0.763672 0.316406 0.761719 0.314453 0.728516 0.314453 0.726562 0.312500 0.710938 0.312500 0.708984 0.310547 0.699219 0.310547
2 0.396484 0.378906 0.394531 0.380859 0.392578 0.380859 0.392578 0.384766 0.390625 0.386719 0.390625 0.410156 0.388672 0.412109 0.388672 0.417969 0.390625 0.419922 0.390625 0.421875 0.396484 0.421875 0.398438 0.423828 0.402344 0.423828 0.404297 0.425781 0.408203 0.425781 0.412109 0.421875 0.412109 0.419922 0.414062 0.417969 0.414062 0.414062 0.416016 0.412109 0.416016 0.406250 0.417969 0.404297 0.417969 0.400391 0.419922 0.398438 0.419922 0.392578 0.421875 0.390625 0.419922 0.388672 0.419922 0.386719 0.414062 0.382812 0.410156 0.382812 0.408203 0.380859 0.404297 0.380859 0.402344 0.378906
2 0.609375 0.390625 0.601562 0.398438 0.595703 0.410156 0.595703 0.435547 0.599609 0.441406 0.607422 0.447266 0.623047 0.449219 0.625000 0.451172 0.640625 0.453125 0.642578 0.455078 0.654297 0.455078 0.658203 0.439453 0.664062 0.431641 0.666016 0.404297 0.660156 0.400391 0.652344 0.400391 0.636719 0.390625 0.619141 0.390625 0.617188 0.392578 0.615234 0.390625
2 0.435547 0.398438 0.427734 0.398438 0.427734 0.404297 0.431641 0.408203 0.433594 0.406250 0.433594 0.404297 0.437500 0.400391
2 0.679688 0.412109 0.681641 0.412109 0.683594 0.410156 0.685547 0.410156 0.691406 0.404297 0.693359 0.404297 0.683594 0.404297 0.681641 0.406250 0.681641 0.408203 0.679688 0.410156
2 0.677734 0.417969 0.675781 0.425781 0.673828 0.427734 0.673828 0.435547 0.671875 0.437500 0.671875 0.441406 0.675781 0.445312 0.679688 0.445312 0.685547 0.451172 0.685547 0.455078 0.689453 0.460938 0.701172 0.460938 0.703125 0.462891 0.720703 0.462891 0.722656 0.460938 0.730469 0.460938 0.734375 0.458984 0.738281 0.451172 0.738281 0.441406 0.740234 0.439453 0.740234 0.423828 0.732422 0.416016 0.728516 0.414062 0.720703 0.414062 0.710938 0.406250 0.699219 0.406250 0.689453 0.417969
2 0.410156 0.441406 0.412109 0.449219 0.406250 0.472656 0.421875 0.482422 0.468750 0.492188 0.474609 0.490234 0.484375 0.474609 0.492188 0.472656 0.498047 0.457031 0.498047 0.474609 0.486328 0.490234 0.490234 0.500000 0.537109 0.509766 0.550781 0.505859 0.556641 0.453125 0.548828 0.447266 0.529297 0.449219 0.503906 0.445312 0.500000 0.458984 0.496094 0.427734 0.431641 0.412109 0.416016 0.431641 0.419922 0.433594
2 0.759766 0.431641 0.753906 0.445312 0.753906 0.457031 0.761719 0.462891 0.763672 0.466797 0.763672 0.472656 0.765625 0.474609 0.771484 0.474609 0.773438 0.476562 0.787109 0.476562 0.789062 0.478516 0.814453 0.478516 0.820312 0.472656 0.820312 0.433594 0.816406 0.429688 0.808594 0.425781 0.802734 0.425781 0.796875 0.421875 0.773438 0.419922
2 0.833984 0.427734 0.832031 0.431641 0.832031 0.439453 0.828125 0.445312 0.828125 0.458984 0.830078 0.460938 0.828125 0.472656 0.830078 0.476562 0.851562 0.486328 0.867188 0.488281 0.876953 0.492188 0.888672 0.492188 0.890625 0.490234 0.890625 0.484375 0.892578 0.482422 0.894531 0.468750 0.896484 0.466797 0.896484 0.449219 0.898438 0.447266 0.896484 0.441406 0.894531 0.439453 0.880859 0.439453 0.878906 0.437500 0.875000 0.437500 0.865234 0.427734 0.843750 0.427734 0.841797 0.425781
2 0.910156 0.460938 0.910156 0.474609 0.912109 0.476562 0.912109 0.482422 0.921875 0.492188 0.921875 0.498047 0.923828 0.500000 0.927734 0.500000 0.929688 0.501953 0.941406 0.501953 0.943359 0.503906 0.958984 0.505859 0.960938 0.507812 0.972656 0.507812 0.974609 0.505859 0.974609 0.498047 0.978516 0.490234 0.978516 0.462891 0.974609 0.458984 0.970703 0.457031 0.957031 0.457031 0.955078 0.455078 0.949219 0.455078 0.941406 0.460938 0.916016 0.460938 0.914062 0.458984
2 0.585938 0.476562 0.580078 0.511719 0.609375 0.509766 0.619141 0.515625 0.642578 0.519531 0.648438 0.517578 0.650391 0.509766 0.654297 0.519531 0.666016 0.523438 0.691406 0.525391 0.722656 0.535156 0.726562 0.482422 0.718750 0.474609 0.691406 0.466797 0.660156 0.472656 0.652344 0.511719 0.650391 0.462891 0.607422 0.458984
2 0.744141 0.480469 0.742188 0.490234 0.736328 0.496094 0.738281 0.501953 0.736328 0.503906 0.738281 0.507812 0.738281 0.515625 0.734375 0.523438 0.734375 0.537109 0.736328 0.539062 0.738281 0.537109 0.757812 0.544922 0.773438 0.546875 0.787109 0.535156 0.800781 0.529297 0.804688 0.517578 0.804688 0.488281 0.792969 0.484375 0.785156 0.484375 0.783203 0.482422 0.773438 0.482422 0.771484 0.480469 0.753906 0.480469 0.751953 0.478516 0.746094 0.478516
2 0.826172 0.498047 0.824219 0.505859 0.820312 0.511719 0.820312 0.531250 0.828125 0.533203 0.832031 0.541016 0.839844 0.541016 0.851562 0.548828 0.847656 0.550781 0.851562 0.550781 0.855469 0.546875 0.869141 0.546875 0.871094 0.544922 0.876953 0.544922 0.886719 0.537109 0.888672 0.533203 0.888672 0.513672 0.871094 0.498047 0.865234 0.498047 0.863281 0.496094 0.830078 0.496094
2 0.896484 0.525391 0.894531 0.541016 0.896484 0.542969 0.904297 0.542969 0.910156 0.548828 0.912109 0.562500 0.916016 0.568359 0.923828 0.566406 0.931641 0.570312 0.943359 0.570312 0.949219 0.568359 0.962891 0.554688 0.968750 0.560547 0.972656 0.560547 0.972656 0.546875 0.966797 0.548828 0.962891 0.546875 0.962891 0.539062 0.964844 0.537109 0.962891 0.527344 0.964844 0.525391 0.964844 0.519531 0.958984 0.513672 0.933594 0.507812 0.931641 0.505859 0.919922 0.505859 0.916016 0.507812 0.916016 0.515625 0.910156 0.521484 0.900391 0.521484
2 0.466797 0.527344 0.466797 0.541016 0.464844 0.542969 0.464844 0.554688 0.462891 0.556641 0.462891 0.570312 0.466797 0.574219 0.478516 0.574219 0.488281 0.578125 0.531250 0.580078 0.529297 0.578125 0.531250 0.576172 0.529297 0.574219 0.539062 0.546875 0.539062 0.537109 0.517578 0.535156 0.509766 0.531250 0.494141 0.529297 0.492188 0.527344 0.480469 0.527344 0.470703 0.523438
2 0.970703 0.523438 0.970703 0.527344 0.972656 0.529297 0.972656 0.527344 0.974609 0.525391 0.972656 0.523438
2 0.576172 0.552734 0.574219 0.564453 0.568359 0.572266 0.568359 0.576172 0.564453 0.578125 0.564453 0.593750 0.572266 0.591797 0.576172 0.605469 0.580078 0.609375 0.593750 0.615234 0.623047 0.617188 0.628906 0.615234 0.626953 0.611328 0.630859 0.607422 0.640625 0.607422 0.640625 0.589844 0.646484 0.582031 0.646484 0.566406 0.640625 0.560547 0.623047 0.554688 0.613281 0.554688 0.611328 0.552734 0.603516 0.552734 0.591797 0.548828 0.582031 0.548828
2 0.648438 0.589844 0.646484 0.591797 0.646484 0.599609 0.644531 0.601562 0.644531 0.617188 0.640625 0.623047 0.640625 0.644531 0.648438 0.648438 0.654297 0.648438 0.658203 0.652344 0.664062 0.644531 0.695312 0.646484 0.699219 0.642578 0.697266 0.638672 0.697266 0.630859 0.699219 0.628906 0.697266 0.617188 0.699219 0.615234 0.699219 0.611328 0.689453 0.607422 0.679688 0.607422 0.677734 0.609375 0.671875 0.607422 0.669922 0.605469 0.671875 0.591797 0.664062 0.587891 0.660156 0.587891 0.658203 0.585938 0.652344 0.589844
2 0.765625 0.587891 0.765625 0.609375 0.769531 0.617188 0.767578 0.656250 0.773438 0.667969 0.773438 0.675781 0.775391 0.677734 0.781250 0.675781 0.775391 0.669922 0.777344 0.667969 0.796875 0.669922 0.802734 0.673828 0.824219 0.673828 0.835938 0.669922 0.837891 0.640625 0.833984 0.623047 0.835938 0.619141 0.832031 0.609375 0.833984 0.595703 0.816406 0.593750 0.792969 0.585938
2 0.683594 0.593750 0.683594 0.595703 0.687500 0.595703 0.685547 0.593750
2 0.712891 0.597656 0.710938 0.599609 0.710938 0.621094 0.707031 0.628906 0.707031 0.658203 0.708984 0.662109 0.726562 0.664062 0.728516 0.662109 0.728516 0.654297 0.730469 0.652344 0.736328 0.652344 0.746094 0.656250 0.750000 0.656250 0.751953 0.654297 0.755859 0.654297 0.757812 0.656250 0.761719 0.654297 0.761719 0.640625 0.763672 0.638672 0.763672 0.628906 0.765625 0.626953 0.763672 0.619141 0.761719 0.617188 0.750000 0.617188 0.748047 0.615234 0.744141 0.615234 0.736328 0.607422 0.736328 0.603516 0.740234 0.597656
2 0.843750 0.621094 0.843750 0.656250 0.849609 0.664062 0.894531 0.667969 0.904297 0.660156 0.910156 0.669922 0.949219 0.673828 0.955078 0.667969 0.962891 0.666016 0.964844 0.648438 0.974609 0.630859 0.972656 0.617188 0.941406 0.609375 0.917969 0.609375 0.912109 0.617188 0.910156 0.628906 0.894531 0.609375 0.865234 0.599609 0.857422 0.599609
3 0.000000 0.224609 0.000000 0.425781 0.123047 0.427734 0.158203 0.419922 0.166016 0.318359 0.164062 0.253906 0.146484 0.246094 0.132812 0.228516 0.074219 0.222656
4 0.058594 0.439453 0.060547 0.447266 0.107422 0.468750 0.113281 0.529297 0.142578 0.533203 0.296875 0.531250 0.314453 0.476562 0.333984 0.470703 0.369141 0.472656 0.375000 0.458984 0.371094 0.449219 0.246094 0.445312 0.160156 0.433594 0.062500 0.433594
5 0.662109 0.000000 0.634766 0.000000 0.472656 0.998047 0.503906 0.998047 0.568359 0.544922 0.998047 0.613281 0.984375 0.582031 0.578125 0.517578 0.601562 0.386719 0.998047 0.449219 0.972656 0.408203 0.601562 0.359375
