0 0.843750 0.000000 0.802734 0.000000 0.794922 0.017578 0.794922 0.058594 0.808594 0.076172 0.808594 0.083984 0.794922 0.095703 0.796875 0.134766 0.791016 0.152344 0.794922 0.158203 0.792969 0.160156 0.802734 0.167969 0.814453 0.167969 0.818359 0.148438 0.824219 0.142578 0.833984 0.140625 0.837891 0.128906 0.837891 0.101562 0.833984 0.091797 0.824219 0.082031 0.835938 0.074219 0.837891 0.064453 0.851562 0.042969 0.851562 0.031250 0.843750 0.013672
0 0.732422 0.005859 0.724609 0.005859 0.720703 0.011719 0.722656 0.050781 0.718750 0.058594 0.718750 0.082031 0.710938 0.089844 0.710938 0.162109 0.722656 0.171875 0.728516 0.171875 0.734375 0.164062 0.744141 0.115234 0.751953 0.097656 0.750000 0.054688 0.753906 0.046875 0.744141 0.048828 0.740234 0.044922 0.740234 0.031250 0.736328 0.021484 0.738281 0.009766
0 0.753906 0.031250 0.753906 0.035156 0.755859 0.035156 0.755859 0.031250
0 0.380859 0.111328 0.386719 0.132812 0.416016 0.144531 0.476562 0.154297 0.544922 0.152344 0.568359 0.164062 0.667969 0.177734 0.673828 0.158203 0.660156 0.156250 0.660156 0.148438 0.625000 0.132812 0.589844 0.136719 0.544922 0.130859 0.478516 0.107422 0.412109 0.109375 0.390625 0.101562
0 0.503906 0.515625 0.507812 0.519531 0.529297 0.519531 0.544922 0.505859 0.599609 0.490234 0.625000 0.490234 0.640625 0.501953 0.689453 0.496094 0.705078 0.505859 0.722656 0.505859 0.724609 0.486328 0.714844 0.474609 0.683594 0.453125 0.640625 0.451172 0.626953 0.445312 0.576172 0.449219 0.546875 0.458984 0.509766 0.482422 0.505859 0.488281
0 0.746094 0.468750 0.748047 0.482422 0.761719 0.486328 0.792969 0.486328 0.804688 0.496094 0.820312 0.501953 0.835938 0.515625 0.861328 0.527344 0.890625 0.531250 0.904297 0.539062 0.927734 0.542969 0.933594 0.539062 0.935547 0.511719 0.910156 0.486328 0.847656 0.484375 0.830078 0.466797 0.822266 0.464844 0.804688 0.468750 0.777344 0.457031
0 0.158203 0.660156 0.173828 0.699219 0.173828 0.714844 0.162109 0.726562 0.156250 0.742188 0.158203 0.750000 0.167969 0.759766 0.181641 0.761719 0.226562 0.748047 0.253906 0.748047 0.267578 0.740234 0.269531 0.720703 0.281250 0.708984 0.289062 0.693359 0.289062 0.673828 0.267578 0.662109 0.253906 0.664062 0.234375 0.654297 0.230469 0.656250 0.220703 0.652344 0.166016 0.652344
0 0.080078 0.804688 0.085938 0.812500 0.105469 0.816406 0.130859 0.812500 0.138672 0.816406 0.156250 0.814453 0.167969 0.808594 0.173828 0.794922 0.187500 0.781250 0.189453 0.769531 0.187500 0.767578 0.177734 0.769531 0.167969 0.767578 0.152344 0.751953 0.087891 0.746094 0.085938 0.748047 0.091797 0.753906 0.083984 0.759766 0.080078 0.759766 0.078125 0.765625 0.080078 0.767578 0.078125 0.781250 0.082031 0.789062
1 0.355469 0.849609 0.378906 0.865234 0.376953 0.904297 0.437500 0.876953 0.480469 0.882812 0.490234 0.863281 0.500000 0.867188 0.484375 0.876953 0.515625 0.898438 0.589844 0.878906 0.650391 0.884766 0.679688 0.902344 0.865234 0.937500 0.919922 0.931641 0.998047 0.958984 0.998047 0.855469 0.625000 0.806641 0.564453 0.814453 0.544922 0.845703 0.533203 0.818359 0.460938 0.824219 0.525391 0.835938 0.404297 0.833984
1 0.445312 0.835938 0.445312 0.837891 0.447266 0.837891 0.447266 0.835938
1 0.375000 0.908203 0.365234 0.900391 0.335938 0.898438 0.326172 0.902344 0.306641 0.902344 0.279297 0.912109 0.265625 0.929688 0.267578 0.931641 0.255859 0.941406 0.250000 0.953125 0.250000 0.972656 0.263672 0.976562 0.281250 0.970703 0.285156 0.966797 0.287109 0.955078 0.306641 0.939453 0.345703 0.935547 0.359375 0.931641 0.365234 0.925781 0.373047 0.923828
2 0.072266 0.027344 0.078125 0.033203 0.105469 0.035156 0.128906 0.042969 0.208984 0.048828 0.216797 0.044922 0.226562 0.025391 0.226562 0.000000 0.076172 0.000000
2 0.271484 0.000000 0.271484 0.017578 0.269531 0.019531 0.269531 0.029297 0.267578 0.031250 0.267578 0.039062 0.265625 0.041016 0.265625 0.056641 0.263672 0.058594 0.263672 0.068359 0.271484 0.074219 0.287109 0.074219 0.289062 0.070312 0.289062 0.052734 0.291016 0.050781 0.291016 0.041016 0.292969 0.039062 0.294922 0.019531 0.296875 0.017578 0.296875 0.011719 0.298828 0.009766 0.298828 0.000000
5 0.025391 0.998047 0.050781 0.994141 0.119141 0.419922 0.224609 0.302734 0.259766 0.148438 0.980469 0.263672 0.998047 0.238281 0.000000 0.089844 0.033203 0.115234 0.027344 0.302734 0.113281 0.375000
6 0.337891 0.064453 0.349609 0.107422 0.378906 0.113281 0.390625 0.099609 0.412109 0.107422 0.478516 0.105469 0.544922 0.128906 0.640625 0.134766 0.667969 0.142578 0.675781 0.160156 0.697266 0.136719 0.703125 0.013672 0.697266 0.000000 0.351562 0.000000
6 0.890625 0.035156 0.888672 0.046875 0.878906 0.056641 0.875000 0.089844 0.875000 0.136719 0.880859 0.142578 0.878906 0.148438 0.908203 0.166016 0.939453 0.169922 0.958984 0.177734 0.986328 0.175781 0.998047 0.164062 0.998047 0.056641 0.990234 0.041016 0.978516 0.037109 0.912109 0.039062
6 0.671875 0.173828 0.673828 0.175781 0.675781 0.173828 0.681641 0.173828 0.679688 0.173828 0.677734 0.171875 0.673828 0.171875
6 0.312500 0.195312 0.277344 0.193359 0.275391 0.183594 0.259766 0.191406 0.228516 0.320312 0.236328 0.341797 0.226562 0.339844 0.214844 0.326172 0.193359 0.339844 0.166016 0.347656 0.148438 0.363281 0.150391 0.373047 0.183594 0.390625 0.232422 0.398438 0.251953 0.396484 0.269531 0.384766 0.291016 0.347656 0.302734 0.308594 0.314453 0.220703
6 0.267578 0.496094 0.427734 0.513672 0.429688 0.470703 0.400391 0.447266 0.460938 0.449219 0.482422 0.425781 0.546875 0.449219 0.625000 0.437500 0.851562 0.466797 0.994141 0.451172 0.998047 0.339844 0.556641 0.275391 0.511719 0.312500 0.523438 0.261719 0.333984 0.230469 0.312500 0.380859 0.355469 0.447266 0.281250 0.437500 0.298828 0.468750
6 0.324219 0.433594 0.324219 0.435547 0.326172 0.435547 0.326172 0.433594
6 0.960938 0.457031 0.960938 0.458984 0.962891 0.458984 0.962891 0.457031
6 0.906250 0.474609 0.906250 0.480469 0.910156 0.480469 0.912109 0.478516 0.908203 0.474609
6 0.998047 0.527344 0.945312 0.529297 0.927734 0.546875 0.804688 0.523438 0.800781 0.546875 0.796875 0.531250 0.787109 0.546875 0.777344 0.533203 0.773438 0.560547 0.740234 0.578125 0.699219 0.554688 0.556641 0.564453 0.513672 0.597656 0.507812 0.677734 0.449219 0.693359 0.441406 0.734375 0.466797 0.746094 0.445312 0.751953 0.605469 0.751953 0.609375 0.701172 0.759766 0.707031 0.791016 0.699219 0.814453 0.669922 0.833984 0.669922 0.837891 0.687500 0.847656 0.677734 0.882812 0.724609 0.892578 0.708984 0.896484 0.724609 0.980469 0.722656 0.998047 0.707031
6 0.767578 0.548828 0.763672 0.548828 0.763672 0.550781 0.765625 0.552734 0.765625 0.556641 0.767578 0.554688
6 0.609375 0.710938 0.609375 0.712891 0.611328 0.712891 0.611328 0.710938
6 0.875000 0.714844 0.875000 0.716797 0.876953 0.716797 0.876953 0.714844
6 0.900391 0.736328 0.902344 0.736328 0.904297 0.734375 0.900391 0.734375
