0 0.289062 0.644531 0.283203 0.634766 0.281250 0.634766 0.275391 0.630859 0.265625 0.630859 0.253906 0.640625 0.251953 0.640625 0.250000 0.642578 0.240234 0.646484 0.240234 0.648438 0.238281 0.650391 0.238281 0.662109 0.240234 0.664062 0.250000 0.664062 0.251953 0.662109 0.259766 0.662109 0.261719 0.664062 0.287109 0.664062 0.289062 0.662109
0 0.173828 0.750000 0.173828 0.753906 0.171875 0.755859 0.171875 0.759766 0.173828 0.761719 0.173828 0.767578 0.181641 0.775391 0.181641 0.777344 0.189453 0.777344 0.191406 0.775391 0.197266 0.775391 0.203125 0.771484 0.207031 0.771484 0.207031 0.769531 0.208984 0.767578 0.208984 0.761719 0.210938 0.759766 0.210938 0.757812 0.208984 0.755859 0.208984 0.751953 0.207031 0.750000 0.207031 0.748047 0.203125 0.744141 0.183594 0.744141 0.181641 0.746094 0.179688 0.746094
0 0.220703 0.769531 0.218750 0.769531 0.216797 0.771484 0.214844 0.771484 0.214844 0.773438 0.212891 0.775391 0.212891 0.777344 0.210938 0.779297 0.210938 0.802734 0.210938 0.789062 0.212891 0.787109 0.212891 0.775391 0.218750 0.769531
0 0.050781 0.800781 0.044922 0.802734 0.041016 0.806641 0.031250 0.808594 0.023438 0.816406 0.017578 0.826172 0.015625 0.837891 0.007812 0.851562 0.011719 0.861328 0.019531 0.867188 0.021484 0.878906 0.025391 0.882812 0.031250 0.884766 0.037109 0.882812 0.044922 0.871094 0.050781 0.873047 0.052734 0.871094 0.054688 0.873047 0.056641 0.871094 0.058594 0.873047 0.064453 0.871094 0.072266 0.863281 0.076172 0.851562 0.074219 0.832031 0.070312 0.820312 0.056641 0.802734
0 0.212891 0.806641 0.212891 0.810547 0.214844 0.812500 0.214844 0.814453 0.216797 0.816406 0.216797 0.818359 0.218750 0.820312 0.216797 0.818359 0.216797 0.814453 0.212891 0.810547
0 0.349609 0.994141 0.332031 0.970703 0.326172 0.917969 0.304688 0.906250 0.312500 0.900391 0.308594 0.892578 0.304688 0.904297 0.294922 0.900391 0.292969 0.878906 0.285156 0.876953 0.261719 0.828125 0.220703 0.824219 0.236328 0.835938 0.255859 0.833984 0.253906 0.841797 0.207031 0.830078 0.187500 0.845703 0.000000 0.906250 0.000000 0.998047
0 0.304688 0.869141 0.304688 0.873047 0.310547 0.873047 0.312500 0.875000 0.314453 0.875000 0.318359 0.871094 0.320312 0.871094 0.318359 0.869141 0.314453 0.869141 0.312500 0.867188 0.306641 0.867188
0 0.304688 0.884766 0.306641 0.886719 0.308594 0.884766 0.310547 0.886719 0.310547 0.888672 0.320312 0.888672 0.320312 0.886719 0.318359 0.884766 0.318359 0.882812 0.316406 0.880859 0.316406 0.878906 0.312500 0.878906 0.312500 0.880859 0.310547 0.882812 0.306641 0.882812
0 0.318359 0.894531 0.318359 0.896484 0.322266 0.896484 0.320312 0.894531
2 0.537109 0.576172 0.480469 0.589844 0.332031 0.638672 0.333984 0.697266 0.349609 0.714844 0.361328 0.714844 0.501953 0.667969 0.539062 0.660156 0.558594 0.650391 0.562500 0.640625
2 0.214844 0.775391 0.212891 0.804688 0.224609 0.826172 0.279297 0.826172 0.283203 0.830078 0.283203 0.853516 0.291016 0.863281 0.328125 0.857422 0.330078 0.853516 0.326172 0.847656 0.324219 0.832031 0.312500 0.808594 0.306641 0.777344 0.300781 0.765625 0.255859 0.775391 0.240234 0.769531 0.222656 0.769531
2 0.207031 0.800781 0.205078 0.796875 0.197266 0.796875 0.173828 0.806641 0.167969 0.806641 0.158203 0.810547 0.150391 0.810547 0.148438 0.812500 0.115234 0.822266 0.117188 0.837891 0.119141 0.841797 0.126953 0.841797 0.128906 0.839844 0.144531 0.835938 0.150391 0.832031 0.154297 0.832031 0.160156 0.828125 0.177734 0.826172 0.179688 0.824219 0.201172 0.818359 0.208984 0.812500 0.207031 0.808594
2 0.421875 0.816406 0.416016 0.816406 0.414062 0.818359 0.410156 0.818359 0.421875 0.818359
2 0.353516 0.832031 0.353516 0.843750 0.341797 0.853516 0.339844 0.863281 0.349609 0.890625 0.351562 0.931641 0.371094 0.974609 0.373047 0.998047 0.498047 0.998047 0.462891 0.867188 0.457031 0.826172 0.421875 0.828125 0.396484 0.822266
