0 0.187500 0.000000 0.162109 0.205078 0.171875 0.267578 0.146484 0.302734 0.142578 0.445312 0.113281 0.582031 0.123047 0.669922 0.167969 0.701172 0.220703 0.699219 0.259766 0.724609 0.312500 0.728516 0.324219 0.716797 0.314453 0.634766 0.339844 0.605469 0.349609 0.552734 0.345703 0.468750 0.369141 0.449219 0.365234 0.316406 0.384766 0.126953 0.406250 0.076172 0.404297 0.003906
0 0.685547 0.000000 0.625000 0.000000 0.617188 0.019531 0.599609 0.039062 0.601562 0.091797 0.615234 0.126953 0.615234 0.164062 0.601562 0.201172 0.611328 0.238281 0.630859 0.253906 0.669922 0.240234 0.671875 0.189453 0.681641 0.169922 0.673828 0.126953 0.685547 0.109375
0 0.886719 0.007812 0.894531 0.033203 0.900391 0.037109 0.906250 0.037109 0.912109 0.042969 0.914062 0.050781 0.929688 0.052734 0.949219 0.044922 0.957031 0.044922 0.980469 0.017578 0.990234 0.013672 0.998047 0.013672 0.998047 0.000000 0.890625 0.000000
0 0.835938 0.115234 0.822266 0.115234 0.798828 0.132812 0.796875 0.162109 0.806641 0.189453 0.802734 0.238281 0.789062 0.244141 0.783203 0.230469 0.775391 0.230469 0.816406 0.277344 0.804688 0.298828 0.808594 0.320312 0.787109 0.371094 0.781250 0.443359 0.800781 0.460938 0.792969 0.472656 0.810547 0.464844 0.802734 0.458984 0.806641 0.431641 0.822266 0.419922 0.824219 0.384766 0.843750 0.373047 0.845703 0.341797 0.833984 0.316406 0.865234 0.304688 0.869141 0.234375 0.898438 0.199219 0.888672 0.179688 0.892578 0.150391
0 0.699219 0.158203 0.699219 0.160156 0.703125 0.160156 0.701172 0.158203
0 0.000000 0.183594 0.000000 0.380859 0.015625 0.380859 0.056641 0.398438 0.099609 0.400391 0.109375 0.386719 0.109375 0.335938 0.105469 0.312500 0.095703 0.310547 0.091797 0.300781 0.095703 0.292969 0.123047 0.287109 0.121094 0.238281 0.134766 0.205078 0.126953 0.195312
0 0.603516 0.306641 0.601562 0.310547 0.601562 0.332031 0.611328 0.349609 0.615234 0.349609 0.617188 0.351562 0.623047 0.351562 0.625000 0.353516 0.634766 0.353516 0.636719 0.351562 0.646484 0.349609 0.656250 0.341797 0.656250 0.337891 0.658203 0.335938 0.658203 0.330078 0.652344 0.318359 0.646484 0.312500 0.642578 0.312500 0.638672 0.308594 0.630859 0.304688 0.619141 0.304688 0.617188 0.302734
0 0.525391 0.472656 0.525391 0.498047 0.527344 0.500000 0.533203 0.500000 0.535156 0.501953 0.537109 0.501953 0.542969 0.498047 0.546875 0.498047 0.548828 0.496094 0.554688 0.496094 0.560547 0.492188 0.560547 0.488281 0.562500 0.486328 0.562500 0.482422 0.558594 0.476562 0.554688 0.476562 0.552734 0.474609 0.548828 0.474609 0.546875 0.472656 0.544922 0.472656 0.542969 0.470703 0.539062 0.470703 0.537109 0.468750 0.531250 0.468750
0 0.792969 0.519531 0.792969 0.521484 0.794922 0.521484 0.794922 0.519531
0 0.000000 0.582031 0.000000 0.671875 0.005859 0.671875 0.007812 0.669922 0.041016 0.669922 0.046875 0.666016 0.050781 0.656250 0.050781 0.650391 0.060547 0.638672 0.062500 0.615234 0.060547 0.613281 0.058594 0.599609 0.054688 0.595703 0.054688 0.591797 0.044922 0.583984 0.039062 0.583984 0.037109 0.582031
0 0.339844 0.839844 0.339844 0.845703 0.345703 0.853516 0.369141 0.865234 0.375000 0.865234 0.376953 0.867188 0.394531 0.867188 0.396484 0.869141 0.414062 0.867188 0.425781 0.861328 0.431641 0.865234 0.431641 0.859375 0.429688 0.857422 0.431641 0.843750 0.425781 0.835938 0.417969 0.835938 0.414062 0.833984 0.398438 0.820312 0.390625 0.820312 0.388672 0.822266 0.369141 0.826172 0.363281 0.830078 0.355469 0.830078 0.341797 0.835938
0 0.500000 0.851562 0.500000 0.865234 0.501953 0.867188 0.501953 0.869141 0.507812 0.875000 0.507812 0.876953 0.515625 0.884766 0.550781 0.884766 0.552734 0.882812 0.552734 0.869141 0.550781 0.867188 0.525391 0.867188 0.523438 0.865234 0.523438 0.859375 0.521484 0.857422 0.521484 0.847656 0.519531 0.845703 0.519531 0.843750 0.509766 0.843750 0.507812 0.845703 0.505859 0.845703
1 0.566406 0.521484 0.544922 0.539062 0.542969 0.587891 0.539062 0.601562 0.521484 0.615234 0.521484 0.654297 0.529297 0.664062 0.554688 0.673828 0.568359 0.685547 0.605469 0.691406 0.628906 0.689453 0.638672 0.683594 0.648438 0.666016 0.650391 0.638672 0.660156 0.607422 0.693359 0.591797 0.707031 0.572266 0.707031 0.531250 0.621094 0.535156 0.589844 0.531250 0.580078 0.519531
2 0.013672 0.880859 0.013672 0.884766 0.011719 0.886719 0.011719 0.894531 0.013672 0.896484 0.013672 0.898438 0.015625 0.898438 0.017578 0.900391 0.027344 0.900391 0.029297 0.902344 0.041016 0.902344 0.042969 0.900391 0.042969 0.894531 0.044922 0.892578 0.044922 0.886719 0.042969 0.884766 0.042969 0.882812 0.031250 0.882812 0.029297 0.880859
2 0.113281 0.894531 0.113281 0.896484 0.109375 0.902344 0.109375 0.906250 0.105469 0.912109 0.105469 0.919922 0.107422 0.921875 0.111328 0.921875 0.113281 0.923828 0.117188 0.923828 0.130859 0.931641 0.136719 0.931641 0.138672 0.933594 0.148438 0.933594 0.152344 0.927734 0.152344 0.921875 0.154297 0.919922 0.154297 0.906250 0.148438 0.902344 0.140625 0.902344 0.138672 0.900391 0.134766 0.900391 0.132812 0.898438 0.130859 0.898438 0.128906 0.896484 0.125000 0.896484 0.123047 0.894531
5 0.162109 0.000000 0.023438 0.996094 0.099609 0.755859 0.998047 0.892578 0.998047 0.867188 0.091797 0.732422 0.185547 0.000000
