0 0.611328 0.080078 0.578125 0.076172 0.556641 0.062500 0.572266 0.050781 0.566406 0.044922 0.558594 0.044922 0.521484 0.062500 0.500000 0.062500 0.482422 0.054688 0.468750 0.054688 0.451172 0.072266 0.449219 0.089844 0.451172 0.099609 0.466797 0.121094 0.460938 0.130859 0.472656 0.154297 0.503906 0.166016 0.515625 0.156250 0.525391 0.160156 0.535156 0.148438 0.554688 0.150391 0.578125 0.146484 0.585938 0.119141 0.613281 0.097656
0 0.351562 0.121094 0.353516 0.134766 0.363281 0.128906 0.369141 0.136719 0.363281 0.154297 0.345703 0.156250 0.351562 0.226562 0.320312 0.230469 0.314453 0.240234 0.298828 0.236328 0.298828 0.259766 0.326172 0.318359 0.353516 0.312500 0.353516 0.353516 0.386719 0.408203 0.365234 0.435547 0.382812 0.441406 0.492188 0.431641 0.488281 0.425781 0.509766 0.394531 0.505859 0.347656 0.490234 0.328125 0.464844 0.320312 0.449219 0.294922 0.419922 0.300781 0.433594 0.279297 0.416016 0.216797 0.425781 0.171875 0.425781 0.181641 0.414062 0.187500 0.408203 0.179688 0.414062 0.156250 0.402344 0.130859
0 0.539062 0.419922 0.515625 0.423828 0.498047 0.439453 0.498047 0.451172 0.505859 0.470703 0.505859 0.482422 0.500000 0.492188 0.498047 0.501953 0.500000 0.509766 0.507812 0.517578 0.515625 0.519531 0.517578 0.517578 0.523438 0.519531 0.533203 0.515625 0.535156 0.517578 0.537109 0.515625 0.548828 0.517578 0.558594 0.513672 0.568359 0.513672 0.572266 0.509766 0.570312 0.503906 0.560547 0.498047 0.558594 0.486328 0.552734 0.480469 0.552734 0.462891 0.556641 0.453125 0.552734 0.429688 0.548828 0.423828
0 0.925781 0.468750 0.921875 0.505859 0.935547 0.533203 0.935547 0.550781 0.931641 0.552734 0.931641 0.560547 0.941406 0.566406 0.998047 0.578125 0.998047 0.470703 0.976562 0.468750 0.976562 0.462891 0.984375 0.462891 0.974609 0.460938 0.970703 0.455078 0.953125 0.457031 0.947266 0.464844
0 0.292969 0.548828 0.287109 0.576172 0.277344 0.587891 0.271484 0.607422 0.273438 0.628906 0.298828 0.662109 0.312500 0.671875 0.322266 0.695312 0.353516 0.707031 0.376953 0.679688 0.406250 0.664062 0.417969 0.662109 0.421875 0.656250 0.419922 0.642578 0.404297 0.628906 0.398438 0.617188 0.408203 0.568359 0.400391 0.562500 0.341797 0.546875
0 0.294922 0.732422 0.287109 0.734375 0.279297 0.740234 0.261719 0.740234 0.259766 0.742188 0.253906 0.742188 0.244141 0.748047 0.242188 0.753906 0.242188 0.759766 0.244141 0.761719 0.242188 0.765625 0.242188 0.771484 0.244141 0.773438 0.244141 0.779297 0.242188 0.781250 0.242188 0.798828 0.250000 0.802734 0.253906 0.806641 0.265625 0.806641 0.275391 0.800781 0.302734 0.802734 0.308594 0.800781 0.312500 0.796875 0.314453 0.789062 0.310547 0.781250 0.310547 0.763672 0.308594 0.757812 0.300781 0.748047
0 0.339844 0.773438 0.341797 0.781250 0.355469 0.789062 0.375000 0.789062 0.384766 0.783203 0.396484 0.783203 0.412109 0.789062 0.429688 0.789062 0.437500 0.785156 0.443359 0.779297 0.443359 0.773438 0.435547 0.765625 0.416016 0.761719 0.400391 0.755859 0.386719 0.755859 0.384766 0.757812 0.355469 0.757812 0.345703 0.763672 0.341797 0.767578
0 0.599609 0.759766 0.595703 0.763672 0.595703 0.771484 0.597656 0.773438 0.599609 0.785156 0.605469 0.796875 0.605469 0.812500 0.611328 0.816406 0.625000 0.816406 0.626953 0.818359 0.648438 0.818359 0.652344 0.816406 0.654297 0.808594 0.656250 0.806641 0.656250 0.785156 0.652344 0.781250 0.652344 0.779297 0.634766 0.761719 0.630859 0.759766
0 0.000000 0.785156 0.000000 0.998047 0.103516 0.998047 0.121094 0.958984 0.121094 0.923828 0.136719 0.886719 0.138672 0.859375 0.128906 0.847656 0.080078 0.830078 0.074219 0.791016
2 0.685547 0.000000 0.685547 0.013672 0.689453 0.025391 0.697266 0.035156 0.701172 0.044922 0.707031 0.044922 0.708984 0.046875 0.746094 0.046875 0.748047 0.048828 0.763672 0.048828 0.765625 0.050781 0.771484 0.048828 0.773438 0.044922 0.771484 0.013672 0.767578 0.003906 0.763672 0.000000
2 0.843750 0.001953 0.849609 0.142578 0.853516 0.148438 0.865234 0.150391 0.845703 0.156250 0.845703 0.181641 0.949219 0.171875 0.949219 0.146484 0.931641 0.142578 0.968750 0.138672 0.972656 0.117188 0.968750 0.089844 0.972656 0.080078 0.966797 0.074219 0.972656 0.048828 0.970703 0.037109 0.960938 0.025391 0.960938 0.000000
2 0.193359 0.007812 0.183594 0.007812 0.169922 0.013672 0.164062 0.013672 0.160156 0.017578 0.146484 0.017578 0.125000 0.027344 0.126953 0.037109 0.126953 0.054688 0.125000 0.056641 0.126953 0.085938 0.125000 0.089844 0.130859 0.099609 0.138672 0.103516 0.156250 0.103516 0.173828 0.087891 0.177734 0.089844 0.199219 0.085938 0.210938 0.080078 0.203125 0.052734 0.203125 0.039062 0.197266 0.025391 0.197266 0.011719
2 0.367188 0.021484 0.359375 0.019531 0.357422 0.021484 0.347656 0.021484 0.345703 0.023438 0.320312 0.023438 0.314453 0.029297 0.314453 0.052734 0.316406 0.054688 0.316406 0.072266 0.318359 0.074219 0.318359 0.087891 0.314453 0.089844 0.320312 0.089844 0.322266 0.091797 0.326172 0.089844 0.328125 0.091797 0.330078 0.089844 0.332031 0.091797 0.333984 0.089844 0.337891 0.091797 0.341797 0.089844 0.347656 0.091797 0.349609 0.076172 0.355469 0.070312 0.355469 0.046875 0.357422 0.044922 0.371094 0.042969 0.373047 0.037109 0.373047 0.029297
2 0.986328 0.082031 0.984375 0.083984 0.984375 0.085938 0.986328 0.085938
2 0.091797 0.134766 0.089844 0.136719 0.087891 0.134766 0.085938 0.136719 0.080078 0.134766 0.078125 0.136719 0.074219 0.136719 0.072266 0.138672 0.070312 0.138672 0.068359 0.136719 0.060547 0.142578 0.060547 0.148438 0.058594 0.150391 0.058594 0.166016 0.056641 0.167969 0.056641 0.169922 0.062500 0.177734 0.064453 0.177734 0.066406 0.175781 0.099609 0.175781 0.099609 0.167969 0.095703 0.162109 0.095703 0.140625
2 0.210938 0.164062 0.207031 0.173828 0.214844 0.175781 0.203125 0.183594 0.203125 0.197266 0.208984 0.222656 0.216797 0.232422 0.222656 0.234375 0.218750 0.236328 0.222656 0.269531 0.251953 0.273438 0.292969 0.271484 0.292969 0.238281 0.263672 0.232422 0.269531 0.228516 0.271484 0.216797 0.292969 0.203125 0.292969 0.169922 0.287109 0.164062 0.269531 0.158203
2 0.062500 0.193359 0.058594 0.199219 0.062500 0.238281 0.068359 0.251953 0.076172 0.255859 0.060547 0.257812 0.054688 0.263672 0.050781 0.275391 0.056641 0.296875 0.054688 0.304688 0.080078 0.312500 0.123047 0.312500 0.132812 0.302734 0.130859 0.289062 0.138672 0.275391 0.138672 0.267578 0.134766 0.263672 0.117188 0.261719 0.126953 0.259766 0.132812 0.251953 0.144531 0.250000 0.177734 0.251953 0.177734 0.238281 0.169922 0.230469 0.166016 0.216797 0.154297 0.212891 0.146484 0.199219 0.097656 0.199219
2 0.423828 0.199219 0.419922 0.203125 0.417969 0.210938 0.419922 0.212891 0.419922 0.216797 0.423828 0.224609 0.423828 0.234375 0.425781 0.236328 0.425781 0.251953 0.427734 0.255859 0.431641 0.259766 0.460938 0.259766 0.460938 0.250000 0.462891 0.248047 0.464844 0.236328 0.466797 0.234375 0.464844 0.232422 0.464844 0.212891 0.460938 0.205078 0.449219 0.199219 0.441406 0.199219 0.439453 0.197266 0.435547 0.199219
2 0.501953 0.220703 0.501953 0.226562 0.500000 0.228516 0.500000 0.255859 0.498047 0.257812 0.498047 0.283203 0.500000 0.287109 0.525391 0.287109 0.527344 0.289062 0.539062 0.289062 0.544922 0.285156 0.542969 0.281250 0.542969 0.250000 0.544922 0.248047 0.542969 0.244141 0.535156 0.242188 0.529297 0.236328 0.529297 0.230469 0.527344 0.228516 0.521484 0.228516 0.515625 0.224609 0.513672 0.220703 0.511719 0.220703 0.509766 0.224609 0.505859 0.220703
2 0.673828 0.222656 0.673828 0.250000 0.687500 0.255859 0.763672 0.257812 0.775391 0.261719 0.787109 0.261719 0.791016 0.257812 0.791016 0.234375 0.783203 0.226562 0.781250 0.228516 0.769531 0.228516 0.767578 0.226562 0.765625 0.228516 0.746094 0.228516 0.720703 0.222656 0.716797 0.224609 0.705078 0.220703 0.703125 0.222656 0.697266 0.220703 0.695312 0.222656 0.691406 0.220703 0.689453 0.222656 0.679688 0.222656 0.677734 0.220703
2 0.863281 0.222656 0.855469 0.228516 0.857422 0.255859 0.888672 0.261719 0.863281 0.263672 0.847656 0.279297 0.847656 0.298828 0.863281 0.302734 0.853516 0.306641 0.871094 0.408203 0.865234 0.433594 0.875000 0.458984 0.884766 0.460938 0.873047 0.464844 0.871094 0.503906 0.884766 0.509766 0.917969 0.498047 0.919922 0.468750 0.892578 0.460938 0.912109 0.460938 0.914062 0.451172 0.935547 0.458984 0.972656 0.447266 0.978516 0.396484 0.945312 0.388672 0.953125 0.363281 0.947266 0.339844 0.994141 0.341797 0.998047 0.312500 0.910156 0.306641 0.912109 0.265625 0.902344 0.263672 0.919922 0.257812 0.916016 0.230469
2 0.773438 0.306641 0.759766 0.308594 0.740234 0.341797 0.708984 0.324219 0.666016 0.357422 0.671875 0.371094 0.687500 0.375000 0.693359 0.394531 0.654297 0.398438 0.632812 0.410156 0.642578 0.503906 0.726562 0.500000 0.712891 0.416016 0.753906 0.417969 0.726562 0.425781 0.732422 0.500000 0.791016 0.496094 0.787109 0.431641 0.792969 0.423828 0.777344 0.417969 0.783203 0.416016 0.779297 0.363281 0.740234 0.367188 0.750000 0.349609 0.757812 0.357422 0.779297 0.353516 0.783203 0.320312
2 0.054688 0.363281 0.052734 0.376953 0.050781 0.378906 0.050781 0.386719 0.046875 0.390625 0.046875 0.392578 0.052734 0.398438 0.060547 0.398438 0.062500 0.400391 0.082031 0.400391 0.083984 0.402344 0.119141 0.402344 0.123047 0.400391 0.126953 0.392578 0.126953 0.375000 0.125000 0.373047 0.123047 0.363281 0.119141 0.359375 0.115234 0.359375 0.113281 0.357422 0.080078 0.357422 0.078125 0.359375 0.060547 0.359375
2 0.330078 0.376953 0.330078 0.392578 0.328125 0.396484 0.330078 0.398438 0.330078 0.423828 0.332031 0.425781 0.333984 0.443359 0.357422 0.443359 0.361328 0.441406 0.361328 0.431641 0.369141 0.421875 0.373047 0.414062 0.373047 0.406250 0.375000 0.404297 0.373047 0.402344 0.373047 0.398438 0.367188 0.390625 0.367188 0.384766 0.363281 0.376953 0.359375 0.375000 0.349609 0.375000 0.347656 0.376953 0.339844 0.376953 0.335938 0.375000 0.333984 0.376953
2 0.007812 0.425781 0.007812 0.449219 0.001953 0.455078 0.009766 0.462891 0.017578 0.478516 0.015625 0.498047 0.033203 0.513672 0.041016 0.515625 0.105469 0.511719 0.109375 0.503906 0.117188 0.443359 0.115234 0.439453 0.095703 0.437500 0.089844 0.433594 0.089844 0.423828 0.093750 0.417969 0.085938 0.410156 0.060547 0.408203 0.050781 0.414062 0.031250 0.416016
2 0.152344 0.437500 0.152344 0.476562 0.175781 0.476562 0.179688 0.472656 0.181641 0.449219 0.185547 0.453125 0.185547 0.474609 0.234375 0.478516 0.224609 0.482422 0.222656 0.511719 0.230469 0.519531 0.242188 0.521484 0.269531 0.511719 0.296875 0.513672 0.302734 0.505859 0.291016 0.457031 0.253906 0.421875 0.238281 0.423828 0.234375 0.416016 0.212891 0.410156 0.189453 0.416016 0.183594 0.421875 0.181641 0.437500 0.162109 0.433594
2 0.558594 0.451172 0.554688 0.462891 0.554688 0.480469 0.560547 0.486328 0.562500 0.498047 0.568359 0.500000 0.572266 0.505859 0.587891 0.503906 0.589844 0.501953 0.625000 0.501953 0.632812 0.496094 0.632812 0.476562 0.628906 0.466797 0.628906 0.437500 0.625000 0.433594 0.591797 0.431641 0.587891 0.435547 0.568359 0.445312 0.564453 0.445312
2 0.501953 0.472656 0.490234 0.457031 0.488281 0.443359 0.484375 0.437500 0.427734 0.443359 0.412109 0.441406 0.376953 0.447266 0.371094 0.453125 0.375000 0.484375 0.378906 0.488281 0.386719 0.488281 0.406250 0.496094 0.443359 0.492188 0.476562 0.498047 0.492188 0.498047 0.501953 0.484375
2 0.910156 0.509766 0.873047 0.515625 0.867188 0.539062 0.867188 0.599609 0.873047 0.609375 0.875000 0.634766 0.882812 0.636719 0.873047 0.644531 0.873047 0.666016 0.916016 0.664062 0.945312 0.656250 0.941406 0.640625 0.921875 0.636719 0.935547 0.630859 0.935547 0.591797 0.941406 0.619141 0.947266 0.623047 0.978516 0.625000 0.998047 0.619141 0.998047 0.582031 0.945312 0.576172 0.935547 0.589844 0.935547 0.570312 0.925781 0.556641 0.925781 0.537109 0.910156 0.531250
2 0.685547 0.546875 0.666016 0.539062 0.593750 0.537109 0.490234 0.544922 0.484375 0.552734 0.513672 0.595703 0.412109 0.585938 0.406250 0.621094 0.416016 0.625000 0.414062 0.613281 0.421875 0.601562 0.455078 0.634766 0.537109 0.640625 0.541016 0.593750 0.609375 0.597656 0.667969 0.589844 0.685547 0.582031
2 0.705078 0.542969 0.705078 0.550781 0.707031 0.552734 0.707031 0.564453 0.703125 0.574219 0.703125 0.582031 0.705078 0.583984 0.720703 0.583984 0.722656 0.585938 0.757812 0.585938 0.763672 0.582031 0.771484 0.566406 0.771484 0.542969 0.767578 0.539062 0.753906 0.539062 0.751953 0.537109 0.726562 0.537109 0.724609 0.539062 0.710938 0.539062
2 0.283203 0.550781 0.255859 0.548828 0.207031 0.554688 0.134766 0.552734 0.126953 0.558594 0.123047 0.568359 0.093750 0.566406 0.078125 0.593750 0.078125 0.605469 0.121094 0.611328 0.128906 0.601562 0.158203 0.597656 0.261719 0.599609 0.267578 0.597656 0.271484 0.583984 0.281250 0.574219
2 0.775391 0.572266 0.771484 0.576172 0.769531 0.583984 0.765625 0.587891 0.765625 0.597656 0.767578 0.599609 0.767578 0.617188 0.769531 0.619141 0.767578 0.623047 0.767578 0.632812 0.775391 0.636719 0.777344 0.650391 0.779297 0.652344 0.783203 0.652344 0.785156 0.654297 0.802734 0.654297 0.806641 0.650391 0.804688 0.595703 0.798828 0.583984 0.791016 0.576172 0.783203 0.572266
2 0.041016 0.589844 0.037109 0.589844 0.035156 0.591797 0.019531 0.591797 0.019531 0.599609 0.017578 0.601562 0.017578 0.636719 0.035156 0.636719 0.037109 0.634766 0.041016 0.634766 0.041016 0.617188 0.042969 0.615234 0.042969 0.601562 0.044922 0.599609 0.044922 0.595703
2 0.632812 0.599609 0.634766 0.625000 0.658203 0.630859 0.634766 0.630859 0.630859 0.634766 0.632812 0.669922 0.650391 0.675781 0.623047 0.679688 0.613281 0.687500 0.609375 0.695312 0.609375 0.722656 0.617188 0.732422 0.640625 0.736328 0.685547 0.734375 0.697266 0.722656 0.695312 0.697266 0.701172 0.687500 0.697266 0.675781 0.716797 0.667969 0.720703 0.660156 0.707031 0.656250 0.703125 0.644531 0.695312 0.638672 0.710938 0.613281 0.699219 0.597656
2 0.197266 0.621094 0.132812 0.623047 0.130859 0.636719 0.093750 0.636719 0.083984 0.740234 0.083984 0.677734 0.076172 0.677734 0.074219 0.710938 0.060547 0.701172 0.062500 0.675781 0.041016 0.658203 0.000000 0.656250 0.000000 0.779297 0.076172 0.783203 0.080078 0.761719 0.082031 0.787109 0.128906 0.783203 0.171875 0.791016 0.177734 0.771484 0.169922 0.751953 0.169922 0.664062 0.175781 0.642578 0.195312 0.630859
2 0.421875 0.621094 0.421875 0.628906 0.423828 0.628906 0.421875 0.626953 0.423828 0.625000 0.423828 0.621094
2 0.371094 0.697266 0.371094 0.705078 0.376953 0.716797 0.390625 0.728516 0.439453 0.730469 0.496094 0.738281 0.503906 0.730469 0.505859 0.720703 0.521484 0.716797 0.529297 0.705078 0.521484 0.677734 0.503906 0.671875 0.468750 0.669922 0.457031 0.666016 0.425781 0.666016 0.406250 0.669922 0.392578 0.681641 0.375000 0.687500
2 0.876953 0.681641 0.875000 0.753906 0.882812 0.759766 0.880859 0.767578 0.884766 0.777344 0.886719 0.814453 0.892578 0.828125 0.919922 0.833984 0.957031 0.824219 0.964844 0.826172 0.972656 0.812500 0.974609 0.761719 0.949219 0.755859 0.945312 0.679688 0.937500 0.675781 0.908203 0.675781 0.902344 0.679688
2 0.740234 0.693359 0.732422 0.730469 0.734375 0.792969 0.730469 0.812500 0.742188 0.820312 0.759766 0.820312 0.765625 0.791016 0.767578 0.826172 0.816406 0.841797 0.832031 0.841797 0.835938 0.822266 0.833984 0.771484 0.828125 0.765625 0.830078 0.726562 0.820312 0.720703 0.783203 0.720703 0.781250 0.726562 0.777344 0.697266
2 0.642578 0.759766 0.642578 0.763672 0.648438 0.773438 0.658203 0.781250 0.662109 0.789062 0.664062 0.798828 0.693359 0.810547 0.708984 0.810547 0.712891 0.808594 0.714844 0.804688 0.714844 0.791016 0.708984 0.779297 0.718750 0.767578 0.718750 0.761719 0.716797 0.759766 0.708984 0.757812 0.703125 0.753906 0.695312 0.753906 0.685547 0.750000 0.673828 0.750000 0.664062 0.759766
2 0.402344 0.812500 0.398438 0.839844 0.392578 0.849609 0.394531 0.863281 0.400391 0.871094 0.396484 0.908203 0.431641 0.916016 0.453125 0.929688 0.470703 0.931641 0.470703 0.937500 0.462891 0.937500 0.472656 0.937500 0.478516 0.943359 0.507812 0.945312 0.509766 0.925781 0.503906 0.916016 0.509766 0.912109 0.513672 0.896484 0.515625 0.861328 0.505859 0.847656 0.505859 0.820312 0.498047 0.816406 0.470703 0.816406 0.455078 0.804688 0.445312 0.806641 0.441406 0.812500
2 0.171875 0.826172 0.162109 0.849609 0.166016 0.878906 0.261719 0.929688 0.308594 0.937500 0.316406 0.951172 0.332031 0.964844 0.359375 0.960938 0.361328 0.955078 0.347656 0.923828 0.355469 0.908203 0.349609 0.894531 0.335938 0.894531 0.326172 0.878906 0.310547 0.875000 0.289062 0.861328 0.259766 0.857422 0.240234 0.841797 0.197266 0.820312
2 0.603516 0.820312 0.597656 0.833984 0.595703 0.917969 0.599609 0.933594 0.595703 0.939453 0.593750 0.998047 0.621094 0.998047 0.634766 0.992188 0.660156 0.990234 0.671875 0.976562 0.699219 0.976562 0.693359 0.837891 0.683594 0.837891 0.658203 0.824219 0.648438 0.828125 0.630859 0.822266
2 0.998047 0.839844 0.966797 0.835938 0.890625 0.841797 0.888672 0.861328 0.894531 0.875000 0.892578 0.935547 0.898438 0.968750 0.894531 0.986328 0.898438 0.998047 0.902344 0.998047 0.906250 0.982422 0.914062 0.998047 0.949219 0.994141 0.998047 0.998047
2 0.773438 0.853516 0.777344 0.898438 0.746094 0.906250 0.736328 0.912109 0.734375 0.919922 0.736328 0.949219 0.738281 0.951172 0.773438 0.949219 0.783203 0.964844 0.820312 0.962891 0.824219 0.960938 0.816406 0.867188 0.814453 0.869141
5 0.800781 0.000000 0.808594 0.205078 0.503906 0.169922 0.589844 0.220703 0.812500 0.226562 0.822266 0.509766 0.017578 0.521484 0.000000 0.550781 0.822266 0.531250 0.841797 0.849609 0.658203 0.818359 0.837891 0.873047 0.875000 0.998047
5 0.000000 0.113281 0.001953 0.138672 0.164062 0.132812 0.212891 0.330078 0.255859 0.417969 0.267578 0.400391 0.208984 0.242188 0.185547 0.130859 0.267578 0.113281 0.417969 0.132812 0.464844 0.121094 0.341797 0.091797
6 0.628906 0.052734 0.626953 0.167969 0.632812 0.193359 0.781250 0.201172 0.773438 0.068359 0.765625 0.056641 0.742188 0.052734
