0 0.158203 0.083984 0.158203 0.091797 0.166016 0.101562 0.166016 0.113281 0.173828 0.123047 0.175781 0.130859 0.183594 0.138672 0.210938 0.148438 0.220703 0.144531 0.230469 0.136719 0.244141 0.136719 0.248047 0.132812 0.250000 0.109375 0.244141 0.097656 0.244141 0.078125 0.238281 0.064453 0.228516 0.064453 0.226562 0.066406 0.201172 0.066406 0.199219 0.064453 0.177734 0.070312
0 0.349609 0.085938 0.337891 0.095703 0.337891 0.101562 0.335938 0.103516 0.337891 0.121094 0.343750 0.134766 0.343750 0.144531 0.353516 0.150391 0.361328 0.160156 0.373047 0.166016 0.371094 0.160156 0.378906 0.150391 0.390625 0.150391 0.404297 0.144531 0.406250 0.134766 0.412109 0.126953 0.412109 0.117188 0.408203 0.113281 0.410156 0.101562 0.404297 0.097656 0.390625 0.093750 0.378906 0.095703 0.367188 0.085938
0 0.226562 0.373047 0.220703 0.378906 0.218750 0.382812 0.218750 0.386719 0.216797 0.388672 0.216797 0.417969 0.218750 0.419922 0.218750 0.425781 0.222656 0.427734 0.232422 0.439453 0.236328 0.439453 0.240234 0.441406 0.248047 0.437500 0.253906 0.425781 0.253906 0.419922 0.255859 0.417969 0.255859 0.402344 0.253906 0.400391 0.253906 0.388672 0.251953 0.386719 0.251953 0.382812 0.246094 0.376953 0.242188 0.375000 0.238281 0.375000 0.236328 0.373047
0 0.675781 0.882812 0.654297 0.886719 0.646484 0.892578 0.644531 0.900391 0.640625 0.906250 0.640625 0.931641 0.648438 0.941406 0.650391 0.947266 0.658203 0.955078 0.673828 0.955078 0.685547 0.949219 0.691406 0.943359 0.691406 0.939453 0.695312 0.931641 0.693359 0.927734 0.693359 0.923828 0.695312 0.921875 0.695312 0.904297 0.693359 0.902344 0.693359 0.894531 0.689453 0.888672
0 0.398438 0.894531 0.394531 0.898438 0.392578 0.919922 0.382812 0.941406 0.365234 0.958984 0.365234 0.972656 0.369141 0.966797 0.378906 0.972656 0.386719 0.968750 0.396484 0.984375 0.394531 0.998047 0.478516 0.998047 0.482422 0.992188 0.484375 0.964844 0.462891 0.951172 0.460938 0.945312 0.470703 0.925781 0.464844 0.908203 0.431641 0.898438
0 0.753906 0.990234 0.755859 0.998047 0.998047 0.998047 0.998047 0.974609 0.992188 0.962891 0.955078 0.953125 0.933594 0.980469 0.929688 0.972656 0.941406 0.955078 0.919922 0.925781 0.849609 0.917969 0.820312 0.921875 0.806641 0.951172 0.763672 0.953125
0 0.113281 0.939453 0.113281 0.945312 0.111328 0.947266 0.111328 0.970703 0.119141 0.980469 0.126953 0.980469 0.134766 0.984375 0.140625 0.980469 0.148438 0.980469 0.156250 0.974609 0.160156 0.974609 0.166016 0.970703 0.166016 0.966797 0.167969 0.964844 0.167969 0.957031 0.169922 0.955078 0.169922 0.945312 0.158203 0.935547 0.154297 0.935547 0.146484 0.931641 0.125000 0.931641 0.117188 0.935547
0 0.000000 0.962891 0.000000 0.998047 0.062500 0.998047 0.050781 0.982422 0.033203 0.974609 0.025391 0.968750 0.015625 0.968750 0.013672 0.966797 0.009766 0.966797 0.007812 0.964844 0.003906 0.964844
1 0.382812 0.906250 0.375000 0.888672 0.287109 0.886719 0.199219 0.900391 0.000000 0.904297 0.000000 0.945312 0.107422 0.947266 0.125000 0.929688 0.158203 0.933594 0.175781 0.949219 0.378906 0.935547
3 0.570312 0.068359 0.646484 0.068359 0.730469 0.056641 0.771484 0.058594 0.777344 0.050781 0.787109 0.000000 0.589844 0.000000 0.576172 0.017578
3 0.769531 0.076172 0.558594 0.087891 0.517578 0.099609 0.517578 0.140625 0.523438 0.148438 0.544922 0.146484 0.544922 0.158203 0.533203 0.162109 0.539062 0.185547 0.527344 0.216797 0.546875 0.257812 0.544922 0.294922 0.552734 0.310547 0.794922 0.322266 0.814453 0.308594 0.826172 0.289062 0.820312 0.162109 0.796875 0.134766 0.800781 0.119141 0.779297 0.103516
3 0.154297 0.103516 0.126953 0.154297 0.093750 0.185547 0.089844 0.203125 0.117188 0.224609 0.152344 0.240234 0.195312 0.269531 0.212891 0.267578 0.222656 0.253906 0.222656 0.236328 0.228516 0.230469 0.240234 0.228516 0.265625 0.189453 0.269531 0.160156 0.259766 0.146484 0.238281 0.140625 0.208984 0.156250 0.173828 0.138672 0.169922 0.123047 0.160156 0.113281 0.158203 0.103516
3 0.832031 0.117188 0.828125 0.158203 0.839844 0.208984 0.843750 0.289062 0.886719 0.287109 0.892578 0.281250 0.896484 0.248047 0.931641 0.238281 0.970703 0.246094 0.988281 0.259766 0.988281 0.273438 0.998047 0.279297 0.998047 0.109375 0.882812 0.107422
3 0.083984 0.208984 0.039062 0.230469 0.000000 0.281250 0.000000 0.496094 0.070312 0.492188 0.138672 0.472656 0.199219 0.310547 0.197266 0.277344 0.138672 0.251953
3 0.187500 0.605469 0.181641 0.621094 0.177734 0.621094 0.175781 0.607422 0.173828 0.621094 0.167969 0.625000 0.166016 0.691406 0.171875 0.707031 0.175781 0.705078 0.177734 0.691406 0.183594 0.693359 0.179688 0.781250 0.185547 0.789062 0.195312 0.791016 0.191406 0.796875 0.197266 0.796875 0.201172 0.791016 0.208984 0.791016 0.207031 0.783203 0.214844 0.791016 0.224609 0.773438 0.238281 0.763672 0.238281 0.707031 0.222656 0.658203 0.218750 0.626953 0.210938 0.621094 0.205078 0.607422
3 0.890625 0.796875 0.863281 0.775391 0.791016 0.742188 0.785156 0.744141 0.792969 0.765625 0.785156 0.785156 0.759766 0.777344 0.746094 0.759766 0.726562 0.753906 0.685547 0.750000 0.656250 0.753906 0.650391 0.761719 0.650391 0.802734 0.658203 0.822266 0.708984 0.847656 0.851562 0.859375 0.873047 0.837891
4 0.947266 0.318359 0.925781 0.447266 0.900391 0.535156 0.904297 0.550781 0.882812 0.593750 0.875000 0.638672 0.884766 0.662109 0.914062 0.667969 0.921875 0.683594 0.958984 0.695312 0.970703 0.685547 0.976562 0.660156 0.986328 0.654297 0.998047 0.625000 0.998047 0.337891 0.988281 0.332031 0.990234 0.320312 0.978516 0.328125 0.974609 0.320312
4 0.625000 0.326172 0.623047 0.355469 0.607422 0.361328 0.605469 0.400391 0.595703 0.402344 0.601562 0.408203 0.587891 0.443359 0.638672 0.658203 0.673828 0.654297 0.677734 0.640625 0.693359 0.652344 0.687500 0.638672 0.748047 0.634766 0.732422 0.626953 0.761719 0.623047 0.765625 0.595703 0.779297 0.580078 0.771484 0.580078 0.771484 0.554688 0.769531 0.572266 0.763672 0.568359 0.763672 0.548828 0.771484 0.548828 0.777344 0.529297 0.771484 0.388672 0.763672 0.386719 0.763672 0.345703 0.771484 0.341797 0.744141 0.332031
4 0.517578 0.341797 0.451172 0.353516 0.429688 0.363281 0.429688 0.447266 0.435547 0.503906 0.457031 0.527344 0.496094 0.537109 0.515625 0.529297 0.552734 0.525391 0.560547 0.509766 0.556641 0.480469 0.541016 0.427734 0.531250 0.359375 0.525391 0.343750
4 0.769531 0.375000 0.769531 0.376953 0.771484 0.376953
4 0.138672 0.480469 0.087891 0.494141 0.000000 0.501953 0.003906 0.822266 0.089844 0.828125 0.136719 0.824219 0.158203 0.814453
4 0.250000 0.494141 0.238281 0.554688 0.238281 0.634766 0.251953 0.671875 0.257812 0.716797 0.289062 0.722656 0.373047 0.718750 0.373047 0.671875 0.359375 0.560547 0.353516 0.554688 0.335938 0.552734 0.328125 0.542969 0.333984 0.498047 0.318359 0.492188
