0 0.441406 0.000000 0.376953 0.000000 0.320312 0.041016 0.292969 0.083984 0.255859 0.123047 0.248047 0.140625 0.251953 0.162109 0.281250 0.177734 0.296875 0.195312 0.341797 0.212891 0.376953 0.207031 0.425781 0.183594 0.439453 0.158203 0.435547 0.144531 0.421875 0.132812 0.396484 0.134766 0.351562 0.158203 0.314453 0.136719 0.337891 0.115234 0.363281 0.076172 0.439453 0.019531
0 0.998047 0.058594 0.898438 0.003906 0.851562 0.066406 0.865234 0.121094 0.828125 0.125000 0.826172 0.236328 0.789062 0.187500 0.771484 0.236328 0.523438 0.253906 0.587891 0.197266 0.677734 0.193359 0.617188 0.119141 0.484375 0.156250 0.464844 0.224609 0.265625 0.248047 0.205078 0.212891 0.089844 0.400391 0.142578 0.412109 0.183594 0.285156 0.263672 0.248047 0.298828 0.353516 0.234375 0.335938 0.269531 0.410156 0.197266 0.390625 0.095703 0.558594 0.464844 0.671875 0.554688 0.779297 0.437500 0.464844 0.435547 0.349609 0.720703 0.285156 0.794922 0.347656 0.865234 0.285156 0.892578 0.345703 0.951172 0.341797 0.957031 0.300781 0.998047 0.312500
0 0.144531 0.240234 0.142578 0.242188 0.140625 0.242188 0.128906 0.253906 0.128906 0.255859 0.126953 0.257812 0.126953 0.265625 0.125000 0.267578 0.125000 0.269531 0.125000 0.267578 0.126953 0.265625 0.126953 0.263672 0.130859 0.259766 0.130859 0.255859 0.142578 0.244141 0.142578 0.242188
0 0.582031 0.330078 0.570312 0.330078 0.568359 0.332031 0.560547 0.332031 0.558594 0.333984 0.554688 0.333984 0.552734 0.335938 0.552734 0.339844 0.550781 0.341797 0.550781 0.355469 0.552734 0.357422 0.552734 0.365234 0.554688 0.367188 0.556641 0.367188 0.568359 0.378906 0.574219 0.376953 0.578125 0.373047 0.583984 0.371094 0.589844 0.365234 0.595703 0.363281 0.599609 0.359375 0.601562 0.359375 0.607422 0.355469 0.607422 0.351562 0.605469 0.349609 0.603516 0.343750 0.589844 0.337891
0 0.847656 0.363281 0.832031 0.371094 0.828125 0.376953 0.828125 0.392578 0.832031 0.406250 0.843750 0.419922 0.843750 0.427734 0.853516 0.451172 0.873047 0.460938 0.875000 0.474609 0.884766 0.488281 0.898438 0.490234 0.902344 0.488281 0.904297 0.474609 0.910156 0.468750 0.917969 0.466797 0.919922 0.460938 0.917969 0.441406 0.921875 0.429688 0.921875 0.416016 0.914062 0.402344 0.914062 0.392578 0.894531 0.367188 0.873047 0.363281
0 0.783203 0.386719 0.783203 0.392578 0.785156 0.394531 0.783203 0.396484 0.785156 0.398438 0.785156 0.402344 0.783203 0.404297 0.785156 0.406250 0.785156 0.417969 0.783203 0.419922 0.785156 0.423828 0.791016 0.429688 0.792969 0.433594 0.798828 0.433594 0.800781 0.435547 0.808594 0.435547 0.810547 0.437500 0.816406 0.437500 0.820312 0.433594 0.820312 0.431641 0.826172 0.423828 0.826172 0.396484 0.824219 0.394531 0.824219 0.390625 0.812500 0.384766 0.789062 0.384766 0.787109 0.386719
0 0.638672 0.410156 0.623047 0.421875 0.621094 0.437500 0.607422 0.441406 0.587891 0.437500 0.568359 0.451172 0.560547 0.460938 0.560547 0.488281 0.583984 0.529297 0.607422 0.537109 0.617188 0.550781 0.658203 0.556641 0.675781 0.548828 0.675781 0.515625 0.667969 0.505859 0.666016 0.476562 0.695312 0.464844 0.707031 0.449219 0.697266 0.425781 0.664062 0.427734
0 0.796875 0.582031 0.796875 0.611328 0.804688 0.615234 0.816406 0.626953 0.822266 0.626953 0.824219 0.628906 0.826172 0.626953 0.828125 0.628906 0.830078 0.626953 0.832031 0.628906 0.833984 0.626953 0.835938 0.628906 0.839844 0.626953 0.855469 0.626953 0.857422 0.625000 0.861328 0.625000 0.865234 0.621094 0.861328 0.613281 0.861328 0.605469 0.855469 0.591797 0.853516 0.591797 0.847656 0.585938 0.845703 0.580078 0.841797 0.576172 0.830078 0.574219 0.828125 0.572266 0.806641 0.572266 0.802734 0.578125
0 0.830078 0.705078 0.816406 0.714844 0.800781 0.716797 0.792969 0.726562 0.792969 0.753906 0.794922 0.757812 0.808594 0.773438 0.816406 0.775391 0.822266 0.781250 0.828125 0.777344 0.830078 0.769531 0.837891 0.763672 0.843750 0.763672 0.849609 0.757812 0.851562 0.753906 0.851562 0.746094 0.853516 0.744141 0.851562 0.742188 0.853516 0.738281 0.851562 0.736328 0.851562 0.732422 0.853516 0.730469 0.851562 0.728516 0.851562 0.722656 0.847656 0.718750 0.847656 0.714844
0 0.000000 0.777344 0.000000 0.998047 0.464844 0.998047 0.478516 0.914062 0.457031 0.906250 0.486328 0.896484 0.500000 0.873047 0.482422 0.847656 0.398438 0.847656 0.345703 0.828125 0.187500 0.810547 0.105469 0.783203 0.072266 0.789062
0 0.613281 0.802734 0.599609 0.798828 0.576172 0.800781 0.525391 0.853516 0.521484 0.867188 0.523438 0.882812 0.535156 0.896484 0.548828 0.900391 0.562500 0.896484 0.601562 0.851562 0.613281 0.849609 0.623047 0.839844 0.626953 0.826172 0.625000 0.816406
0 0.736328 0.832031 0.726562 0.843750 0.726562 0.863281 0.732422 0.873047 0.761719 0.884766 0.775391 0.882812 0.785156 0.875000 0.781250 0.904297 0.769531 0.927734 0.779297 0.951172 0.816406 0.998047 0.888672 0.998047 0.888672 0.958984 0.884766 0.947266 0.871094 0.935547 0.867188 0.894531 0.857422 0.886719 0.832031 0.878906 0.814453 0.861328 0.808594 0.861328 0.808594 0.857422 0.814453 0.857422 0.814453 0.845703 0.806641 0.837891 0.777344 0.832031
0 0.539062 0.976562 0.535156 0.972656 0.533203 0.972656 0.531250 0.970703 0.529297 0.972656 0.527344 0.970703 0.523438 0.970703 0.521484 0.972656 0.517578 0.972656 0.515625 0.974609 0.513672 0.972656 0.509766 0.972656 0.509766 0.974609 0.507812 0.976562 0.507812 0.982422 0.503906 0.986328 0.503906 0.988281 0.507812 0.994141 0.507812 0.998047 0.533203 0.998047 0.539062 0.992188
2 0.023438 0.605469 0.021484 0.628906 0.011719 0.658203 0.011719 0.673828 0.015625 0.677734 0.058594 0.673828 0.070312 0.681641 0.099609 0.685547 0.107422 0.689453 0.103516 0.691406 0.117188 0.695312 0.199219 0.699219 0.203125 0.662109 0.199219 0.642578 0.097656 0.621094 0.080078 0.621094 0.050781 0.609375
2 0.326172 0.675781 0.322266 0.683594 0.322266 0.718750 0.324219 0.720703 0.326172 0.730469 0.335938 0.730469 0.339844 0.734375 0.367188 0.736328 0.369141 0.738281 0.384766 0.736328 0.388672 0.730469 0.388672 0.720703 0.390625 0.718750 0.390625 0.687500 0.386719 0.689453 0.373047 0.681641 0.357422 0.679688 0.347656 0.675781 0.335938 0.675781 0.333984 0.673828
2 0.136719 0.740234 0.134766 0.742188 0.134766 0.750000 0.132812 0.751953 0.132812 0.763672 0.130859 0.765625 0.130859 0.773438 0.128906 0.775391 0.128906 0.789062 0.136719 0.791016 0.138672 0.792969 0.144531 0.792969 0.146484 0.794922 0.156250 0.794922 0.158203 0.796875 0.173828 0.796875 0.177734 0.791016 0.177734 0.767578 0.179688 0.765625 0.179688 0.748047 0.177734 0.744141 0.173828 0.744141 0.166016 0.740234
2 0.201172 0.751953 0.195312 0.763672 0.195312 0.777344 0.193359 0.779297 0.193359 0.794922 0.191406 0.798828 0.197266 0.802734 0.205078 0.802734 0.207031 0.804688 0.214844 0.804688 0.216797 0.806641 0.228516 0.806641 0.230469 0.808594 0.240234 0.808594 0.242188 0.806641 0.244141 0.787109 0.246094 0.785156 0.246094 0.761719 0.242188 0.757812 0.238281 0.757812 0.228516 0.751953 0.214844 0.751953 0.210938 0.757812 0.205078 0.757812 0.203125 0.755859 0.203125 0.751953
3 0.300781 0.000000 0.144531 0.000000 0.072266 0.009766 0.085938 0.132812 0.083984 0.162109 0.091797 0.199219 0.105469 0.207031 0.140625 0.205078 0.169922 0.212891 0.222656 0.146484
4 0.548828 0.000000 0.546875 0.041016 0.554688 0.064453 0.623047 0.123047 0.667969 0.126953 0.687500 0.171875 0.685547 0.205078 0.707031 0.230469 0.746094 0.230469 0.759766 0.199219 0.816406 0.166016 0.822266 0.125000 0.810547 0.089844 0.810547 0.056641 0.794922 0.041016 0.802734 0.019531 0.792969 0.000000 0.630859 0.000000 0.628906 0.021484 0.648438 0.039062 0.656250 0.062500 0.646484 0.068359 0.601562 0.035156 0.599609 0.000000
4 0.464844 0.332031 0.464844 0.476562 0.572266 0.771484 0.621094 0.791016 0.632812 0.845703 0.613281 0.886719 0.660156 0.894531 0.748047 0.826172 0.796875 0.830078 0.861328 0.888672 0.996094 0.898438 0.998047 0.378906 0.953125 0.355469 0.929688 0.369141 0.921875 0.484375 0.894531 0.501953 0.845703 0.453125 0.781250 0.429688 0.781250 0.351562 0.730469 0.289062 0.613281 0.298828 0.599609 0.322266 0.619141 0.351562 0.521484 0.400391 0.527344 0.333984
5 0.332031 0.000000 0.312500 0.000000 0.279297 0.042969 0.224609 0.146484 0.179688 0.208984 0.132812 0.255859 0.119141 0.281250 0.083984 0.312500 0.087891 0.332031 0.099609 0.332031 0.195312 0.226562 0.283203 0.074219 0.332031 0.015625
