0 0.000000 0.000000 0.000000 0.306641 0.060547 0.316406 0.138672 0.343750 0.158203 0.343750 0.181641 0.322266 0.199219 0.341797 0.220703 0.341797 0.234375 0.330078 0.226562 0.267578 0.244141 0.240234 0.236328 0.205078 0.242188 0.001953
0 0.722656 0.001953 0.718750 0.113281 0.681641 0.111328 0.648438 0.183594 0.658203 0.244141 0.603516 0.283203 0.578125 0.623047 0.533203 0.677734 0.644531 0.802734 0.839844 0.841797 0.865234 0.919922 0.998047 0.962891 0.998047 0.777344 0.976562 0.707031 0.998047 0.679688 0.998047 0.244141 0.914062 0.199219 0.847656 0.113281 0.847656 0.003906
0 0.990234 0.001953 0.986328 0.001953 0.986328 0.017578 0.988281 0.019531 0.986328 0.017578 0.988281 0.015625 0.992188 0.015625 0.994141 0.013672 0.998047 0.013672 0.998047 0.005859 0.994141 0.005859
0 0.992188 0.025391 0.992188 0.029297 0.994141 0.029297 0.996094 0.027344 0.994141 0.025391
0 0.566406 0.039062 0.546875 0.044922 0.546875 0.062500 0.537109 0.074219 0.542969 0.111328 0.529297 0.214844 0.533203 0.251953 0.523438 0.281250 0.527344 0.306641 0.513672 0.332031 0.513672 0.376953 0.531250 0.398438 0.523438 0.427734 0.527344 0.437500 0.552734 0.435547 0.558594 0.396484 0.554688 0.341797 0.562500 0.322266 0.566406 0.169922 0.578125 0.042969
0 0.533203 0.660156 0.533203 0.662109 0.535156 0.664062 0.535156 0.666016 0.537109 0.666016 0.537109 0.664062 0.535156 0.664062 0.533203 0.662109
0 0.238281 0.771484 0.304688 0.814453 0.318359 0.833984 0.375000 0.833984 0.394531 0.845703 0.439453 0.847656 0.462891 0.867188 0.494141 0.871094 0.513672 0.849609 0.513672 0.830078 0.492188 0.810547 0.507812 0.773438 0.498047 0.742188 0.468750 0.720703 0.386719 0.689453 0.376953 0.695312 0.367188 0.683594 0.341797 0.679688 0.324219 0.693359 0.279297 0.695312 0.269531 0.732422 0.253906 0.742188 0.255859 0.748047 0.246094 0.751953 0.246094 0.769531
0 0.136719 0.818359 0.128906 0.841797 0.128906 0.849609 0.132812 0.857422 0.130859 0.859375 0.130859 0.871094 0.132812 0.875000 0.144531 0.878906 0.146484 0.876953 0.175781 0.888672 0.179688 0.886719 0.187500 0.876953 0.191406 0.876953 0.201172 0.865234 0.203125 0.853516 0.205078 0.851562 0.205078 0.835938 0.197266 0.830078 0.189453 0.820312 0.179688 0.816406 0.150391 0.814453 0.148438 0.816406
0 0.208984 0.853516 0.207031 0.876953 0.308594 0.912109 0.320312 0.921875 0.326172 0.935547 0.382812 0.953125 0.392578 0.968750 0.447266 0.968750 0.455078 0.957031 0.457031 0.943359 0.443359 0.917969 0.425781 0.904297 0.414062 0.902344 0.386719 0.910156 0.310547 0.869141 0.265625 0.863281 0.232422 0.851562
0 0.587891 0.906250 0.595703 0.927734 0.634766 0.947266 0.660156 0.947266 0.669922 0.968750 0.697266 0.970703 0.730469 0.992188 0.759766 0.998047 0.900391 0.994141 0.892578 0.982422 0.886719 0.992188 0.869141 0.978516 0.859375 0.982422 0.869141 0.988281 0.855469 0.992188 0.841797 0.947266 0.765625 0.921875 0.736328 0.892578 0.708984 0.880859 0.642578 0.875000 0.613281 0.896484 0.595703 0.896484
0 0.681641 0.980469 0.679688 0.980469 0.679688 0.982422
0 0.882812 0.980469 0.882812 0.984375 0.884766 0.984375 0.884766 0.980469
0 0.910156 0.992188 0.908203 0.990234 0.906250 0.992188 0.906250 0.994141 0.908203 0.994141
1 0.000000 0.380859 0.000000 0.443359 0.046875 0.458984 0.078125 0.464844 0.089844 0.470703 0.105469 0.470703 0.115234 0.462891 0.121094 0.445312 0.121094 0.423828 0.115234 0.417969 0.097656 0.408203 0.074219 0.404297 0.054688 0.394531 0.039062 0.392578
1 0.125000 0.773438 0.128906 0.812500 0.185547 0.816406 0.207031 0.835938 0.207031 0.851562 0.310547 0.867188 0.386719 0.908203 0.425781 0.902344 0.445312 0.917969 0.457031 0.955078 0.462891 0.943359 0.488281 0.943359 0.617188 0.982422 0.658203 0.982422 0.666016 0.972656 0.660156 0.953125 0.548828 0.921875 0.503906 0.884766 0.439453 0.851562 0.318359 0.835938 0.304688 0.816406 0.236328 0.779297 0.152344 0.767578
4 0.253906 0.000000 0.251953 0.332031 0.242188 0.388672 0.255859 0.402344 0.339844 0.419922 0.494141 0.417969 0.488281 0.289062 0.503906 0.228516 0.494141 0.224609 0.507812 0.214844 0.496094 0.193359 0.505859 0.185547 0.523438 0.201172 0.531250 0.185547 0.539062 0.003906
4 0.951172 0.003906 0.943359 0.003906 0.941406 0.005859 0.925781 0.005859 0.927734 0.007812 0.927734 0.011719 0.929688 0.011719 0.931641 0.013672 0.933594 0.013672 0.935547 0.011719 0.935547 0.009766 0.939453 0.005859 0.951172 0.005859
4 0.861328 0.031250 0.841797 0.068359 0.847656 0.068359 0.849609 0.078125 0.865234 0.091797 0.863281 0.113281 0.882812 0.152344 0.906250 0.173828 0.917969 0.199219 0.921875 0.193359 0.939453 0.197266 0.998047 0.238281 0.998047 0.054688 0.988281 0.042969 0.972656 0.037109 0.957031 0.046875 0.904297 0.042969 0.876953 0.025391 0.869141 0.035156
4 0.957031 0.023438 0.957031 0.029297 0.955078 0.031250 0.953125 0.031250 0.953125 0.035156 0.957031 0.035156
4 0.613281 0.054688 0.613281 0.072266 0.607422 0.089844 0.611328 0.128906 0.611328 0.212891 0.607422 0.224609 0.625000 0.226562 0.630859 0.222656 0.628906 0.208984 0.638672 0.201172 0.638672 0.187500 0.646484 0.177734 0.646484 0.167969 0.664062 0.148438 0.667969 0.121094 0.662109 0.082031 0.658203 0.078125 0.650391 0.080078 0.638672 0.072266 0.617188 0.070312 0.617188 0.058594
4 0.621094 0.234375 0.617188 0.238281 0.619141 0.240234 0.623047 0.240234 0.623047 0.236328
5 0.591797 0.000000 0.580078 0.011719 0.560547 0.406250 0.541016 0.494141 0.544922 0.562500 0.533203 0.623047 0.544922 0.634766 0.564453 0.601562 0.562500 0.501953 0.582031 0.414062 0.603516 0.011719
5 0.000000 0.503906 0.000000 0.523438 0.099609 0.560547 0.236328 0.664062 0.322266 0.683594 0.384766 0.675781 0.468750 0.705078 0.617188 0.820312 0.908203 0.972656 0.998047 0.998047 0.992188 0.968750 0.917969 0.951172 0.626953 0.798828 0.480469 0.685547 0.390625 0.654297 0.251953 0.646484 0.111328 0.541016
5 0.000000 0.816406 0.000000 0.839844 0.103516 0.871094 0.001953 0.851562 0.000000 0.875000 0.164062 0.908203 0.267578 0.951172 0.341797 0.998047 0.537109 0.990234 0.525391 0.978516 0.388672 0.970703 0.382812 0.955078 0.351562 0.953125 0.199219 0.878906 0.179688 0.892578 0.121094 0.876953 0.125000 0.847656
