0 0.408203 0.271484 0.406250 0.273438 0.406250 0.279297 0.412109 0.279297 0.414062 0.277344 0.414062 0.275391 0.410156 0.271484
0 0.361328 0.283203 0.363281 0.283203 0.365234 0.285156 0.369141 0.285156 0.371094 0.283203 0.380859 0.283203 0.382812 0.285156 0.384766 0.285156 0.386719 0.283203 0.392578 0.283203 0.388672 0.283203 0.386719 0.281250 0.363281 0.281250
0 0.396484 0.281250 0.396484 0.283203 0.398438 0.285156 0.400391 0.285156 0.402344 0.283203 0.402344 0.281250
0 0.000000 0.576172 0.148438 0.539062 0.195312 0.480469 0.796875 0.537109 0.839844 0.480469 0.861328 0.398438 0.814453 0.382812 0.634766 0.408203 0.580078 0.365234 0.554688 0.390625 0.558594 0.435547 0.453125 0.437500 0.419922 0.369141 0.353516 0.357422 0.359375 0.427734 0.312500 0.431641 0.291016 0.351562 0.322266 0.292969 0.220703 0.291016 0.210938 0.380859 0.263672 0.421875 0.056641 0.474609 0.000000 0.519531
0 0.423828 0.289062 0.423828 0.291016 0.425781 0.291016 0.425781 0.289062
0 0.328125 0.314453 0.328125 0.318359 0.330078 0.318359 0.330078 0.314453
0 0.316406 0.328125 0.314453 0.330078 0.314453 0.339844 0.324219 0.339844 0.320312 0.339844 0.318359 0.337891 0.318359 0.335938 0.322266 0.332031 0.322266 0.330078 0.320312 0.328125
0 0.994141 0.335938 0.982422 0.343750 0.939453 0.439453 0.914062 0.521484 0.916016 0.527344 0.927734 0.535156 0.964844 0.533203 0.996094 0.546875 0.998047 0.337891
0 0.000000 0.617188 0.000000 0.998047 0.054688 0.998047 0.074219 0.972656 0.087891 0.931641 0.076172 0.886719 0.074219 0.837891 0.062500 0.812500 0.041016 0.708984 0.013672 0.632812
1 0.998047 0.250000 0.968750 0.281250 0.908203 0.417969 0.921875 0.427734 0.900391 0.429688 0.867188 0.527344 0.759766 0.998047 0.781250 0.998047 0.841797 0.853516 0.878906 0.726562 0.892578 0.554688 0.968750 0.365234 0.998047 0.335938
2 0.394531 0.005859 0.400391 0.048828 0.445312 0.048828 0.509766 0.041016 0.578125 0.039062 0.576172 0.000000 0.414062 0.000000
2 0.791016 0.035156 0.783203 0.035156 0.769531 0.029297 0.744141 0.029297 0.740234 0.103516 0.736328 0.107422 0.708984 0.111328 0.703125 0.117188 0.705078 0.148438 0.728516 0.150391 0.763672 0.144531 0.757812 0.140625 0.759766 0.138672 0.775391 0.136719 0.785156 0.130859 0.785156 0.111328 0.791016 0.093750 0.792969 0.066406
2 0.580078 0.250000 0.566406 0.250000 0.564453 0.251953 0.548828 0.251953 0.546875 0.253906 0.539062 0.253906 0.537109 0.255859 0.537109 0.287109 0.539062 0.289062 0.539062 0.296875 0.541016 0.298828 0.556641 0.298828 0.558594 0.296875 0.583984 0.296875 0.585938 0.294922 0.585938 0.291016 0.583984 0.289062 0.583984 0.281250 0.582031 0.279297 0.582031 0.267578 0.580078 0.265625 0.582031 0.263672 0.580078 0.259766
2 0.613281 0.296875 0.611328 0.343750 0.617188 0.392578 0.644531 0.396484 0.699219 0.394531 0.703125 0.390625 0.705078 0.369141 0.689453 0.359375 0.681641 0.302734 0.666016 0.300781 0.658203 0.283203 0.642578 0.285156 0.652344 0.291016 0.652344 0.294922
2 0.812500 0.291016 0.710938 0.298828 0.710938 0.330078 0.716797 0.361328 0.714844 0.378906 0.763672 0.380859 0.814453 0.376953 0.816406 0.361328
2 0.068359 0.332031 0.035156 0.339844 0.000000 0.337891 0.000000 0.458984 0.003906 0.466797 0.003906 0.492188 0.007812 0.498047 0.041016 0.492188 0.041016 0.470703 0.044922 0.466797 0.072266 0.464844 0.101562 0.457031 0.078125 0.347656
2 0.500000 0.375000 0.474609 0.376953 0.472656 0.378906 0.449219 0.378906 0.447266 0.376953 0.443359 0.378906 0.443359 0.398438 0.449219 0.412109 0.449219 0.421875 0.447266 0.423828 0.449219 0.425781 0.449219 0.429688 0.453125 0.433594 0.478516 0.433594 0.480469 0.431641 0.488281 0.431641 0.490234 0.429688 0.496094 0.429688 0.505859 0.425781 0.507812 0.421875 0.505859 0.419922 0.505859 0.410156 0.503906 0.408203 0.503906 0.388672 0.501953 0.386719 0.501953 0.376953
2 0.978516 0.539062 0.914062 0.529297 0.898438 0.552734 0.882812 0.732422 0.843750 0.865234 0.798828 0.958984 0.792969 0.998047 0.917969 0.998047 0.923828 0.925781 0.960938 0.791016
2 0.998047 0.640625 0.998047 0.644531 0.996094 0.646484 0.998047 0.648438 0.998047 0.658203 0.996094 0.660156 0.998047 0.662109 0.996094 0.664062 0.998047 0.666016 0.998047 0.667969 0.996094 0.669922 0.998047 0.671875 0.996094 0.673828 0.998047 0.675781 0.996094 0.677734 0.998047 0.679688 0.998047 0.681641 0.996094 0.683594 0.996094 0.685547 0.998047 0.687500 0.998047 0.693359
2 0.998047 0.708984 0.984375 0.830078 0.958984 0.910156 0.958984 0.917969 0.964844 0.919922 0.968750 0.906250 0.982422 0.904297 0.986328 0.908203 0.998047 0.904297
4 0.003906 0.585938 0.103516 0.943359 0.066406 0.998047 0.660156 0.998047 0.673828 0.937500 0.734375 0.966797 0.826172 0.537109 0.183594 0.490234 0.160156 0.542969
5 0.753906 0.996094 0.955078 0.289062 0.935547 0.187500 0.996094 0.181641 0.998047 0.142578 0.726562 0.171875 0.697266 0.150391 0.000000 0.253906 0.003906 0.289062 0.902344 0.189453 0.929688 0.283203 0.849609 0.455078 0.724609 0.982422
5 0.984375 0.541016 0.972656 0.587891 0.962891 0.791016 0.925781 0.925781 0.925781 0.998047 0.951172 0.992188 0.953125 0.925781 0.988281 0.796875 0.998047 0.707031 0.998047 0.546875
