0 0.000000 0.000000 0.000000 0.060547 0.003906 0.064453 0.003906 0.076172 0.009766 0.072266 0.056641 0.062500 0.078125 0.062500 0.087891 0.056641 0.130859 0.052734 0.146484 0.041016 0.144531 0.000000
0 0.615234 0.023438 0.609375 0.025391 0.605469 0.029297 0.595703 0.029297 0.593750 0.031250 0.593750 0.041016 0.591797 0.042969 0.591797 0.056641 0.593750 0.058594 0.593750 0.060547 0.601562 0.068359 0.605469 0.068359 0.607422 0.070312 0.611328 0.070312 0.613281 0.068359 0.617188 0.068359 0.617188 0.066406 0.619141 0.064453 0.619141 0.054688 0.621094 0.052734 0.621094 0.041016 0.619141 0.039062 0.619141 0.031250 0.617188 0.029297
0 0.671875 0.093750 0.662109 0.093750 0.650391 0.099609 0.630859 0.099609 0.628906 0.101562 0.621094 0.099609 0.615234 0.105469 0.601562 0.109375 0.597656 0.113281 0.597656 0.121094 0.609375 0.123047 0.615234 0.130859 0.613281 0.181641 0.617188 0.197266 0.638672 0.197266 0.656250 0.191406 0.658203 0.166016 0.666016 0.160156 0.671875 0.160156 0.677734 0.154297 0.677734 0.105469
0 0.894531 0.138672 0.886719 0.136719 0.884766 0.134766 0.876953 0.134766 0.875000 0.132812 0.855469 0.132812 0.853516 0.134766 0.847656 0.134766 0.843750 0.138672 0.841797 0.142578 0.841797 0.148438 0.839844 0.150391 0.839844 0.162109 0.841797 0.164062 0.841797 0.173828 0.843750 0.175781 0.843750 0.193359 0.845703 0.195312 0.855469 0.195312 0.859375 0.197266 0.863281 0.193359 0.875000 0.187500 0.890625 0.173828 0.890625 0.169922 0.896484 0.156250 0.896484 0.148438 0.898438 0.146484
0 0.992188 0.214844 0.984375 0.220703 0.984375 0.230469 0.982422 0.232422 0.984375 0.234375 0.982422 0.238281 0.986328 0.242188 0.986328 0.248047 0.984375 0.250000 0.984375 0.255859 0.986328 0.257812 0.986328 0.261719 0.984375 0.263672 0.984375 0.271484 0.986328 0.273438 0.984375 0.277344 0.984375 0.287109 0.986328 0.289062 0.986328 0.300781 0.990234 0.302734 0.994141 0.302734 0.990234 0.296875 0.992188 0.294922 0.998047 0.294922 0.998047 0.248047 0.996094 0.246094 0.988281 0.246094 0.986328 0.244141 0.988281 0.242188 0.998047 0.240234 0.998047 0.218750
0 0.978516 0.230469 0.976562 0.230469 0.974609 0.232422 0.978516 0.232422
0 0.974609 0.267578 0.972656 0.267578 0.970703 0.269531 0.970703 0.271484 0.974609 0.271484
0 0.972656 0.281250 0.972656 0.283203 0.970703 0.285156 0.974609 0.289062 0.976562 0.287109 0.976562 0.285156
0 0.949219 0.343750 0.949219 0.345703 0.947266 0.347656 0.949219 0.349609
0 0.992188 0.378906 0.955078 0.378906 0.953125 0.423828 0.982422 0.431641 0.988281 0.460938 0.964844 0.498047 0.947266 0.494141 0.949219 0.429688 0.933594 0.419922 0.908203 0.435547 0.902344 0.419922 0.888672 0.423828 0.875000 0.472656 0.853516 0.486328 0.859375 0.527344 0.884766 0.570312 0.892578 0.628906 0.753906 0.646484 0.750000 0.703125 0.998047 0.697266 0.998047 0.390625 0.966797 0.386719
0 0.904297 0.408203 0.900391 0.408203 0.902344 0.410156 0.902344 0.414062 0.904297 0.412109
0 0.990234 0.847656 0.980469 0.847656 0.968750 0.851562 0.939453 0.849609 0.923828 0.857422 0.912109 0.880859 0.912109 0.910156 0.919922 0.933594 0.925781 0.939453 0.937500 0.945312 0.958984 0.945312 0.998047 0.935547 0.998047 0.851562
0 0.839844 0.878906 0.832031 0.878906 0.828125 0.882812 0.828125 0.904297 0.830078 0.906250 0.830078 0.912109 0.832031 0.914062 0.832031 0.917969 0.833984 0.917969 0.833984 0.906250 0.837891 0.902344 0.837891 0.898438 0.839844 0.896484 0.839844 0.892578 0.841797 0.890625 0.841797 0.880859
2 0.671875 0.060547 0.681641 0.062500 0.707031 0.058594 0.710938 0.052734 0.708984 0.037109 0.689453 0.033203 0.691406 0.031250 0.738281 0.031250 0.742188 0.027344 0.742188 0.000000 0.669922 0.000000 0.669922 0.017578 0.673828 0.029297 0.689453 0.033203 0.687500 0.035156 0.675781 0.035156 0.671875 0.039062 0.669922 0.048828
2 0.783203 0.000000 0.785156 0.001953 0.785156 0.007812 0.787109 0.009766 0.787109 0.013672 0.789062 0.015625 0.822266 0.015625 0.824219 0.013672 0.845703 0.013672 0.847656 0.011719 0.847656 0.000000
2 0.863281 0.003906 0.863281 0.050781 0.867188 0.062500 0.931641 0.052734 0.937500 0.056641 0.964844 0.058594 0.964844 0.021484 0.974609 0.062500 0.982422 0.064453 0.998047 0.060547 0.998047 0.035156 0.988281 0.005859 0.968750 0.007812 0.962891 0.023438 0.957031 0.011719 0.933594 0.003906
2 0.341797 0.060547 0.337891 0.056641 0.332031 0.058594 0.328125 0.056641 0.314453 0.062500 0.310547 0.082031 0.308594 0.080078 0.308594 0.064453 0.304688 0.066406 0.300781 0.064453 0.289062 0.070312 0.273438 0.074219 0.271484 0.076172 0.271484 0.105469 0.273438 0.109375 0.277344 0.111328 0.308594 0.109375 0.310547 0.107422 0.310547 0.089844 0.312500 0.087891 0.314453 0.089844 0.316406 0.109375 0.345703 0.107422 0.347656 0.105469 0.347656 0.093750 0.343750 0.083984
2 0.839844 0.082031 0.830078 0.082031 0.828125 0.080078 0.816406 0.080078 0.814453 0.082031 0.781250 0.082031 0.781250 0.091797 0.779297 0.093750 0.779297 0.101562 0.777344 0.103516 0.779297 0.105469 0.777344 0.107422 0.779297 0.109375 0.777344 0.113281 0.779297 0.115234 0.779297 0.123047 0.787109 0.123047 0.789062 0.125000 0.837891 0.125000 0.843750 0.121094 0.843750 0.111328 0.845703 0.109375 0.843750 0.105469 0.843750 0.087891
2 0.927734 0.111328 0.925781 0.107422 0.921875 0.105469 0.914062 0.087891 0.912109 0.085938 0.906250 0.085938 0.904297 0.083984 0.882812 0.087891 0.875000 0.095703 0.869141 0.097656 0.861328 0.105469 0.861328 0.115234 0.863281 0.117188 0.863281 0.123047 0.869141 0.128906 0.873047 0.130859 0.878906 0.130859 0.880859 0.132812 0.886719 0.132812 0.888672 0.134766 0.896484 0.134766 0.898438 0.136719 0.910156 0.130859 0.921875 0.121094 0.927734 0.119141
2 0.152344 0.095703 0.148438 0.093750 0.142578 0.093750 0.140625 0.091797 0.130859 0.095703 0.126953 0.095703 0.125000 0.093750 0.123047 0.095703 0.121094 0.093750 0.119141 0.095703 0.111328 0.095703 0.103516 0.101562 0.101562 0.107422 0.107422 0.121094 0.107422 0.128906 0.111328 0.138672 0.109375 0.142578 0.111328 0.144531 0.111328 0.148438 0.119141 0.154297 0.130859 0.154297 0.132812 0.152344 0.150391 0.150391 0.158203 0.154297 0.158203 0.113281 0.156250 0.111328 0.158203 0.105469
2 0.720703 0.093750 0.683594 0.099609 0.687500 0.162109 0.664062 0.164062 0.664062 0.193359 0.646484 0.197266 0.634766 0.205078 0.632812 0.271484 0.636719 0.275391 0.671875 0.269531 0.685547 0.271484 0.742188 0.255859 0.740234 0.166016 0.726562 0.166016 0.722656 0.162109
2 0.035156 0.111328 0.033203 0.111328 0.025391 0.117188 0.019531 0.117188 0.009766 0.123047 0.003906 0.123047 0.001953 0.125000 0.000000 0.123047 0.000000 0.140625 0.001953 0.142578 0.001953 0.158203 0.003906 0.160156 0.013672 0.160156 0.015625 0.158203 0.023438 0.158203 0.025391 0.156250 0.035156 0.156250 0.035156 0.154297 0.037109 0.152344 0.037109 0.128906 0.035156 0.126953
2 0.789062 0.130859 0.789062 0.142578 0.787109 0.144531 0.789062 0.197266 0.791016 0.199219 0.806641 0.199219 0.816406 0.203125 0.839844 0.197266 0.841797 0.195312 0.841797 0.179688 0.835938 0.167969 0.835938 0.146484 0.839844 0.138672 0.839844 0.132812 0.835938 0.130859
2 0.406250 0.167969 0.398438 0.171875 0.400391 0.175781 0.400391 0.228516 0.404297 0.228516 0.406250 0.232422 0.396484 0.234375 0.396484 0.275391 0.398438 0.279297 0.404297 0.281250 0.427734 0.281250 0.431641 0.277344 0.431641 0.253906 0.429688 0.251953 0.431641 0.236328 0.425781 0.234375 0.423828 0.230469 0.433594 0.226562 0.433594 0.195312 0.425781 0.187500 0.425781 0.169922
2 0.449219 0.234375 0.449219 0.271484 0.468750 0.277344 0.468750 0.306641 0.474609 0.312500 0.503906 0.310547 0.535156 0.302734 0.544922 0.294922 0.623047 0.292969 0.628906 0.269531 0.623047 0.240234 0.607422 0.228516 0.548828 0.228516 0.535156 0.238281 0.521484 0.236328 0.521484 0.210938 0.527344 0.205078 0.500000 0.201172 0.505859 0.226562 0.498047 0.236328 0.486328 0.238281 0.478516 0.232422 0.457031 0.230469
2 0.201172 0.226562 0.199219 0.257812 0.205078 0.281250 0.228516 0.283203 0.218750 0.306641 0.191406 0.308594 0.187500 0.314453 0.191406 0.335938 0.203125 0.337891 0.208984 0.353516 0.267578 0.351562 0.275391 0.347656 0.277344 0.339844 0.279297 0.347656 0.355469 0.349609 0.363281 0.345703 0.357422 0.289062 0.314453 0.283203 0.277344 0.285156 0.275391 0.292969 0.273438 0.285156 0.265625 0.281250 0.236328 0.283203 0.242188 0.279297 0.240234 0.238281 0.246094 0.222656
2 0.093750 0.228516 0.095703 0.324219 0.103516 0.371094 0.109375 0.375000 0.169922 0.373047 0.173828 0.365234 0.169922 0.328125 0.175781 0.318359 0.175781 0.304688 0.171875 0.296875 0.171875 0.251953 0.167969 0.238281 0.136719 0.226562
2 0.855469 0.335938 0.849609 0.335938 0.837891 0.330078 0.806641 0.335938 0.798828 0.345703 0.792969 0.361328 0.787109 0.367188 0.781250 0.367188 0.767578 0.375000 0.763672 0.398438 0.765625 0.417969 0.769531 0.425781 0.785156 0.435547 0.820312 0.427734 0.841797 0.427734 0.837891 0.373047 0.843750 0.353516 0.857422 0.347656
2 0.712891 0.384766 0.658203 0.388672 0.658203 0.429688 0.662109 0.453125 0.660156 0.505859 0.664062 0.509766 0.681641 0.513672 0.710938 0.513672 0.714844 0.507812 0.718750 0.470703 0.716797 0.443359 0.720703 0.429688 0.718750 0.427734 0.720703 0.416016
2 0.615234 0.398438 0.558594 0.410156 0.552734 0.433594 0.548828 0.408203 0.511719 0.410156 0.515625 0.478516 0.562500 0.476562 0.578125 0.533203 0.564453 0.531250 0.562500 0.490234 0.542969 0.492188 0.546875 0.531250 0.566406 0.533203 0.546875 0.537109 0.544922 0.548828 0.576172 0.666016 0.613281 0.658203 0.595703 0.580078 0.617188 0.570312 0.611328 0.529297 0.617188 0.433594 0.625000 0.431641 0.626953 0.451172 0.628906 0.423828 0.621094 0.416016 0.628906 0.408203
2 0.953125 0.427734 0.951172 0.431641 0.951172 0.474609 0.949219 0.476562 0.949219 0.490234 0.951172 0.494141 0.955078 0.496094 0.964844 0.496094 0.968750 0.490234 0.968750 0.486328 0.976562 0.478516 0.978516 0.478516 0.982422 0.472656 0.982422 0.437500 0.978516 0.431641 0.972656 0.431641 0.970703 0.429688 0.958984 0.429688 0.957031 0.427734
2 0.435547 0.437500 0.421875 0.429688 0.392578 0.433594 0.388672 0.445312 0.382812 0.429688 0.339844 0.437500 0.363281 0.554688 0.380859 0.556641 0.365234 0.560547 0.363281 0.576172 0.361328 0.570312 0.296875 0.576172 0.292969 0.591797 0.300781 0.605469 0.359375 0.601562 0.365234 0.591797 0.369141 0.601562 0.449219 0.587891 0.447266 0.542969 0.404297 0.550781 0.404297 0.513672 0.443359 0.513672 0.443359 0.500000 0.435547 0.505859 0.427734 0.490234 0.427734 0.441406
2 0.257812 0.453125 0.251953 0.460938 0.251953 0.480469 0.257812 0.490234 0.257812 0.496094 0.259766 0.498047 0.259766 0.503906 0.263672 0.513672 0.300781 0.511719 0.310547 0.505859 0.318359 0.498047 0.318359 0.492188 0.314453 0.486328 0.314453 0.482422 0.308594 0.472656 0.308594 0.466797 0.306641 0.464844 0.308594 0.445312 0.277344 0.445312
2 0.767578 0.445312 0.757812 0.484375 0.759766 0.488281 0.757812 0.498047 0.769531 0.501953 0.759766 0.503906 0.757812 0.507812 0.757812 0.525391 0.755859 0.527344 0.757812 0.546875 0.755859 0.552734 0.763672 0.556641 0.804688 0.552734 0.806641 0.550781 0.806641 0.515625 0.804688 0.505859 0.794922 0.500000 0.796875 0.498047 0.796875 0.457031 0.794922 0.451172 0.787109 0.445312
2 0.433594 0.453125 0.433594 0.462891 0.435547 0.462891 0.435547 0.460938 0.433594 0.458984 0.433594 0.457031 0.435547 0.455078 0.435547 0.453125
2 0.224609 0.458984 0.220703 0.457031 0.210938 0.457031 0.193359 0.462891 0.183594 0.462891 0.175781 0.466797 0.177734 0.521484 0.179688 0.523438 0.179688 0.533203 0.181641 0.535156 0.210938 0.533203 0.212891 0.531250 0.222656 0.531250 0.230469 0.527344 0.228516 0.511719 0.226562 0.509766
2 0.433594 0.468750 0.433594 0.478516 0.435547 0.478516 0.435547 0.468750
2 0.121094 0.480469 0.115234 0.484375 0.113281 0.492188 0.115234 0.523438 0.111328 0.527344 0.107422 0.539062 0.111328 0.578125 0.115234 0.583984 0.123047 0.585938 0.156250 0.585938 0.162109 0.587891 0.166016 0.583984 0.166016 0.570312 0.158203 0.548828 0.148438 0.535156 0.140625 0.517578 0.140625 0.486328 0.134766 0.480469
2 0.435547 0.482422 0.433594 0.484375 0.433594 0.494141 0.435547 0.494141
2 0.048828 0.486328 0.037109 0.486328 0.021484 0.492188 0.013672 0.492188 0.011719 0.494141 0.000000 0.496094 0.000000 0.568359 0.029297 0.568359 0.031250 0.566406 0.046875 0.564453 0.052734 0.556641 0.052734 0.546875 0.054688 0.544922 0.054688 0.535156 0.052734 0.533203 0.052734 0.490234
2 0.332031 0.511719 0.330078 0.511719 0.326172 0.515625 0.320312 0.515625 0.308594 0.521484 0.300781 0.527344 0.275391 0.531250 0.273438 0.533203 0.273438 0.548828 0.275391 0.552734 0.281250 0.558594 0.294922 0.558594 0.296875 0.556641 0.316406 0.556641 0.318359 0.554688 0.333984 0.554688 0.335938 0.550781 0.335938 0.544922 0.333984 0.542969 0.333984 0.519531 0.332031 0.517578
2 0.248047 0.541016 0.244141 0.537109 0.228516 0.537109 0.226562 0.539062 0.222656 0.539062 0.220703 0.541016 0.214844 0.541016 0.212891 0.542969 0.207031 0.542969 0.205078 0.544922 0.203125 0.544922 0.203125 0.550781 0.205078 0.552734 0.205078 0.562500 0.207031 0.564453 0.207031 0.574219 0.208984 0.576172 0.216797 0.576172 0.218750 0.578125 0.230469 0.578125 0.232422 0.576172 0.244141 0.576172 0.251953 0.570312 0.253906 0.570312 0.255859 0.568359 0.255859 0.560547 0.253906 0.558594 0.253906 0.554688 0.250000 0.548828 0.250000 0.544922 0.248047 0.542969
2 0.636719 0.535156 0.632812 0.556641 0.632812 0.595703 0.628906 0.605469 0.630859 0.626953 0.625000 0.632812 0.625000 0.656250 0.628906 0.662109 0.636719 0.664062 0.685547 0.662109 0.691406 0.656250 0.691406 0.636719 0.687500 0.632812 0.693359 0.630859 0.695312 0.625000 0.703125 0.619141 0.703125 0.601562 0.671875 0.595703 0.675781 0.591797 0.691406 0.593750 0.693359 0.589844 0.695312 0.546875 0.675781 0.539062
2 0.541016 0.574219 0.490234 0.582031 0.480469 0.580078 0.457031 0.595703 0.455078 0.615234 0.466797 0.652344 0.476562 0.716797 0.488281 0.746094 0.541016 0.734375 0.560547 0.734375 0.568359 0.716797 0.556641 0.640625
2 0.808594 0.593750 0.792969 0.593750 0.791016 0.595703 0.769531 0.595703 0.767578 0.597656 0.750000 0.597656 0.748047 0.599609 0.748047 0.632812 0.750000 0.634766 0.771484 0.634766 0.773438 0.636719 0.775391 0.634766 0.791016 0.634766 0.792969 0.632812 0.804688 0.632812 0.806641 0.630859 0.810547 0.630859 0.810547 0.621094 0.812500 0.619141 0.812500 0.599609
2 0.357422 0.621094 0.349609 0.615234 0.333984 0.615234 0.332031 0.617188 0.320312 0.617188 0.318359 0.619141 0.310547 0.619141 0.308594 0.621094 0.302734 0.621094 0.298828 0.623047 0.294922 0.630859 0.296875 0.632812 0.294922 0.634766 0.296875 0.662109 0.304688 0.666016 0.328125 0.666016 0.330078 0.664062 0.341797 0.664062 0.343750 0.662109 0.357422 0.662109 0.359375 0.660156
2 0.099609 0.642578 0.099609 0.666016 0.097656 0.667969 0.097656 0.685547 0.103516 0.693359 0.136719 0.697266 0.138672 0.695312 0.146484 0.695312 0.154297 0.691406 0.154297 0.687500 0.156250 0.685547 0.156250 0.669922 0.154297 0.667969 0.152344 0.648438 0.150391 0.648438 0.148438 0.644531 0.144531 0.642578 0.130859 0.642578 0.128906 0.644531 0.109375 0.644531 0.107422 0.642578
2 0.123047 0.718750 0.123047 0.730469 0.125000 0.732422 0.125000 0.738281 0.126953 0.740234 0.126953 0.744141 0.132812 0.748047 0.156250 0.746094 0.158203 0.744141 0.177734 0.744141 0.179688 0.742188 0.185547 0.742188 0.187500 0.740234 0.185547 0.736328 0.189453 0.732422 0.197266 0.732422 0.197266 0.720703 0.203125 0.716797 0.203125 0.705078 0.199219 0.703125 0.189453 0.703125 0.187500 0.701172 0.154297 0.701172 0.152344 0.703125 0.138672 0.703125 0.128906 0.708984 0.125000 0.712891 0.125000 0.716797
2 0.306641 0.703125 0.306641 0.708984 0.308594 0.710938 0.308594 0.726562 0.347656 0.726562 0.349609 0.728516 0.353516 0.728516 0.355469 0.726562 0.363281 0.726562 0.365234 0.724609 0.365234 0.710938 0.363281 0.708984 0.363281 0.703125 0.357422 0.699219 0.310547 0.699219
2 0.998047 0.705078 0.753906 0.707031 0.748047 0.710938 0.750000 0.757812 0.730469 0.761719 0.724609 0.820312 0.806641 0.826172 0.804688 0.763672 0.755859 0.757812 0.998047 0.751953
2 0.474609 0.720703 0.416016 0.724609 0.412109 0.757812 0.410156 0.726562 0.326172 0.738281 0.326172 0.781250 0.330078 0.789062 0.335938 0.791016 0.359375 0.781250 0.402344 0.777344 0.414062 0.771484 0.416016 0.775391 0.484375 0.773438 0.484375 0.750000 0.476562 0.734375
2 0.605469 0.736328 0.599609 0.744141 0.599609 0.771484 0.597656 0.773438 0.599609 0.818359 0.613281 0.818359 0.619141 0.814453 0.626953 0.816406 0.634766 0.814453 0.640625 0.818359 0.666016 0.820312 0.669922 0.816406 0.671875 0.785156 0.673828 0.783203 0.671875 0.777344 0.648438 0.771484 0.642578 0.771484 0.636719 0.775391 0.632812 0.771484 0.636719 0.769531 0.638672 0.738281 0.617188 0.734375
2 0.591797 0.796875 0.580078 0.796875 0.578125 0.798828 0.568359 0.798828 0.566406 0.800781 0.542969 0.800781 0.541016 0.802734 0.539062 0.810547 0.542969 0.822266 0.542969 0.867188 0.548828 0.869141 0.550781 0.867188 0.589844 0.867188 0.591797 0.865234 0.597656 0.865234 0.595703 0.812500 0.593750 0.810547 0.593750 0.798828
2 0.486328 0.832031 0.482422 0.830078 0.480469 0.832031 0.449219 0.832031 0.447266 0.833984 0.427734 0.833984 0.425781 0.835938 0.417969 0.835938 0.416016 0.837891 0.416016 0.845703 0.417969 0.847656 0.417969 0.855469 0.419922 0.857422 0.419922 0.871094 0.421875 0.873047 0.421875 0.876953 0.423828 0.878906 0.439453 0.878906 0.441406 0.876953 0.457031 0.876953 0.458984 0.875000 0.478516 0.875000 0.480469 0.873047 0.488281 0.873047 0.492188 0.871094 0.494141 0.861328 0.488281 0.849609
2 0.609375 0.851562 0.609375 0.855469 0.611328 0.857422 0.611328 0.863281 0.613281 0.865234 0.613281 0.869141 0.615234 0.871094 0.615234 0.875000 0.617188 0.878906 0.626953 0.878906 0.628906 0.880859 0.644531 0.880859 0.646484 0.882812 0.666016 0.882812 0.667969 0.880859 0.667969 0.865234 0.669922 0.863281 0.669922 0.855469 0.667969 0.851562 0.623047 0.851562 0.621094 0.849609 0.615234 0.849609 0.613281 0.851562
2 0.726562 0.871094 0.726562 0.878906 0.724609 0.880859 0.724609 0.908203 0.722656 0.910156 0.722656 0.927734 0.726562 0.931641 0.732422 0.933594 0.792969 0.933594 0.796875 0.929688 0.796875 0.904297 0.802734 0.898438 0.802734 0.892578 0.804688 0.890625 0.804688 0.876953 0.802734 0.875000 0.781250 0.875000 0.779297 0.873047 0.765625 0.873047 0.751953 0.869141 0.746094 0.871094 0.744141 0.869141 0.738281 0.869141 0.736328 0.871094 0.730469 0.869141
2 0.828125 0.880859 0.832031 0.876953 0.839844 0.876953 0.843750 0.880859 0.843750 0.890625 0.839844 0.902344 0.835938 0.906250 0.835938 0.917969 0.833984 0.919922 0.830078 0.917969 0.828125 0.906250 0.832031 0.927734 0.835938 0.929688 0.876953 0.929688 0.878906 0.927734 0.902344 0.927734 0.906250 0.925781 0.908203 0.921875 0.906250 0.919922 0.906250 0.873047 0.904297 0.871094 0.902344 0.873047 0.892578 0.869141 0.890625 0.871094 0.888672 0.869141 0.882812 0.871094 0.880859 0.869141 0.855469 0.869141 0.847656 0.876953 0.832031 0.876953
2 0.621094 0.908203 0.621094 0.910156 0.619141 0.912109 0.619141 0.925781 0.621094 0.927734 0.621094 0.939453 0.623047 0.941406 0.623047 0.953125 0.625000 0.955078 0.625000 0.957031 0.626953 0.955078 0.628906 0.957031 0.630859 0.955078 0.632812 0.957031 0.634766 0.957031 0.636719 0.955078 0.638672 0.957031 0.640625 0.955078 0.644531 0.955078 0.646484 0.957031 0.648438 0.957031 0.648438 0.916016 0.646484 0.914062 0.646484 0.912109 0.640625 0.908203
4 0.701172 0.996094 0.998047 0.998047 0.998047 0.945312 0.937500 0.951172 0.914062 0.939453 0.734375 0.939453 0.708984 0.947266
5 0.513672 0.003906 0.373047 0.000000 0.224609 0.048828 0.025391 0.070312 0.000000 0.080078 0.000000 0.121094 0.121094 0.091797 0.230469 0.085938 0.419922 0.023438 0.501953 0.021484
5 0.998047 0.101562 0.785156 0.242188 0.785156 0.009766 0.750000 0.000000 0.744141 0.267578 0.000000 0.439453 0.011719 0.476562 0.728516 0.349609 0.658203 0.957031 0.320312 0.998047 0.691406 0.998047 0.718750 0.867188 0.998047 0.849609 0.720703 0.830078 0.765625 0.341797 0.923828 0.269531 0.998047 0.167969 0.781250 0.289062 0.980469 0.162109
6 0.054688 0.486328 0.064453 0.513672 0.052734 0.560547 0.000000 0.574219 0.019531 0.589844 0.000000 0.597656 0.000000 0.998047 0.310547 0.998047 0.257812 0.587891 0.244141 0.585938 0.240234 0.599609 0.255859 0.603516 0.232422 0.626953 0.216797 0.621094 0.234375 0.617188 0.216797 0.607422 0.224609 0.585938 0.115234 0.591797 0.113281 0.482422
6 0.054688 0.529297 0.054688 0.533203 0.056641 0.535156 0.056641 0.539062 0.056641 0.531250
6 0.162109 0.542969 0.160156 0.542969 0.160156 0.544922
6 0.251953 0.564453 0.253906 0.566406 0.253906 0.564453
