0 0.041016 0.535156 0.050781 0.701172 0.000000 0.718750 0.000000 0.998047 0.675781 0.998047 0.630859 0.867188 0.527344 0.697266 0.240234 0.726562 0.218750 0.685547 0.232422 0.628906 0.201172 0.558594 0.201172 0.501953
0 0.841797 0.988281 0.843750 0.990234 0.843750 0.992188 0.847656 0.992188 0.853516 0.986328 0.857422 0.986328 0.855469 0.984375 0.853516 0.986328 0.851562 0.984375 0.843750 0.984375 0.841797 0.986328
2 0.107422 0.111328 0.101562 0.111328 0.099609 0.113281 0.093750 0.113281 0.091797 0.115234 0.083984 0.115234 0.082031 0.117188 0.078125 0.117188 0.076172 0.119141 0.070312 0.121094 0.068359 0.123047 0.068359 0.125000 0.074219 0.130859 0.078125 0.130859 0.080078 0.132812 0.082031 0.132812 0.083984 0.134766 0.083984 0.136719 0.087891 0.140625 0.087891 0.142578 0.091797 0.148438 0.105469 0.148438 0.107422 0.146484 0.111328 0.146484 0.121094 0.140625 0.121094 0.134766 0.119141 0.132812 0.119141 0.130859 0.115234 0.126953 0.115234 0.125000
2 0.601562 0.146484 0.595703 0.138672 0.595703 0.132812 0.593750 0.130859 0.593750 0.128906 0.591797 0.128906 0.589844 0.126953 0.587891 0.128906 0.582031 0.128906 0.580078 0.130859 0.576172 0.130859 0.574219 0.132812 0.568359 0.134766 0.564453 0.138672 0.562500 0.138672 0.556641 0.142578 0.552734 0.142578 0.550781 0.144531 0.548828 0.144531 0.548828 0.146484 0.546875 0.148438 0.546875 0.158203 0.554688 0.166016 0.570312 0.166016 0.572266 0.164062 0.580078 0.164062 0.589844 0.158203 0.593750 0.158203 0.595703 0.156250 0.601562 0.154297
2 0.591797 0.203125 0.587891 0.199219 0.570312 0.201172 0.562500 0.205078 0.544922 0.208984 0.527344 0.218750 0.515625 0.220703 0.511719 0.224609 0.511719 0.230469 0.517578 0.244141 0.521484 0.261719 0.525391 0.265625 0.531250 0.265625 0.550781 0.257812 0.568359 0.253906 0.578125 0.248047 0.601562 0.242188 0.603516 0.240234 0.603516 0.230469 0.593750 0.212891
2 0.083984 0.218750 0.070312 0.222656 0.066406 0.226562 0.066406 0.234375 0.068359 0.236328 0.066406 0.267578 0.080078 0.308594 0.082031 0.310547 0.093750 0.310547 0.113281 0.300781 0.132812 0.294922 0.136719 0.291016 0.136719 0.281250 0.130859 0.275391 0.126953 0.267578 0.126953 0.259766 0.119141 0.250000 0.117188 0.236328 0.109375 0.228516 0.101562 0.228516 0.091797 0.220703
2 0.898438 0.238281 0.894531 0.238281 0.892578 0.240234 0.884766 0.240234 0.882812 0.242188 0.876953 0.242188 0.875000 0.244141 0.873047 0.244141 0.869141 0.250000 0.869141 0.263672 0.871094 0.265625 0.871094 0.271484 0.873047 0.273438 0.873047 0.277344 0.878906 0.283203 0.886719 0.283203 0.888672 0.281250 0.896484 0.281250 0.898438 0.279297 0.902344 0.279297 0.904297 0.277344 0.904297 0.267578 0.902344 0.265625 0.902344 0.251953 0.900391 0.250000 0.900391 0.240234
2 0.042969 0.251953 0.027344 0.251953 0.000000 0.265625 0.000000 0.337891 0.001953 0.339844 0.011719 0.339844 0.015625 0.326172 0.035156 0.320312 0.048828 0.312500 0.056641 0.312500 0.062500 0.308594 0.064453 0.300781 0.058594 0.287109 0.054688 0.265625 0.050781 0.257812
2 0.455078 0.250000 0.404297 0.261719 0.369141 0.277344 0.361328 0.285156 0.359375 0.294922 0.363281 0.316406 0.384766 0.376953 0.396484 0.394531 0.439453 0.375000 0.490234 0.359375 0.488281 0.341797 0.476562 0.312500 0.472656 0.291016
2 0.677734 0.273438 0.673828 0.271484 0.664062 0.273438 0.636719 0.287109 0.619141 0.291016 0.605469 0.298828 0.585938 0.304688 0.582031 0.312500 0.591797 0.341797 0.599609 0.343750 0.611328 0.339844 0.628906 0.330078 0.656250 0.322266 0.677734 0.310547 0.689453 0.308594 0.689453 0.300781 0.677734 0.281250
2 0.998047 0.332031 0.933594 0.341797 0.912109 0.349609 0.916016 0.375000 0.925781 0.406250 0.931641 0.451172 0.960938 0.441406 0.972656 0.441406 0.998047 0.425781
2 0.539062 0.353516 0.533203 0.353516 0.525391 0.363281 0.511719 0.365234 0.509766 0.367188 0.509766 0.384766 0.511719 0.386719 0.511719 0.394531 0.515625 0.404297 0.521484 0.412109 0.521484 0.417969 0.525391 0.427734 0.533203 0.427734 0.546875 0.419922 0.552734 0.419922 0.554688 0.417969 0.566406 0.416016 0.568359 0.414062 0.568359 0.406250 0.566406 0.404297 0.560547 0.382812 0.546875 0.359375
2 0.759766 0.474609 0.742188 0.455078 0.710938 0.460938 0.675781 0.474609 0.669922 0.486328 0.671875 0.517578 0.660156 0.480469 0.638672 0.482422 0.599609 0.498047 0.591797 0.496094 0.576172 0.501953 0.576172 0.527344 0.583984 0.556641 0.591797 0.562500 0.675781 0.533203 0.673828 0.515625 0.681641 0.531250 0.695312 0.531250 0.718750 0.521484 0.738281 0.521484 0.748047 0.507812 0.763672 0.500000
2 0.322266 0.472656 0.273438 0.484375 0.259766 0.500000 0.222656 0.498047 0.207031 0.503906 0.208984 0.535156 0.220703 0.548828 0.220703 0.568359 0.228516 0.570312 0.224609 0.574219 0.234375 0.585938 0.236328 0.609375 0.250000 0.628906 0.250000 0.644531 0.228516 0.671875 0.240234 0.722656 0.310547 0.718750 0.326172 0.710938 0.332031 0.714844 0.353516 0.697266 0.371094 0.693359 0.371094 0.683594 0.355469 0.671875 0.353516 0.576172 0.337891 0.548828 0.332031 0.486328
2 0.798828 0.550781 0.779297 0.552734 0.775391 0.560547 0.699219 0.587891 0.679688 0.599609 0.677734 0.611328 0.667969 0.601562 0.636719 0.613281 0.638672 0.630859 0.650391 0.646484 0.673828 0.712891 0.707031 0.703125 0.712891 0.691406 0.722656 0.697266 0.816406 0.656250 0.824219 0.658203 0.839844 0.648438
2 0.597656 0.650391 0.578125 0.648438 0.546875 0.664062 0.546875 0.683594 0.554688 0.693359 0.562500 0.710938 0.568359 0.716797 0.576172 0.714844 0.585938 0.708984 0.589844 0.708984 0.605469 0.699219 0.625000 0.695312 0.625000 0.687500 0.619141 0.675781 0.605469 0.664062
2 0.705078 0.724609 0.640625 0.742188 0.601562 0.761719 0.615234 0.794922 0.640625 0.826172 0.640625 0.847656 0.658203 0.875000 0.685547 0.945312 0.781250 0.912109 0.734375 0.794922 0.724609 0.746094
2 0.880859 0.792969 0.871094 0.792969 0.791016 0.822266 0.806641 0.873047 0.822266 0.894531 0.833984 0.927734 0.843750 0.941406 0.855469 0.943359 0.894531 0.931641 0.919922 0.929688 0.931641 0.919922 0.923828 0.910156 0.916016 0.867188 0.894531 0.806641
5 0.166016 0.000000 0.142578 0.000000 0.142578 0.009766 0.310547 0.191406 0.322266 0.232422 0.177734 0.294922 0.003906 0.349609 0.000000 0.380859 0.337891 0.255859 0.355469 0.240234 0.343750 0.185547 0.261719 0.111328
5 0.703125 0.000000 0.759766 0.150391 0.677734 0.222656 0.769531 0.175781 0.810547 0.318359 0.732422 0.318359 0.722656 0.335938 0.820312 0.341797 0.910156 0.580078 0.843750 0.605469 0.919922 0.605469 0.935547 0.632812 0.855469 0.681641 0.945312 0.662109 0.968750 0.738281 0.998047 0.763672 0.998047 0.683594 0.779297 0.000000 0.736328 0.000000 0.742188 0.033203 0.726562 0.000000
5 0.000000 0.511719 0.013672 0.533203 0.404297 0.451172 0.679688 0.988281 0.710938 0.998047 0.427734 0.443359 0.486328 0.423828 0.644531 0.701172 0.544922 0.505859 0.748047 0.451172 0.816406 0.404297 0.535156 0.484375 0.498047 0.396484 0.406250 0.402344 0.380859 0.435547
