0 0.314453 0.000000 0.308594 0.015625 0.308594 0.027344 0.318359 0.037109 0.316406 0.048828 0.324219 0.054688 0.351562 0.054688 0.367188 0.060547 0.380859 0.060547 0.382812 0.062500 0.396484 0.060547 0.408203 0.054688 0.402344 0.044922 0.398438 0.044922 0.386719 0.037109 0.392578 0.027344 0.410156 0.013672 0.408203 0.000000
0 0.001953 0.109375 0.000000 0.287109 0.113281 0.287109 0.121094 0.281250 0.179688 0.279297 0.191406 0.183594 0.164062 0.169922 0.167969 0.158203 0.160156 0.132812 0.167969 0.107422 0.085938 0.099609 0.027344 0.101562 0.011719 0.111328 0.017578 0.117188 0.011719 0.128906
0 0.671875 0.107422 0.667969 0.115234 0.669922 0.125000 0.675781 0.119141 0.669922 0.115234 0.669922 0.111328 0.671875 0.109375 0.679688 0.109375 0.681641 0.107422 0.685547 0.107422 0.687500 0.109375 0.687500 0.138672 0.685547 0.140625 0.677734 0.140625 0.693359 0.146484 0.695312 0.144531 0.703125 0.144531 0.705078 0.142578 0.716797 0.140625 0.722656 0.132812 0.722656 0.113281 0.718750 0.107422 0.699219 0.103516 0.697266 0.101562 0.689453 0.101562 0.687500 0.099609 0.679688 0.099609
0 0.640625 0.150391 0.638672 0.152344 0.630859 0.152344 0.628906 0.154297 0.626953 0.154297 0.628906 0.154297 0.630859 0.156250 0.626953 0.160156 0.625000 0.160156 0.623047 0.158203 0.619141 0.162109 0.619141 0.164062 0.617188 0.166016 0.617188 0.185547 0.619141 0.187500 0.623047 0.187500 0.625000 0.189453 0.628906 0.189453 0.630859 0.191406 0.634766 0.191406 0.636719 0.193359 0.642578 0.193359 0.644531 0.195312 0.646484 0.193359 0.650391 0.193359 0.650391 0.191406 0.652344 0.189453 0.652344 0.185547 0.654297 0.183594 0.654297 0.166016 0.652344 0.164062 0.652344 0.156250 0.648438 0.152344 0.646484 0.152344 0.644531 0.150391
0 0.447266 0.208984 0.445312 0.212891 0.445312 0.234375 0.453125 0.242188 0.472656 0.244141 0.474609 0.246094 0.498047 0.246094 0.505859 0.242188 0.509766 0.236328 0.507812 0.224609 0.505859 0.222656 0.505859 0.210938 0.507812 0.208984 0.505859 0.205078 0.501953 0.203125 0.496094 0.203125 0.494141 0.201172 0.488281 0.201172 0.486328 0.199219 0.478516 0.199219 0.476562 0.197266 0.464844 0.197266 0.462891 0.199219 0.455078 0.201172
0 0.773438 0.236328 0.773438 0.248047 0.783203 0.261719 0.783203 0.271484 0.759766 0.285156 0.753906 0.292969 0.753906 0.304688 0.767578 0.320312 0.785156 0.324219 0.835938 0.316406 0.871094 0.324219 0.888672 0.324219 0.904297 0.312500 0.904297 0.263672 0.888672 0.248047 0.867188 0.234375 0.857422 0.207031 0.826172 0.201172 0.812500 0.203125 0.796875 0.218750 0.785156 0.222656
0 0.380859 0.246094 0.376953 0.259766 0.378906 0.279297 0.384766 0.296875 0.394531 0.302734 0.394531 0.308594 0.398438 0.316406 0.416016 0.320312 0.427734 0.320312 0.443359 0.316406 0.455078 0.302734 0.466797 0.298828 0.470703 0.277344 0.468750 0.269531 0.462891 0.261719 0.416016 0.244141 0.390625 0.242188
0 0.195312 0.310547 0.191406 0.324219 0.193359 0.345703 0.185547 0.363281 0.185547 0.371094 0.193359 0.386719 0.195312 0.384766 0.197266 0.386719 0.203125 0.384766 0.205078 0.386719 0.208984 0.384766 0.210938 0.386719 0.212891 0.384766 0.214844 0.386719 0.218750 0.384766 0.224609 0.386719 0.236328 0.382812 0.238281 0.369141 0.244141 0.363281 0.253906 0.365234 0.257812 0.371094 0.269531 0.369141 0.271484 0.365234 0.271484 0.341797 0.261719 0.324219 0.244141 0.318359 0.228516 0.302734 0.201172 0.304688
0 0.052734 0.359375 0.052734 0.369141 0.056641 0.376953 0.056641 0.382812 0.068359 0.404297 0.078125 0.410156 0.087891 0.410156 0.097656 0.414062 0.115234 0.412109 0.126953 0.404297 0.152344 0.396484 0.162109 0.390625 0.166016 0.382812 0.166016 0.375000 0.156250 0.363281 0.140625 0.357422 0.136719 0.351562 0.121094 0.341797 0.109375 0.341797 0.107422 0.339844 0.091797 0.341797 0.080078 0.349609 0.066406 0.351562
0 0.998047 0.699219 0.976562 0.699219 0.953125 0.691406 0.921875 0.699219 0.917969 0.742188 0.906250 0.753906 0.904297 0.767578 0.892578 0.787109 0.898438 0.818359 0.896484 0.826172 0.886719 0.832031 0.894531 0.833984 0.902344 0.845703 0.894531 0.857422 0.873047 0.861328 0.871094 0.875000 0.878906 0.892578 0.892578 0.896484 0.951172 0.890625 0.957031 0.894531 0.976562 0.886719 0.998047 0.888672
0 0.509766 0.724609 0.505859 0.728516 0.505859 0.734375 0.503906 0.736328 0.503906 0.742188 0.501953 0.744141 0.501953 0.750000 0.503906 0.751953 0.503906 0.753906 0.505859 0.753906 0.507812 0.755859 0.535156 0.755859 0.539062 0.751953 0.539062 0.746094 0.541016 0.744141 0.539062 0.742188 0.539062 0.736328 0.529297 0.726562 0.523438 0.726562 0.521484 0.724609
0 0.593750 0.878906 0.564453 0.876953 0.548828 0.880859 0.539062 0.888672 0.519531 0.892578 0.513672 0.898438 0.507812 0.925781 0.507812 0.972656 0.503906 0.976562 0.490234 0.978516 0.472656 0.998047 0.597656 0.998047 0.599609 0.953125 0.597656 0.896484
0 0.970703 0.941406 0.970703 0.943359 0.968750 0.945312 0.968750 0.947266 0.970703 0.947266 0.972656 0.945312 0.972656 0.943359
0 0.945312 0.947266 0.945312 0.949219 0.947266 0.949219 0.947266 0.947266
0 0.984375 0.947266 0.986328 0.947266 0.988281 0.945312 0.984375 0.945312
0 0.998047 0.957031 0.994141 0.953125 0.990234 0.955078 0.986328 0.953125 0.982422 0.964844 0.984375 0.968750 0.980469 0.972656 0.970703 0.966797 0.970703 0.960938 0.968750 0.962891 0.968750 0.974609 0.964844 0.980469 0.958984 0.976562 0.955078 0.968750 0.955078 0.962891 0.953125 0.962891 0.953125 0.974609 0.949219 0.978516 0.947266 0.976562 0.943359 0.978516 0.941406 0.976562 0.939453 0.960938 0.937500 0.964844 0.939453 0.972656 0.935547 0.980469 0.939453 0.986328 0.937500 0.998047 0.998047 0.998047
2 0.203125 0.242188 0.199219 0.250000 0.199219 0.261719 0.201172 0.263672 0.201172 0.273438 0.207031 0.279297 0.208984 0.292969 0.214844 0.296875 0.234375 0.300781 0.246094 0.316406 0.250000 0.318359 0.271484 0.320312 0.275391 0.316406 0.275391 0.310547 0.279297 0.300781 0.279297 0.287109 0.273438 0.277344 0.273438 0.269531 0.261719 0.265625 0.257812 0.261719 0.255859 0.251953 0.248047 0.246094 0.220703 0.244141 0.212891 0.240234
2 0.710938 0.339844 0.710938 0.365234 0.712891 0.369141 0.765625 0.369141 0.769531 0.367188 0.769531 0.333984 0.765625 0.332031 0.728516 0.332031 0.726562 0.333984 0.714844 0.333984
2 0.640625 0.341797 0.626953 0.345703 0.625000 0.343750 0.611328 0.349609 0.599609 0.347656 0.582031 0.351562 0.585938 0.384766 0.591797 0.386719 0.601562 0.402344 0.609375 0.406250 0.609375 0.414062 0.605469 0.417969 0.583984 0.417969 0.582031 0.435547 0.585938 0.466797 0.591797 0.470703 0.626953 0.468750 0.636719 0.462891 0.642578 0.425781 0.642578 0.408203 0.638672 0.406250 0.636719 0.382812
2 0.000000 0.361328 0.000000 0.419922 0.009766 0.419922 0.011719 0.417969 0.011719 0.380859 0.009766 0.378906 0.009766 0.367188 0.005859 0.363281
2 0.458984 0.445312 0.458984 0.447266 0.472656 0.447266 0.480469 0.453125 0.494141 0.453125 0.505859 0.462891 0.507812 0.460938 0.515625 0.462891 0.517578 0.460938 0.550781 0.460938 0.552734 0.458984 0.552734 0.445312 0.554688 0.441406 0.550781 0.439453 0.550781 0.423828 0.541016 0.406250 0.533203 0.408203 0.527344 0.404297 0.515625 0.410156 0.503906 0.398438 0.501953 0.400391 0.484375 0.400391 0.472656 0.416016 0.466797 0.439453
2 0.179688 0.419922 0.162109 0.404297 0.130859 0.410156 0.111328 0.417969 0.115234 0.419922 0.099609 0.423828 0.087891 0.414062 0.060547 0.414062 0.035156 0.419922 0.031250 0.433594 0.039062 0.460938 0.041016 0.482422 0.044922 0.490234 0.066406 0.488281 0.087891 0.480469 0.107422 0.480469 0.107422 0.468750 0.113281 0.464844 0.123047 0.464844 0.126953 0.458984 0.128906 0.462891 0.162109 0.460938 0.173828 0.457031 0.179688 0.458984
2 0.925781 0.406250 0.921875 0.402344 0.861328 0.408203 0.851562 0.404297 0.808594 0.404297 0.806641 0.406250 0.808594 0.460938 0.845703 0.462891 0.857422 0.458984 0.861328 0.464844 0.863281 0.480469 0.916016 0.480469 0.921875 0.419922
2 0.707031 0.410156 0.708984 0.414062 0.708984 0.441406 0.712891 0.451172 0.726562 0.462891 0.730469 0.478516 0.771484 0.478516 0.775391 0.474609 0.775391 0.455078 0.779297 0.447266 0.777344 0.408203 0.775391 0.406250 0.744141 0.406250 0.742188 0.408203 0.710938 0.408203
2 0.185547 0.470703 0.142578 0.482422 0.148438 0.492188 0.146484 0.515625 0.150391 0.529297 0.156250 0.531250 0.167969 0.542969 0.164062 0.544922 0.162109 0.570312 0.169922 0.597656 0.203125 0.593750 0.207031 0.585938 0.216797 0.578125 0.210938 0.539062 0.197266 0.537109 0.207031 0.535156 0.208984 0.525391 0.199219 0.503906 0.195312 0.480469
2 0.585938 0.478516 0.583984 0.519531 0.585938 0.521484 0.585938 0.529297 0.591797 0.537109 0.591797 0.535156 0.599609 0.529297 0.648438 0.529297 0.650391 0.527344 0.648438 0.509766 0.646484 0.507812 0.646484 0.503906 0.648438 0.501953 0.648438 0.490234 0.640625 0.482422 0.632812 0.478516 0.607422 0.478516 0.605469 0.476562 0.587891 0.476562
2 0.986328 0.478516 0.984375 0.478516 0.982422 0.476562 0.976562 0.476562 0.974609 0.478516 0.966797 0.478516 0.964844 0.480469 0.957031 0.480469 0.955078 0.482422 0.953125 0.482422 0.951172 0.480469 0.951172 0.482422 0.949219 0.484375 0.949219 0.492188 0.947266 0.494141 0.949219 0.496094 0.947266 0.498047 0.947266 0.513672 0.949219 0.515625 0.968750 0.515625 0.970703 0.513672 0.978516 0.513672 0.980469 0.511719 0.990234 0.511719 0.992188 0.509766 0.992188 0.498047 0.990234 0.496094 0.990234 0.488281 0.988281 0.486328 0.988281 0.482422 0.986328 0.480469
2 0.878906 0.507812 0.845703 0.507812 0.830078 0.513672 0.808594 0.537109 0.808594 0.566406 0.832031 0.576172 0.859375 0.576172 0.871094 0.572266 0.876953 0.566406 0.876953 0.560547 0.878906 0.558594
2 0.783203 0.513672 0.777344 0.513672 0.775391 0.515625 0.755859 0.515625 0.753906 0.517578 0.748047 0.517578 0.746094 0.519531 0.738281 0.521484 0.730469 0.531250 0.730469 0.562500 0.734375 0.566406 0.746094 0.566406 0.755859 0.574219 0.765625 0.574219 0.767578 0.576172 0.783203 0.576172 0.785156 0.572266 0.785156 0.533203 0.787109 0.531250 0.787109 0.521484
2 0.105469 0.525391 0.095703 0.521484 0.082031 0.527344 0.066406 0.529297 0.050781 0.535156 0.027344 0.539062 0.023438 0.546875 0.025391 0.548828 0.025391 0.558594 0.029297 0.568359 0.035156 0.574219 0.041016 0.576172 0.046875 0.574219 0.093750 0.574219 0.095703 0.572266 0.105469 0.572266 0.115234 0.564453 0.109375 0.550781 0.109375 0.541016 0.107422 0.539062
2 0.593750 0.578125 0.593750 0.611328 0.640625 0.611328 0.642578 0.609375 0.658203 0.609375 0.660156 0.607422 0.664062 0.607422 0.664062 0.585938 0.662109 0.583984 0.662109 0.580078 0.658203 0.578125 0.646484 0.578125 0.644531 0.576172 0.607422 0.576172 0.605469 0.578125
2 0.113281 0.591797 0.103516 0.582031 0.093750 0.582031 0.091797 0.580078 0.048828 0.587891 0.042969 0.593750 0.041016 0.601562 0.044922 0.609375 0.044922 0.617188 0.046875 0.619141 0.046875 0.625000 0.050781 0.630859 0.050781 0.636719 0.056641 0.640625 0.064453 0.636719 0.080078 0.634766 0.082031 0.632812 0.115234 0.630859 0.121094 0.626953 0.121094 0.613281 0.117188 0.607422 0.117188 0.601562
2 0.810547 0.597656 0.810547 0.625000 0.816406 0.632812 0.826172 0.634766 0.841797 0.646484 0.853516 0.646484 0.855469 0.648438 0.867188 0.648438 0.869141 0.646484 0.867188 0.589844 0.863281 0.583984 0.859375 0.583984 0.857422 0.582031 0.843750 0.583984 0.833984 0.591797 0.824219 0.591797 0.822266 0.593750 0.816406 0.593750
2 0.748047 0.591797 0.746094 0.595703 0.746094 0.615234 0.748047 0.617188 0.748047 0.626953 0.751953 0.630859 0.791016 0.630859 0.792969 0.628906 0.796875 0.628906 0.800781 0.625000 0.800781 0.619141 0.794922 0.607422 0.794922 0.595703 0.791016 0.593750 0.785156 0.593750 0.783203 0.591797 0.769531 0.591797 0.767578 0.589844 0.753906 0.589844 0.751953 0.591797
2 0.220703 0.603516 0.205078 0.607422 0.183594 0.617188 0.189453 0.636719 0.189453 0.646484 0.197266 0.648438 0.203125 0.654297 0.203125 0.664062 0.205078 0.666016 0.199219 0.671875 0.189453 0.673828 0.187500 0.681641 0.195312 0.699219 0.199219 0.699219 0.208984 0.707031 0.240234 0.701172 0.236328 0.664062 0.230469 0.658203 0.232422 0.656250 0.232422 0.636719 0.228516 0.626953 0.228516 0.615234 0.226562 0.609375
2 0.595703 0.617188 0.593750 0.660156 0.597656 0.679688 0.617188 0.683594 0.593750 0.687500 0.593750 0.705078 0.605469 0.714844 0.607422 0.738281 0.626953 0.742188 0.662109 0.740234 0.662109 0.722656 0.654297 0.712891 0.654297 0.687500 0.619141 0.681641 0.656250 0.677734 0.652344 0.628906 0.636719 0.615234
2 0.058594 0.652344 0.054688 0.652344 0.052734 0.650391 0.037109 0.650391 0.035156 0.652344 0.015625 0.656250 0.005859 0.664062 0.001953 0.664062 0.000000 0.666016 0.000000 0.687500 0.001953 0.689453 0.005859 0.689453 0.007812 0.687500 0.011719 0.691406 0.011719 0.705078 0.015625 0.712891 0.037109 0.708984 0.048828 0.703125 0.066406 0.701172 0.068359 0.699219 0.068359 0.685547 0.066406 0.683594 0.066406 0.677734 0.064453 0.679688 0.060547 0.677734 0.064453 0.671875 0.064453 0.667969 0.062500 0.666016 0.062500 0.656250
2 0.732422 0.685547 0.732422 0.699219 0.718750 0.707031 0.722656 0.740234 0.730469 0.746094 0.722656 0.750000 0.720703 0.757812 0.720703 0.822266 0.722656 0.826172 0.767578 0.826172 0.773438 0.810547 0.787109 0.810547 0.789062 0.759766 0.785156 0.750000 0.732422 0.746094 0.738281 0.742188 0.767578 0.742188 0.767578 0.703125 0.753906 0.687500
2 0.146484 0.699219 0.138672 0.693359 0.125000 0.693359 0.095703 0.703125 0.060547 0.707031 0.013672 0.720703 0.009766 0.724609 0.013672 0.771484 0.025391 0.773438 0.039062 0.767578 0.070312 0.761719 0.091797 0.761719 0.144531 0.753906 0.148438 0.746094 0.146484 0.730469 0.152344 0.722656
2 0.261719 0.724609 0.255859 0.724609 0.251953 0.722656 0.238281 0.728516 0.222656 0.730469 0.222656 0.734375 0.216797 0.740234 0.216797 0.765625 0.218750 0.767578 0.218750 0.771484 0.220703 0.773438 0.230469 0.775391 0.238281 0.785156 0.255859 0.783203 0.257812 0.775391 0.267578 0.765625 0.271484 0.765625 0.273438 0.763672 0.273438 0.750000 0.275391 0.748047 0.273438 0.736328 0.265625 0.728516 0.265625 0.726562
2 0.609375 0.751953 0.609375 0.755859 0.607422 0.757812 0.607422 0.779297 0.609375 0.781250 0.611328 0.781250 0.613281 0.783203 0.619141 0.783203 0.621094 0.785156 0.648438 0.785156 0.650391 0.783203 0.650391 0.763672 0.648438 0.761719 0.648438 0.755859 0.644531 0.751953 0.642578 0.751953 0.640625 0.750000 0.615234 0.750000 0.613281 0.751953
2 0.804688 0.771484 0.806641 0.773438 0.806641 0.804688 0.804688 0.806641 0.806641 0.812500 0.820312 0.814453 0.826172 0.810547 0.828125 0.812500 0.876953 0.810547 0.878906 0.808594 0.878906 0.794922 0.880859 0.792969 0.880859 0.777344 0.888672 0.765625 0.888672 0.759766 0.884766 0.757812 0.849609 0.757812 0.847656 0.755859 0.835938 0.755859 0.828125 0.759766 0.828125 0.763672 0.824219 0.769531 0.806641 0.769531
2 0.277344 0.794922 0.273438 0.792969 0.267578 0.792969 0.259766 0.789062 0.242188 0.789062 0.240234 0.791016 0.236328 0.791016 0.232422 0.794922 0.224609 0.798828 0.224609 0.800781 0.228516 0.804688 0.228516 0.808594 0.224609 0.812500 0.222656 0.820312 0.220703 0.822266 0.222656 0.824219 0.222656 0.832031 0.224609 0.833984 0.224609 0.837891 0.230469 0.847656 0.232422 0.847656 0.240234 0.839844 0.244141 0.839844 0.246094 0.837891 0.255859 0.837891 0.263672 0.833984 0.277344 0.832031 0.283203 0.826172 0.283203 0.816406 0.281250 0.814453 0.281250 0.806641 0.279297 0.804688 0.279297 0.798828
2 0.085938 0.804688 0.070312 0.796875 0.062500 0.796875 0.060547 0.794922 0.046875 0.798828 0.025391 0.800781 0.017578 0.804688 0.017578 0.814453 0.021484 0.820312 0.021484 0.832031 0.035156 0.861328 0.037109 0.873047 0.054688 0.873047 0.056641 0.871094 0.087891 0.869141 0.089844 0.867188 0.089844 0.859375 0.091797 0.857422 0.091797 0.818359
2 0.599609 0.816406 0.597656 0.859375 0.601562 0.880859 0.601562 0.945312 0.605469 0.955078 0.603516 0.998047 0.660156 0.998047 0.666016 0.984375 0.677734 0.982422 0.685547 0.974609 0.687500 0.958984 0.656250 0.949219 0.662109 0.945312 0.660156 0.929688 0.664062 0.914062 0.660156 0.896484 0.648438 0.876953 0.654297 0.818359
2 0.242188 0.853516 0.240234 0.857422 0.248047 0.875000 0.265625 0.890625 0.263672 0.896484 0.251953 0.890625 0.263672 0.937500 0.275391 0.953125 0.287109 0.957031 0.273438 0.966797 0.279297 0.982422 0.277344 0.990234 0.285156 0.998047 0.339844 0.994141 0.332031 0.949219 0.312500 0.949219 0.328125 0.943359 0.330078 0.937500 0.318359 0.908203 0.318359 0.894531 0.308594 0.890625 0.320312 0.884766 0.308594 0.837891 0.287109 0.837891
2 0.861328 0.859375 0.853516 0.855469 0.722656 0.859375 0.722656 0.904297 0.730469 0.929688 0.726562 0.982422 0.740234 0.986328 0.751953 0.998047 0.791016 0.998047 0.800781 0.994141 0.837891 0.998047 0.845703 0.990234 0.855469 0.990234 0.857422 0.998047 0.867188 0.994141 0.873047 0.984375 0.873047 0.947266 0.865234 0.939453 0.873047 0.933594 0.867188 0.927734 0.867188 0.892578 0.861328 0.878906
2 0.195312 0.873047 0.150391 0.875000 0.136719 0.878906 0.123047 0.888672 0.130859 0.927734 0.140625 0.937500 0.152344 0.939453 0.142578 0.941406 0.142578 0.976562 0.144531 0.982422 0.152344 0.988281 0.195312 0.986328 0.216797 0.962891 0.214844 0.953125 0.205078 0.945312 0.177734 0.935547 0.185547 0.933594 0.191406 0.927734 0.191406 0.914062 0.199219 0.890625 0.205078 0.886719 0.208984 0.888672
2 0.976562 0.890625 0.976562 0.892578 0.974609 0.894531 0.974609 0.898438 0.972656 0.900391 0.972656 0.904297 0.970703 0.906250 0.970703 0.916016 0.972656 0.917969 0.972656 0.923828 0.974609 0.925781 0.976562 0.925781 0.978516 0.927734 0.982422 0.927734 0.984375 0.929688 0.986328 0.929688 0.992188 0.933594 0.998047 0.933594 0.998047 0.892578 0.988281 0.892578 0.986328 0.890625
2 0.667969 0.916016 0.667969 0.919922 0.669922 0.921875 0.669922 0.917969
2 0.687500 0.921875 0.685547 0.923828 0.685547 0.933594 0.687500 0.935547 0.689453 0.935547 0.691406 0.933594 0.691406 0.923828 0.689453 0.921875
2 0.669922 0.925781 0.669922 0.927734 0.667969 0.929688 0.667969 0.935547 0.669922 0.933594 0.669922 0.931641 0.667969 0.929688 0.669922 0.927734
2 0.000000 0.947266 0.000000 0.998047 0.009766 0.998047 0.009766 0.986328 0.015625 0.980469 0.017578 0.980469 0.023438 0.976562 0.023438 0.970703 0.021484 0.968750 0.021484 0.966797 0.017578 0.962891 0.017578 0.955078 0.015625 0.953125 0.015625 0.951172 0.013672 0.949219 0.003906 0.949219 0.001953 0.947266
2 0.068359 0.955078 0.068359 0.960938 0.066406 0.962891 0.066406 0.992188 0.068359 0.994141 0.068359 0.998047 0.085938 0.998047 0.087891 0.996094 0.101562 0.996094 0.103516 0.994141 0.121094 0.994141 0.121094 0.976562 0.119141 0.976562 0.111328 0.968750 0.109375 0.958984 0.105469 0.953125 0.101562 0.951172 0.095703 0.951172 0.093750 0.949219 0.080078 0.949219 0.078125 0.951172 0.072266 0.951172
4 0.681641 0.000000 0.685547 0.091797 0.724609 0.111328 0.724609 0.140625 0.689453 0.158203 0.699219 0.308594 0.748047 0.302734 0.748047 0.283203 0.771484 0.271484 0.771484 0.226562 0.816406 0.197266 0.859375 0.203125 0.908203 0.257812 0.919922 0.294922 0.998047 0.300781 0.998047 0.000000
4 0.189453 0.302734 0.177734 0.292969 0.158203 0.285156 0.125000 0.285156 0.113281 0.292969 0.064453 0.289062 0.000000 0.292969 0.000000 0.357422 0.011719 0.359375 0.021484 0.353516 0.048828 0.353516 0.095703 0.337891 0.144531 0.339844 0.148438 0.332031 0.183594 0.322266
4 0.410156 0.378906 0.365234 0.396484 0.263672 0.402344 0.205078 0.419922 0.224609 0.509766 0.246094 0.548828 0.285156 0.662109 0.402344 0.664062 0.451172 0.652344 0.449219 0.589844 0.425781 0.460938 0.427734 0.425781
4 0.449219 0.486328 0.447266 0.517578 0.464844 0.646484 0.468750 0.650391 0.533203 0.650391 0.583984 0.640625 0.589844 0.599609 0.580078 0.560547 0.578125 0.478516 0.552734 0.482422 0.537109 0.490234 0.505859 0.478516 0.480469 0.490234
5 0.177734 0.388672 0.228516 0.410156 0.675781 0.333984 0.683594 0.996094 0.722656 0.851562 0.898438 0.851562 0.722656 0.832031 0.699219 0.685547 0.890625 0.683594 0.914062 0.748047 0.931641 0.570312 0.998047 0.568359 0.937500 0.535156 0.955078 0.314453 0.890625 0.664062 0.699219 0.658203 0.697266 0.335938 0.753906 0.306641
5 0.001953 0.500000 0.001953 0.539062 0.107422 0.523438 0.179688 0.775391 0.187500 0.857422 0.210938 0.888672 0.244141 0.998047 0.271484 0.998047 0.275391 0.974609 0.244141 0.867188 0.222656 0.839844 0.216797 0.767578 0.136719 0.490234 0.087891 0.482422
6 0.000000 0.000000 0.000000 0.121094 0.044922 0.097656 0.167969 0.105469 0.166016 0.169922 0.193359 0.183594 0.173828 0.285156 0.193359 0.275391 0.207031 0.154297 0.203125 0.236328 0.277344 0.271484 0.291016 0.363281 0.687500 0.302734 0.671875 0.152344 0.685547 0.109375 0.652344 0.121094 0.677734 0.085938 0.677734 0.000000 0.410156 0.000000 0.388672 0.035156 0.410156 0.054688 0.384766 0.064453 0.320312 0.054688 0.312500 0.000000
6 0.699219 0.128906 0.699219 0.132812 0.695312 0.136719 0.697266 0.138672 0.699219 0.138672
6 0.255859 0.369141 0.255859 0.371094 0.257812 0.373047 0.261719 0.373047 0.257812 0.373047 0.255859 0.371094
6 0.568359 0.656250 0.339844 0.675781 0.322266 0.810547 0.341797 0.853516 0.347656 0.843750 0.347656 0.876953 0.333984 0.876953 0.332031 0.898438 0.365234 0.994141 0.468750 0.998047 0.505859 0.972656 0.505859 0.925781 0.519531 0.890625 0.564453 0.875000 0.593750 0.876953 0.583984 0.798828 0.585938 0.685547
6 0.326172 0.835938 0.324219 0.835938 0.324219 0.837891 0.322266 0.839844 0.322266 0.843750 0.324219 0.843750 0.326172 0.841797
6 0.324219 0.851562 0.324219 0.855469 0.326172 0.857422 0.326172 0.851562
