0 0.005859 0.214844 0.023438 0.253906 0.058594 0.271484 0.093750 0.242188 0.125000 0.257812 0.167969 0.251953 0.179688 0.298828 0.210938 0.316406 0.349609 0.265625 0.423828 0.279297 0.570312 0.259766 0.589844 0.222656 0.625000 0.220703 0.611328 0.216797 0.621094 0.046875 0.607422 0.052734 0.607422 0.019531 0.593750 0.013672 0.611328 0.000000 0.263672 0.000000 0.261719 0.056641 0.236328 0.083984 0.166016 0.109375 0.119141 0.109375 0.109375 0.095703 0.093750 0.144531 0.031250 0.171875 0.029297 0.224609 0.011719 0.203125
0 0.609375 0.226562 0.609375 0.228516 0.613281 0.228516 0.613281 0.226562
0 0.595703 0.234375 0.593750 0.234375 0.593750 0.236328
0 0.593750 0.242188 0.593750 0.244141 0.595703 0.246094 0.597656 0.246094 0.599609 0.244141 0.599609 0.242188
0 0.611328 0.242188 0.611328 0.244141 0.613281 0.244141
0 0.667969 0.283203 0.652344 0.279297 0.642578 0.285156 0.636719 0.277344 0.626953 0.285156 0.621094 0.277344 0.613281 0.285156 0.601562 0.281250 0.597656 0.291016 0.587891 0.283203 0.582031 0.298828 0.570312 0.298828 0.566406 0.322266 0.556641 0.316406 0.546875 0.417969 0.519531 0.466797 0.509766 0.468750 0.515625 0.517578 0.525391 0.531250 0.544922 0.537109 0.574219 0.531250 0.589844 0.544922 0.662109 0.541016 0.664062 0.478516 0.675781 0.443359 0.671875 0.371094 0.677734 0.294922
0 0.332031 0.324219 0.294922 0.318359 0.257812 0.324219 0.251953 0.332031 0.240234 0.333984 0.183594 0.330078 0.154297 0.351562 0.152344 0.382812 0.167969 0.404297 0.197266 0.414062 0.208984 0.441406 0.220703 0.451172 0.236328 0.455078 0.238281 0.462891 0.248047 0.462891 0.250000 0.466797 0.244141 0.470703 0.291016 0.470703 0.316406 0.455078 0.322266 0.425781 0.339844 0.382812 0.339844 0.357422
0 0.205078 0.322266 0.207031 0.322266 0.208984 0.320312 0.210938 0.320312 0.205078 0.320312
1 0.945312 0.689453 0.943359 0.691406 0.933594 0.693359 0.927734 0.701172 0.927734 0.707031 0.925781 0.708984 0.927734 0.710938 0.927734 0.716797 0.933594 0.724609 0.929688 0.732422 0.927734 0.742188 0.929688 0.744141 0.929688 0.750000 0.935547 0.757812 0.945312 0.759766 0.947266 0.761719 0.958984 0.761719 0.960938 0.759766 0.970703 0.757812 0.976562 0.750000 0.976562 0.744141 0.978516 0.742188 0.976562 0.740234 0.974609 0.730469 0.978516 0.722656 0.978516 0.716797 0.980469 0.714844 0.978516 0.712891 0.980469 0.710938 0.978516 0.708984 0.976562 0.699219 0.970703 0.693359 0.960938 0.691406 0.958984 0.689453 0.955078 0.689453 0.953125 0.691406 0.951172 0.689453
2 0.720703 0.160156 0.720703 0.177734 0.722656 0.179688 0.730469 0.169922 0.734375 0.171875 0.736328 0.169922 0.740234 0.169922 0.742188 0.171875 0.742188 0.185547 0.746094 0.185547 0.748047 0.187500 0.755859 0.185547 0.759766 0.189453 0.761719 0.189453 0.769531 0.185547 0.777344 0.191406 0.779297 0.191406 0.779297 0.189453 0.785156 0.183594 0.785156 0.181641 0.781250 0.177734 0.779297 0.179688 0.777344 0.177734 0.767578 0.175781 0.763672 0.171875 0.750000 0.171875 0.746094 0.167969 0.746094 0.162109 0.740234 0.162109 0.738281 0.160156 0.732422 0.160156 0.730469 0.158203 0.722656 0.158203
2 0.714844 0.205078 0.703125 0.238281 0.705078 0.269531 0.787109 0.277344 0.826172 0.285156 0.845703 0.285156 0.851562 0.281250 0.853516 0.261719 0.859375 0.255859 0.867188 0.232422 0.867188 0.218750 0.861328 0.207031 0.855469 0.214844 0.847656 0.216797 0.839844 0.205078 0.828125 0.205078 0.826172 0.208984 0.822266 0.205078 0.818359 0.208984 0.806641 0.205078 0.785156 0.208984 0.775391 0.201172
2 0.419922 0.304688 0.414062 0.322266 0.414062 0.355469 0.425781 0.361328 0.457031 0.363281 0.458984 0.365234 0.482422 0.365234 0.484375 0.363281 0.484375 0.355469 0.486328 0.353516 0.486328 0.326172 0.484375 0.322266 0.486328 0.320312 0.486328 0.314453 0.482422 0.310547 0.460938 0.308594 0.458984 0.306641 0.433594 0.306641 0.431641 0.304688
2 0.357422 0.382812 0.357422 0.396484 0.363281 0.414062 0.355469 0.429688 0.349609 0.453125 0.351562 0.458984 0.373047 0.462891 0.384766 0.455078 0.453125 0.462891 0.490234 0.478516 0.500000 0.474609 0.503906 0.457031 0.513672 0.441406 0.513672 0.412109 0.517578 0.408203 0.501953 0.400391
2 0.822266 0.529297 0.828125 0.544922 0.835938 0.546875 0.882812 0.544922 0.914062 0.550781 0.939453 0.550781 0.943359 0.544922 0.941406 0.517578 0.945312 0.513672 0.980469 0.515625 0.984375 0.511719 0.982422 0.478516 0.974609 0.468750 0.951172 0.468750 0.910156 0.460938 0.867188 0.458984 0.847656 0.466797 0.841797 0.460938 0.841797 0.455078 0.835938 0.453125 0.833984 0.474609 0.826172 0.492188 0.824219 0.515625 0.822266 0.511719
2 0.052734 0.523438 0.046875 0.531250 0.042969 0.550781 0.041016 0.587891 0.037109 0.603516 0.039062 0.617188 0.091797 0.625000 0.101562 0.628906 0.128906 0.630859 0.132812 0.626953 0.130859 0.613281 0.134766 0.599609 0.140625 0.535156 0.119141 0.529297 0.097656 0.529297 0.080078 0.523438
2 0.035156 0.679688 0.035156 0.751953 0.115234 0.759766 0.119141 0.750000 0.117188 0.742188 0.121094 0.738281 0.187500 0.744141 0.195312 0.740234 0.189453 0.724609 0.150391 0.720703 0.134766 0.705078 0.130859 0.687500 0.089844 0.685547 0.048828 0.675781 0.039062 0.675781
2 0.277344 0.943359 0.271484 0.951172 0.269531 0.958984 0.267578 0.960938 0.267578 0.972656 0.265625 0.974609 0.265625 0.990234 0.263672 0.992188 0.263672 0.998047 0.304688 0.998047 0.306641 0.996094 0.306641 0.990234 0.308594 0.988281 0.308594 0.978516 0.310547 0.976562 0.310547 0.970703 0.312500 0.968750 0.312500 0.945312 0.304688 0.941406 0.283203 0.941406 0.281250 0.943359
4 0.300781 0.658203 0.320312 0.673828 0.451172 0.689453 0.488281 0.701172 0.527344 0.701172 0.589844 0.716797 0.599609 0.710938 0.605469 0.693359 0.607422 0.605469 0.599609 0.593750 0.544922 0.595703 0.507812 0.582031 0.425781 0.578125 0.357422 0.566406 0.335938 0.580078 0.310547 0.652344
4 0.314453 0.689453 0.312500 0.716797 0.294922 0.736328 0.292969 0.789062 0.363281 0.798828 0.414062 0.792969 0.439453 0.804688 0.474609 0.792969 0.488281 0.796875 0.517578 0.826172 0.539062 0.826172 0.552734 0.732422 0.507812 0.722656 0.443359 0.722656 0.429688 0.708984 0.367188 0.703125 0.351562 0.712891 0.328125 0.699219 0.341797 0.683594
4 0.607422 0.751953 0.601562 0.773438 0.593750 0.839844 0.597656 0.843750 0.615234 0.843750 0.638672 0.849609 0.691406 0.849609 0.705078 0.796875 0.703125 0.767578 0.685547 0.761719 0.658203 0.757812 0.646484 0.750000 0.617188 0.748047
4 0.701172 0.849609 0.710938 0.855469 0.833984 0.863281 0.839844 0.859375 0.841797 0.837891 0.849609 0.830078 0.875000 0.818359 0.878906 0.810547 0.878906 0.781250 0.861328 0.773438 0.800781 0.767578 0.783203 0.761719 0.771484 0.761719 0.757812 0.775391 0.750000 0.775391 0.736328 0.763672 0.714844 0.761719 0.710938 0.765625
5 0.000000 0.853516 0.375000 0.867188 0.460938 0.896484 0.505859 0.996094 0.486328 0.867188 0.255859 0.820312 0.308594 0.548828 0.875000 0.613281 0.892578 0.585938 0.003906 0.455078 0.003906 0.494141 0.267578 0.542969 0.216797 0.830078 0.000000 0.808594
