0 0.264648 0.500000 0.529297 1.000000
0 0.576172 0.492188 0.847656 0.984375
0 0.821289 0.043945 0.357422 0.087891
0 0.316406 0.024414 0.003906 0.001953
0 0.327148 0.024414 0.001953 0.001953
0 0.047852 0.032227 0.001953 0.001953
0 0.108398 0.036133 0.005859 0.005859
0 0.033203 0.110352 0.003906 0.009766
0 0.001953 0.187500 0.003906 0.007812
0 0.037109 0.189453 0.003906 0.003906
0 0.059570 0.301758 0.005859 0.005859
0 0.109375 0.337891 0.003906 0.003906
0 0.393555 0.337891 0.005859 0.003906
0 0.098633 0.350586 0.001953 0.001953
0 0.002930 0.397461 0.005859 0.013672
0 0.208984 0.495117 0.003906 0.001953
0 0.208984 0.504883 0.007812 0.013672
0 0.202148 0.518555 0.001953 0.001953
0 0.194336 0.545898 0.001953 0.001953
0 0.177734 0.626953 0.042969 0.152344
0 0.624023 0.552734 0.001953 0.003906
0 0.153320 0.588867 0.001953 0.001953
0 0.159180 0.706055 0.001953 0.001953
0 0.158203 0.709961 0.003906 0.001953
0 0.157227 0.715820 0.001953 0.001953
0 0.156250 0.723633 0.003906 0.009766
0 0.156250 0.740234 0.003906 0.019531
0 0.932617 0.733398 0.001953 0.001953
0 0.926758 0.743164 0.001953 0.005859
0 0.915039 0.757812 0.021484 0.015625
0 0.155273 0.754883 0.001953 0.001953
0 0.155273 0.759766 0.001953 0.003906
0 0.155273 0.764648 0.001953 0.001953
0 0.155273 0.768555 0.001953 0.001953
0 0.154297 0.778320 0.003906 0.009766
0 0.140625 0.880859 0.031250 0.191406
0 0.999023 0.799805 0.001953 0.001953
0 0.657227 0.915039 0.001953 0.001953
0 0.666016 0.915039 0.003906 0.001953
0 0.666992 0.922852 0.005859 0.009766
0 0.968750 0.979492 0.062500 0.041016
0 0.948242 0.971680 0.001953 0.001953
0 0.124023 0.980469 0.001953 0.003906
0 0.125977 0.992188 0.017578 0.015625
1 0.371094 0.517578 0.496094 0.964844
2 0.730469 0.177734 0.058594 0.035156
2 0.290039 0.281250 0.041016 0.042969
2 0.060547 0.490234 0.121094 0.050781
2 0.591797 0.559570 0.156250 0.095703
2 0.334961 0.643555 0.091797 0.056641
2 0.776367 0.654297 0.037109 0.042969
2 0.029297 0.691406 0.058594 0.105469
2 0.069336 0.713867 0.044922 0.064453
2 0.486328 0.722656 0.121094 0.078125
2 0.916016 0.736328 0.070312 0.070312
2 0.029297 0.746094 0.003906 0.003906
2 0.019531 0.758789 0.019531 0.001953
2 0.579102 0.796875 0.052734 0.042969
2 0.258789 0.807617 0.033203 0.029297
2 0.285156 0.808594 0.015625 0.031250
2 0.349609 0.816406 0.070312 0.039062
2 0.916992 0.870117 0.166016 0.072266
2 0.254883 0.860352 0.033203 0.041016
2 0.717773 0.879883 0.056641 0.044922
2 0.655273 0.903320 0.064453 0.060547
2 0.487305 0.929688 0.056641 0.066406
2 0.396484 0.916992 0.066406 0.033203
2 0.771484 0.915039 0.050781 0.033203
2 0.377930 0.954102 0.048828 0.041016
3 0.123047 0.212891 0.246094 0.425781
3 0.347656 0.065430 0.160156 0.130859
5 0.324219 0.500000 0.472656 1.000000
5 0.805664 0.071289 0.388672 0.142578
5 0.834961 0.505859 0.330078 0.593750
