0 0.328125 0.123047 0.070312 0.078125
0 0.732422 0.255859 0.097656 0.085938
0 0.567383 0.298828 0.009766 0.011719
0 0.502930 0.447266 0.244141 0.128906
1 0.061523 0.608398 0.123047 0.783203
2 0.151367 0.125977 0.162109 0.251953
2 0.802734 0.068359 0.140625 0.136719
2 0.058594 0.079102 0.062500 0.052734
2 0.083008 0.154297 0.107422 0.058594
2 0.751953 0.172852 0.058594 0.083984
2 0.973633 0.232422 0.052734 0.054688
2 0.814453 0.372070 0.148438 0.083984
2 0.976562 0.393555 0.046875 0.037109
2 0.476562 0.544922 0.500000 0.308594
2 0.738281 0.437500 0.050781 0.078125
2 0.970703 0.453125 0.058594 0.039062
2 0.767578 0.516602 0.242188 0.130859
2 0.339844 0.467773 0.007812 0.005859
2 0.374023 0.474609 0.009766 0.007812
2 0.962891 0.551758 0.074219 0.162109
2 0.531250 0.529297 0.214844 0.078125
2 0.800781 0.637695 0.085938 0.103516
2 0.314453 0.708984 0.042969 0.011719
2 0.596680 0.803711 0.064453 0.048828
2 0.503906 0.853516 0.125000 0.144531
2 0.834961 0.822266 0.060547 0.062500
2 0.732422 0.831055 0.101562 0.056641
2 0.345703 0.875000 0.128906 0.113281
2 0.594727 0.871094 0.060547 0.054688
2 0.801758 0.941406 0.056641 0.058594
2 0.880859 0.939453 0.023438 0.039062
2 0.732422 0.953125 0.078125 0.058594
2 0.642578 0.965820 0.093750 0.060547
5 0.556641 0.500000 0.804688 1.000000
