0 0.793945 0.233398 0.412109 0.466797
0 0.220703 0.549805 0.207031 0.431641
0 0.697266 0.471680 0.070312 0.072266
0 0.779297 0.500000 0.082031 0.074219
0 0.901367 0.612305 0.197266 0.220703
0 0.033203 0.665039 0.066406 0.138672
0 0.788086 0.711914 0.044922 0.033203
2 0.308594 0.128906 0.082031 0.066406
2 0.457031 0.150391 0.136719 0.093750
2 0.150391 0.149414 0.085938 0.056641
2 0.595703 0.226562 0.074219 0.089844
2 0.410156 0.219727 0.074219 0.044922
2 0.293945 0.221680 0.052734 0.033203
2 0.159180 0.264648 0.099609 0.087891
2 0.497070 0.253906 0.052734 0.039062
2 0.553711 0.344727 0.048828 0.072266
2 0.509766 0.339844 0.039062 0.054688
2 0.397461 0.346680 0.072266 0.041016
2 0.041992 0.383789 0.083984 0.044922
2 0.366211 0.422852 0.048828 0.083984
2 0.412109 0.410156 0.039062 0.054688
2 0.544922 0.464844 0.089844 0.058594
2 0.409180 0.475586 0.037109 0.033203
2 0.099609 0.510742 0.097656 0.064453
2 0.022461 0.539062 0.017578 0.082031
2 0.364258 0.519531 0.052734 0.039062
2 0.360352 0.601562 0.052734 0.039062
2 0.971680 0.627930 0.056641 0.068359
2 0.630859 0.686523 0.082031 0.123047
2 0.542969 0.647461 0.042969 0.033203
2 0.614258 0.666992 0.001953 0.001953
2 0.516602 0.706055 0.052734 0.048828
2 0.737305 0.702148 0.041016 0.041016
2 0.350586 0.732422 0.060547 0.058594
2 0.031250 0.763672 0.062500 0.089844
2 0.569336 0.736328 0.041016 0.023438
2 0.956055 0.748047 0.041016 0.019531
2 0.985352 0.793945 0.029297 0.068359
2 0.620117 0.808594 0.111328 0.074219
2 0.750000 0.800781 0.039062 0.031250
2 0.366211 0.826172 0.044922 0.050781
2 0.293945 0.891602 0.095703 0.169922
2 0.806641 0.869141 0.039062 0.128906
2 0.180664 0.847656 0.037109 0.058594
2 0.463867 0.848633 0.041016 0.052734
2 0.121094 0.865234 0.054688 0.062500
2 0.934570 0.852539 0.037109 0.033203
2 0.976562 0.866211 0.046875 0.060547
2 0.384766 0.890625 0.058594 0.066406
2 0.648438 0.886719 0.031250 0.039062
2 0.695312 0.897461 0.058594 0.060547
2 0.163086 0.896484 0.037109 0.039062
2 0.485352 0.898438 0.048828 0.039062
2 0.921875 0.948242 0.058594 0.083984
2 0.048828 0.922852 0.042969 0.025391
2 0.597656 0.926758 0.027344 0.033203
2 0.635742 0.928711 0.041016 0.037109
2 0.751953 0.952148 0.058594 0.068359
2 0.390625 0.953125 0.031250 0.054688
5 0.314453 0.281250 0.515625 0.312500
5 0.500000 0.733398 1.000000 0.224609
5 0.084961 0.727539 0.001953 0.001953
5 0.678711 0.782227 0.005859 0.001953
5 0.684570 0.784180 0.001953 0.001953
