0 0.038086 0.028320 0.076172 0.056641
0 0.631836 0.227539 0.591797 0.455078
0 0.029297 0.422852 0.058594 0.357422
0 0.331055 0.540039 0.064453 0.060547
0 0.889648 0.570312 0.048828 0.046875
0 0.518555 0.804688 0.072266 0.058594
0 0.576172 0.925781 0.507812 0.148438
0 0.182617 0.967773 0.158203 0.064453
1 0.659180 0.038086 0.208984 0.076172
1 0.247070 0.262695 0.291016 0.236328
1 0.702148 0.273438 0.232422 0.179688
1 0.254883 0.299805 0.001953 0.001953
1 0.247070 0.321289 0.001953 0.005859
1 0.256836 0.331055 0.001953 0.001953
5 0.529297 0.250977 0.941406 0.501953
