0 0.500000 0.268555 1.000000 0.537109
0 0.490234 0.001953 0.003906 0.003906
0 0.928711 0.018555 0.001953 0.001953
0 0.631836 0.081055 0.001953 0.001953
0 0.647461 0.079102 0.001953 0.001953
0 0.899414 0.082031 0.001953 0.003906
0 0.572266 0.089844 0.007812 0.003906
0 0.557617 0.091797 0.005859 0.003906
0 0.541992 0.095703 0.009766 0.003906
0 0.551758 0.094727 0.001953 0.001953
0 0.512695 0.102539 0.001953 0.001953
0 0.673828 0.265625 0.027344 0.007812
0 0.618164 0.279297 0.009766 0.007812
0 0.632812 0.276367 0.003906 0.001953
0 0.649414 0.276367 0.005859 0.001953
0 0.603516 0.281250 0.011719 0.007812
0 0.587891 0.284180 0.007812 0.001953
0 0.636719 0.282227 0.003906 0.001953
0 0.571289 0.291016 0.009766 0.003906
0 0.056641 0.345703 0.003906 0.003906
0 0.500000 0.708008 1.000000 0.583984
0 0.786133 0.932617 0.001953 0.001953
0 0.795898 0.932617 0.001953 0.001953
0 0.801758 0.932617 0.001953 0.001953
0 0.775391 0.948242 0.011719 0.005859
0 0.787109 0.947266 0.003906 0.003906
0 0.794922 0.947266 0.003906 0.003906
0 0.802734 0.947266 0.003906 0.003906
0 0.810547 0.948242 0.003906 0.001953
0 0.818359 0.948242 0.003906 0.001953
0 0.833984 0.948242 0.003906 0.001953
0 0.848633 0.948242 0.005859 0.001953
0 0.864258 0.949219 0.005859 0.003906
0 0.874023 0.948242 0.001953 0.001953
0 0.879883 0.948242 0.001953 0.001953
0 0.911133 0.949219 0.001953 0.003906
0 0.925781 0.950195 0.007812 0.009766
0 0.870117 0.967773 0.025391 0.029297
0 0.772461 0.962891 0.005859 0.003906
0 0.779297 0.963867 0.003906 0.001953
0 0.787109 0.962891 0.003906 0.003906
0 0.802734 0.962891 0.003906 0.003906
0 0.818359 0.963867 0.003906 0.001953
0 0.848633 0.962891 0.005859 0.003906
0 0.911133 0.964844 0.005859 0.007812
0 0.854492 0.971680 0.001953 0.001953
0 0.771484 0.979492 0.003906 0.001953
0 0.849609 0.979492 0.003906 0.001953
0 0.894531 0.980469 0.003906 0.003906
0 0.784180 0.995117 0.001953 0.001953
0 0.863281 0.995117 0.003906 0.001953
0 0.894531 0.995117 0.003906 0.001953
0 0.196289 0.998047 0.005859 0.003906
2 0.916016 0.644531 0.167969 0.257812
2 0.882812 0.883789 0.164062 0.095703
2 0.614258 0.954102 0.244141 0.091797
3 0.852539 0.120117 0.294922 0.240234
4 0.583008 0.050781 0.208984 0.101562
4 0.601562 0.183594 0.195312 0.210938
4 0.634766 0.340820 0.171875 0.150391
4 0.320312 0.625000 0.089844 0.148438
4 0.535156 0.615234 0.050781 0.121094
4 0.049805 0.625977 0.099609 0.056641
4 0.120117 0.745117 0.052734 0.037109
4 0.494141 0.898438 0.078125 0.035156
4 0.351562 0.933594 0.152344 0.070312
4 0.168945 0.977539 0.103516 0.044922
5 0.500000 0.474609 1.000000 0.171875
