0 0.100586 0.547852 0.201172 0.076172
0 0.299805 0.634766 0.169922 0.128906
0 0.284180 0.700195 0.001953 0.001953
0 0.291992 0.706055 0.005859 0.005859
1 0.712891 0.173828 0.117188 0.050781
2 0.859375 0.250977 0.039062 0.056641
2 0.791992 0.243164 0.025391 0.033203
2 0.255859 0.309570 0.031250 0.048828
2 0.046875 0.439453 0.093750 0.144531
2 0.119141 0.416992 0.046875 0.029297
2 0.119141 0.480469 0.042969 0.035156
2 0.867188 0.503906 0.089844 0.042969
2 0.873047 0.581055 0.101562 0.119141
2 0.922852 0.604492 0.001953 0.009766
2 0.744141 0.683594 0.109375 0.058594
2 0.042969 0.696289 0.074219 0.072266
2 0.865234 0.727539 0.089844 0.103516
2 0.243164 0.784180 0.126953 0.091797
2 0.095703 0.878906 0.191406 0.242188
2 0.782227 0.803711 0.048828 0.080078
2 0.618164 0.820312 0.080078 0.042969
2 0.251953 0.859375 0.050781 0.046875
2 0.594727 0.904297 0.115234 0.113281
2 0.505859 0.943359 0.085938 0.113281
2 0.183594 0.979492 0.101562 0.041016
5 0.747070 0.356445 0.205078 0.552734
5 0.100586 0.236328 0.201172 0.207031
5 0.173828 0.576172 0.312500 0.140625
5 0.177734 0.842773 0.187500 0.314453
5 0.837891 0.899414 0.324219 0.201172
