0 0.710938 0.152344 0.128906 0.093750
0 0.567383 0.669922 0.865234 0.660156
0 0.052734 0.462891 0.105469 0.093750
0 0.338867 0.448242 0.001953 0.001953
0 0.763672 0.456055 0.003906 0.001953
0 0.778320 0.459961 0.013672 0.005859
0 0.355469 0.490234 0.007812 0.003906
0 0.369141 0.521484 0.003906 0.003906
0 0.356445 0.536133 0.001953 0.001953
0 0.956055 0.599609 0.001953 0.003906
0 0.095703 0.926758 0.191406 0.146484
0 0.432617 0.887695 0.005859 0.005859
0 0.442383 0.925781 0.005859 0.003906
0 0.458008 0.939453 0.021484 0.007812
0 0.474609 0.940430 0.003906 0.001953
0 0.646484 0.986328 0.003906 0.003906
2 0.080078 0.009766 0.054688 0.019531
2 0.250000 0.083984 0.121094 0.132812
2 0.062500 0.082031 0.035156 0.031250
2 0.435547 0.126953 0.070312 0.074219
2 0.901367 0.139648 0.146484 0.064453
2 0.132812 0.192383 0.148438 0.162109
2 0.247070 0.191406 0.005859 0.003906
2 0.280273 0.259766 0.111328 0.128906
2 0.776367 0.291016 0.291016 0.140625
2 0.027344 0.276367 0.023438 0.037109
2 0.057617 0.318359 0.095703 0.097656
2 0.819336 0.347656 0.107422 0.058594
2 0.218750 0.363281 0.023438 0.042969
2 0.064453 0.384766 0.066406 0.058594
2 0.293945 0.388672 0.064453 0.066406
2 0.139648 0.392578 0.064453 0.058594
2 0.529297 0.917969 0.074219 0.050781
3 0.057617 0.583984 0.005859 0.003906
3 0.208984 0.794922 0.417969 0.410156
3 0.410156 0.707031 0.007812 0.019531
3 0.427734 0.832031 0.003906 0.003906
3 0.393555 0.977539 0.001953 0.001953
3 0.377930 0.989258 0.009766 0.009766
3 0.392578 0.986328 0.003906 0.003906
3 0.162109 0.999023 0.003906 0.001953
5 0.500000 0.308594 1.000000 0.617188
