0 0.439453 0.057617 0.187500 0.115234
0 0.873047 0.069336 0.140625 0.138672
0 0.079102 0.290039 0.158203 0.224609
0 0.407227 0.423828 0.099609 0.074219
0 0.097656 0.424805 0.070312 0.056641
0 0.492188 0.830078 0.199219 0.339844
0 0.447266 0.666992 0.003906 0.001953
0 0.456055 0.668945 0.009766 0.009766
0 0.644531 0.745117 0.125000 0.142578
0 0.686523 0.862305 0.083984 0.068359
0 0.946289 0.899414 0.107422 0.138672
0 0.986328 0.932617 0.003906 0.005859
0 0.985352 0.950195 0.001953 0.005859
0 0.388672 0.994141 0.003906 0.003906
2 0.117188 0.029297 0.042969 0.058594
2 0.014648 0.088867 0.029297 0.087891
2 0.116211 0.091797 0.048828 0.054688
2 0.345703 0.128906 0.132812 0.085938
2 0.582031 0.160156 0.078125 0.082031
2 0.877930 0.173828 0.056641 0.078125
2 0.681641 0.173828 0.074219 0.062500
2 0.760742 0.185547 0.052734 0.058594
2 0.933594 0.197266 0.046875 0.050781
2 0.023438 0.224609 0.046875 0.082031
2 0.210938 0.234375 0.042969 0.058594
2 0.291992 0.248047 0.041016 0.066406
2 0.387695 0.259766 0.130859 0.082031
2 0.512695 0.275391 0.068359 0.062500
2 0.644531 0.333984 0.113281 0.152344
2 0.261719 0.332031 0.121094 0.121094
2 0.985352 0.312500 0.029297 0.035156
2 0.740234 0.360352 0.066406 0.091797
2 0.896484 0.353516 0.062500 0.031250
2 0.700195 0.346680 0.001953 0.001953
2 0.700195 0.354492 0.001953 0.001953
2 0.847656 0.447266 0.050781 0.144531
2 0.554688 0.440430 0.058594 0.072266
2 0.801758 0.500977 0.095703 0.111328
2 0.341797 0.491211 0.078125 0.064453
2 0.976562 0.517578 0.046875 0.089844
2 0.605469 0.569336 0.136719 0.083984
2 0.335938 0.569336 0.054688 0.033203
2 0.061523 0.640625 0.123047 0.171875
2 0.199219 0.583984 0.074219 0.054688
2 0.719727 0.610352 0.076172 0.087891
2 0.852539 0.629883 0.064453 0.044922
2 0.348633 0.712891 0.080078 0.164062
2 0.947266 0.703125 0.105469 0.109375
2 0.279297 0.685547 0.031250 0.042969
2 0.239258 0.717773 0.056641 0.095703
2 0.287109 0.730469 0.031250 0.027344
2 0.073242 0.751953 0.146484 0.050781
2 0.880859 0.864258 0.093750 0.072266
2 0.246094 0.886719 0.277344 0.066406
2 0.672852 0.927734 0.056641 0.078125
2 0.097656 0.909180 0.015625 0.017578
5 0.500000 0.353516 1.000000 0.441406
5 0.723633 0.646484 0.548828 0.398438
5 0.857422 0.922852 0.285156 0.154297
