0 0.479492 0.496094 0.736328 0.992188
0 0.916992 0.310547 0.166016 0.203125
0 0.059570 0.290039 0.119141 0.095703
0 0.127930 0.651367 0.009766 0.048828
0 0.158203 0.655273 0.042969 0.029297
0 0.153320 0.642578 0.001953 0.003906
0 0.116211 0.672852 0.009766 0.001953
0 0.174805 0.673828 0.005859 0.003906
0 0.170898 0.690430 0.001953 0.001953
0 0.183594 0.690430 0.011719 0.005859
0 0.039062 0.758789 0.078125 0.115234
0 0.246094 0.712891 0.007812 0.019531
0 0.174805 0.772461 0.115234 0.130859
0 0.241211 0.742188 0.017578 0.027344
0 0.353516 0.837891 0.003906 0.003906
0 0.379883 0.844727 0.001953 0.001953
0 0.380859 0.854492 0.003906 0.001953
0 0.389648 0.854492 0.001953 0.001953
0 0.379883 0.860352 0.001953 0.001953
0 0.380859 0.871094 0.003906 0.003906
0 0.361328 0.965820 0.003906 0.001953
0 0.310547 0.986328 0.011719 0.011719
0 0.324219 0.987305 0.007812 0.005859
0 0.340820 0.988281 0.005859 0.003906
1 0.750977 0.703125 0.498047 0.593750
1 0.951172 0.583008 0.003906 0.005859
1 0.869141 0.667969 0.007812 0.007812
1 0.865234 0.677734 0.003906 0.003906
2 0.257812 0.412109 0.191406 0.171875
2 0.833984 0.955078 0.199219 0.089844
2 0.918945 0.964844 0.001953 0.003906
4 0.462891 0.162109 0.160156 0.324219
4 0.832031 0.157227 0.335938 0.314453
