1 0.514648 0.332031 0.970703 0.316406
1 0.210938 0.341797 0.007812 0.003906
1 0.915039 0.455078 0.169922 0.152344
1 0.251953 0.423828 0.003906 0.003906
1 0.070312 0.510742 0.085938 0.041016
2 0.654297 0.419922 0.101562 0.074219
2 0.708984 0.499023 0.074219 0.064453
2 0.660156 0.557617 0.046875 0.048828
2 0.710938 0.562500 0.046875 0.035156
2 0.619141 0.600586 0.027344 0.037109
2 0.739258 0.605469 0.033203 0.035156
2 0.961914 0.639648 0.076172 0.076172
2 0.688477 0.644531 0.025391 0.039062
2 0.870117 0.651367 0.041016 0.033203
2 0.729492 0.652344 0.033203 0.031250
2 0.898438 0.751953 0.156250 0.140625
2 0.691406 0.711914 0.039062 0.033203
2 0.423828 0.742188 0.085938 0.074219
2 0.708984 0.799805 0.101562 0.037109
2 0.226562 0.825195 0.074219 0.076172
2 0.654297 0.845703 0.066406 0.058594
2 0.525391 0.855469 0.078125 0.062500
2 0.899414 0.867188 0.107422 0.054688
2 0.730469 0.900391 0.089844 0.050781
2 0.187500 0.924805 0.050781 0.083984
2 0.344727 0.931641 0.060547 0.074219
4 0.540039 0.436523 0.107422 0.119141
5 0.500000 0.631836 1.000000 0.736328
