2 0.389648 0.056641 0.025391 0.046875
2 0.385742 0.118164 0.044922 0.056641
2 0.293945 0.162109 0.099609 0.085938
2 0.054688 0.197266 0.109375 0.085938
2 0.381836 0.176758 0.037109 0.037109
2 0.459961 0.190430 0.052734 0.068359
2 0.979492 0.250977 0.041016 0.107422
2 0.277344 0.227539 0.039062 0.041016
2 0.345703 0.247070 0.035156 0.025391
2 0.497070 0.261719 0.041016 0.054688
2 0.826172 0.327148 0.066406 0.060547
2 0.586914 0.386719 0.080078 0.074219
2 0.366211 0.400391 0.076172 0.054688
2 0.844727 0.444336 0.248047 0.134766
2 0.375000 0.473633 0.050781 0.076172
2 0.485352 0.498047 0.095703 0.117188
2 0.643555 0.485352 0.037109 0.033203
2 0.755859 0.516602 0.093750 0.083984
2 0.887695 0.556641 0.095703 0.085938
2 0.731445 0.555664 0.013672 0.005859
2 0.721680 0.557617 0.001953 0.001953
2 0.744141 0.557617 0.003906 0.001953
2 0.813477 0.586914 0.052734 0.060547
2 0.333984 0.586914 0.125000 0.044922
2 0.739258 0.581055 0.048828 0.037109
2 0.125000 0.609375 0.066406 0.039062
2 0.568359 0.615234 0.082031 0.035156
2 0.655273 0.619141 0.033203 0.035156
2 0.933594 0.626953 0.042969 0.039062
2 0.976562 0.640625 0.046875 0.058594
2 0.704102 0.655273 0.029297 0.033203
2 0.251953 0.707031 0.070312 0.101562
2 0.166016 0.737305 0.039062 0.068359
2 0.698242 0.742188 0.060547 0.042969
2 0.069336 0.833008 0.056641 0.208984
2 0.524414 0.862305 0.236328 0.189453
2 0.014648 0.888672 0.029297 0.183594
4 0.304688 0.944336 0.187500 0.111328
5 0.693359 0.500000 0.613281 1.000000
5 0.406250 0.528320 0.226562 0.482422
6 0.059570 0.163086 0.013672 0.001953
6 0.067383 0.170898 0.001953 0.001953
6 0.067383 0.175781 0.005859 0.003906
6 0.068359 0.191406 0.003906 0.003906
6 0.056641 0.223633 0.003906 0.001953
6 0.071289 0.223633 0.001953 0.001953
6 0.065430 0.495117 0.130859 0.529297
6 0.825195 0.891602 0.349609 0.216797
6 0.832031 0.786133 0.007812 0.001953
6 0.846680 0.788086 0.005859 0.001953
6 0.772461 0.962891 0.005859 0.003906
6 0.790039 0.963867 0.009766 0.001953
6 0.773438 0.969727 0.007812 0.005859
6 0.786133 0.970703 0.005859 0.003906
6 0.815430 0.982422 0.009766 0.011719
6 0.728516 0.986328 0.007812 0.003906
6 0.751953 0.995117 0.003906 0.001953
6 0.767578 0.995117 0.003906 0.001953
6 0.783203 0.995117 0.003906 0.001953
6 0.810547 0.995117 0.011719 0.005859
