0 0.602539 0.289062 0.314453 0.265625
0 0.674805 0.164062 0.005859 0.011719
0 0.661133 0.166016 0.005859 0.007812
0 0.692383 0.168945 0.009766 0.013672
0 0.674805 0.172852 0.001953 0.001953
0 0.753906 0.229492 0.007812 0.005859
0 0.752930 0.235352 0.001953 0.001953
0 0.754883 0.245117 0.001953 0.001953
0 0.510742 0.770508 0.978516 0.458984
0 0.587891 0.577148 0.003906 0.001953
0 0.459961 0.596680 0.009766 0.009766
0 0.791016 0.612305 0.003906 0.001953
0 0.399414 0.618164 0.001953 0.001953
0 0.442383 0.620117 0.001953 0.001953
0 0.387695 0.637695 0.001953 0.001953
0 0.465820 0.637695 0.001953 0.001953
0 0.940430 0.645508 0.005859 0.005859
0 0.029297 0.989258 0.007812 0.005859
2 0.725586 0.009766 0.138672 0.019531
2 0.026367 0.110352 0.052734 0.064453
2 0.919922 0.119141 0.089844 0.078125
2 0.716797 0.144531 0.214844 0.109375
2 0.128906 0.162109 0.062500 0.066406
2 0.274414 0.209961 0.076172 0.037109
2 0.444336 0.252930 0.064453 0.052734
2 0.333984 0.302734 0.054688 0.046875
2 0.390625 0.316406 0.058594 0.050781
2 0.287109 0.373047 0.050781 0.050781
2 0.352539 0.398438 0.083984 0.078125
2 0.127930 0.416992 0.087891 0.087891
2 0.759766 0.400391 0.042969 0.042969
2 0.436523 0.408203 0.041016 0.046875
2 0.267578 0.417969 0.058594 0.054688
2 0.369141 0.467773 0.046875 0.056641
2 0.615234 0.519531 0.085938 0.128906
2 0.754883 0.517578 0.119141 0.085938
2 0.061523 0.490234 0.025391 0.027344
2 0.432617 0.493164 0.037109 0.033203
2 0.485352 0.511719 0.068359 0.046875
2 0.862305 0.518555 0.056641 0.052734
2 0.982422 0.622070 0.035156 0.052734
2 0.424805 0.653320 0.099609 0.083984
5 0.500000 0.369141 1.000000 0.738281
5 0.465820 0.606445 0.001953 0.001953
