0 0.976562 0.053711 0.031250 0.033203
0 0.839844 0.088867 0.007812 0.021484
0 0.976562 0.083008 0.015625 0.005859
0 0.905273 0.193359 0.189453 0.222656
0 0.930664 0.084961 0.009766 0.005859
0 0.994141 0.086914 0.011719 0.009766
0 0.909180 0.088867 0.001953 0.001953
0 0.981445 0.093750 0.009766 0.003906
0 0.709961 0.186523 0.138672 0.103516
0 0.345703 0.319336 0.535156 0.349609
0 0.456055 0.150391 0.001953 0.003906
0 0.095703 0.239258 0.003906 0.005859
0 0.083984 0.301758 0.003906 0.009766
0 0.861328 0.416992 0.085938 0.080078
0 0.106445 0.424805 0.005859 0.009766
0 0.137695 0.443359 0.005859 0.007812
0 0.137695 0.451172 0.001953 0.003906
0 0.167969 0.456055 0.003906 0.005859
0 0.497070 0.486328 0.001953 0.003906
0 0.551758 0.502930 0.005859 0.005859
0 0.392578 0.637695 0.097656 0.068359
0 0.356445 0.676758 0.001953 0.001953
0 0.940430 0.698242 0.005859 0.001953
0 0.951172 0.729492 0.054688 0.052734
0 0.430664 0.757812 0.166016 0.093750
0 0.921875 0.758789 0.046875 0.060547
0 0.082031 0.833008 0.164062 0.091797
0 0.571289 0.936523 0.087891 0.107422
2 0.069336 0.025391 0.056641 0.050781
2 0.268555 0.014648 0.056641 0.029297
2 0.748047 0.021484 0.070312 0.042969
2 0.819336 0.053711 0.146484 0.099609
2 0.147461 0.059570 0.083984 0.083984
2 0.395508 0.071289 0.052734 0.064453
2 0.558594 0.090820 0.066406 0.064453
2 0.336914 0.128906 0.072266 0.089844
2 0.671875 0.119141 0.101562 0.066406
2 0.980469 0.121094 0.039062 0.062500
2 0.515625 0.172852 0.070312 0.083984
2 0.577148 0.152344 0.033203 0.039062
2 0.782227 0.288086 0.119141 0.138672
2 0.054688 0.290039 0.054688 0.052734
2 0.692383 0.344727 0.087891 0.115234
2 0.600586 0.395508 0.056641 0.060547
2 0.779297 0.466797 0.082031 0.085938
2 0.714844 0.484375 0.042969 0.062500
2 0.265625 0.501953 0.093750 0.085938
2 0.891602 0.499023 0.044922 0.041016
2 0.099609 0.536133 0.050781 0.068359
2 0.692383 0.544922 0.060547 0.070312
2 0.018555 0.552734 0.037109 0.074219
2 0.186523 0.572266 0.068359 0.082031
2 0.629883 0.568359 0.068359 0.062500
2 0.926758 0.563477 0.068359 0.048828
2 0.534180 0.607422 0.099609 0.101562
2 0.855469 0.583984 0.070312 0.054688
2 0.720703 0.605469 0.058594 0.050781
2 0.667969 0.630859 0.062500 0.070312
2 0.771484 0.767578 0.257812 0.246094
2 0.606445 0.714844 0.107422 0.128906
2 0.316406 0.749023 0.292969 0.177734
2 0.031250 0.718750 0.062500 0.050781
2 0.958984 0.798828 0.082031 0.085938
2 0.687500 0.772461 0.015625 0.009766
2 0.733398 0.894531 0.029297 0.042969
2 0.681641 0.905273 0.058594 0.060547
2 0.767578 0.911133 0.027344 0.041016
2 0.661133 0.969727 0.056641 0.060547
4 0.630859 0.804688 0.101562 0.046875
4 0.357422 0.803711 0.003906 0.001953
4 0.370117 0.806641 0.005859 0.007812
4 0.358398 0.902344 0.373047 0.195312
4 0.361328 0.815430 0.011719 0.005859
4 0.203125 0.841797 0.031250 0.007812
4 0.178711 0.986328 0.013672 0.003906
5 0.250977 0.115234 0.501953 0.230469
5 0.705078 0.441406 0.589844 0.882812
5 0.176758 0.730469 0.353516 0.195312
