0 0.519531 0.067383 0.554688 0.134766
0 0.901367 0.127930 0.197266 0.255859
0 0.897461 0.059570 0.005859 0.001953
0 0.781250 0.172852 0.152344 0.193359
0 0.815430 0.083008 0.001953 0.001953
0 0.326172 0.186523 0.089844 0.103516
0 0.160156 0.248047 0.320312 0.085938
0 0.561523 0.457031 0.169922 0.425781
0 0.381836 0.314453 0.080078 0.062500
0 0.788086 0.384766 0.103516 0.152344
0 0.683594 0.533203 0.085938 0.078125
0 0.811523 0.658203 0.005859 0.007812
0 0.837891 0.654297 0.003906 0.003906
0 0.798828 0.660156 0.011719 0.007812
0 0.861328 0.691406 0.003906 0.007812
0 0.820312 0.852539 0.105469 0.294922
0 0.784180 0.709961 0.001953 0.001953
0 0.850586 0.722656 0.009766 0.007812
2 0.952148 0.020508 0.080078 0.041016
2 0.879883 0.066406 0.080078 0.093750
2 0.649414 0.177734 0.154297 0.070312
2 0.433594 0.166992 0.156250 0.041016
2 0.593750 0.264648 0.011719 0.005859
2 0.626953 0.264648 0.003906 0.001953
2 0.720703 0.270508 0.003906 0.009766
2 0.931641 0.311523 0.105469 0.080078
2 0.650391 0.331055 0.160156 0.080078
2 0.925781 0.439453 0.148438 0.171875
2 0.905273 0.713867 0.029297 0.017578
2 0.964844 0.725586 0.023438 0.044922
2 0.925781 0.750000 0.019531 0.035156
2 0.986328 0.870117 0.027344 0.021484
3 0.151367 0.104492 0.302734 0.208984
3 0.249023 0.286133 0.001953 0.001953
4 0.015625 0.016602 0.031250 0.029297
4 0.021484 0.008789 0.003906 0.005859
4 0.036133 0.021484 0.005859 0.011719
4 0.012695 0.043945 0.001953 0.001953
4 0.027344 0.044922 0.007812 0.003906
4 0.057617 0.043945 0.001953 0.001953
4 0.186523 0.044922 0.021484 0.003906
4 0.201172 0.044922 0.003906 0.003906
4 0.397461 0.556641 0.794922 0.886719
4 0.442383 0.130859 0.146484 0.023438
4 0.366211 0.135742 0.001953 0.001953
4 0.517578 0.139648 0.015625 0.009766
4 0.488281 0.194336 0.003906 0.001953
4 0.501953 0.201172 0.007812 0.015625
4 0.473633 0.206055 0.001953 0.001953
4 0.490234 0.205078 0.003906 0.003906
4 0.522461 0.211914 0.001953 0.001953
4 0.731445 0.235352 0.001953 0.001953
4 0.731445 0.250977 0.001953 0.001953
4 0.334961 0.258789 0.001953 0.001953
4 0.739258 0.263672 0.005859 0.003906
4 0.617188 0.279297 0.054688 0.003906
4 0.654297 0.279297 0.003906 0.003906
4 0.720703 0.281250 0.003906 0.003906
4 0.752930 0.279297 0.005859 0.003906
4 0.388672 0.310547 0.007812 0.003906
4 0.699219 0.384766 0.054688 0.015625
4 0.722656 0.435547 0.007812 0.031250
4 0.739258 0.463867 0.005859 0.005859
4 0.626953 0.486328 0.003906 0.003906
4 0.675781 0.487305 0.011719 0.005859
4 0.685547 0.486328 0.003906 0.003906
4 0.627930 0.504883 0.001953 0.001953
4 0.580078 0.539062 0.003906 0.007812
4 0.929688 0.834961 0.140625 0.330078
4 0.934570 0.674805 0.001953 0.001953
4 0.903320 0.683594 0.005859 0.007812
4 0.943359 0.681641 0.003906 0.003906
4 0.903320 0.704102 0.005859 0.001953
4 0.887695 0.735352 0.001953 0.001953
4 0.955078 0.806641 0.015625 0.042969
4 0.887695 0.807617 0.001953 0.001953
4 0.901367 0.830078 0.009766 0.003906
4 0.934570 0.830078 0.001953 0.003906
4 0.944336 0.838867 0.001953 0.001953
4 0.874023 0.970703 0.001953 0.003906
4 0.873047 0.978516 0.003906 0.003906
4 0.854492 0.995117 0.001953 0.001953
