0 0.143555 0.195312 0.166016 0.210938
0 0.363281 0.215820 0.074219 0.056641
0 0.684570 0.279297 0.005859 0.007812
0 0.670898 0.391602 0.044922 0.212891
0 0.899414 0.338867 0.083984 0.095703
0 0.840820 0.489258 0.126953 0.099609
0 0.375000 0.543945 0.214844 0.119141
0 0.362305 0.495117 0.001953 0.001953
0 0.785156 0.893555 0.171875 0.193359
2 0.160156 0.043945 0.214844 0.087891
2 0.397461 0.025391 0.162109 0.050781
2 0.582031 0.029297 0.039062 0.058594
2 0.662109 0.096680 0.070312 0.193359
2 0.776367 0.001953 0.005859 0.003906
2 0.776367 0.106445 0.072266 0.205078
2 0.953125 0.060547 0.058594 0.062500
2 0.875977 0.120117 0.119141 0.064453
2 0.869141 0.193359 0.089844 0.054688
2 0.844727 0.333008 0.119141 0.134766
2 0.747070 0.394531 0.072266 0.203125
2 0.341797 0.351562 0.136719 0.046875
2 0.450195 0.357422 0.060547 0.046875
2 0.988281 0.339844 0.011719 0.007812
2 0.147461 0.382812 0.107422 0.070312
2 0.978516 0.422852 0.042969 0.107422
2 0.836914 0.430664 0.072266 0.056641
2 0.084961 0.466797 0.169922 0.058594
2 0.220703 0.476562 0.085938 0.039062
2 0.713867 0.536133 0.103516 0.048828
2 0.971680 0.551758 0.056641 0.052734
2 0.819336 0.615234 0.087891 0.062500
2 0.531250 0.635742 0.054688 0.048828
2 0.980469 0.654297 0.039062 0.046875
2 0.529297 0.695312 0.062500 0.078125
2 0.576172 0.706055 0.050781 0.060547
2 0.413086 0.706055 0.056641 0.052734
2 0.672852 0.723633 0.087891 0.064453
2 0.788086 0.758789 0.111328 0.091797
2 0.228516 0.774414 0.167969 0.115234
2 0.831055 0.729492 0.048828 0.029297
2 0.513672 0.795898 0.074219 0.080078
2 0.587891 0.808594 0.085938 0.074219
2 0.254883 0.855469 0.052734 0.054688
2 0.377930 0.887695 0.080078 0.083984
2 0.626953 0.946289 0.125000 0.107422
2 0.168945 0.947266 0.111328 0.085938
2 0.296875 0.981445 0.148438 0.037109
2 0.486328 0.983398 0.093750 0.033203
5 0.500000 0.586914 1.000000 0.818359
6 0.373047 0.206055 0.289062 0.205078
6 0.071289 0.660156 0.142578 0.367188
