0 0.075195 0.026367 0.126953 0.052734
0 0.157227 0.119141 0.255859 0.234375
0 0.673828 0.218750 0.652344 0.437500
0 0.529297 0.010742 0.003906 0.009766
0 0.528320 0.071289 0.005859 0.017578
0 0.521484 0.074219 0.003906 0.007812
0 0.485352 0.076172 0.021484 0.003906
0 0.456055 0.204102 0.005859 0.005859
0 0.615234 0.214844 0.003906 0.003906
0 0.482422 0.221680 0.007812 0.005859
0 0.341797 0.237305 0.003906 0.013672
0 0.136719 0.326172 0.257812 0.132812
0 0.443359 0.368164 0.003906 0.001953
0 0.554688 0.517578 0.515625 0.226562
0 0.672852 0.450195 0.021484 0.005859
0 0.651367 0.452148 0.001953 0.001953
0 0.111328 0.611328 0.199219 0.218750
0 0.545898 0.564453 0.001953 0.003906
0 0.513672 0.576172 0.003906 0.003906
0 0.937500 0.625977 0.093750 0.091797
0 0.557617 0.643555 0.005859 0.001953
0 0.573242 0.643555 0.001953 0.001953
0 0.261719 0.668945 0.039062 0.005859
0 0.340820 0.829102 0.240234 0.318359
0 0.747070 0.749023 0.083984 0.095703
0 0.083984 0.817383 0.167969 0.197266
0 0.248047 0.755859 0.003906 0.003906
0 0.653320 0.894531 0.115234 0.210938
0 0.716797 0.810547 0.007812 0.007812
0 0.940430 0.885742 0.119141 0.087891
0 0.041016 0.923828 0.011719 0.003906
0 0.055664 0.923828 0.009766 0.003906
0 0.250977 0.951172 0.005859 0.003906
0 0.247070 0.958008 0.001953 0.001953
2 0.376953 0.056641 0.078125 0.054688
2 0.592773 0.257812 0.052734 0.042969
2 0.047852 0.471680 0.076172 0.068359
2 0.087891 0.964844 0.164062 0.070312
