0 0.304688 0.159180 0.609375 0.318359
0 0.057617 0.315430 0.009766 0.005859
0 0.089844 0.317383 0.007812 0.009766
0 0.113281 0.316406 0.023438 0.007812
0 0.074219 0.332031 0.070312 0.011719
0 0.012695 0.340820 0.005859 0.021484
0 0.028320 0.333008 0.009766 0.005859
0 0.029297 0.347656 0.007812 0.007812
0 0.041992 0.347656 0.013672 0.007812
0 0.012695 0.361328 0.005859 0.003906
0 0.833984 0.592773 0.164062 0.134766
0 0.662109 0.793945 0.675781 0.412109
0 0.537109 0.589844 0.007812 0.007812
0 0.543945 0.591797 0.001953 0.003906
0 0.952148 0.686523 0.001953 0.001953
0 0.895508 0.696289 0.009766 0.013672
0 0.326172 0.693359 0.003906 0.003906
0 0.919922 0.702148 0.003906 0.001953
0 0.831055 0.709961 0.001953 0.001953
0 0.840820 0.717773 0.001953 0.001953
0 0.942383 0.717773 0.001953 0.001953
0 0.864258 0.723633 0.009766 0.005859
0 0.945312 0.723633 0.015625 0.005859
0 0.358398 0.723633 0.001953 0.001953
0 0.819336 0.725586 0.009766 0.001953
0 0.958984 0.724609 0.003906 0.003906
0 0.966797 0.724609 0.003906 0.003906
0 0.364258 0.732422 0.005859 0.003906
0 0.873047 0.732422 0.003906 0.003906
0 0.966797 0.739258 0.003906 0.005859
0 0.958984 0.740234 0.003906 0.003906
0 0.395508 0.748047 0.001953 0.003906
0 0.598633 0.758789 0.001953 0.001953
0 0.510742 0.773438 0.005859 0.007812
0 0.637695 0.779297 0.005859 0.007812
0 0.653320 0.779297 0.005859 0.007812
0 0.813477 0.774414 0.001953 0.001953
0 0.647461 0.779297 0.001953 0.003906
0 0.496094 0.788086 0.003906 0.005859
0 0.464844 0.806641 0.007812 0.011719
0 0.509766 0.803711 0.003906 0.005859
0 0.482422 0.810547 0.003906 0.003906
0 0.863281 0.831055 0.003906 0.001953
0 0.453125 0.834961 0.003906 0.001953
0 0.427734 0.841797 0.003906 0.003906
0 0.451172 0.840820 0.003906 0.001953
0 0.422852 0.858398 0.025391 0.017578
0 0.442383 0.861328 0.009766 0.011719
0 0.634766 0.896484 0.011719 0.011719
0 0.377930 0.933594 0.013672 0.007812
0 0.403320 0.946289 0.005859 0.009766
0 0.396484 0.951172 0.003906 0.011719
0 0.458984 0.993164 0.003906 0.001953
2 0.237305 0.419922 0.064453 0.054688
2 0.322266 0.449219 0.085938 0.066406
2 0.088867 0.449219 0.072266 0.054688
2 0.135742 0.468750 0.130859 0.089844
2 0.905273 0.459961 0.083984 0.076172
2 0.221680 0.500977 0.060547 0.056641
2 0.947266 0.530273 0.062500 0.083984
2 0.834961 0.541992 0.087891 0.056641
2 0.146484 0.567383 0.121094 0.083984
2 0.928711 0.665039 0.091797 0.068359
2 0.104492 0.832031 0.111328 0.070312
2 0.323242 0.890625 0.076172 0.125000
2 0.049805 0.900391 0.068359 0.058594
2 0.195312 0.953125 0.039062 0.027344
3 0.819336 0.213867 0.361328 0.228516
3 0.631836 0.306641 0.001953 0.003906
5 0.887695 0.358398 0.224609 0.107422
5 0.129883 0.693359 0.259766 0.613281
6 0.504883 0.469727 0.291016 0.169922
6 0.704102 0.701172 0.166016 0.144531
6 0.787109 0.700195 0.003906 0.001953
6 0.624023 0.740234 0.005859 0.003906
6 0.624023 0.754883 0.001953 0.001953
6 0.669922 0.770508 0.003906 0.001953
6 0.686523 0.770508 0.009766 0.001953
6 0.702148 0.771484 0.009766 0.003906
