0 0.513672 0.026367 0.054688 0.052734
0 0.827148 0.274414 0.337891 0.548828
0 0.215820 0.052734 0.056641 0.050781
0 0.097656 0.062500 0.078125 0.062500
0 0.031250 0.096680 0.058594 0.060547
0 0.548828 0.096680 0.058594 0.044922
0 0.125000 0.149414 0.085938 0.083984
0 0.237305 0.215820 0.162109 0.091797
0 0.514648 0.229492 0.052734 0.041016
0 0.057617 0.302734 0.103516 0.093750
0 0.192383 0.319336 0.119141 0.080078
0 0.291992 0.479492 0.048828 0.044922
0 0.989258 0.543945 0.001953 0.001953
0 0.953125 0.585938 0.093750 0.078125
0 0.671875 0.579102 0.039062 0.052734
0 0.270508 0.655273 0.052734 0.052734
0 0.411133 0.663086 0.080078 0.064453
0 0.191406 0.965820 0.117188 0.068359
0 0.293945 0.986328 0.005859 0.003906
0 0.245117 0.994141 0.005859 0.003906
1 0.948242 0.774414 0.103516 0.115234
1 0.395508 0.860352 0.283203 0.056641
1 0.109375 0.892578 0.218750 0.078125
4 0.883789 0.250977 0.232422 0.501953
4 0.392578 0.083008 0.011719 0.005859
4 0.400391 0.096680 0.019531 0.013672
4 0.442383 0.267578 0.189453 0.324219
4 0.404297 0.138672 0.003906 0.003906
4 0.404297 0.146484 0.003906 0.003906
4 0.404297 0.155273 0.003906 0.001953
4 0.613281 0.190430 0.085938 0.056641
4 0.623047 0.170898 0.003906 0.001953
4 0.325195 0.208008 0.001953 0.001953
4 0.373047 0.208008 0.003906 0.001953
4 0.732422 0.346680 0.195312 0.212891
4 0.373047 0.255859 0.003906 0.003906
4 0.357422 0.348633 0.003906 0.001953
4 0.372070 0.358398 0.001953 0.001953
4 0.373047 0.364258 0.003906 0.001953
4 0.387695 0.377930 0.005859 0.009766
4 0.388672 0.395508 0.003906 0.001953
4 0.525391 0.395508 0.003906 0.001953
4 0.412109 0.449219 0.019531 0.019531
4 0.396484 0.448242 0.003906 0.001953
4 0.394531 0.454102 0.007812 0.005859
4 0.767578 0.450195 0.003906 0.001953
