0 0.500000 0.322266 1.000000 0.644531
0 0.234375 0.402344 0.468750 0.464844
0 0.260742 0.198242 0.005859 0.009766
0 0.139648 0.374023 0.001953 0.001953
0 0.059570 0.630859 0.005859 0.003906
1 0.205078 0.345703 0.238281 0.207031
1 0.291992 0.545898 0.076172 0.076172
2 0.366211 0.170898 0.205078 0.216797
2 0.842773 0.563477 0.306641 0.197266
2 0.883789 0.699219 0.103516 0.125000
2 0.944336 0.713867 0.044922 0.064453
2 0.803711 0.846680 0.201172 0.306641
2 0.492188 0.821289 0.429688 0.216797
5 0.401367 0.069336 0.029297 0.029297
5 0.256836 0.365234 0.513672 0.519531
