0 0.500000 0.144531 1.000000 0.289062
0 0.667969 0.778320 0.664062 0.443359
0 0.862305 0.572266 0.001953 0.003906
0 0.839844 0.590820 0.003906 0.001953
0 0.876953 0.603516 0.003906 0.003906
0 0.892578 0.634766 0.003906 0.003906
0 0.242188 0.859375 0.042969 0.023438
0 0.171875 0.954102 0.343750 0.091797
0 0.373047 0.949219 0.003906 0.007812
2 0.898438 0.359375 0.203125 0.289062
2 0.859375 0.285156 0.015625 0.007812
2 0.873047 0.287109 0.003906 0.003906
2 0.932617 0.576172 0.048828 0.058594
2 0.981445 0.583984 0.037109 0.042969
