0 0.944336 0.156250 0.111328 0.101562
0 0.827148 0.255859 0.087891 0.164062
0 0.769531 0.880859 0.406250 0.238281
2 0.289062 0.173828 0.125000 0.156250
2 0.116211 0.262695 0.099609 0.076172
2 0.327148 0.380859 0.146484 0.074219
2 0.164062 0.426758 0.070312 0.072266
2 0.046875 0.456055 0.093750 0.080078
2 0.086914 0.546875 0.099609 0.136719
2 0.248047 0.514648 0.066406 0.060547
2 0.178711 0.526367 0.048828 0.044922
2 0.342773 0.559570 0.083984 0.076172
2 0.888672 0.547852 0.035156 0.041016
2 0.212891 0.590820 0.085938 0.068359
2 0.694336 0.668945 0.126953 0.123047
2 0.139648 0.709961 0.123047 0.197266
2 0.917969 0.643555 0.039062 0.048828
2 0.254883 0.726562 0.115234 0.160156
2 0.197266 0.895508 0.082031 0.087891
2 0.563477 0.975586 0.087891 0.048828
2 0.144531 0.987305 0.062500 0.025391
3 0.073242 0.120117 0.146484 0.240234
3 0.188477 0.137695 0.158203 0.275391
3 0.656250 0.115234 0.687500 0.230469
3 0.967773 0.118164 0.001953 0.001953
5 0.451172 0.500000 0.898438 1.000000
5 0.863281 0.733398 0.195312 0.080078
5 0.469727 0.926758 0.302734 0.146484
