0 0.565430 0.103516 0.310547 0.207031
0 0.524414 0.428711 0.177734 0.232422
0 0.770508 0.472656 0.185547 0.160156
0 0.130859 0.630859 0.261719 0.152344
0 0.199219 0.705078 0.007812 0.003906
0 0.942383 0.789062 0.115234 0.167969
0 0.638672 0.812500 0.246094 0.210938
0 0.544922 0.818359 0.003906 0.003906
0 0.693359 0.865234 0.003906 0.003906
2 0.050781 0.027344 0.066406 0.054688
2 0.324219 0.038086 0.070312 0.076172
2 0.353516 0.111328 0.171875 0.085938
2 0.099609 0.106445 0.042969 0.029297
2 0.166992 0.157227 0.064453 0.048828
2 0.437500 0.177734 0.089844 0.078125
2 0.339844 0.205078 0.105469 0.066406
2 0.550781 0.220703 0.101562 0.058594
2 0.125000 0.257812 0.250000 0.097656
2 0.474609 0.250000 0.070312 0.039062
2 0.419922 0.262695 0.035156 0.041016
2 0.336914 0.294922 0.056641 0.054688
2 0.589844 0.338867 0.144531 0.095703
2 0.784180 0.378906 0.146484 0.109375
2 0.969727 0.399414 0.060547 0.150391
2 0.349609 0.379883 0.054688 0.041016
2 0.437500 0.396484 0.050781 0.039062
2 0.387695 0.413086 0.056641 0.041016
2 0.349609 0.474609 0.066406 0.062500
2 0.169922 0.564453 0.062500 0.039062
2 0.368164 0.566406 0.076172 0.042969
2 0.441406 0.588867 0.066406 0.056641
2 0.894531 0.632812 0.109375 0.117188
2 0.346680 0.656250 0.072266 0.070312
2 0.581055 0.669922 0.095703 0.082031
2 0.120117 0.682617 0.064453 0.041016
2 0.404297 0.718750 0.105469 0.117188
2 0.312500 0.708008 0.082031 0.072266
2 0.800781 0.721680 0.109375 0.095703
2 0.071289 0.740234 0.064453 0.082031
2 0.167969 0.755859 0.097656 0.089844
2 0.295898 0.767578 0.087891 0.066406
2 0.071289 0.817383 0.052734 0.048828
2 0.379883 0.829102 0.076172 0.072266
2 0.274414 0.836914 0.099609 0.060547
2 0.769531 0.869141 0.078125 0.078125
2 0.394531 0.910156 0.125000 0.093750
2 0.056641 0.916016 0.113281 0.097656
2 0.708008 0.938477 0.052734 0.037109
2 0.818359 0.960938 0.074219 0.078125
2 0.661133 0.973633 0.080078 0.052734
4 0.711914 0.227539 0.138672 0.095703
4 0.472656 0.892578 0.109375 0.097656
5 0.265625 0.500000 0.531250 1.000000
5 0.828125 0.261719 0.343750 0.523438
5 0.778320 0.840820 0.443359 0.318359
