0 0.205078 0.107422 0.093750 0.085938
0 0.375000 0.126953 0.078125 0.082031
0 0.237305 0.408203 0.041016 0.070312
0 0.668945 0.919922 0.056641 0.074219
0 0.425781 0.947266 0.121094 0.105469
0 0.876953 0.958984 0.246094 0.082031
0 0.141602 0.958984 0.060547 0.054688
0 0.032227 0.981445 0.064453 0.037109
1 0.192383 0.918945 0.384766 0.064453
3 0.679688 0.036133 0.218750 0.072266
3 0.671875 0.200195 0.312500 0.251953
3 0.180664 0.187500 0.181641 0.167969
3 0.914062 0.200195 0.171875 0.185547
3 0.101562 0.353516 0.203125 0.289062
3 0.203125 0.702148 0.074219 0.193359
3 0.770508 0.801758 0.244141 0.119141
4 0.991211 0.315430 0.001953 0.001953
4 0.937500 0.507812 0.125000 0.378906
4 0.684570 0.493164 0.193359 0.333984
4 0.496094 0.440430 0.132812 0.197266
4 0.614258 0.348633 0.005859 0.001953
4 0.771484 0.376953 0.003906 0.003906
4 0.778320 0.471680 0.001953 0.001953
4 0.081055 0.655273 0.162109 0.349609
4 0.307617 0.608398 0.138672 0.232422
4 0.778320 0.543945 0.001953 0.001953
4 0.778320 0.561523 0.001953 0.001953
4 0.754883 0.635742 0.001953 0.001953
4 0.668945 0.661133 0.001953 0.001953
