0 0.236328 0.305664 0.390625 0.611328
0 0.534180 0.069336 0.181641 0.138672
0 0.601562 0.423828 0.230469 0.476562
0 0.544922 0.603516 0.003906 0.003906
0 0.541016 0.623047 0.003906 0.003906
0 0.275391 0.734375 0.226562 0.210938
0 0.099609 0.656250 0.046875 0.035156
0 0.586914 0.829102 0.169922 0.341797
0 0.118164 0.708008 0.044922 0.041016
0 0.116211 0.750000 0.044922 0.035156
0 0.122070 0.820312 0.044922 0.031250
0 0.354492 0.877930 0.064453 0.072266
0 0.093750 0.874023 0.074219 0.060547
2 0.049805 0.735352 0.048828 0.029297
2 0.199219 0.783203 0.054688 0.128906
2 0.042969 0.832031 0.035156 0.023438
4 0.533203 0.001953 0.003906 0.003906
4 0.567383 0.023438 0.056641 0.046875
4 0.645508 0.001953 0.001953 0.003906
4 0.696289 0.007812 0.021484 0.015625
4 0.432617 0.038086 0.021484 0.060547
4 0.620117 0.020508 0.044922 0.025391
4 0.530273 0.024414 0.001953 0.009766
4 0.444336 0.030273 0.001953 0.001953
4 0.446289 0.034180 0.001953 0.001953
4 0.532227 0.036133 0.001953 0.001953
4 0.457031 0.044922 0.011719 0.011719
4 0.586914 0.056641 0.017578 0.011719
4 0.495117 0.057617 0.005859 0.005859
4 0.602539 0.067383 0.001953 0.001953
4 0.643555 0.090820 0.052734 0.044922
4 0.426758 0.072266 0.001953 0.003906
4 0.500977 0.088867 0.001953 0.001953
4 0.528320 0.088867 0.001953 0.001953
4 0.504883 0.092773 0.005859 0.001953
4 0.511719 0.095703 0.003906 0.003906
4 0.506836 0.114258 0.001953 0.001953
4 0.615234 0.119141 0.003906 0.003906
4 0.514648 0.125977 0.005859 0.005859
4 0.559570 0.127930 0.009766 0.001953
4 0.602539 0.131836 0.017578 0.013672
4 0.538086 0.184570 0.111328 0.107422
4 0.424805 0.157227 0.001953 0.001953
4 0.422852 0.162109 0.001953 0.003906
4 0.490234 0.166016 0.003906 0.003906
4 0.596680 0.188477 0.001953 0.001953
4 0.621094 0.197266 0.039062 0.011719
4 0.474609 0.207031 0.011719 0.007812
4 0.642578 0.208008 0.003906 0.005859
4 0.650391 0.224609 0.003906 0.007812
4 0.657227 0.241211 0.001953 0.001953
4 0.538086 0.245117 0.001953 0.001953
4 0.538086 0.261719 0.001953 0.003906
4 0.543945 0.268555 0.001953 0.001953
4 0.641602 0.286133 0.037109 0.041016
4 0.492188 0.317383 0.113281 0.068359
4 0.644531 0.310547 0.003906 0.003906
4 0.654297 0.320312 0.011719 0.007812
4 0.676758 0.326172 0.025391 0.003906
4 0.694336 0.327148 0.001953 0.001953
4 0.820312 0.666016 0.359375 0.667969
4 0.488281 0.342773 0.007812 0.009766
4 0.494141 0.343750 0.003906 0.003906
4 0.445312 0.361328 0.011719 0.007812
4 0.487305 0.361328 0.001953 0.003906
4 0.493164 0.360352 0.001953 0.001953
4 0.446289 0.376953 0.005859 0.003906
4 0.456055 0.407227 0.001953 0.001953
4 0.461914 0.408203 0.001953 0.003906
4 0.464844 0.423828 0.019531 0.007812
4 0.454102 0.436523 0.001953 0.001953
4 0.462891 0.436523 0.003906 0.005859
4 0.469727 0.435547 0.001953 0.003906
4 0.485352 0.436523 0.001953 0.001953
4 0.505859 0.690430 0.003906 0.001953
4 0.453125 0.846680 0.144531 0.306641
4 0.646484 0.806641 0.003906 0.003906
5 0.223633 0.786133 0.447266 0.427734
6 0.540039 0.022461 0.021484 0.044922
6 0.787109 0.185547 0.425781 0.371094
6 0.434570 0.012695 0.001953 0.005859
6 0.427734 0.013672 0.003906 0.003906
6 0.487305 0.166016 0.142578 0.285156
