0 0.052734 0.001953 0.003906 0.003906
0 0.065430 0.001953 0.013672 0.003906
0 0.456055 0.125977 0.767578 0.251953
0 0.301758 0.000977 0.001953 0.001953
0 0.588867 0.038086 0.568359 0.076172
0 0.864258 0.138672 0.009766 0.023438
0 0.863281 0.159180 0.011719 0.009766
0 0.793945 0.158203 0.005859 0.003906
0 0.845703 0.159180 0.003906 0.001953
0 0.111328 0.486328 0.222656 0.488281
0 0.425781 0.428711 0.519531 0.263672
0 0.811523 0.512695 0.189453 0.134766
0 0.206055 0.612305 0.001953 0.001953
0 0.205078 0.619141 0.003906 0.003906
0 0.212891 0.619141 0.003906 0.003906
1 0.166992 0.814453 0.267578 0.218750
1 0.600586 0.875977 0.587891 0.236328
1 0.757812 0.883789 0.015625 0.013672
1 0.767578 0.896484 0.003906 0.003906
5 0.544922 0.500000 0.910156 1.000000
6 0.545898 0.235352 0.529297 0.177734
6 0.580078 0.154297 0.003906 0.003906
6 0.617188 0.153320 0.003906 0.001953
6 0.630859 0.153320 0.007812 0.001953
6 0.645508 0.154297 0.005859 0.003906
6 0.580078 0.163086 0.003906 0.005859
6 0.579102 0.168945 0.001953 0.001953
6 0.301758 0.206055 0.005859 0.009766
6 0.339844 0.240234 0.003906 0.003906
6 0.338867 0.252930 0.001953 0.005859
6 0.793945 0.314453 0.001953 0.003906
6 0.786133 0.321289 0.001953 0.001953
6 0.542969 0.649414 0.468750 0.212891
6 0.658203 0.724609 0.003906 0.003906
6 0.455078 0.740234 0.003906 0.003906
6 0.713867 0.751953 0.005859 0.003906
