0 0.937500 0.562500 0.093750 0.093750
0 0.566406 0.766602 0.867188 0.466797
0 0.590820 0.545898 0.001953 0.001953
0 0.877930 0.566406 0.005859 0.003906
0 0.817383 0.599609 0.001953 0.007812
0 0.972656 0.602539 0.003906 0.001953
0 0.977539 0.611328 0.001953 0.007812
0 0.987305 0.615234 0.001953 0.007812
0 0.977539 0.623047 0.001953 0.003906
0 0.902344 0.743164 0.011719 0.013672
0 0.361328 0.778320 0.023438 0.005859
0 0.360352 0.791992 0.048828 0.009766
0 0.784180 0.799805 0.001953 0.001953
0 0.988281 0.825195 0.003906 0.033203
0 0.846680 0.815430 0.001953 0.001953
0 0.800781 0.838867 0.011719 0.005859
0 0.818359 0.839844 0.011719 0.007812
0 0.833008 0.901367 0.001953 0.001953
0 0.528320 0.989258 0.001953 0.001953
2 0.974609 0.163086 0.050781 0.041016
2 0.940430 0.145508 0.001953 0.001953
2 0.041992 0.264648 0.068359 0.080078
2 0.192383 0.273438 0.056641 0.082031
2 0.705078 0.279297 0.046875 0.082031
2 0.519531 0.279297 0.085938 0.046875
2 0.727539 0.254883 0.001953 0.001953
2 0.767578 0.397461 0.109375 0.080078
2 0.653320 0.391602 0.044922 0.064453
2 0.851562 0.400391 0.031250 0.054688
2 0.162109 0.490234 0.109375 0.082031
2 0.922852 0.476562 0.048828 0.054688
2 0.141602 0.555664 0.087891 0.072266
2 0.280273 0.582031 0.072266 0.058594
2 0.021484 0.584961 0.042969 0.056641
2 0.111328 0.623047 0.062500 0.054688
2 0.358398 0.614258 0.044922 0.041016
2 0.172852 0.629883 0.064453 0.064453
2 0.328125 0.663086 0.050781 0.056641
2 0.421875 0.686523 0.035156 0.033203
2 0.163086 0.699219 0.076172 0.042969
2 0.257812 0.709961 0.082031 0.064453
2 0.450195 0.742188 0.064453 0.078125
2 0.125000 0.746094 0.109375 0.074219
2 0.943359 0.771484 0.054688 0.054688
2 0.099609 0.844727 0.039062 0.044922
3 0.380859 0.355469 0.097656 0.234375
3 0.426758 0.262695 0.001953 0.001953
4 0.779297 0.077148 0.035156 0.037109
4 0.349609 0.179688 0.226562 0.136719
4 0.294922 0.341797 0.074219 0.214844
5 0.481445 0.373047 0.962891 0.746094
6 0.730469 0.123047 0.460938 0.246094
6 0.644531 0.223633 0.003906 0.005859
6 0.646484 0.235352 0.003906 0.001953
6 0.555664 0.247070 0.001953 0.001953
6 0.587891 0.449219 0.261719 0.125000
6 0.800781 0.688477 0.355469 0.267578
6 0.989258 0.676758 0.001953 0.005859
6 0.950195 0.737305 0.001953 0.001953
6 0.764648 0.801758 0.001953 0.001953
6 0.779297 0.817383 0.003906 0.001953
6 0.808594 0.838867 0.101562 0.025391
6 0.763672 0.833008 0.003906 0.001953
6 0.853516 0.845703 0.011719 0.003906
6 0.865234 0.845703 0.003906 0.003906
6 0.872070 0.845703 0.001953 0.003906
