0 0.286133 0.817383 0.505859 0.365234
0 0.201172 0.637695 0.003906 0.005859
0 0.169922 0.638672 0.003906 0.003906
0 0.178711 0.639648 0.001953 0.001953
0 0.193359 0.638672 0.003906 0.003906
0 0.216797 0.639648 0.003906 0.001953
0 0.092773 0.653320 0.001953 0.001953
0 0.115234 0.655273 0.003906 0.001953
0 0.129883 0.654297 0.005859 0.003906
0 0.068359 0.685547 0.003906 0.003906
0 0.434570 0.694336 0.001953 0.001953
0 0.550781 0.711914 0.003906 0.013672
0 0.052734 0.715820 0.003906 0.005859
0 0.037109 0.779297 0.003906 0.003906
0 0.384766 0.855469 0.003906 0.007812
0 0.399414 0.855469 0.001953 0.003906
0 0.404297 0.880859 0.003906 0.003906
0 0.387695 0.896484 0.001953 0.003906
0 0.194336 0.944336 0.005859 0.005859
1 0.331055 0.520508 0.384766 0.111328
1 0.155273 0.491211 0.001953 0.001953
1 0.354492 0.490234 0.001953 0.003906
1 0.432617 0.491211 0.001953 0.001953
1 0.143555 0.493164 0.001953 0.001953
1 0.138672 0.508789 0.003906 0.013672
1 0.158203 0.552734 0.003906 0.003906
1 0.170898 0.567383 0.005859 0.001953
1 0.516602 0.568359 0.001953 0.003906
2 0.833008 0.071289 0.083984 0.142578
2 0.324219 0.041016 0.054688 0.023438
2 0.096680 0.068359 0.134766 0.074219
2 0.329102 0.089844 0.056641 0.042969
2 0.777344 0.215820 0.410156 0.185547
2 0.333008 0.136719 0.052734 0.023438
2 0.653320 0.293945 0.001953 0.005859
2 0.669922 0.417969 0.191406 0.140625
2 0.690430 0.654297 0.087891 0.085938
2 0.945312 0.852539 0.054688 0.169922
2 0.792969 0.888672 0.222656 0.222656
2 0.137695 0.940430 0.087891 0.119141
4 0.861328 0.375977 0.183594 0.212891
4 0.855469 0.284180 0.003906 0.001953
4 0.799805 0.301758 0.001953 0.005859
4 0.826172 0.464844 0.003906 0.011719
4 0.825195 0.473633 0.001953 0.001953
4 0.919922 0.477539 0.003906 0.001953
