0 0.207031 0.295898 0.414062 0.591797
0 0.793945 0.103516 0.322266 0.207031
0 0.911133 0.437500 0.177734 0.191406
0 0.324219 0.530273 0.089844 0.123047
0 0.792969 0.624023 0.410156 0.158203
0 0.036133 0.658203 0.072266 0.062500
0 0.016602 0.734375 0.033203 0.031250
0 0.067383 0.736328 0.041016 0.027344
1 0.768555 0.456055 0.005859 0.005859
1 0.779297 0.456055 0.003906 0.001953
1 0.791016 0.459961 0.003906 0.001953
1 0.692383 0.487305 0.001953 0.001953
1 0.604492 0.571289 0.791016 0.158203
1 0.125000 0.635742 0.105469 0.068359
1 0.991211 0.651367 0.017578 0.025391
2 0.779297 0.638672 0.093750 0.078125
2 0.757812 0.761719 0.054688 0.085938
2 0.875000 0.810547 0.105469 0.125000
2 0.756836 0.870117 0.056641 0.123047
2 0.868164 0.941406 0.263672 0.117188
3 0.522461 0.233398 0.478516 0.466797
3 0.404297 0.103516 0.003906 0.003906
3 0.853516 0.306641 0.179688 0.265625
3 0.790039 0.189453 0.017578 0.027344
3 0.801758 0.178711 0.001953 0.001953
3 0.816406 0.185547 0.007812 0.019531
3 0.776367 0.208008 0.001953 0.001953
3 0.899414 0.208008 0.001953 0.001953
3 0.892578 0.224609 0.003906 0.003906
3 0.767578 0.241211 0.003906 0.005859
3 0.766602 0.252930 0.005859 0.013672
3 0.815430 0.247070 0.001953 0.001953
3 0.815430 0.256836 0.001953 0.001953
3 0.767578 0.262695 0.003906 0.001953
3 0.846680 0.287109 0.001953 0.003906
3 0.862305 0.286133 0.001953 0.001953
3 0.938477 0.286133 0.001953 0.001953
3 0.768555 0.326172 0.001953 0.003906
3 0.817383 0.339844 0.009766 0.007812
3 0.918945 0.338867 0.001953 0.001953
3 0.774414 0.342773 0.001953 0.001953
3 0.931641 0.355469 0.003906 0.023438
3 0.816406 0.355469 0.007812 0.007812
3 0.816406 0.371094 0.011719 0.011719
3 0.924805 0.379883 0.009766 0.025391
3 0.922852 0.433594 0.005859 0.011719
3 0.903320 0.432617 0.001953 0.001953
3 0.899414 0.434570 0.001953 0.001953
3 0.879883 0.450195 0.001953 0.001953
3 0.379883 0.795898 0.708984 0.408203
3 0.431641 0.646484 0.003906 0.003906
3 0.185547 0.722656 0.023438 0.007812
3 0.172852 0.729492 0.001953 0.001953
3 0.170898 0.735352 0.001953 0.001953
3 0.166992 0.742188 0.005859 0.007812
3 0.151367 0.766602 0.001953 0.001953
3 0.149414 0.770508 0.001953 0.001953
3 0.147461 0.774414 0.001953 0.001953
3 0.133789 0.802734 0.001953 0.003906
4 0.113281 0.721680 0.074219 0.060547
4 0.059570 0.710938 0.005859 0.003906
4 0.205078 0.761719 0.144531 0.109375
4 0.099609 0.806641 0.003906 0.003906
4 0.098633 0.821289 0.005859 0.005859
4 0.108398 0.822266 0.001953 0.003906
5 0.375000 0.159180 0.144531 0.318359
5 0.196289 0.780273 0.392578 0.439453
