0 0.810547 0.127930 0.070312 0.095703
0 0.689453 0.149414 0.093750 0.095703
0 0.527344 0.496094 0.300781 0.109375
0 0.660156 0.551758 0.074219 0.087891
0 0.561523 0.625000 0.123047 0.136719
0 0.615234 0.572266 0.003906 0.003906
0 0.519531 0.604492 0.011719 0.005859
1 0.115234 0.519531 0.230469 0.960938
2 0.132812 0.020508 0.156250 0.041016
2 0.600586 0.033203 0.048828 0.066406
2 0.676758 0.030273 0.044922 0.060547
2 0.737305 0.018555 0.064453 0.037109
2 0.458984 0.033203 0.042969 0.046875
2 0.375000 0.055664 0.046875 0.076172
2 0.256836 0.062500 0.087891 0.078125
2 0.817383 0.045898 0.056641 0.029297
2 0.164062 0.080078 0.066406 0.082031
2 0.915039 0.125000 0.146484 0.066406
2 0.370117 0.102539 0.017578 0.009766
2 0.535156 0.149414 0.066406 0.068359
2 0.758789 0.140625 0.052734 0.050781
2 0.436523 0.167969 0.111328 0.066406
2 0.286133 0.220703 0.189453 0.156250
2 0.968750 0.186523 0.062500 0.041016
2 0.797852 0.198242 0.064453 0.041016
2 0.865234 0.196289 0.058594 0.041016
2 0.690430 0.254883 0.064453 0.119141
2 0.619141 0.262695 0.070312 0.123047
2 0.969727 0.234375 0.060547 0.046875
2 0.803711 0.267578 0.068359 0.093750
2 0.871094 0.242188 0.062500 0.042969
2 0.480469 0.289062 0.046875 0.054688
2 0.971680 0.284180 0.056641 0.041016
2 0.876953 0.289062 0.066406 0.046875
2 0.538086 0.303711 0.064453 0.052734
2 0.970703 0.387695 0.058594 0.068359
2 0.786133 0.387695 0.083984 0.060547
2 0.878906 0.387695 0.070312 0.060547
2 0.707031 0.392578 0.074219 0.058594
2 0.589844 0.398438 0.136719 0.062500
2 0.449219 0.408203 0.132812 0.062500
2 0.329102 0.415039 0.095703 0.056641
2 0.749023 0.393555 0.001953 0.005859
2 0.747070 0.449219 0.041016 0.039062
2 0.694336 0.465820 0.044922 0.052734
2 0.332031 0.473633 0.121094 0.029297
2 0.941406 0.501953 0.117188 0.050781
2 0.352539 0.551758 0.169922 0.103516
2 0.564453 0.541992 0.121094 0.056641
2 0.715820 0.555664 0.041016 0.048828
2 0.770508 0.603516 0.044922 0.113281
2 0.962891 0.573242 0.042969 0.044922
2 0.276367 0.606445 0.068359 0.037109
2 0.646484 0.633789 0.054688 0.087891
2 0.858398 0.618164 0.029297 0.044922
2 0.515625 0.622070 0.035156 0.033203
2 0.428711 0.657227 0.068359 0.056641
2 0.952148 0.678711 0.048828 0.068359
2 0.313477 0.700195 0.146484 0.072266
2 0.523438 0.683594 0.042969 0.035156
2 0.835938 0.700195 0.035156 0.044922
2 0.791016 0.721680 0.039062 0.068359
2 0.876953 0.760742 0.050781 0.060547
2 0.448242 0.815430 0.091797 0.119141
2 0.898438 0.837891 0.058594 0.078125
2 0.793945 0.857422 0.056641 0.085938
2 0.684570 0.861328 0.072266 0.058594
2 0.628906 0.927734 0.046875 0.136719
2 0.393555 0.933594 0.083984 0.093750
2 0.677734 0.925781 0.042969 0.058594
2 0.842773 0.920898 0.044922 0.048828
2 0.291992 0.933594 0.068359 0.066406
2 0.806641 0.938477 0.023438 0.052734
2 0.540039 0.961914 0.083984 0.076172
4 0.331055 0.829102 0.150391 0.142578
4 0.295898 0.895508 0.009766 0.001953
5 0.506836 0.500000 0.986328 1.000000
5 0.626953 0.351562 0.746094 0.058594
5 0.875977 0.964844 0.248047 0.070312
