2 0.500977 0.018555 0.029297 0.037109
2 0.550781 0.016602 0.019531 0.033203
2 0.684570 0.055664 0.087891 0.111328
2 0.103516 0.060547 0.070312 0.093750
2 0.361328 0.083008 0.082031 0.052734
2 0.582031 0.101562 0.066406 0.042969
2 0.266602 0.137695 0.044922 0.064453
2 0.445312 0.182617 0.210938 0.146484
2 0.680664 0.157227 0.111328 0.087891
2 0.058594 0.185547 0.101562 0.089844
2 0.686523 0.242188 0.130859 0.058594
2 0.504883 0.334961 0.130859 0.162109
2 0.061523 0.295898 0.056641 0.052734
2 0.636719 0.287109 0.054688 0.031250
2 0.713867 0.306641 0.080078 0.062500
2 0.382812 0.319336 0.050781 0.060547
2 0.643555 0.360352 0.111328 0.111328
2 0.205078 0.392578 0.070312 0.105469
2 0.379883 0.382812 0.052734 0.046875
2 0.301758 0.398438 0.072266 0.066406
2 0.928711 0.619141 0.142578 0.441406
2 0.138672 0.433594 0.042969 0.042969
2 0.662109 0.480469 0.167969 0.066406
2 0.171875 0.510742 0.093750 0.076172
2 0.392578 0.500977 0.175781 0.056641
2 0.092773 0.526367 0.060547 0.021484
2 0.379883 0.554688 0.138672 0.074219
2 0.198242 0.582031 0.041016 0.074219
2 0.265625 0.579102 0.078125 0.064453
2 0.693359 0.625977 0.078125 0.064453
2 0.394531 0.653320 0.226562 0.099609
2 0.547852 0.666016 0.080078 0.082031
2 0.925781 0.629883 0.003906 0.005859
2 0.929688 0.635742 0.003906 0.005859
2 0.224609 0.676758 0.031250 0.060547
2 0.155273 0.687500 0.029297 0.046875
2 0.683594 0.739258 0.152344 0.029297
2 0.762695 0.774414 0.048828 0.037109
2 0.294922 0.777344 0.054688 0.031250
2 0.688477 0.784180 0.048828 0.029297
2 0.302734 0.848633 0.082031 0.052734
2 0.200195 0.871094 0.076172 0.062500
2 0.286133 0.905273 0.037109 0.041016
2 0.936523 0.946289 0.064453 0.107422
2 0.087891 0.911133 0.023438 0.021484
2 0.267578 0.969727 0.140625 0.056641
4 0.909180 0.166992 0.181641 0.333984
5 0.332031 0.500000 0.664062 1.000000
5 0.858398 0.500000 0.283203 1.000000
