0 0.956055 0.183594 0.076172 0.367188
0 0.720703 0.317383 0.148438 0.291016
0 0.659180 0.594727 0.173828 0.208984
0 0.233398 0.559570 0.041016 0.041016
0 0.858398 0.644531 0.173828 0.109375
0 0.154297 0.922852 0.070312 0.150391
1 0.104492 0.500000 0.208984 1.000000
2 0.647461 0.214844 0.111328 0.109375
2 0.487305 0.279297 0.369141 0.207031
2 0.301758 0.333008 0.095703 0.083984
2 0.932617 0.532227 0.134766 0.095703
2 0.297852 0.656250 0.091797 0.105469
2 0.494141 0.676758 0.074219 0.080078
2 0.424805 0.741211 0.189453 0.099609
2 0.233398 0.790039 0.119141 0.115234
2 0.963867 0.874023 0.072266 0.173828
3 0.474609 0.061523 0.195312 0.123047
3 0.626953 0.081055 0.148438 0.162109
4 0.398438 0.143555 0.265625 0.115234
4 0.374023 0.438477 0.259766 0.138672
4 0.571289 0.495117 0.130859 0.119141
4 0.787109 0.531250 0.113281 0.082031
4 0.732422 0.514648 0.003906 0.001953
4 0.817383 0.557617 0.001953 0.001953
4 0.826172 0.558594 0.003906 0.003906
4 0.873047 0.840820 0.253906 0.232422
4 0.865234 0.821289 0.003906 0.001953
4 0.266602 0.947266 0.240234 0.105469
5 0.172852 0.500000 0.185547 1.000000
6 0.834961 0.218750 0.220703 0.437500
