0 0.360352 0.032227 0.103516 0.064453
0 0.096680 0.194336 0.193359 0.189453
0 0.696289 0.124023 0.056641 0.048828
0 0.676758 0.133789 0.001953 0.001953
0 0.636719 0.173828 0.039062 0.046875
0 0.478516 0.222656 0.066406 0.050781
0 0.831055 0.263672 0.154297 0.125000
0 0.424805 0.282227 0.095703 0.080078
0 0.229492 0.345703 0.087891 0.085938
0 0.110352 0.377930 0.115234 0.076172
0 0.935547 0.794922 0.128906 0.207031
0 0.522461 0.741211 0.041016 0.033203
0 0.537109 0.938477 0.128906 0.123047
0 0.971680 0.945312 0.005859 0.007812
0 0.947266 0.949219 0.003906 0.003906
0 0.955078 0.948242 0.003906 0.001953
0 0.987305 0.947266 0.005859 0.003906
0 0.967773 0.976562 0.064453 0.046875
0 0.947266 0.965820 0.003906 0.001953
2 0.240234 0.281250 0.082031 0.082031
2 0.741211 0.351562 0.060547 0.039062
2 0.613281 0.407227 0.062500 0.130859
2 0.006836 0.391602 0.013672 0.060547
2 0.507812 0.431641 0.097656 0.066406
2 0.107422 0.448242 0.152344 0.087891
2 0.867188 0.442383 0.121094 0.080078
2 0.744141 0.443359 0.074219 0.074219
2 0.559570 0.449219 0.001953 0.003906
2 0.180664 0.535156 0.076172 0.128906
2 0.618164 0.507812 0.068359 0.062500
2 0.970703 0.497070 0.046875 0.041016
2 0.844727 0.542969 0.072266 0.070312
2 0.759766 0.545898 0.058594 0.064453
2 0.070312 0.549805 0.093750 0.056641
2 0.629883 0.594727 0.072266 0.037109
2 0.082031 0.611328 0.082031 0.062500
2 0.840820 0.616211 0.060547 0.068359
2 0.774414 0.611328 0.056641 0.042969
2 0.212891 0.656250 0.058594 0.105469
2 0.628906 0.679688 0.070312 0.128906
2 0.035156 0.682617 0.070312 0.064453
2 0.754883 0.756836 0.072266 0.142578
2 0.082031 0.734375 0.144531 0.082031
2 0.247070 0.754883 0.060547 0.064453
2 0.629883 0.768555 0.044922 0.037109
2 0.847656 0.786133 0.085938 0.060547
2 0.252930 0.819336 0.064453 0.060547
2 0.055664 0.834961 0.076172 0.080078
2 0.643555 0.908203 0.091797 0.183594
2 0.291992 0.918945 0.103516 0.162109
2 0.798828 0.927734 0.152344 0.144531
2 0.170898 0.931641 0.095703 0.117188
2 0.985352 0.913086 0.029297 0.044922
2 0.669922 0.919922 0.003906 0.007812
2 0.689453 0.929688 0.007812 0.015625
2 0.669922 0.931641 0.003906 0.011719
2 0.012695 0.973633 0.025391 0.052734
2 0.094727 0.974609 0.056641 0.050781
4 0.840820 0.155273 0.318359 0.310547
4 0.095703 0.323242 0.191406 0.076172
4 0.330078 0.523438 0.250000 0.289062
4 0.519531 0.565430 0.144531 0.173828
5 0.585938 0.652344 0.828125 0.695312
5 0.139648 0.741211 0.279297 0.517578
6 0.344727 0.183594 0.689453 0.367188
6 0.700195 0.114258 0.001953 0.001953
6 0.020508 0.119141 0.001953 0.003906
6 0.698242 0.134766 0.005859 0.011719
6 0.241211 0.371094 0.001953 0.003906
6 0.259766 0.372070 0.007812 0.005859
6 0.458984 0.827148 0.273438 0.345703
6 0.325195 0.840820 0.005859 0.009766
6 0.326172 0.855469 0.003906 0.007812
6 0.596680 0.883789 0.001953 0.001953
6 0.598633 0.895508 0.001953 0.001953
6 0.598633 0.904297 0.001953 0.003906
