1 0.709961 0.323242 0.041016 0.064453
2 0.077148 0.084961 0.044922 0.076172
2 0.230469 0.080078 0.039062 0.054688
2 0.075195 0.237305 0.052734 0.185547
2 0.317383 0.213867 0.072266 0.037109
2 0.848633 0.267578 0.056641 0.062500
2 0.932617 0.286133 0.087891 0.056641
2 0.116211 0.373047 0.138672 0.089844
2 0.889648 0.424805 0.056641 0.056641
2 0.009766 0.404297 0.015625 0.003906
2 0.078125 0.416016 0.058594 0.011719
2 0.143555 0.428711 0.068359 0.017578
2 0.086914 0.509766 0.173828 0.167969
2 0.877930 0.494141 0.060547 0.082031
2 0.094727 0.639648 0.189453 0.080078
2 0.625000 0.666016 0.050781 0.035156
2 0.772461 0.739258 0.048828 0.056641
2 0.255859 0.744141 0.050781 0.054688
2 0.307617 0.764648 0.044922 0.056641
2 0.614258 0.779297 0.060547 0.062500
2 0.458984 0.783203 0.027344 0.042969
2 0.888672 0.804688 0.082031 0.046875
2 0.818359 0.866211 0.097656 0.083984
2 0.646484 0.863281 0.140625 0.062500
2 0.273438 0.939453 0.132812 0.058594
2 0.443359 0.941406 0.050781 0.050781
2 0.577148 0.945312 0.205078 0.062500
5 0.598633 0.500000 0.802734 1.000000
