0 0.260742 0.365234 0.294922 0.730469
0 0.644531 0.127930 0.089844 0.255859
0 0.943359 0.027344 0.113281 0.054688
0 0.837891 0.294922 0.125000 0.359375
0 0.702148 0.160156 0.005859 0.003906
0 0.068359 0.292969 0.136719 0.218750
0 0.630859 0.329102 0.058594 0.052734
0 0.544922 0.486328 0.039062 0.035156
0 0.794922 0.521484 0.003906 0.003906
0 0.032227 0.627930 0.064453 0.091797
0 0.386719 0.845703 0.093750 0.050781
0 0.527344 0.865234 0.054688 0.042969
1 0.615234 0.606445 0.191406 0.173828
2 0.029297 0.892578 0.035156 0.023438
2 0.130859 0.915039 0.050781 0.041016
5 0.511719 0.500000 0.976562 1.000000
