0 0.685547 0.287109 0.007812 0.019531
0 0.911133 0.407227 0.177734 0.240234
0 0.134766 0.771484 0.179688 0.457031
0 0.479492 0.787109 0.248047 0.425781
0 0.447266 0.583984 0.011719 0.007812
0 0.273438 0.634766 0.066406 0.105469
0 0.474609 0.591797 0.003906 0.003906
0 0.211914 0.656250 0.041016 0.035156
0 0.323242 0.777344 0.044922 0.046875
0 0.715820 0.913086 0.216797 0.173828
0 0.310547 0.921875 0.062500 0.058594
1 0.332031 0.638672 0.054688 0.078125
2 0.514648 0.148438 0.056641 0.066406
2 0.627930 0.144531 0.060547 0.062500
2 0.162109 0.150391 0.046875 0.039062
2 0.048828 0.236328 0.062500 0.054688
2 0.224609 0.236328 0.125000 0.058594
2 0.891602 0.264648 0.103516 0.048828
2 0.775391 0.464844 0.082031 0.105469
2 0.745117 0.497070 0.001953 0.001953
2 0.648438 0.606445 0.093750 0.162109
2 0.776367 0.670898 0.099609 0.291016
2 0.955078 0.558594 0.089844 0.066406
2 0.917969 0.677734 0.164062 0.093750
2 0.827148 0.646484 0.005859 0.003906
2 0.824219 0.661133 0.003906 0.005859
2 0.822266 0.669922 0.003906 0.003906
2 0.822266 0.677734 0.003906 0.003906
2 0.686523 0.681641 0.001953 0.003906
2 0.646484 0.684570 0.003906 0.001953
2 0.821289 0.689453 0.005859 0.011719
2 0.642578 0.722656 0.058594 0.042969
2 0.825195 0.702148 0.013672 0.005859
2 0.639648 0.783203 0.048828 0.042969
2 0.859375 0.915039 0.066406 0.080078
3 0.482422 0.037109 0.343750 0.074219
3 0.834961 0.120117 0.330078 0.240234
3 0.856445 0.005859 0.005859 0.003906
3 0.404297 0.159180 0.171875 0.158203
3 0.754883 0.149414 0.001953 0.001953
3 0.771484 0.150391 0.003906 0.003906
3 0.783203 0.150391 0.011719 0.003906
3 0.801758 0.149414 0.001953 0.001953
3 0.802734 0.158203 0.003906 0.003906
3 0.462891 0.285156 0.289062 0.148438
3 0.669922 0.368164 0.093750 0.310547
3 0.755859 0.254883 0.136719 0.056641
3 0.624023 0.287109 0.001953 0.003906
3 0.624023 0.303711 0.001953 0.001953
3 0.624023 0.309570 0.001953 0.001953
3 0.624023 0.447266 0.001953 0.011719
3 0.624023 0.458984 0.001953 0.003906
3 0.154297 0.681641 0.109375 0.070312
3 0.313477 0.754883 0.001953 0.001953
3 0.327148 0.754883 0.001953 0.001953
3 0.333008 0.756836 0.001953 0.001953
3 0.338867 0.760742 0.001953 0.001953
3 0.305664 0.762695 0.001953 0.001953
3 0.298828 0.819336 0.195312 0.115234
4 0.015625 0.003906 0.015625 0.007812
4 0.149414 0.064453 0.283203 0.128906
4 0.020508 0.008789 0.001953 0.001953
4 0.263672 0.430664 0.152344 0.333984
4 0.132812 0.465820 0.226562 0.388672
4 0.502930 0.461914 0.197266 0.208984
4 0.040039 0.665039 0.080078 0.205078
4 0.246094 0.755859 0.257812 0.156250
4 0.087891 0.882812 0.175781 0.234375
4 0.294922 0.918945 0.238281 0.162109
4 0.584961 0.934570 0.001953 0.001953
5 0.780273 0.745117 0.439453 0.509766
5 0.618164 0.999023 0.001953 0.001953
