0 0.759766 0.294922 0.109375 0.066406
0 0.601562 0.349609 0.089844 0.097656
0 0.435547 0.350586 0.054688 0.060547
0 0.630859 0.474609 0.046875 0.062500
0 0.224609 0.524414 0.062500 0.060547
0 0.104492 0.546875 0.083984 0.078125
0 0.689453 0.583984 0.062500 0.042969
0 0.839844 0.622070 0.093750 0.091797
0 0.058594 0.647461 0.078125 0.080078
0 0.385742 0.642578 0.052734 0.039062
0 0.835938 0.833008 0.046875 0.052734
0 0.642578 0.885742 0.070312 0.103516
0 0.805664 0.918945 0.068359 0.060547
0 0.880859 0.968750 0.082031 0.062500
0 0.171875 0.973633 0.261719 0.052734
0 0.661133 0.980469 0.044922 0.035156
2 0.571289 0.022461 0.052734 0.017578
2 0.032227 0.043945 0.056641 0.041016
2 0.466797 0.052734 0.042969 0.042969
2 0.196289 0.388672 0.115234 0.117188
3 0.500000 0.411133 1.000000 0.822266
3 0.500000 0.539062 1.000000 0.921875
3 0.416016 0.363281 0.742188 0.515625
3 0.792969 0.119141 0.003906 0.003906
3 0.797852 0.120117 0.001953 0.001953
3 0.801758 0.118164 0.001953 0.001953
3 0.807617 0.118164 0.001953 0.001953
3 0.204102 0.424805 0.001953 0.001953
3 0.202148 0.429688 0.001953 0.003906
5 0.512695 0.348633 0.974609 0.583984
5 0.028320 0.768555 0.056641 0.169922
