0 0.099609 0.114258 0.199219 0.228516
0 0.868164 0.758789 0.263672 0.482422
0 0.707031 0.740234 0.003906 0.003906
0 0.740234 0.825195 0.003906 0.009766
0 0.702148 0.870117 0.056641 0.068359
0 0.722656 0.862305 0.007812 0.009766
0 0.721680 0.885742 0.005859 0.005859
0 0.706055 0.907227 0.001953 0.001953
0 0.769531 0.916992 0.003906 0.005859
0 0.771484 0.973633 0.003906 0.005859
0 0.708984 0.989258 0.003906 0.009766
0 0.739258 0.992188 0.041016 0.015625
0 0.769531 0.987305 0.007812 0.005859
0 0.681641 0.995117 0.003906 0.005859
2 0.225586 0.021484 0.083984 0.042969
2 0.298828 0.024414 0.054688 0.048828
2 0.646484 0.033203 0.066406 0.039062
2 0.377930 0.073242 0.068359 0.091797
2 0.476562 0.045898 0.089844 0.037109
2 0.853516 0.186523 0.089844 0.115234
2 0.572266 0.439453 0.054688 0.054688
2 0.887695 0.583008 0.224609 0.333984
2 0.445312 0.576172 0.101562 0.101562
2 0.151367 0.635742 0.072266 0.044922
2 0.142578 0.741211 0.195312 0.126953
2 0.458008 0.958008 0.064453 0.048828
2 0.530273 0.974609 0.080078 0.050781
4 0.566406 0.112305 0.003906 0.001953
4 0.664062 0.425781 0.378906 0.585938
4 0.683594 0.278320 0.003906 0.001953
5 0.916016 0.258789 0.167969 0.517578
5 0.974609 0.060547 0.050781 0.121094
5 0.550781 0.124023 0.367188 0.041016
5 0.299805 0.572266 0.599609 0.828125
