0 0.342773 0.055664 0.248047 0.111328
0 0.332031 0.431641 0.269531 0.640625
0 0.379883 0.133789 0.001953 0.001953
0 0.144531 0.419922 0.136719 0.210938
0 0.043945 0.329102 0.005859 0.009766
0 0.035156 0.341797 0.003906 0.003906
0 0.554688 0.432617 0.160156 0.087891
0 0.073242 0.391602 0.001953 0.001953
0 0.135742 0.605469 0.064453 0.097656
0 0.149414 0.741211 0.107422 0.138672
0 0.373047 0.710938 0.082031 0.046875
2 0.094727 0.033203 0.189453 0.066406
2 0.547852 0.094727 0.138672 0.189453
2 0.122070 0.104492 0.154297 0.091797
2 0.980469 0.143555 0.039062 0.060547
2 0.951172 0.293945 0.058594 0.240234
2 0.157227 0.247070 0.095703 0.072266
2 0.516602 0.318359 0.060547 0.085938
2 0.252930 0.385742 0.064453 0.064453
2 0.054688 0.485352 0.109375 0.130859
2 0.268555 0.505859 0.072266 0.062500
2 0.561523 0.512695 0.095703 0.068359
2 0.749023 0.598633 0.169922 0.189453
2 0.342773 0.570312 0.056641 0.035156
2 0.228516 0.591797 0.031250 0.070312
2 0.091797 0.648438 0.035156 0.058594
2 0.166016 0.653320 0.109375 0.037109
2 0.970703 0.708984 0.058594 0.078125
2 0.942383 0.913086 0.115234 0.064453
2 0.939453 0.977539 0.066406 0.044922
4 0.156250 0.903320 0.312500 0.193359
5 0.556641 0.426758 0.726562 0.853516
5 0.223633 0.696289 0.068359 0.033203
5 0.063477 0.742188 0.126953 0.050781
