0 0.896484 0.171875 0.074219 0.050781
0 0.230469 0.195312 0.054688 0.050781
0 0.728516 0.224609 0.171875 0.109375
0 0.822266 0.309570 0.289062 0.111328
0 0.373047 0.288086 0.050781 0.044922
0 0.213867 0.358398 0.044922 0.041016
0 0.836914 0.419922 0.068359 0.054688
0 0.541992 0.481445 0.119141 0.130859
0 0.271484 0.493164 0.046875 0.037109
0 0.813477 0.549805 0.048828 0.044922
0 0.351562 0.657227 0.144531 0.123047
0 0.044922 0.654297 0.089844 0.074219
0 0.795898 0.688477 0.064453 0.060547
0 0.926758 0.715820 0.041016 0.107422
0 0.649414 0.706055 0.134766 0.056641
0 0.304688 0.781250 0.046875 0.042969
0 0.083984 0.809570 0.066406 0.052734
0 0.179688 0.812500 0.042969 0.046875
0 0.024414 0.847656 0.048828 0.058594
0 0.692383 0.884766 0.068359 0.097656
0 0.208008 0.933594 0.044922 0.042969
0 0.718750 0.972656 0.058594 0.054688
1 0.344727 0.671875 0.072266 0.042969
1 0.035156 0.767578 0.070312 0.148438
3 0.500000 0.500000 1.000000 1.000000
3 0.526367 0.275391 0.001953 0.003906
3 0.478516 0.370117 0.003906 0.005859
3 0.486328 0.369141 0.003906 0.003906
3 0.293945 0.418945 0.001953 0.005859
3 0.485352 0.454102 0.001953 0.001953
3 0.490234 0.462891 0.011719 0.011719
3 0.517578 0.486328 0.035156 0.027344
3 0.550781 0.511719 0.023438 0.011719
3 0.285156 0.508789 0.003906 0.001953
3 0.564453 0.526367 0.003906 0.009766
3 0.572266 0.537109 0.003906 0.003906
3 0.581055 0.541016 0.005859 0.003906
3 0.588867 0.544922 0.005859 0.003906
3 0.595703 0.548828 0.003906 0.003906
3 0.594727 0.556641 0.001953 0.003906
3 0.375977 0.596680 0.001953 0.001953
3 0.416992 0.602539 0.001953 0.001953
3 0.042969 0.664062 0.003906 0.007812
3 0.602539 0.678711 0.041016 0.009766
3 0.638672 0.673828 0.003906 0.003906
3 0.581055 0.689453 0.001953 0.003906
3 0.582031 0.698242 0.003906 0.005859
3 0.430664 0.704102 0.001953 0.001953
3 0.051758 0.810547 0.001953 0.003906
3 0.551758 0.853516 0.060547 0.046875
3 0.660156 0.853516 0.015625 0.027344
3 0.534180 0.844727 0.001953 0.001953
3 0.611328 0.855469 0.039062 0.007812
3 0.587891 0.858398 0.003906 0.001953
3 0.666016 0.883789 0.015625 0.021484
3 0.493164 0.877930 0.001953 0.001953
3 0.672852 0.879883 0.005859 0.005859
3 0.487305 0.936523 0.001953 0.001953
3 0.848633 0.979492 0.005859 0.001953
3 0.783203 0.986328 0.003906 0.003906
3 0.893555 0.994141 0.001953 0.003906
3 0.502930 0.998047 0.001953 0.003906
4 0.110352 0.047852 0.126953 0.095703
4 0.413086 0.043945 0.130859 0.087891
4 0.934570 0.064453 0.130859 0.128906
4 0.042969 0.083984 0.085938 0.160156
4 0.277344 0.083984 0.183594 0.160156
4 0.545898 0.088867 0.146484 0.126953
4 0.418945 0.208008 0.123047 0.099609
4 0.459961 0.306641 0.146484 0.164062
4 0.089844 0.412109 0.179688 0.367188
4 0.237305 0.297852 0.107422 0.107422
4 0.318359 0.393555 0.054688 0.099609
4 0.498047 0.376953 0.003906 0.003906
4 0.505859 0.596680 0.261719 0.318359
4 0.323242 0.560547 0.115234 0.148438
4 0.270508 0.560547 0.001953 0.003906
4 0.271484 0.568359 0.003906 0.003906
4 0.286133 0.598633 0.001953 0.001953
4 0.287109 0.615234 0.003906 0.003906
4 0.286133 0.623047 0.001953 0.003906
4 0.281250 0.647461 0.015625 0.037109
4 0.050781 0.652344 0.003906 0.003906
4 0.291016 0.672852 0.007812 0.013672
4 0.291992 0.690430 0.005859 0.013672
4 0.083008 0.692383 0.001953 0.001953
4 0.293945 0.706055 0.009766 0.013672
4 0.416016 0.700195 0.003906 0.001953
4 0.397461 0.708984 0.005859 0.003906
4 0.424805 0.709961 0.005859 0.005859
4 0.098633 0.717773 0.001953 0.001953
4 0.294922 0.716797 0.003906 0.003906
4 0.425781 0.716797 0.003906 0.003906
4 0.307617 0.724609 0.037109 0.007812
4 0.098633 0.723633 0.001953 0.001953
4 0.427734 0.724609 0.003906 0.003906
4 0.567383 0.864258 0.240234 0.271484
4 0.429688 0.740234 0.003906 0.003906
4 0.282227 0.769531 0.009766 0.023438
4 0.291992 0.758789 0.005859 0.001953
4 0.307617 0.758789 0.001953 0.001953
4 0.319336 0.758789 0.001953 0.001953
4 0.181641 0.786133 0.011719 0.021484
4 0.280273 0.786133 0.001953 0.001953
4 0.284180 0.788086 0.001953 0.001953
4 0.155273 0.793945 0.005859 0.005859
4 0.161133 0.790039 0.001953 0.001953
4 0.169922 0.790039 0.003906 0.001953
4 0.114258 0.794922 0.001953 0.003906
4 0.194336 0.799805 0.001953 0.001953
4 0.154297 0.801758 0.003906 0.001953
4 0.291992 0.801758 0.005859 0.001953
4 0.057617 0.817383 0.001953 0.001953
4 0.114258 0.817383 0.001953 0.001953
4 0.166992 0.833008 0.001953 0.001953
4 0.483398 0.934570 0.001953 0.001953
4 0.487305 0.956055 0.001953 0.005859
4 0.496094 0.996094 0.007812 0.007812
