0 0.689453 0.327148 0.066406 0.033203
0 0.732422 0.398438 0.039062 0.085938
0 0.610352 0.412109 0.048828 0.023438
0 0.598633 0.451172 0.041016 0.023438
0 0.586914 0.518555 0.041016 0.072266
0 0.397461 0.746094 0.037109 0.070312
1 0.047852 0.843750 0.095703 0.125000
2 0.185547 0.143555 0.363281 0.212891
2 0.285156 0.511719 0.132812 0.054688
2 0.463867 0.587891 0.095703 0.117188
2 0.276367 0.554688 0.103516 0.027344
2 0.267578 0.647461 0.074219 0.056641
2 0.447266 0.676758 0.089844 0.048828
2 0.925781 0.791992 0.148438 0.119141
2 0.930664 0.928711 0.138672 0.142578
2 0.187500 0.941406 0.113281 0.117188
2 0.300781 0.934570 0.093750 0.052734
3 0.890625 0.561523 0.218750 0.345703
4 0.948242 0.237305 0.103516 0.341797
4 0.813477 0.293945 0.169922 0.322266
5 0.368164 0.731445 0.037109 0.537109
