0 0.500000 0.406250 1.000000 0.812500
0 0.770508 0.155273 0.005859 0.013672
0 0.864258 0.277344 0.009766 0.011719
0 0.822266 0.309570 0.003906 0.001953
0 0.833984 0.314453 0.003906 0.003906
0 0.827148 0.340820 0.017578 0.025391
0 0.834961 0.330078 0.005859 0.003906
0 0.415039 0.346680 0.005859 0.001953
0 0.847656 0.348633 0.011719 0.009766
0 0.857422 0.346680 0.003906 0.001953
0 0.865234 0.345703 0.003906 0.003906
0 0.012695 0.510742 0.001953 0.001953
0 0.007812 0.513672 0.003906 0.003906
0 0.090820 0.521484 0.009766 0.003906
0 0.099609 0.537109 0.011719 0.011719
0 0.162109 0.712891 0.324219 0.335938
0 0.072266 0.549805 0.003906 0.001953
0 0.073242 0.555664 0.001953 0.001953
0 0.748047 0.888672 0.503906 0.222656
0 0.634766 0.841797 0.011719 0.003906
0 0.650391 0.841797 0.011719 0.003906
2 0.944336 0.192383 0.013672 0.017578
2 0.893555 0.256836 0.076172 0.041016
2 0.043945 0.964844 0.052734 0.046875
4 0.877930 0.653320 0.244141 0.337891
