2 0.252930 0.040039 0.267578 0.080078
2 0.624023 0.051758 0.146484 0.103516
2 0.850586 0.065430 0.064453 0.091797
2 0.489258 0.083984 0.037109 0.046875
2 0.224609 0.204102 0.312500 0.130859
2 0.410156 0.171875 0.054688 0.050781
2 0.474609 0.274414 0.121094 0.255859
2 0.606445 0.192383 0.185547 0.072266
2 0.786133 0.266602 0.111328 0.044922
2 0.237305 0.347656 0.294922 0.128906
2 0.916016 0.424805 0.167969 0.080078
2 0.764648 0.418945 0.056641 0.037109
2 0.118164 0.532227 0.134766 0.201172
2 0.476562 0.468750 0.070312 0.070312
2 0.475586 0.529297 0.056641 0.046875
2 0.797852 0.601562 0.080078 0.140625
2 0.356445 0.622070 0.091797 0.123047
2 0.529297 0.621094 0.046875 0.039062
2 0.663086 0.646484 0.095703 0.058594
2 0.867188 0.776367 0.066406 0.076172
2 0.939453 0.777344 0.039062 0.074219
2 0.615234 0.865234 0.214844 0.234375
2 0.331055 0.807617 0.154297 0.107422
2 0.142578 0.793945 0.046875 0.064453
2 0.817383 0.824219 0.119141 0.089844
2 0.159180 0.858398 0.052734 0.041016
2 0.970703 0.936523 0.058594 0.052734
5 0.500000 0.500000 1.000000 1.000000
