0 0.756836 0.282227 0.197266 0.267578
0 0.239258 0.331055 0.068359 0.068359
0 0.885742 0.490234 0.099609 0.117188
0 0.360352 0.494141 0.080078 0.046875
0 0.883789 0.671875 0.048828 0.027344
0 0.832031 0.699219 0.027344 0.050781
0 0.859375 0.689453 0.015625 0.003906
0 0.907227 0.693359 0.001953 0.007812
0 0.897461 0.692383 0.001953 0.001953
0 0.840820 0.705078 0.005859 0.003906
0 0.860352 0.706055 0.013672 0.005859
0 0.905273 0.705078 0.001953 0.003906
0 0.854492 0.858398 0.107422 0.283203
0 0.824219 0.738281 0.007812 0.007812
0 0.841797 0.737305 0.003906 0.001953
0 0.896484 0.740234 0.003906 0.003906
0 0.896484 0.754883 0.003906 0.001953
1 0.979492 0.273438 0.041016 0.546875
1 0.968750 0.813477 0.062500 0.373047
2 0.200195 0.142578 0.220703 0.183594
2 0.048828 0.122070 0.089844 0.123047
2 0.424805 0.092773 0.150391 0.056641
2 0.741211 0.109375 0.208984 0.089844
2 0.846680 0.141602 0.029297 0.060547
2 0.714844 0.149414 0.113281 0.068359
2 0.415039 0.213867 0.091797 0.150391
2 0.770508 0.142578 0.001953 0.007812
2 0.378906 0.142578 0.003906 0.003906
2 0.387695 0.143555 0.001953 0.001953
2 0.241211 0.288086 0.115234 0.076172
2 0.059570 0.324219 0.052734 0.074219
2 0.424805 0.292969 0.005859 0.003906
2 0.123047 0.319336 0.058594 0.048828
2 0.187500 0.311523 0.058594 0.037109
2 0.372070 0.335938 0.037109 0.046875
2 0.473633 0.357422 0.134766 0.074219
2 0.111328 0.402344 0.117188 0.074219
2 0.027344 0.399414 0.054688 0.048828
2 0.378906 0.443359 0.066406 0.058594
2 0.190430 0.445312 0.044922 0.054688
2 0.249023 0.462891 0.060547 0.078125
2 0.447266 0.478516 0.070312 0.046875
2 0.785156 0.494141 0.019531 0.046875
2 0.685547 0.550781 0.144531 0.054688
2 0.243164 0.582031 0.076172 0.074219
2 0.436523 0.667969 0.283203 0.250000
2 0.672852 0.604492 0.083984 0.044922
2 0.146484 0.668945 0.292969 0.158203
2 0.471680 0.620117 0.001953 0.001953
2 0.495117 0.622070 0.001953 0.001953
2 0.677734 0.755859 0.269531 0.164062
2 0.481445 0.723633 0.001953 0.001953
2 0.096680 0.839844 0.193359 0.136719
2 0.255859 0.804688 0.058594 0.050781
2 0.752930 0.783203 0.017578 0.003906
2 0.739258 0.786133 0.001953 0.001953
2 0.463867 0.847656 0.044922 0.074219
2 0.762695 0.916016 0.091797 0.167969
2 0.368164 0.890625 0.076172 0.093750
2 0.650391 0.942383 0.089844 0.115234
2 0.128906 0.973633 0.121094 0.052734
5 0.500000 0.770508 1.000000 0.423828
