0 0.500000 0.500000 1.000000 1.000000
0 0.541016 0.001953 0.015625 0.003906
0 0.552734 0.000977 0.003906 0.001953
0 0.785156 0.042969 0.246094 0.085938
0 0.555664 0.038086 0.005859 0.005859
0 0.432617 0.129883 0.001953 0.001953
0 0.648438 0.200195 0.066406 0.076172
0 0.764648 0.200195 0.064453 0.068359
0 0.603516 0.249023 0.007812 0.005859
0 0.741211 0.451172 0.419922 0.269531
0 0.948242 0.818359 0.005859 0.007812
0 0.963867 0.817383 0.005859 0.005859
0 0.032227 0.833984 0.064453 0.027344
0 0.229492 0.823242 0.001953 0.005859
2 0.853516 0.555664 0.148438 0.123047
2 0.668945 0.548828 0.095703 0.066406
3 0.096680 0.190430 0.193359 0.380859
4 0.906250 0.541016 0.187500 0.265625
4 0.232422 0.837891 0.464844 0.113281
4 0.254883 0.825195 0.001953 0.001953
