0 0.022461 0.206055 0.044922 0.095703
0 0.572266 0.168945 0.003906 0.001953
0 0.658203 0.292969 0.402344 0.164062
0 0.331055 0.422852 0.107422 0.115234
2 0.304688 0.031250 0.156250 0.062500
2 0.524414 0.041016 0.060547 0.074219
2 0.121094 0.052734 0.132812 0.050781
2 0.568359 0.043945 0.003906 0.005859
2 0.107422 0.084961 0.019531 0.009766
2 0.135742 0.116211 0.142578 0.060547
2 0.280273 0.114258 0.080078 0.056641
2 0.131836 0.184570 0.166016 0.068359
2 0.249023 0.150391 0.001953 0.003906
2 0.286133 0.181641 0.076172 0.062500
2 0.367188 0.179688 0.074219 0.062500
2 0.903320 0.342773 0.193359 0.306641
2 0.310547 0.229492 0.074219 0.056641
2 0.169922 0.254883 0.062500 0.044922
2 0.103516 0.273438 0.062500 0.062500
2 0.133789 0.371094 0.103516 0.070312
2 0.225586 0.366211 0.068359 0.056641
2 0.773438 0.368164 0.062500 0.056641
2 0.029297 0.352539 0.003906 0.005859
2 0.049805 0.387695 0.048828 0.056641
2 0.723633 0.415039 0.056641 0.060547
2 0.845703 0.436523 0.054688 0.056641
2 0.039062 0.471680 0.078125 0.095703
2 0.688477 0.452148 0.056641 0.060547
2 0.107422 0.459961 0.031250 0.048828
2 0.881836 0.474609 0.060547 0.054688
2 0.800781 0.482422 0.054688 0.054688
2 0.074219 0.459961 0.003906 0.005859
2 0.632812 0.496094 0.054688 0.058594
2 0.072266 0.483398 0.003906 0.001953
2 0.837891 0.519531 0.058594 0.058594
2 0.776367 0.541992 0.095703 0.087891
2 0.594727 0.542969 0.056641 0.058594
2 0.962891 0.561523 0.074219 0.095703
2 0.721680 0.592773 0.103516 0.103516
2 0.256836 0.579102 0.080078 0.052734
2 0.045898 0.612305 0.091797 0.111328
2 0.333008 0.577148 0.056641 0.044922
2 0.392578 0.578125 0.054688 0.042969
2 0.458008 0.579102 0.072266 0.044922
2 0.904297 0.587891 0.062500 0.054688
2 0.665039 0.607422 0.056641 0.058594
2 0.946289 0.627930 0.060547 0.056641
2 0.858398 0.672852 0.134766 0.130859
2 0.240234 0.631836 0.050781 0.044922
2 0.294922 0.632812 0.054688 0.046875
2 0.364258 0.632812 0.048828 0.042969
2 0.418945 0.633789 0.052734 0.044922
2 0.490234 0.634766 0.046875 0.046875
2 0.542969 0.635742 0.054688 0.048828
2 0.706055 0.649414 0.056641 0.056641
2 0.080078 0.643555 0.003906 0.001953
2 0.086914 0.646484 0.005859 0.011719
2 0.086914 0.657227 0.001953 0.001953
2 0.776367 0.718750 0.056641 0.058594
2 0.030273 0.724609 0.060547 0.054688
2 0.262695 0.724609 0.076172 0.046875
2 0.424805 0.722656 0.056641 0.046875
2 0.483398 0.723633 0.056641 0.044922
2 0.548828 0.727539 0.054688 0.044922
2 0.627930 0.729492 0.076172 0.048828
2 0.358398 0.728516 0.052734 0.042969
2 0.970703 0.738281 0.058594 0.058594
2 0.063477 0.724609 0.001953 0.007812
2 0.822266 0.765625 0.085938 0.078125
2 0.038086 0.780273 0.076172 0.052734
2 0.238281 0.781250 0.050781 0.046875
2 0.295898 0.783203 0.056641 0.046875
2 0.366211 0.780273 0.048828 0.044922
2 0.422852 0.781250 0.052734 0.042969
2 0.488281 0.782227 0.054688 0.044922
2 0.546875 0.782227 0.054688 0.044922
2 0.650391 0.783203 0.113281 0.050781
2 0.921875 0.798828 0.058594 0.054688
2 0.876953 0.845703 0.062500 0.074219
2 0.022461 0.874023 0.044922 0.048828
2 0.238281 0.872070 0.105469 0.048828
2 0.334961 0.870117 0.064453 0.044922
2 0.394531 0.871094 0.054688 0.042969
2 0.459961 0.874023 0.052734 0.044922
2 0.540039 0.875000 0.052734 0.042969
2 0.595703 0.875000 0.058594 0.042969
2 0.662109 0.876953 0.050781 0.046875
2 0.723633 0.874023 0.044922 0.044922
2 0.798828 0.875977 0.070312 0.048828
2 0.087891 0.877930 0.062500 0.041016
2 0.022461 0.931641 0.044922 0.054688
2 0.206055 0.930664 0.052734 0.052734
2 0.508789 0.937500 0.044922 0.066406
2 0.415039 0.941406 0.119141 0.070312
2 0.612305 0.939453 0.126953 0.066406
2 0.748047 0.943359 0.125000 0.066406
2 0.256836 0.938477 0.033203 0.037109
2 0.329102 0.948242 0.048828 0.041016
2 0.680664 0.942383 0.001953 0.005859
2 0.204102 0.981445 0.052734 0.037109
2 0.258789 0.981445 0.048828 0.037109
2 0.565430 0.965820 0.001953 0.001953
2 0.060547 0.987305 0.054688 0.025391
5 0.208008 0.186523 0.416016 0.373047
5 0.678711 0.083984 0.205078 0.167969
5 0.498047 0.685547 0.996094 0.628906
