0 0.868164 0.814453 0.263672 0.371094
0 0.403320 0.823242 0.802734 0.353516
0 0.753906 0.768555 0.003906 0.001953
0 0.580078 0.837891 0.003906 0.003906
0 0.651367 0.839844 0.005859 0.007812
0 0.713867 0.854492 0.005859 0.005859
0 0.674805 0.886719 0.001953 0.003906
0 0.681641 0.886719 0.003906 0.003906
0 0.769531 0.984375 0.007812 0.015625
0 0.763672 0.989258 0.003906 0.005859
0 0.833008 0.991211 0.005859 0.005859
0 0.785156 0.995117 0.007812 0.005859
2 0.496094 0.038086 0.105469 0.076172
2 0.279297 0.108398 0.070312 0.060547
2 0.176758 0.150391 0.068359 0.062500
2 0.273438 0.152344 0.015625 0.023438
2 0.429688 0.182617 0.031250 0.048828
2 0.236328 0.166992 0.003906 0.001953
2 0.473633 0.193359 0.029297 0.039062
2 0.341797 0.221680 0.089844 0.064453
2 0.457031 0.275391 0.125000 0.078125
2 0.349609 0.280273 0.074219 0.060547
2 0.062500 0.311523 0.117188 0.107422
2 0.182617 0.310547 0.068359 0.062500
2 0.496094 0.367188 0.042969 0.050781
2 0.390625 0.397461 0.171875 0.083984
2 0.625000 0.400391 0.066406 0.062500
2 0.213867 0.423828 0.080078 0.078125
2 0.509766 0.427734 0.050781 0.070312
2 0.123047 0.442383 0.082031 0.072266
2 0.047852 0.534180 0.087891 0.064453
2 0.493164 0.563477 0.076172 0.056641
2 0.233398 0.598633 0.126953 0.087891
2 0.088867 0.628906 0.068359 0.078125
2 0.024414 0.651367 0.048828 0.044922
3 0.790039 0.228516 0.419922 0.457031
3 0.818359 0.006836 0.003906 0.001953
3 0.803711 0.014648 0.001953 0.001953
3 0.810547 0.013672 0.003906 0.003906
3 0.651367 0.248047 0.001953 0.003906
3 0.942383 0.334961 0.001953 0.001953
3 0.943359 0.344727 0.003906 0.005859
3 0.936523 0.456055 0.001953 0.001953
3 0.951172 0.456055 0.003906 0.001953
3 0.943359 0.462891 0.003906 0.003906
4 0.220703 0.091797 0.441406 0.183594
4 0.006836 0.212891 0.013672 0.011719
5 0.352539 0.362305 0.705078 0.486328
