0 0.127930 0.056641 0.255859 0.113281
0 0.424805 0.059570 0.302734 0.119141
0 0.666992 0.369141 0.666016 0.738281
0 0.534180 0.047852 0.001953 0.001953
0 0.299805 0.526367 0.599609 0.912109
0 0.252930 0.139648 0.001953 0.001953
0 0.236328 0.143555 0.003906 0.001953
0 0.245117 0.141602 0.001953 0.001953
0 0.139648 0.194336 0.001953 0.001953
0 0.028320 0.567383 0.005859 0.009766
0 0.028320 0.575195 0.001953 0.001953
0 0.836914 0.791016 0.326172 0.417969
0 0.026367 0.605469 0.044922 0.035156
0 0.708008 0.631836 0.017578 0.009766
0 0.612305 0.690430 0.001953 0.001953
0 0.905273 0.717773 0.001953 0.001953
0 0.465820 0.754883 0.001953 0.001953
0 0.426758 0.805664 0.001953 0.001953
0 0.029297 0.816406 0.003906 0.003906
0 0.059570 0.915039 0.119141 0.169922
0 0.447266 0.831055 0.003906 0.001953
0 0.532227 0.915039 0.404297 0.169922
0 0.725586 0.844727 0.001953 0.001953
0 0.741211 0.846680 0.001953 0.001953
0 0.749023 0.844727 0.001953 0.001953
0 0.733398 0.853516 0.005859 0.011719
0 0.288086 0.854492 0.001953 0.001953
0 0.291992 0.863281 0.005859 0.011719
0 0.735352 0.864258 0.001953 0.001953
0 0.363281 0.877930 0.027344 0.017578
0 0.910156 0.870117 0.007812 0.005859
0 0.927734 0.872070 0.011719 0.009766
0 0.900391 0.876953 0.003906 0.003906
0 0.908203 0.876953 0.003906 0.003906
0 0.916016 0.876953 0.003906 0.003906
0 0.715820 0.887695 0.001953 0.005859
0 0.893555 0.885742 0.001953 0.001953
0 0.353516 0.889648 0.003906 0.001953
0 0.876953 0.891602 0.003906 0.001953
0 0.129883 0.904297 0.001953 0.007812
0 0.394531 0.911133 0.007812 0.005859
0 0.076172 0.932617 0.003906 0.001953
0 0.833984 0.939453 0.011719 0.003906
0 0.319336 0.957031 0.013672 0.007812
0 0.801758 0.962891 0.005859 0.003906
0 0.298828 0.971680 0.003906 0.001953
0 0.301758 0.987305 0.013672 0.025391
0 0.166992 0.980469 0.005859 0.003906
0 0.127930 0.998047 0.005859 0.003906
0 0.153320 0.999023 0.001953 0.001953
1 0.806641 0.276367 0.109375 0.083984
2 0.536133 0.053711 0.037109 0.017578
2 0.147461 0.133789 0.064453 0.068359
2 0.247070 0.145508 0.083984 0.091797
2 0.569336 0.132812 0.056641 0.062500
2 0.140625 0.197266 0.085938 0.078125
2 0.594727 0.195312 0.056641 0.046875
2 0.414062 0.244141 0.078125 0.042969
2 0.490234 0.246094 0.046875 0.035156
2 0.420898 0.289062 0.072266 0.058594
2 0.279297 0.321289 0.070312 0.048828
2 0.559570 0.354492 0.041016 0.037109
2 0.621094 0.518555 0.128906 0.076172
2 0.619141 0.537109 0.003906 0.003906
2 0.012695 0.572266 0.025391 0.031250
2 0.719727 0.617188 0.068359 0.074219
2 0.021484 0.617188 0.039062 0.039062
2 0.627930 0.654297 0.076172 0.066406
2 0.936523 0.659180 0.064453 0.076172
2 0.859375 0.668945 0.031250 0.029297
2 0.333984 0.700195 0.054688 0.068359
2 0.899414 0.722656 0.080078 0.085938
2 0.833008 0.719727 0.060547 0.068359
2 0.762695 0.750000 0.052734 0.070312
2 0.678711 0.777344 0.064453 0.058594
2 0.230469 0.787109 0.058594 0.070312
2 0.955078 0.813477 0.089844 0.095703
2 0.397461 0.799805 0.060547 0.056641
2 0.601562 0.847656 0.113281 0.109375
2 0.737305 0.856445 0.083984 0.119141
2 0.302734 0.854492 0.140625 0.095703
2 0.061523 0.869141 0.076172 0.113281
2 0.792969 0.847656 0.031250 0.035156
2 0.686523 0.840820 0.001953 0.001953
2 0.820312 0.927734 0.148438 0.097656
2 0.146484 0.934570 0.082031 0.083984
2 0.638672 0.928711 0.093750 0.048828
2 0.397461 0.945312 0.056641 0.066406
2 0.330078 0.979492 0.062500 0.041016
2 0.700195 0.977539 0.044922 0.033203
4 0.960938 0.057617 0.078125 0.115234
5 0.500000 0.500000 1.000000 1.000000
