0 0.411133 0.276367 0.009766 0.009766
0 0.377930 0.284180 0.033203 0.005859
0 0.400391 0.284180 0.007812 0.005859
0 0.426758 0.284180 0.001953 0.001953
0 0.431641 0.432617 0.863281 0.291016
0 0.425781 0.291016 0.003906 0.003906
0 0.330078 0.317383 0.003906 0.005859
0 0.318359 0.317383 0.003906 0.001953
0 0.320312 0.334961 0.011719 0.013672
0 0.957031 0.442383 0.085938 0.212891
0 0.329102 0.340820 0.001953 0.001953
0 0.584961 0.362305 0.009766 0.001953
0 0.044922 0.808594 0.089844 0.382812
1 0.878906 0.625000 0.242188 0.750000
2 0.487305 0.025391 0.185547 0.050781
2 0.749023 0.089844 0.091797 0.125000
2 0.562500 0.275391 0.050781 0.050781
2 0.659180 0.340820 0.095703 0.115234
2 0.764648 0.336914 0.107422 0.091797
2 0.051758 0.416016 0.103516 0.167969
2 0.476562 0.405273 0.066406 0.060547
2 0.884766 0.764648 0.191406 0.470703
2 0.999023 0.635742 0.001953 0.001953
2 0.998047 0.667969 0.003906 0.054688
2 0.999023 0.698242 0.001953 0.001953
2 0.999023 0.702148 0.001953 0.001953
2 0.999023 0.706055 0.001953 0.001953
2 0.979492 0.815430 0.041016 0.212891
4 0.415039 0.742188 0.826172 0.515625
5 0.500000 0.571289 1.000000 0.857422
5 0.961914 0.770508 0.076172 0.458984
