1 0.976562 0.499023 0.046875 0.361328
1 0.503906 0.663086 0.789062 0.673828
1 0.847656 0.537109 0.007812 0.003906
2 0.695312 0.068359 0.066406 0.074219
2 0.620117 0.070312 0.052734 0.050781
2 0.501953 0.091797 0.066406 0.089844
2 0.895508 0.095703 0.052734 0.058594
2 0.363281 0.115234 0.074219 0.082031
2 0.162109 0.139648 0.074219 0.080078
2 0.822266 0.146484 0.054688 0.054688
2 0.081055 0.165039 0.037109 0.080078
2 0.713867 0.158203 0.048828 0.046875
2 0.030273 0.177734 0.041016 0.058594
2 0.824219 0.205078 0.152344 0.062500
2 0.619141 0.189453 0.058594 0.027344
2 0.242188 0.204102 0.039062 0.033203
2 0.339844 0.258789 0.070312 0.099609
2 0.459961 0.245117 0.033203 0.056641
2 0.279297 0.289062 0.066406 0.074219
2 0.137695 0.338867 0.115234 0.126953
2 0.083984 0.480469 0.167969 0.117188
2 0.075195 0.574219 0.068359 0.046875
2 0.028320 0.668945 0.056641 0.056641
5 0.512695 0.619141 0.974609 0.761719
