0 0.293945 0.036133 0.169922 0.072266
0 0.666016 0.056641 0.050781 0.074219
0 0.145508 0.060547 0.087891 0.070312
0 0.786133 0.058594 0.005859 0.003906
0 0.820312 0.293945 0.359375 0.337891
0 0.103516 0.328125 0.078125 0.054688
0 0.219727 0.499023 0.048828 0.041016
0 0.967773 0.805664 0.064453 0.037109
0 0.953125 0.869141 0.066406 0.066406
0 0.950195 0.985352 0.099609 0.029297
2 0.102539 0.041992 0.205078 0.083984
2 0.626953 0.252930 0.050781 0.068359
2 0.977539 0.677734 0.044922 0.066406
2 0.966797 0.755859 0.066406 0.066406
2 0.977539 0.935547 0.044922 0.042969
2 0.135742 0.967773 0.228516 0.064453
2 0.243164 0.966797 0.001953 0.003906
4 0.734375 0.077148 0.058594 0.107422
4 0.976562 0.517578 0.046875 0.074219
5 0.411133 0.158203 0.568359 0.316406
5 0.831055 0.125000 0.068359 0.039062
5 0.034180 0.320312 0.068359 0.031250
5 0.931641 0.495117 0.105469 0.173828
5 0.749023 0.757812 0.341797 0.484375
6 0.537109 0.086914 0.265625 0.173828
6 0.218750 0.164062 0.437500 0.285156
6 0.924805 0.148438 0.150391 0.195312
6 0.334961 0.060547 0.005859 0.003906
6 0.428711 0.102539 0.001953 0.001953
6 0.263672 0.115234 0.003906 0.003906
6 0.052734 0.155273 0.003906 0.001953
6 0.591797 0.159180 0.007812 0.005859
6 0.577148 0.161133 0.001953 0.001953
6 0.450195 0.174805 0.001953 0.001953
6 0.553711 0.192383 0.005859 0.001953
6 0.495117 0.207031 0.009766 0.003906
6 0.509766 0.204102 0.007812 0.001953
6 0.480469 0.209961 0.007812 0.005859
6 0.448242 0.614258 0.896484 0.771484
6 0.568359 0.231445 0.003906 0.005859
6 0.573242 0.248047 0.013672 0.011719
6 0.583984 0.248047 0.003906 0.003906
6 0.972656 0.254883 0.023438 0.013672
6 0.324219 0.250977 0.003906 0.001953
6 0.521484 0.268555 0.003906 0.005859
6 0.380859 0.284180 0.003906 0.005859
6 0.397461 0.284180 0.001953 0.001953
6 0.044922 0.300781 0.003906 0.003906
6 0.418945 0.299805 0.001953 0.001953
6 0.434570 0.299805 0.001953 0.001953
6 0.230469 0.310547 0.003906 0.003906
6 0.637695 0.357422 0.001953 0.003906
6 0.029297 0.365234 0.003906 0.003906
6 0.776367 0.766602 0.337891 0.466797
6 0.824219 0.974609 0.003906 0.003906
6 0.198242 0.977539 0.001953 0.001953
6 0.855469 0.990234 0.007812 0.011719
6 0.866211 0.993164 0.005859 0.001953
