0 0.945312 0.004883 0.011719 0.009766
0 0.672852 0.193359 0.501953 0.359375
0 0.309570 0.246094 0.001953 0.003906
0 0.324219 0.299805 0.003906 0.005859
0 0.323242 0.316406 0.009766 0.011719
0 0.325195 0.330078 0.001953 0.003906
0 0.326172 0.346680 0.003906 0.001953
0 0.973633 0.418945 0.033203 0.029297
0 0.270508 0.546875 0.115234 0.164062
0 0.140625 0.521484 0.093750 0.082031
0 0.194336 0.499023 0.001953 0.001953
0 0.209961 0.497070 0.001953 0.001953
0 0.716797 0.515625 0.042969 0.031250
0 0.977539 0.516602 0.044922 0.033203
0 0.179688 0.524414 0.007812 0.005859
0 0.746094 0.649414 0.093750 0.205078
0 0.984375 0.583008 0.031250 0.044922
0 0.983398 0.646484 0.033203 0.042969
0 0.114258 0.721680 0.029297 0.068359
0 0.977539 0.788086 0.044922 0.083984
0 0.901367 0.823242 0.068359 0.134766
0 0.221680 0.871094 0.216797 0.144531
0 0.780273 0.854492 0.083984 0.095703
0 0.681641 0.895508 0.066406 0.060547
0 0.448242 0.934570 0.115234 0.130859
0 0.762695 0.896484 0.009766 0.019531
0 0.673828 0.975586 0.062500 0.041016
2 0.066406 0.084961 0.062500 0.134766
2 0.244141 0.134766 0.066406 0.175781
2 0.604492 0.081055 0.083984 0.056641
2 0.090820 0.298828 0.083984 0.226562
2 0.680664 0.276367 0.150391 0.126953
2 0.268555 0.337891 0.044922 0.039062
2 0.216797 0.528320 0.093750 0.060547
2 0.168945 0.609375 0.087891 0.062500
2 0.527344 0.697266 0.316406 0.183594
2 0.668945 0.612305 0.001953 0.001953
2 0.233398 0.729492 0.212891 0.185547
4 0.934570 0.141602 0.130859 0.283203
5 0.500000 0.500000 1.000000 1.000000
