0 0.883789 0.083984 0.091797 0.167969
0 0.964844 0.108398 0.070312 0.103516
0 0.636719 0.125000 0.128906 0.125000
0 0.067383 0.522461 0.134766 0.154297
0 0.620117 0.595703 0.060547 0.078125
0 0.062500 0.894531 0.125000 0.210938
0 0.167969 0.935547 0.078125 0.070312
2 0.273438 0.026367 0.128906 0.052734
2 0.388672 0.041992 0.070312 0.083984
2 0.527344 0.058594 0.132812 0.113281
2 0.663086 0.029297 0.115234 0.058594
2 0.720703 0.107422 0.082031 0.121094
2 0.118164 0.131836 0.236328 0.158203
2 0.058594 0.209961 0.117188 0.123047
2 0.969727 0.229492 0.060547 0.138672
2 0.826172 0.222656 0.062500 0.089844
2 0.320312 0.356445 0.140625 0.302734
2 0.596680 0.358398 0.115234 0.166016
2 0.067383 0.369141 0.134766 0.152344
2 0.968750 0.322266 0.062500 0.046875
2 0.477539 0.373047 0.115234 0.144531
2 0.134766 0.323242 0.003906 0.001953
2 0.133789 0.331055 0.001953 0.001953
2 0.677734 0.458984 0.203125 0.238281
2 0.807617 0.436523 0.076172 0.103516
2 0.081055 0.430664 0.001953 0.001953
2 0.459961 0.486328 0.060547 0.042969
2 0.897461 0.593750 0.115234 0.234375
2 0.950195 0.619141 0.099609 0.234375
2 0.555664 0.579102 0.107422 0.087891
2 0.245117 0.668945 0.107422 0.138672
2 0.446289 0.660156 0.072266 0.074219
2 0.765625 0.844727 0.371094 0.310547
2 0.474609 0.781250 0.175781 0.089844
2 0.366211 0.830078 0.056641 0.050781
2 0.185547 0.878906 0.027344 0.062500
2 0.416016 0.913086 0.242188 0.099609
2 0.141602 0.970703 0.056641 0.058594
2 0.284180 0.985352 0.048828 0.029297
5 0.510742 0.500000 0.978516 1.000000
