0 0.790039 0.511719 0.107422 0.097656
1 0.406250 0.201172 0.113281 0.148438
2 0.938477 0.225586 0.048828 0.064453
2 0.056641 0.372070 0.113281 0.056641
2 0.908203 0.448242 0.105469 0.126953
2 0.423828 0.503906 0.207031 0.222656
2 0.541992 0.460938 0.048828 0.097656
2 0.152344 0.521484 0.273438 0.105469
2 0.228516 0.626953 0.148438 0.093750
2 0.106445 0.657227 0.087891 0.080078
2 0.667969 0.670898 0.136719 0.080078
2 0.050781 0.789062 0.101562 0.277344
2 0.256836 0.842773 0.181641 0.083984
2 0.328125 0.887695 0.089844 0.041016
2 0.828125 0.934570 0.316406 0.130859
2 0.224609 0.916016 0.078125 0.042969
3 0.472656 0.203125 0.945312 0.406250
3 0.999023 0.005859 0.001953 0.003906
3 0.998047 0.013672 0.003906 0.003906
3 0.029297 0.318359 0.003906 0.003906
3 0.048828 0.317383 0.003906 0.001953
3 0.083008 0.318359 0.005859 0.003906
3 0.024414 0.325195 0.013672 0.001953
3 0.053711 0.327148 0.001953 0.001953
3 0.103516 0.339844 0.003906 0.003906
