0 0.249023 0.226562 0.498047 0.453125
0 0.235352 0.005859 0.001953 0.003906
0 0.386719 0.043945 0.003906 0.001953
0 0.400391 0.067383 0.003906 0.005859
0 0.253906 0.446289 0.074219 0.076172
0 0.069336 0.434570 0.001953 0.001953
0 0.066406 0.461914 0.003906 0.009766
0 0.053711 0.479492 0.005859 0.005859
0 0.051758 0.491211 0.001953 0.001953
0 0.054688 0.497070 0.015625 0.005859
0 0.036133 0.512695 0.001953 0.001953
0 0.051758 0.513672 0.005859 0.003906
0 0.063477 0.513672 0.005859 0.003906
0 0.046875 0.532227 0.023438 0.021484
0 0.066406 0.528320 0.003906 0.001953
0 0.224609 0.555664 0.070312 0.052734
0 0.097656 0.542969 0.003906 0.003906
0 0.082031 0.547852 0.007812 0.005859
0 0.178711 0.791992 0.240234 0.373047
0 0.719727 0.966797 0.095703 0.066406
0 0.977539 0.973633 0.044922 0.052734
1 0.495117 0.850586 0.283203 0.060547
2 0.885742 0.016602 0.150391 0.033203
2 0.611328 0.135742 0.234375 0.107422
2 0.863281 0.154297 0.152344 0.070312
2 0.573242 0.274414 0.205078 0.064453
2 0.843750 0.294922 0.164062 0.093750
2 0.308594 0.362305 0.203125 0.064453
2 0.563477 0.436523 0.232422 0.107422
2 0.816406 0.467773 0.156250 0.083984
2 0.541016 0.570312 0.234375 0.125000
2 0.788086 0.588867 0.146484 0.080078
2 0.817383 0.838867 0.111328 0.056641
5 0.726562 0.062500 0.546875 0.117188
5 0.500000 0.655273 1.000000 0.689453
