0 0.925781 0.112305 0.148438 0.224609
0 0.559570 0.832031 0.412109 0.335938
0 0.108398 0.754883 0.216797 0.166016
0 0.644531 0.676758 0.007812 0.005859
0 0.627930 0.676758 0.001953 0.001953
0 0.197266 0.694336 0.023438 0.017578
0 0.316406 0.959961 0.449219 0.080078
2 0.630859 0.010742 0.097656 0.021484
2 0.235352 0.092773 0.095703 0.123047
2 0.703125 0.117188 0.285156 0.097656
2 0.454102 0.138672 0.162109 0.070312
2 0.627930 0.138672 0.060547 0.035156
2 0.611328 0.184570 0.054688 0.056641
2 0.188477 0.237305 0.158203 0.130859
2 0.750977 0.221680 0.087891 0.091797
2 0.492188 0.199219 0.062500 0.039062
2 0.660156 0.264648 0.093750 0.052734
2 0.286133 0.283203 0.029297 0.058594
2 0.558594 0.369141 0.035156 0.027344
2 0.171875 0.424805 0.085938 0.095703
2 0.029297 0.411133 0.058594 0.056641
2 0.261719 0.467773 0.078125 0.091797
2 0.396484 0.505859 0.125000 0.109375
2 0.128906 0.536133 0.039062 0.044922
2 0.534180 0.569336 0.111328 0.076172
2 0.044922 0.579102 0.074219 0.068359
2 0.600586 0.546875 0.005859 0.007812
2 0.625000 0.595703 0.097656 0.082031
2 0.245117 0.600586 0.033203 0.048828
2 0.203125 0.597656 0.035156 0.035156
2 0.300781 0.609375 0.050781 0.062500
2 0.322266 0.798828 0.042969 0.070312
2 0.097656 0.817383 0.195312 0.103516
3 0.093750 0.121094 0.187500 0.242188
4 0.815430 0.618164 0.369141 0.763672
4 0.996094 0.963867 0.007812 0.005859
4 0.980469 0.980469 0.007812 0.011719
4 0.978516 0.996094 0.007812 0.007812
5 0.128906 0.166016 0.257812 0.332031
5 0.758789 0.500000 0.482422 1.000000
5 0.292969 0.553711 0.585938 0.232422
5 0.302734 0.932617 0.605469 0.134766
