0 0.535156 0.022461 0.062500 0.044922
0 0.965820 0.126953 0.068359 0.136719
0 0.673828 0.097656 0.078125 0.062500
0 0.197266 0.247070 0.167969 0.322266
0 0.743164 0.193359 0.087891 0.187500
0 0.547852 0.139648 0.056641 0.056641
0 0.654297 0.203125 0.085938 0.140625
0 0.328125 0.183594 0.042969 0.062500
0 0.414062 0.237305 0.089844 0.087891
0 0.547852 0.227539 0.056641 0.056641
0 0.450195 0.229492 0.029297 0.041016
0 0.407227 0.331055 0.029297 0.029297
0 0.607422 0.388672 0.031250 0.062500
0 0.186523 0.450195 0.142578 0.115234
0 0.471680 0.434570 0.107422 0.056641
0 0.330078 0.527344 0.117188 0.152344
0 0.133789 0.541992 0.072266 0.068359
0 0.449219 0.625000 0.089844 0.203125
0 0.179688 0.647461 0.078125 0.126953
0 0.354492 0.754883 0.087891 0.095703
0 0.193359 0.778320 0.078125 0.107422
0 0.467773 0.790039 0.044922 0.044922
2 0.163086 0.020508 0.037109 0.041016
2 0.293945 0.050781 0.095703 0.101562
2 0.384766 0.024414 0.058594 0.048828
2 0.692383 0.026367 0.052734 0.052734
2 0.751953 0.053711 0.058594 0.107422
2 0.976562 0.033203 0.046875 0.066406
2 0.485352 0.023438 0.044922 0.039062
2 0.921875 0.073242 0.058594 0.083984
2 0.596680 0.051758 0.029297 0.033203
2 0.390625 0.078125 0.031250 0.054688
2 0.588867 0.107422 0.033203 0.046875
2 0.689453 0.135742 0.058594 0.068359
2 0.569336 0.119141 0.001953 0.003906
2 0.425781 0.143555 0.070312 0.044922
2 0.485352 0.167969 0.044922 0.035156
2 0.313477 0.241211 0.052734 0.056641
2 0.608398 0.239258 0.033203 0.048828
2 0.307617 0.312500 0.091797 0.066406
2 0.587891 0.312500 0.023438 0.027344
2 0.427734 0.411133 0.125000 0.115234
2 0.552734 0.377930 0.046875 0.033203
2 0.361328 0.647461 0.097656 0.103516
2 0.849609 0.691406 0.097656 0.070312
2 0.411133 0.820312 0.072266 0.031250
2 0.663086 0.830078 0.021484 0.027344
3 0.768555 0.349609 0.162109 0.144531
3 0.894531 0.346680 0.128906 0.130859
3 0.651367 0.353516 0.056641 0.125000
3 0.772461 0.560547 0.259766 0.234375
3 0.922852 0.576172 0.154297 0.199219
3 0.883789 0.795898 0.232422 0.099609
4 0.575195 0.658203 0.181641 0.425781
4 0.188477 0.564453 0.033203 0.050781
4 0.145508 0.797852 0.017578 0.017578
5 0.558594 0.463867 0.882812 0.802734
5 0.287109 0.582031 0.097656 0.558594
