0 0.301758 0.481445 0.099609 0.150391
2 0.083008 0.016602 0.048828 0.033203
2 0.909180 0.119141 0.181641 0.128906
2 0.503906 0.155273 0.097656 0.166016
2 0.577148 0.125977 0.072266 0.111328
2 0.414062 0.115234 0.066406 0.062500
2 0.308594 0.118164 0.042969 0.060547
2 0.352539 0.126953 0.037109 0.082031
2 0.230469 0.123047 0.039062 0.050781
2 0.102539 0.147461 0.126953 0.091797
2 0.667969 0.166992 0.003906 0.005859
2 0.647461 0.211914 0.056641 0.068359
2 0.097656 0.247070 0.113281 0.134766
2 0.401367 0.244141 0.056641 0.050781
2 0.321289 0.250977 0.095703 0.052734
2 0.468750 0.225586 0.003906 0.005859
2 0.468750 0.231445 0.003906 0.001953
2 0.172852 0.283203 0.056641 0.074219
2 0.516602 0.281250 0.044922 0.046875
2 0.339844 0.311523 0.050781 0.068359
2 0.406250 0.318359 0.070312 0.074219
2 0.842773 0.301758 0.056641 0.041016
2 0.984375 0.319336 0.031250 0.048828
2 0.122070 0.341797 0.037109 0.050781
2 0.934570 0.338867 0.052734 0.044922
2 0.483398 0.344727 0.080078 0.048828
2 0.779297 0.374023 0.070312 0.091797
2 0.934570 0.395508 0.130859 0.068359
2 0.096680 0.437500 0.056641 0.046875
2 0.383789 0.462891 0.068359 0.093750
2 0.624023 0.500977 0.103516 0.126953
2 0.451172 0.532227 0.062500 0.087891
2 0.876953 0.542969 0.089844 0.066406
2 0.566406 0.563477 0.078125 0.068359
2 0.344727 0.606445 0.091797 0.095703
2 0.827148 0.605469 0.044922 0.070312
2 0.935547 0.641602 0.128906 0.103516
2 0.550781 0.649414 0.070312 0.087891
2 0.107422 0.645508 0.074219 0.052734
2 0.768555 0.654297 0.072266 0.035156
2 0.649414 0.749023 0.087891 0.169922
2 0.166992 0.790039 0.220703 0.138672
2 0.852539 0.787109 0.013672 0.003906
2 0.507812 0.852539 0.117188 0.107422
2 0.851562 0.858398 0.210938 0.115234
2 0.930664 0.803711 0.009766 0.001953
2 0.457031 0.814453 0.003906 0.003906
2 0.766602 0.818359 0.013672 0.011719
2 0.753906 0.824219 0.003906 0.003906
2 0.968750 0.848633 0.003906 0.005859
2 0.966797 0.868164 0.003906 0.001953
2 0.122070 0.945312 0.224609 0.109375
2 0.028320 0.950195 0.001953 0.001953
2 0.385742 0.976562 0.087891 0.046875
2 0.268555 0.979492 0.013672 0.029297
2 0.298828 0.988281 0.003906 0.007812
2 0.270508 0.998047 0.005859 0.003906
5 0.500000 0.499023 1.000000 0.998047
