0 0.268555 0.113281 0.146484 0.226562
0 0.454102 0.268555 0.056641 0.060547
0 0.499023 0.520508 0.083984 0.400391
0 0.828125 0.394531 0.222656 0.117188
0 0.039062 0.401367 0.050781 0.052734
0 0.309570 0.417969 0.068359 0.074219
0 0.150391 0.537109 0.070312 0.058594
0 0.400391 0.783203 0.460938 0.105469
0 0.625977 0.966797 0.123047 0.066406
0 0.690430 0.943359 0.005859 0.003906
1 0.120117 0.501953 0.240234 0.410156
2 0.605469 0.022461 0.175781 0.044922
2 0.804688 0.031250 0.070312 0.062500
2 0.086914 0.086914 0.173828 0.162109
2 0.002930 0.011719 0.005859 0.003906
2 0.343750 0.080078 0.097656 0.140625
2 0.314453 0.183594 0.089844 0.070312
2 0.853516 0.194336 0.066406 0.048828
2 0.791016 0.198242 0.035156 0.052734
2 0.587891 0.218750 0.250000 0.082031
2 0.620117 0.321289 0.189453 0.056641
2 0.982422 0.574219 0.035156 0.035156
2 0.919922 0.587891 0.046875 0.039062
2 0.958008 0.590820 0.001953 0.001953
2 0.893555 0.648438 0.056641 0.035156
2 0.817383 0.662109 0.056641 0.050781
2 0.662109 0.730469 0.042969 0.085938
2 0.816406 0.725586 0.054688 0.048828
2 0.685547 0.715820 0.003906 0.001953
2 0.730469 0.748047 0.046875 0.058594
2 0.910156 0.777344 0.062500 0.078125
2 0.814453 0.799805 0.093750 0.087891
2 0.197266 0.781250 0.085938 0.046875
2 0.292969 0.790039 0.093750 0.044922
2 0.217773 0.850586 0.099609 0.083984
2 0.662109 0.866211 0.074219 0.072266
2 0.416016 0.885742 0.226562 0.083984
2 0.935547 0.885742 0.089844 0.080078
2 0.805664 0.932617 0.146484 0.115234
2 0.251953 0.935547 0.058594 0.042969
4 0.929688 0.321289 0.101562 0.083984
4 0.969727 0.401367 0.060547 0.083984
5 0.766602 0.793945 0.466797 0.412109
5 0.372070 0.908203 0.205078 0.183594
6 0.557617 0.119141 0.283203 0.187500
6 0.528320 0.030273 0.001953 0.001953
6 0.370117 0.311523 0.005859 0.001953
6 0.376953 0.311523 0.003906 0.001953
6 0.308594 0.527344 0.414062 0.437500
6 0.202148 0.624023 0.001953 0.001953
6 0.279297 0.630859 0.003906 0.003906
6 0.089844 0.864258 0.179688 0.271484
