0 0.217773 0.791992 0.435547 0.416016
0 0.823242 0.896484 0.001953 0.003906
0 0.355469 0.933594 0.003906 0.003906
0 0.378906 0.950195 0.007812 0.013672
0 0.401367 0.949219 0.005859 0.007812
0 0.394531 0.955078 0.007812 0.003906
0 0.487305 0.958008 0.009766 0.009766
0 0.856445 0.958984 0.056641 0.011719
0 0.402344 0.963867 0.007812 0.009766
0 0.316406 0.963867 0.003906 0.001953
0 0.378906 0.964844 0.007812 0.007812
0 0.518555 0.965820 0.025391 0.005859
0 0.820312 0.962891 0.011719 0.003906
0 0.329102 0.982422 0.029297 0.035156
0 0.339844 0.973633 0.007812 0.005859
0 0.353516 0.971680 0.003906 0.001953
0 0.439453 0.970703 0.003906 0.003906
0 0.491211 0.976562 0.013672 0.011719
0 0.831055 0.971680 0.001953 0.001953
0 0.856445 0.984375 0.091797 0.031250
0 0.353516 0.980469 0.011719 0.011719
0 0.430664 0.978516 0.001953 0.003906
0 0.475586 0.977539 0.001953 0.001953
0 0.394531 0.991211 0.011719 0.017578
0 0.419922 0.990234 0.027344 0.015625
0 0.288086 0.992188 0.017578 0.015625
0 0.305664 0.990234 0.009766 0.011719
0 0.522461 0.992188 0.029297 0.015625
0 0.231445 0.989258 0.001953 0.001953
0 0.372070 0.989258 0.001953 0.001953
0 0.384766 0.994141 0.003906 0.003906
0 0.509766 0.993164 0.003906 0.001953
2 0.025391 0.078125 0.050781 0.156250
2 0.187500 0.085938 0.066406 0.171875
2 0.971680 0.042969 0.052734 0.066406
2 0.118164 0.074219 0.056641 0.105469
2 0.255859 0.083984 0.058594 0.121094
2 0.456055 0.169922 0.166016 0.171875
2 0.158203 0.337891 0.316406 0.355469
2 0.756836 0.209961 0.076172 0.091797
2 0.933594 0.306641 0.132812 0.183594
2 0.749023 0.289062 0.060547 0.050781
2 0.443359 0.358398 0.175781 0.107422
2 0.735352 0.457031 0.142578 0.257812
2 0.569336 0.392578 0.107422 0.097656
2 0.822266 0.422852 0.066406 0.091797
2 0.877930 0.458008 0.076172 0.123047
2 0.146484 0.567383 0.132812 0.091797
2 0.359375 0.574219 0.066406 0.093750
2 0.826172 0.575195 0.042969 0.060547
2 0.983398 0.591797 0.033203 0.066406
2 0.595703 0.640625 0.117188 0.046875
2 0.797852 0.674805 0.142578 0.068359
2 0.603516 0.702148 0.121094 0.048828
2 0.931641 0.718750 0.054688 0.050781
2 0.981445 0.723633 0.037109 0.044922
2 0.459961 0.732422 0.056641 0.046875
2 0.798828 0.750977 0.140625 0.064453
2 0.604492 0.772461 0.115234 0.048828
2 0.442383 0.798828 0.056641 0.046875
2 0.948242 0.804688 0.072266 0.042969
2 0.823242 0.822266 0.052734 0.046875
2 0.769531 0.846680 0.050781 0.087891
2 0.586914 0.833008 0.056641 0.048828
2 0.654297 0.875977 0.054688 0.103516
2 0.463867 0.866211 0.091797 0.064453
2 0.845703 0.874023 0.085938 0.060547
2 0.947266 0.867188 0.070312 0.046875
2 0.592773 0.905273 0.060547 0.083984
2 0.741211 0.883789 0.001953 0.001953
2 0.463867 0.935547 0.056641 0.066406
2 0.964844 0.954102 0.070312 0.091797
2 0.811523 0.945312 0.150391 0.062500
2 0.355469 0.959961 0.082031 0.080078
2 0.629883 0.974609 0.119141 0.050781
2 0.839844 0.963867 0.007812 0.001953
2 0.856445 0.963867 0.001953 0.001953
2 0.337891 0.999023 0.003906 0.001953
5 0.345703 0.239258 0.070312 0.478516
5 0.775391 0.095703 0.449219 0.191406
5 0.745117 0.777344 0.509766 0.445312
