0 0.298828 0.228516 0.281250 0.347656
0 0.087891 0.267578 0.175781 0.273438
0 0.492188 0.214844 0.046875 0.039062
0 0.500000 0.571289 1.000000 0.435547
0 0.137695 0.749023 0.068359 0.169922
0 0.692383 0.865234 0.615234 0.269531
0 0.112305 0.870117 0.068359 0.048828
2 0.069336 0.574219 0.138672 0.113281
2 0.393555 0.622070 0.166016 0.115234
2 0.606445 0.653320 0.158203 0.119141
2 0.802734 0.684570 0.156250 0.111328
2 0.055664 0.719727 0.111328 0.107422
2 0.365234 0.767578 0.152344 0.117188
2 0.576172 0.788086 0.175781 0.107422
2 0.045898 0.886719 0.091797 0.085938
2 0.337891 0.916016 0.156250 0.082031
2 0.552734 0.945312 0.156250 0.085938
4 0.500000 0.210938 1.000000 0.421875
4 0.000977 0.161133 0.001953 0.001953
4 0.399414 0.286133 0.001953 0.001953
4 0.000977 0.310547 0.001953 0.003906
4 0.000977 0.331055 0.001953 0.001953
4 0.127930 0.342773 0.001953 0.001953
4 0.346680 0.397461 0.091797 0.021484
