0 0.843750 0.131836 0.312500 0.263672
0 0.706055 0.005859 0.005859 0.003906
0 0.790039 0.253906 0.064453 0.039062
0 0.853516 0.322266 0.097656 0.128906
0 0.933594 0.565430 0.132812 0.291016
0 0.148438 0.801758 0.296875 0.369141
0 0.058594 0.938477 0.117188 0.123047
2 0.652344 0.088867 0.164062 0.177734
2 0.760742 0.016602 0.056641 0.033203
2 0.322266 0.113281 0.113281 0.093750
2 0.931641 0.115234 0.074219 0.070312
2 0.411133 0.148438 0.048828 0.050781
2 0.458008 0.183594 0.072266 0.050781
2 0.377930 0.232422 0.103516 0.082031
2 0.501953 0.236328 0.054688 0.058594
2 0.583008 0.239258 0.064453 0.064453
2 0.615234 0.327148 0.058594 0.068359
2 0.953125 0.376953 0.074219 0.101562
2 0.413086 0.384766 0.064453 0.078125
2 0.720703 0.381836 0.027344 0.041016
2 0.261719 0.391602 0.027344 0.025391
2 0.127930 0.448242 0.189453 0.091797
2 0.178711 0.477539 0.208984 0.138672
2 0.890625 0.428711 0.050781 0.044922
2 0.304688 0.496094 0.046875 0.042969
2 0.828125 0.557617 0.074219 0.138672
2 0.612305 0.535156 0.064453 0.085938
2 0.688477 0.543945 0.076172 0.068359
2 0.228516 0.549805 0.046875 0.033203
2 0.480469 0.592773 0.078125 0.056641
2 0.599609 0.576172 0.003906 0.003906
2 0.615234 0.576172 0.003906 0.003906
2 0.707031 0.609375 0.058594 0.058594
2 0.311523 0.647461 0.048828 0.060547
2 0.375977 0.656250 0.025391 0.031250
2 0.844727 0.710938 0.138672 0.078125
2 0.335938 0.761719 0.070312 0.097656
2 0.567383 0.766602 0.068359 0.076172
2 0.671875 0.756836 0.039062 0.060547
2 0.949219 0.753906 0.078125 0.054688
2 0.872070 0.781250 0.083984 0.101562
2 0.617188 0.768555 0.027344 0.044922
2 0.735352 0.801758 0.166016 0.087891
2 0.404297 0.805664 0.054688 0.068359
2 0.070312 0.827148 0.140625 0.064453
2 0.606445 0.833008 0.080078 0.060547
2 0.506836 0.848633 0.115234 0.083984
2 0.261719 0.891602 0.058594 0.083984
2 0.383789 0.872070 0.083984 0.048828
2 0.317383 0.879883 0.044922 0.033203
2 0.958984 0.901367 0.058594 0.064453
2 0.870117 0.915039 0.056641 0.064453
2 0.768555 0.930664 0.146484 0.087891
2 0.439453 0.947266 0.128906 0.085938
2 0.645508 0.948242 0.103516 0.087891
2 0.047852 0.922852 0.029297 0.033203
2 0.329102 0.944336 0.056641 0.076172
2 0.019531 0.927734 0.003906 0.003906
2 0.260742 0.960938 0.048828 0.050781
5 0.218750 0.334961 0.437500 0.669922
5 0.718750 0.583984 0.382812 0.253906
5 0.780273 0.907227 0.439453 0.185547
5 0.416992 0.937500 0.134766 0.125000
5 0.853516 0.975586 0.292969 0.048828
6 0.183594 0.271484 0.281250 0.230469
6 0.037109 0.245117 0.003906 0.005859
6 0.098633 0.383789 0.005859 0.009766
