0 0.335938 0.164062 0.140625 0.160156
0 0.272461 0.289062 0.166016 0.109375
0 0.093750 0.306641 0.128906 0.078125
0 0.255859 0.340820 0.003906 0.001953
0 0.303711 0.420898 0.185547 0.150391
0 0.295898 0.401367 0.001953 0.001953
0 0.319336 0.504883 0.001953 0.005859
0 0.394531 0.745117 0.148438 0.158203
0 0.353516 0.763672 0.003906 0.003906
0 0.350586 0.778320 0.005859 0.009766
0 0.361328 0.778320 0.003906 0.001953
0 0.346680 0.786133 0.001953 0.001953
0 0.373047 0.787109 0.003906 0.003906
0 0.426758 0.813477 0.001953 0.001953
0 0.348633 0.821289 0.025391 0.005859
1 0.677734 0.500000 0.632812 1.000000
1 0.086914 0.674805 0.173828 0.138672
1 0.287109 0.904297 0.574219 0.191406
1 0.918945 0.865234 0.001953 0.003906
1 0.916992 0.883789 0.005859 0.009766
1 0.917969 0.958984 0.007812 0.007812
1 0.933594 0.973633 0.007812 0.005859
1 0.950195 0.981445 0.001953 0.001953
2 0.943359 0.063477 0.082031 0.080078
2 0.958984 0.116211 0.011719 0.001953
2 0.970703 0.116211 0.003906 0.001953
2 0.952148 0.184570 0.095703 0.126953
2 0.269531 0.478516 0.097656 0.062500
5 0.406250 0.353516 0.156250 0.707031
5 0.889648 0.290039 0.220703 0.580078
5 0.186523 0.625000 0.373047 0.109375
