0 0.329102 0.067383 0.095703 0.134766
0 0.672852 0.082031 0.142578 0.164062
0 0.971680 0.089844 0.056641 0.117188
0 0.276367 0.223633 0.119141 0.115234
0 0.435547 0.236328 0.097656 0.085938
0 0.311523 0.361328 0.009766 0.042969
0 0.075195 0.568359 0.150391 0.117188
1 0.237305 0.446289 0.138672 0.298828
1 0.589844 0.476562 0.046875 0.160156
1 0.206055 0.684570 0.060547 0.107422
2 0.766602 0.099609 0.064453 0.199219
2 0.841797 0.071289 0.062500 0.095703
2 0.839844 0.157227 0.054688 0.056641
2 0.019531 0.174805 0.039062 0.064453
2 0.360352 0.226562 0.056641 0.042969
2 0.931641 0.387695 0.136719 0.345703
2 0.678711 0.372070 0.134766 0.255859
2 0.106445 0.296875 0.068359 0.097656
2 0.790039 0.360352 0.080078 0.208984
2 0.020508 0.299805 0.037109 0.033203
2 0.143555 0.339844 0.041016 0.031250
2 0.322266 0.353516 0.023438 0.035156
2 0.398438 0.370117 0.050781 0.064453
2 0.036133 0.354492 0.033203 0.025391
2 0.085938 0.362305 0.050781 0.033203
2 0.717773 0.424805 0.068359 0.154297
2 0.075195 0.426758 0.037109 0.029297
2 0.695312 0.543945 0.191406 0.072266
2 0.732422 0.595703 0.281250 0.062500
2 0.897461 0.703125 0.177734 0.078125
2 0.925781 0.922852 0.046875 0.099609
3 0.220703 0.055664 0.148438 0.111328
3 0.502930 0.084961 0.255859 0.169922
3 0.486328 0.401367 0.179688 0.365234
3 0.311523 0.662109 0.107422 0.109375
3 0.943359 0.801758 0.078125 0.134766
3 0.490234 0.876953 0.980469 0.246094
4 0.583984 0.774414 0.636719 0.337891
5 0.506836 0.172852 0.986328 0.130859
