0 0.500000 0.477539 1.000000 0.955078
0 0.397461 0.089844 0.001953 0.003906
0 0.399414 0.098633 0.001953 0.001953
0 0.391602 0.137695 0.001953 0.001953
0 0.387695 0.147461 0.001953 0.001953
0 0.271484 0.166992 0.003906 0.001953
0 0.387695 0.170898 0.001953 0.005859
0 0.389648 0.180664 0.001953 0.001953
0 0.426758 0.239258 0.001953 0.001953
0 0.428711 0.243164 0.001953 0.001953
0 0.430664 0.247070 0.001953 0.001953
0 0.438477 0.256836 0.013672 0.013672
0 0.174805 0.266602 0.005859 0.013672
0 0.447266 0.273438 0.003906 0.015625
0 0.178711 0.277344 0.001953 0.003906
0 0.180664 0.282227 0.001953 0.001953
0 0.444336 0.288086 0.001953 0.001953
0 0.442383 0.291992 0.001953 0.001953
0 0.440430 0.295898 0.001953 0.001953
0 0.401367 0.303711 0.001953 0.001953
0 0.405273 0.303711 0.001953 0.001953
0 0.388672 0.308594 0.007812 0.007812
0 0.383789 0.315430 0.001953 0.001953
0 0.186523 0.321289 0.001953 0.001953
0 0.186523 0.331055 0.001953 0.001953
0 0.134766 0.363281 0.082031 0.031250
0 0.092773 0.379883 0.001953 0.009766
0 0.148438 0.386719 0.003906 0.007812
0 0.088867 0.405273 0.001953 0.001953
0 0.378906 0.409180 0.003906 0.005859
0 0.086914 0.415039 0.001953 0.005859
0 0.084961 0.429688 0.001953 0.011719
0 0.345703 0.460938 0.058594 0.058594
0 0.084961 0.438477 0.001953 0.001953
0 0.088867 0.447266 0.005859 0.007812
0 0.092773 0.454102 0.001953 0.001953
0 0.179688 0.463867 0.007812 0.001953
0 0.537109 0.494141 0.003906 0.003906
0 0.510742 0.508789 0.001953 0.001953
0 0.571289 0.520508 0.001953 0.001953
0 0.086914 0.595703 0.107422 0.140625
0 0.587891 0.531250 0.003906 0.007812
0 0.583008 0.543945 0.001953 0.001953
0 0.586914 0.545898 0.001953 0.001953
0 0.315430 0.583984 0.001953 0.011719
0 0.590820 0.581055 0.001953 0.001953
0 0.166992 0.596680 0.001953 0.001953
0 0.182617 0.596680 0.001953 0.001953
0 0.189453 0.596680 0.003906 0.001953
0 0.590820 0.596680 0.001953 0.001953
0 0.213867 0.633789 0.134766 0.072266
0 0.200195 0.598633 0.001953 0.001953
0 0.206055 0.600586 0.001953 0.001953
0 0.214844 0.602539 0.003906 0.001953
0 0.313477 0.602539 0.001953 0.001953
0 0.588867 0.612305 0.001953 0.001953
0 0.588867 0.624023 0.001953 0.005859
0 0.579102 0.631836 0.001953 0.001953
0 0.572266 0.634766 0.003906 0.003906
0 0.569336 0.646484 0.001953 0.003906
0 0.037109 0.860352 0.074219 0.279297
0 0.280273 0.739258 0.001953 0.001953
0 0.301758 0.855469 0.166016 0.226562
0 0.505859 0.747070 0.003906 0.001953
0 0.076172 0.753906 0.003906 0.003906
0 0.084961 0.752930 0.001953 0.001953
0 0.123047 0.778320 0.097656 0.048828
0 0.520508 0.755859 0.001953 0.003906
0 0.473633 0.762695 0.005859 0.005859
0 0.506836 0.764648 0.001953 0.001953
0 0.507812 0.773438 0.015625 0.011719
0 0.482422 0.771484 0.003906 0.003906
0 0.524414 0.784180 0.005859 0.017578
0 0.534180 0.775391 0.009766 0.003906
0 0.597656 0.777344 0.003906 0.003906
0 0.490234 0.779297 0.003906 0.003906
0 0.490234 0.788086 0.003906 0.001953
0 0.489258 0.793945 0.005859 0.005859
0 0.474609 0.794922 0.003906 0.003906
0 0.525391 0.796875 0.003906 0.003906
0 0.543945 0.796875 0.001953 0.003906
0 0.530273 0.799805 0.001953 0.001953
0 0.540039 0.799805 0.001953 0.001953
0 0.391602 0.815430 0.001953 0.001953
0 0.402344 0.815430 0.003906 0.001953
0 0.396484 0.817383 0.003906 0.001953
0 0.408203 0.817383 0.003906 0.001953
0 0.415039 0.817383 0.001953 0.001953
0 0.418945 0.819336 0.001953 0.001953
0 0.423828 0.819336 0.003906 0.001953
0 0.430664 0.820312 0.005859 0.003906
0 0.450195 0.817383 0.001953 0.001953
0 0.456055 0.820312 0.005859 0.007812
0 0.448242 0.825195 0.001953 0.001953
0 0.995117 0.865234 0.001953 0.003906
0 0.642578 0.936523 0.132812 0.107422
0 0.523438 0.971680 0.109375 0.056641
0 0.465820 0.948242 0.001953 0.001953
0 0.795898 0.980469 0.166016 0.039062
0 0.621094 0.994141 0.003906 0.003906
2 0.698242 0.683594 0.154297 0.042969
2 0.175781 0.901367 0.207031 0.197266
3 0.394531 0.463867 0.671875 0.912109
3 0.343750 0.065430 0.007812 0.005859
3 0.146484 0.077148 0.003906 0.005859
3 0.147461 0.083008 0.001953 0.001953
3 0.138672 0.162109 0.003906 0.003906
3 0.138672 0.169922 0.003906 0.003906
3 0.139648 0.177734 0.001953 0.003906
3 0.131836 0.201172 0.001953 0.003906
3 0.131836 0.208008 0.001953 0.005859
3 0.130859 0.215820 0.003906 0.005859
3 0.036133 0.632812 0.072266 0.261719
3 0.535156 0.787109 0.003906 0.007812
3 0.932617 0.926758 0.134766 0.146484
3 0.693359 0.900391 0.003906 0.003906
3 0.498047 0.911133 0.003906 0.001953
3 0.512695 0.911133 0.001953 0.001953
4 0.744141 0.504883 0.019531 0.009766
4 0.708984 0.624023 0.261719 0.220703
4 0.668945 0.676758 0.001953 0.013672
