0 0.645508 0.030273 0.060547 0.060547
0 0.803711 0.043945 0.068359 0.060547
0 0.882812 0.104492 0.082031 0.080078
0 0.661133 0.105469 0.044922 0.035156
0 0.580078 0.145508 0.074219 0.041016
0 0.391602 0.185547 0.162109 0.082031
0 0.796875 0.183594 0.078125 0.074219
0 0.929688 0.244141 0.140625 0.125000
0 0.723633 0.276367 0.146484 0.181641
0 0.564453 0.219727 0.050781 0.044922
0 0.508789 0.240234 0.052734 0.058594
0 0.622070 0.310547 0.107422 0.078125
0 0.511719 0.310547 0.089844 0.050781
0 0.961914 0.388672 0.056641 0.062500
0 0.707031 0.405273 0.062500 0.056641
0 0.846680 0.414062 0.041016 0.078125
0 0.418945 0.416016 0.060547 0.050781
0 0.491211 0.443359 0.068359 0.042969
0 0.966797 0.447266 0.035156 0.042969
0 0.621094 0.482422 0.085938 0.097656
0 0.191406 0.563477 0.285156 0.166016
0 0.535156 0.528320 0.085938 0.095703
0 0.736328 0.514648 0.039062 0.041016
0 0.443359 0.572266 0.082031 0.074219
0 0.626953 0.620117 0.093750 0.130859
0 0.739258 0.587891 0.048828 0.046875
0 0.042969 0.638672 0.085938 0.132812
0 0.454102 0.648438 0.087891 0.078125
0 0.304688 0.681641 0.132812 0.078125
0 0.176758 0.680664 0.056641 0.041016
0 0.235352 0.758789 0.037109 0.044922
0 0.435547 0.793945 0.089844 0.060547
0 0.308594 0.809570 0.089844 0.064453
0 0.084961 0.821289 0.060547 0.056641
0 0.513672 0.893555 0.054688 0.068359
0 0.037109 0.916992 0.035156 0.033203
0 0.241211 0.929688 0.107422 0.058594
0 0.097656 0.936523 0.074219 0.060547
0 0.032227 0.970703 0.056641 0.058594
0 0.548828 0.970703 0.058594 0.042969
0 0.218750 0.986328 0.058594 0.027344
1 0.762695 0.876953 0.060547 0.101562
2 0.119141 0.166992 0.035156 0.048828
2 0.264648 0.182617 0.076172 0.052734
4 0.500000 0.500000 1.000000 1.000000
4 0.735352 0.311523 0.001953 0.001953
4 0.740234 0.314453 0.003906 0.003906
4 0.254883 0.535156 0.009766 0.007812
4 0.262695 0.586914 0.001953 0.001953
4 0.263672 0.596680 0.003906 0.001953
