0 0.346680 0.107422 0.197266 0.214844
0 0.542969 0.392578 0.914062 0.785156
0 0.135742 0.255859 0.021484 0.031250
0 0.580078 0.355469 0.058594 0.050781
0 0.875977 0.427734 0.095703 0.128906
0 0.805664 0.412109 0.044922 0.054688
0 0.634766 0.484375 0.148438 0.148438
0 0.832031 0.601562 0.070312 0.058594
0 0.824219 0.744141 0.062500 0.078125
0 0.250977 0.887695 0.501953 0.224609
0 0.575195 0.850586 0.107422 0.103516
0 0.809570 0.916016 0.166016 0.167969
0 0.522461 0.985352 0.037109 0.029297
2 0.108398 0.653320 0.193359 0.099609
2 0.357422 0.707031 0.070312 0.066406
2 0.155273 0.769531 0.052734 0.058594
2 0.219727 0.781250 0.056641 0.058594
3 0.186523 0.107422 0.232422 0.214844
4 0.685547 0.118164 0.277344 0.236328
4 0.725586 0.594727 0.548828 0.615234
5 0.208984 0.167969 0.253906 0.335938
