0 0.166016 0.120117 0.332031 0.240234
0 0.804688 0.117188 0.222656 0.234375
0 0.862305 0.001953 0.001953 0.003906
0 0.893555 0.005859 0.009766 0.003906
0 0.701172 0.036133 0.003906 0.005859
0 0.338867 0.081055 0.005859 0.005859
0 0.701172 0.083984 0.007812 0.003906
0 0.698242 0.095703 0.005859 0.011719
0 0.353516 0.112305 0.003906 0.001953
0 0.371094 0.167969 0.003906 0.003906
0 0.708984 0.182617 0.003906 0.001953
0 0.205078 0.267578 0.167969 0.167969
0 0.197266 0.185547 0.003906 0.003906
0 0.715820 0.204102 0.001953 0.001953
0 0.262695 0.217773 0.001953 0.001953
0 0.767578 0.379883 0.144531 0.115234
0 0.791016 0.322266 0.003906 0.003906
0 0.799805 0.326172 0.009766 0.011719
0 0.699219 0.346680 0.011719 0.009766
0 0.713867 0.346680 0.001953 0.001953
0 0.702148 0.361328 0.009766 0.007812
0 0.038086 0.438477 0.076172 0.107422
0 0.934570 0.832031 0.130859 0.089844
0 0.808594 0.961914 0.109375 0.076172
2 0.088867 0.042969 0.080078 0.085938
2 0.525391 0.056641 0.152344 0.113281
2 0.945312 0.025391 0.058594 0.050781
2 0.476562 0.029297 0.054688 0.046875
2 0.602539 0.022461 0.013672 0.009766
2 0.580078 0.072266 0.148438 0.105469
2 0.248047 0.072266 0.074219 0.054688
2 0.272461 0.085938 0.021484 0.015625
2 0.262695 0.098633 0.001953 0.001953
2 0.345703 0.210938 0.191406 0.179688
2 0.759766 0.162109 0.058594 0.074219
2 0.057617 0.292969 0.068359 0.070312
2 0.929688 0.290039 0.054688 0.052734
2 0.017578 0.319336 0.035156 0.064453
2 0.478516 0.356445 0.105469 0.091797
2 0.143555 0.358398 0.060547 0.056641
2 0.406250 0.428711 0.058594 0.087891
2 0.171875 0.419922 0.039062 0.039062
2 0.269531 0.424805 0.039062 0.052734
2 0.355469 0.431641 0.050781 0.054688
2 0.541016 0.496094 0.171875 0.152344
2 0.673828 0.442383 0.031250 0.025391
2 0.320312 0.478516 0.054688 0.074219
2 0.964844 0.525391 0.058594 0.093750
2 0.718750 0.509766 0.058594 0.050781
2 0.188477 0.523438 0.037109 0.058594
2 0.138672 0.554688 0.062500 0.082031
2 0.877930 0.557617 0.091797 0.083984
2 0.468750 0.561523 0.062500 0.080078
2 0.038086 0.616211 0.076172 0.099609
2 0.608398 0.642578 0.091797 0.054688
2 0.830078 0.670898 0.101562 0.099609
2 0.169922 0.675781 0.070312 0.078125
2 0.648438 0.716797 0.109375 0.128906
2 0.879883 0.743164 0.119141 0.099609
2 0.480469 0.737305 0.085938 0.064453
2 0.050781 0.738281 0.046875 0.050781
2 0.199219 0.740234 0.062500 0.058594
2 0.710938 0.772461 0.050781 0.056641
2 0.533203 0.813477 0.105469 0.111328
2 0.070312 0.819336 0.062500 0.072266
2 0.749023 0.820312 0.072266 0.078125
2 0.542969 0.880859 0.183594 0.144531
2 0.277344 0.871094 0.121094 0.117188
2 0.359375 0.848633 0.089844 0.072266
2 0.688477 0.851562 0.056641 0.074219
2 0.154297 0.853516 0.042969 0.042969
2 0.111328 0.921875 0.078125 0.089844
2 0.775391 0.929688 0.109375 0.097656
2 0.373047 0.966797 0.046875 0.042969
4 0.557617 0.147461 0.130859 0.083984
4 0.321289 0.691406 0.224609 0.285156
5 0.500000 0.500000 1.000000 1.000000
6 0.670898 0.139648 0.087891 0.076172
6 0.586914 0.169922 0.005859 0.003906
6 0.601562 0.212891 0.128906 0.078125
6 0.860352 0.297852 0.115234 0.076172
6 0.389648 0.330078 0.091797 0.039062
6 0.882812 0.389648 0.140625 0.150391
6 0.874023 0.333008 0.009766 0.005859
6 0.860352 0.333008 0.001953 0.001953
6 0.890625 0.333984 0.007812 0.003906
6 0.297852 0.369141 0.111328 0.062500
6 0.816406 0.342773 0.003906 0.001953
6 0.388672 0.348633 0.003906 0.001953
6 0.098633 0.416016 0.083984 0.093750
6 0.104492 0.684570 0.025391 0.005859
6 0.120117 0.758789 0.111328 0.126953
6 0.176758 0.805664 0.001953 0.001953
6 0.135742 0.831055 0.009766 0.005859
