0 0.500000 0.500000 1.000000 1.000000
0 0.541016 0.020508 0.003906 0.001953
0 0.920898 0.638672 0.099609 0.085938
0 0.975586 0.754883 0.048828 0.076172
0 0.909180 0.719727 0.001953 0.001953
0 0.934570 0.792969 0.052734 0.035156
2 0.264648 0.008789 0.037109 0.017578
2 0.742188 0.018555 0.035156 0.037109
2 0.795898 0.024414 0.033203 0.048828
2 0.563477 0.069336 0.134766 0.111328
2 0.469727 0.056641 0.056641 0.050781
2 0.279297 0.097656 0.066406 0.085938
2 0.213867 0.098633 0.025391 0.060547
2 0.146484 0.127930 0.070312 0.056641
4 0.675781 0.354492 0.078125 0.072266
4 0.747070 0.452148 0.064453 0.076172
4 0.833984 0.462891 0.074219 0.039062
4 0.899414 0.688477 0.201172 0.330078
4 0.735352 0.628906 0.095703 0.046875
4 0.548828 0.754883 0.125000 0.044922
4 0.480469 0.760742 0.003906 0.001953
