1 0.397461 0.206055 0.115234 0.126953
1 0.556641 0.307617 0.089844 0.185547
1 0.423828 0.369141 0.097656 0.160156
1 0.316406 0.395508 0.066406 0.130859
1 0.194336 0.397461 0.123047 0.130859
2 0.246094 0.229492 0.082031 0.080078
3 0.500000 0.500000 1.000000 1.000000
3 0.002930 0.152344 0.005859 0.007812
3 0.004883 0.163086 0.001953 0.001953
3 0.755859 0.994141 0.003906 0.003906
4 0.127930 0.143555 0.255859 0.287109
4 0.329102 0.061523 0.232422 0.123047
4 0.543945 0.102539 0.189453 0.205078
4 0.961914 0.276367 0.076172 0.552734
4 0.017578 0.232422 0.035156 0.058594
4 0.584961 0.244141 0.001953 0.011719
4 0.586914 0.258789 0.001953 0.001953
4 0.034180 0.291992 0.068359 0.048828
4 0.588867 0.268555 0.001953 0.001953
4 0.512695 0.276367 0.001953 0.005859
4 0.590820 0.285156 0.001953 0.011719
4 0.592773 0.293945 0.001953 0.001953
4 0.594727 0.299805 0.001953 0.001953
4 0.596680 0.322266 0.001953 0.031250
4 0.301758 0.331055 0.001953 0.001953
4 0.315430 0.331055 0.001953 0.001953
4 0.516602 0.333008 0.001953 0.001953
4 0.327148 0.342773 0.001953 0.001953
4 0.331055 0.358398 0.005859 0.025391
4 0.133789 0.363281 0.001953 0.003906
4 0.522461 0.361328 0.001953 0.003906
4 0.600586 0.360352 0.001953 0.001953
4 0.133789 0.370117 0.001953 0.005859
4 0.522461 0.371094 0.001953 0.007812
4 0.670898 0.436523 0.255859 0.126953
4 0.336914 0.377930 0.001953 0.001953
4 0.338867 0.382812 0.001953 0.003906
4 0.577148 0.393555 0.001953 0.001953
4 0.583008 0.391602 0.001953 0.001953
4 0.565430 0.397461 0.001953 0.001953
4 0.571289 0.395508 0.001953 0.001953
4 0.340820 0.400391 0.001953 0.003906
4 0.342773 0.408203 0.001953 0.007812
4 0.344727 0.422852 0.001953 0.005859
4 0.346680 0.434570 0.001953 0.001953
4 0.348633 0.440430 0.001953 0.001953
4 0.190430 0.456055 0.001953 0.001953
4 0.158203 0.458008 0.003906 0.001953
4 0.194336 0.461914 0.001953 0.001953
4 0.351562 0.576172 0.328125 0.191406
4 0.182617 0.720703 0.072266 0.156250
