0 0.470703 0.391602 0.113281 0.115234
0 0.365234 0.451172 0.089844 0.085938
0 0.761719 0.591797 0.312500 0.363281
0 0.120117 0.512695 0.064453 0.068359
0 0.353516 0.598633 0.078125 0.060547
0 0.777344 0.681641 0.003906 0.003906
0 0.968750 0.748047 0.062500 0.078125
0 0.217773 0.801758 0.154297 0.123047
0 0.134766 0.791016 0.003906 0.003906
0 0.358398 0.876953 0.107422 0.109375
2 0.783203 0.018555 0.003906 0.001953
2 0.791016 0.018555 0.003906 0.001953
2 0.798828 0.017578 0.003906 0.003906
2 0.475586 0.113281 0.158203 0.183594
2 0.688477 0.089844 0.123047 0.136719
2 0.810547 0.087891 0.074219 0.136719
2 0.607422 0.111328 0.082031 0.156250
2 0.417969 0.065430 0.003906 0.001953
2 0.944336 0.098633 0.060547 0.064453
2 0.442383 0.171875 0.052734 0.050781
2 0.304688 0.208984 0.085938 0.074219
2 0.936523 0.232422 0.126953 0.121094
2 0.840820 0.255859 0.072266 0.117188
2 0.711914 0.206055 0.001953 0.001953
2 0.715820 0.206055 0.001953 0.001953
2 0.709961 0.210938 0.001953 0.003906
2 0.728516 0.272461 0.074219 0.119141
2 0.658203 0.283203 0.101562 0.132812
2 0.535156 0.269531 0.070312 0.070312
2 0.373047 0.271484 0.031250 0.046875
2 0.454102 0.286133 0.083984 0.060547
2 0.883789 0.259766 0.009766 0.007812
2 0.568359 0.365234 0.066406 0.054688
2 0.915039 0.372070 0.142578 0.064453
2 0.752930 0.385742 0.080078 0.044922
2 0.532227 0.517578 0.189453 0.144531
2 0.501953 0.705078 0.097656 0.074219
2 0.583984 0.706055 0.062500 0.056641
4 0.148438 0.075195 0.199219 0.150391
4 0.300781 0.067383 0.160156 0.134766
4 0.837891 0.876953 0.324219 0.246094
5 0.717773 0.200195 0.564453 0.400391
5 0.271484 0.364258 0.058594 0.169922
5 0.294922 0.533203 0.292969 0.058594
5 0.048828 0.537109 0.097656 0.035156
5 0.948242 0.563477 0.103516 0.041016
5 0.470703 0.708984 0.304688 0.191406
5 0.750000 0.765625 0.105469 0.042969
6 0.109375 0.355469 0.218750 0.261719
6 0.068359 0.248047 0.003906 0.003906
6 0.929688 0.483398 0.140625 0.162109
6 0.936523 0.639648 0.126953 0.142578
6 0.414062 0.693359 0.070312 0.164062
6 0.537109 0.906250 0.281250 0.187500
6 0.296875 0.960938 0.101562 0.078125
6 0.373047 0.942383 0.003906 0.005859
6 0.299805 0.981445 0.005859 0.009766
6 0.241211 0.991211 0.005859 0.017578
6 0.309570 0.986328 0.001953 0.003906
6 0.303711 0.996094 0.021484 0.007812
6 0.326172 0.998047 0.003906 0.003906
