0 0.104492 0.184570 0.068359 0.115234
0 0.129883 0.151367 0.001953 0.001953
0 0.120117 0.252930 0.005859 0.001953
0 0.103516 0.254883 0.003906 0.001953
0 0.111328 0.254883 0.003906 0.001953
0 0.598633 0.602539 0.080078 0.087891
0 0.385742 0.683594 0.083984 0.089844
0 0.949219 0.762695 0.101562 0.076172
0 0.097656 0.764648 0.046875 0.056641
0 0.093750 0.819336 0.050781 0.048828
0 0.480469 0.909180 0.179688 0.173828
0 0.524414 0.853516 0.029297 0.031250
0 0.532227 0.872070 0.001953 0.001953
2 0.083984 0.020508 0.042969 0.041016
2 0.263672 0.013672 0.058594 0.027344
2 0.735352 0.071289 0.107422 0.091797
2 0.272461 0.062500 0.052734 0.070312
2 0.220703 0.081055 0.042969 0.048828
2 0.128906 0.096680 0.093750 0.068359
2 0.554688 0.104492 0.054688 0.052734
2 0.429688 0.109375 0.039062 0.046875
2 0.305664 0.161133 0.119141 0.083984
2 0.872070 0.158203 0.072266 0.054688
2 0.039062 0.166992 0.078125 0.064453
2 0.498047 0.168945 0.156250 0.068359
2 0.667969 0.163086 0.074219 0.052734
2 0.791992 0.164062 0.076172 0.054688
2 0.406250 0.230469 0.089844 0.089844
2 0.763672 0.222656 0.125000 0.046875
2 0.517578 0.276367 0.128906 0.099609
2 0.026367 0.250000 0.052734 0.039062
2 0.833008 0.278320 0.130859 0.064453
2 0.014648 0.372070 0.029297 0.044922
2 0.141602 0.374023 0.068359 0.052734
2 0.859375 0.385742 0.070312 0.037109
2 0.320312 0.446289 0.171875 0.119141
2 0.714844 0.444336 0.039062 0.072266
2 0.847656 0.446289 0.148438 0.076172
2 0.097656 0.465820 0.132812 0.091797
2 0.094727 0.424805 0.009766 0.009766
2 0.500977 0.449219 0.056641 0.058594
2 0.672852 0.452148 0.037109 0.064453
2 0.759766 0.621094 0.128906 0.132812
2 0.879883 0.604492 0.095703 0.087891
2 0.958008 0.588867 0.041016 0.048828
2 0.445312 0.586914 0.042969 0.033203
2 0.057617 0.617188 0.115234 0.078125
2 0.227539 0.620117 0.060547 0.080078
2 0.522461 0.604492 0.068359 0.052734
2 0.572266 0.671875 0.132812 0.046875
2 0.039062 0.688477 0.078125 0.064453
2 0.220703 0.700195 0.082031 0.072266
2 0.311523 0.756836 0.095703 0.166016
2 0.946289 0.700195 0.095703 0.056641
2 0.493164 0.771484 0.103516 0.085938
2 0.859375 0.858398 0.281250 0.259766
2 0.390625 0.788086 0.058594 0.083984
2 0.621094 0.773438 0.089844 0.050781
2 0.174805 0.802734 0.072266 0.070312
2 0.238281 0.806641 0.027344 0.046875
2 0.581055 0.891602 0.162109 0.111328
2 0.527344 0.838867 0.007812 0.001953
2 0.848633 0.861328 0.001953 0.003906
2 0.848633 0.870117 0.005859 0.005859
2 0.802734 0.884766 0.003906 0.003906
2 0.810547 0.884766 0.007812 0.003906
2 0.023438 0.924805 0.046875 0.056641
2 0.677734 0.900391 0.003906 0.003906
2 0.847656 0.900391 0.003906 0.003906
2 0.862305 0.901367 0.005859 0.005859
2 0.638672 0.905273 0.003906 0.001953
2 0.627930 0.909180 0.001953 0.001953
2 0.646484 0.926758 0.066406 0.037109
2 0.394531 0.928711 0.050781 0.037109
2 0.104492 0.960938 0.056641 0.058594
2 0.667969 0.960938 0.070312 0.042969
2 0.595703 0.967773 0.046875 0.041016
5 0.500000 0.500000 1.000000 1.000000
