0 0.219727 0.458008 0.439453 0.916016
0 0.413086 0.056641 0.091797 0.070312
0 0.231445 0.045898 0.001953 0.001953
0 0.231445 0.052734 0.005859 0.003906
0 0.454102 0.139648 0.205078 0.166016
0 0.230469 0.098633 0.003906 0.001953
0 0.190430 0.145508 0.001953 0.001953
0 0.000977 0.721680 0.001953 0.001953
0 0.010742 0.774414 0.001953 0.001953
2 0.600586 0.048828 0.072266 0.074219
2 0.756836 0.068359 0.080078 0.082031
2 0.815430 0.176758 0.287109 0.119141
2 0.961914 0.174805 0.001953 0.001953
2 0.452148 0.291992 0.138672 0.107422
2 0.553711 0.388672 0.080078 0.054688
2 0.478516 0.432617 0.074219 0.080078
2 0.558594 0.440430 0.078125 0.044922
2 0.523438 0.504883 0.109375 0.064453
2 0.430664 0.513672 0.037109 0.035156
2 0.673828 0.585938 0.117188 0.109375
2 0.470703 0.638672 0.050781 0.070312
2 0.554688 0.672852 0.031250 0.017578
2 0.515625 0.684570 0.027344 0.021484
2 0.544922 0.762695 0.035156 0.033203
2 0.489258 0.784180 0.072266 0.064453
2 0.499023 0.935547 0.052734 0.070312
2 0.211914 0.963867 0.228516 0.072266
3 0.105469 0.139648 0.210938 0.279297
3 0.591797 0.228516 0.109375 0.226562
4 0.741211 0.264648 0.158203 0.107422
4 0.885742 0.270508 0.134766 0.083984
4 0.973633 0.301758 0.052734 0.134766
4 0.889648 0.452148 0.208984 0.255859
4 0.916992 0.530273 0.166016 0.244141
4 0.763672 0.554688 0.007812 0.003906
4 0.757812 0.561523 0.015625 0.013672
4 0.746094 0.583984 0.023438 0.027344
4 0.723633 0.610352 0.005859 0.013672
4 0.737305 0.606445 0.005859 0.005859
4 0.748047 0.611328 0.003906 0.003906
4 0.944336 0.749023 0.111328 0.267578
4 0.790039 0.851562 0.419922 0.296875
4 0.771484 0.837891 0.003906 0.003906
5 0.647461 0.500000 0.705078 1.000000
