0 0.571289 0.060547 0.087891 0.113281
0 0.569336 0.150391 0.056641 0.042969
0 0.894531 0.357422 0.074219 0.062500
0 0.590820 0.369141 0.080078 0.078125
0 0.164062 0.685547 0.328125 0.289062
0 0.726562 0.649414 0.078125 0.068359
0 0.161133 0.668945 0.001953 0.001953
0 0.676758 0.717773 0.068359 0.072266
0 0.430664 0.741211 0.072266 0.068359
0 0.100586 0.753906 0.001953 0.003906
0 0.524414 0.874023 0.173828 0.146484
0 0.125977 0.853516 0.119141 0.027344
1 0.484375 0.491211 0.218750 0.166016
2 0.682617 0.030273 0.056641 0.060547
2 0.766602 0.036133 0.029297 0.041016
2 0.661133 0.096680 0.056641 0.060547
2 0.880859 0.276367 0.074219 0.076172
2 0.777344 0.330078 0.105469 0.175781
2 0.012695 0.297852 0.025391 0.072266
2 0.987305 0.302734 0.025391 0.066406
2 0.843750 0.337891 0.039062 0.050781
2 0.666992 0.383789 0.072266 0.095703
2 0.744141 0.462891 0.078125 0.101562
2 0.890625 0.475586 0.066406 0.048828
2 0.684570 0.532227 0.123047 0.068359
2 0.886719 0.547852 0.058594 0.056641
2 0.609375 0.563477 0.054688 0.052734
2 0.519531 0.593750 0.125000 0.074219
2 0.677734 0.595703 0.066406 0.066406
2 0.195312 0.604492 0.058594 0.044922
2 0.587891 0.648438 0.062500 0.074219
2 0.219727 0.651367 0.048828 0.041016
2 0.141602 0.661133 0.048828 0.052734
2 0.425781 0.662109 0.101562 0.050781
2 0.262695 0.702148 0.033203 0.033203
2 0.052734 0.804688 0.105469 0.105469
2 0.142578 0.790039 0.066406 0.056641
2 0.256836 0.847656 0.130859 0.097656
2 0.262695 0.974609 0.048828 0.050781
4 0.356445 0.116211 0.384766 0.232422
4 0.309570 0.113281 0.009766 0.003906
4 0.324219 0.138672 0.003906 0.003906
4 0.216797 0.223633 0.003906 0.001953
4 0.954102 0.800781 0.091797 0.242188
5 0.500000 0.500000 1.000000 1.000000
6 0.121094 0.127930 0.070312 0.068359
6 0.067383 0.267578 0.134766 0.242188
6 0.532227 0.686523 0.056641 0.025391
6 0.498047 0.721680 0.105469 0.052734
6 0.726562 0.861328 0.347656 0.277344
6 0.752930 0.762695 0.021484 0.005859
6 0.627930 0.861328 0.001953 0.003906
