0 0.208008 0.238281 0.189453 0.144531
0 0.895508 0.275391 0.177734 0.183594
0 0.528320 0.421875 0.439453 0.398438
0 0.338867 0.310547 0.060547 0.035156
0 0.614258 0.305664 0.001953 0.001953
0 0.895508 0.403320 0.064453 0.056641
0 0.166016 0.508789 0.082031 0.087891
0 0.233398 0.592773 0.072266 0.056641
0 0.485352 0.700195 0.267578 0.271484
0 0.170898 0.607422 0.068359 0.050781
0 0.366211 0.740234 0.318359 0.230469
0 0.545898 0.868164 0.025391 0.025391
0 0.401367 0.958008 0.107422 0.083984
1 0.051758 0.263672 0.103516 0.171875
1 0.789062 0.281250 0.109375 0.203125
2 0.731445 0.129883 0.052734 0.025391
2 0.293945 0.477539 0.197266 0.119141
2 0.107422 0.500000 0.070312 0.050781
2 0.581055 0.574219 0.029297 0.050781
2 0.460938 0.757812 0.042969 0.062500
2 0.520508 0.752930 0.029297 0.044922
3 0.792969 0.662109 0.414062 0.425781
3 0.991211 0.838867 0.017578 0.005859
3 0.998047 0.845703 0.003906 0.003906
3 0.999023 0.854492 0.001953 0.001953
3 0.986328 0.856445 0.003906 0.001953
3 0.994141 0.908203 0.011719 0.003906
4 0.500000 0.826172 1.000000 0.347656
