0 0.791992 0.038086 0.134766 0.076172
0 0.853516 0.126953 0.062500 0.054688
0 0.848633 0.366211 0.150391 0.068359
0 0.094727 0.417969 0.115234 0.148438
0 0.556641 0.519531 0.039062 0.035156
0 0.492188 0.543945 0.058594 0.037109
0 0.033203 0.814453 0.066406 0.371094
0 0.969727 0.963867 0.037109 0.029297
1 0.250977 0.464844 0.173828 0.105469
3 0.037109 0.054688 0.074219 0.109375
3 0.450195 0.194336 0.810547 0.388672
3 0.622070 0.679688 0.755859 0.640625
3 0.545898 0.549805 0.001953 0.001953
3 0.331055 0.665039 0.005859 0.005859
3 0.254883 0.666992 0.005859 0.005859
3 0.333984 0.694336 0.011719 0.009766
3 0.345703 0.693359 0.007812 0.007812
3 0.363281 0.693359 0.007812 0.007812
3 0.378906 0.691406 0.007812 0.007812
3 0.394531 0.691406 0.007812 0.007812
3 0.410156 0.690430 0.003906 0.005859
3 0.268555 0.706055 0.005859 0.005859
4 0.923828 0.142578 0.152344 0.285156
4 0.064453 0.325195 0.128906 0.380859
4 0.552734 0.405273 0.824219 0.494141
4 0.970703 0.296875 0.007812 0.011719
4 0.304688 0.765625 0.609375 0.468750
5 0.058594 0.086914 0.117188 0.173828
