0 0.867188 0.395508 0.136719 0.080078
0 0.960938 0.503906 0.078125 0.195312
0 0.623047 0.662109 0.503906 0.312500
0 0.875000 0.768555 0.101562 0.134766
0 0.564453 0.705078 0.003906 0.003906
0 0.442383 0.752930 0.005859 0.005859
2 0.022461 0.031250 0.044922 0.062500
2 0.107422 0.020508 0.054688 0.041016
2 0.220703 0.025391 0.058594 0.050781
2 0.627930 0.049805 0.107422 0.080078
2 0.511719 0.048828 0.066406 0.054688
2 0.228516 0.116211 0.042969 0.103516
2 0.517578 0.074219 0.011719 0.011719
2 0.572266 0.114258 0.062500 0.044922
2 0.721680 0.124023 0.044922 0.041016
2 0.525391 0.176758 0.046875 0.048828
2 0.121094 0.250000 0.078125 0.136719
2 0.521484 0.217773 0.074219 0.041016
2 0.614258 0.229492 0.076172 0.056641
2 0.880859 0.300781 0.093750 0.058594
2 0.631836 0.422852 0.091797 0.220703
2 0.504883 0.348633 0.041016 0.037109
2 0.359375 0.446289 0.070312 0.095703
2 0.724609 0.422852 0.027344 0.048828
2 0.762695 0.429688 0.041016 0.039062
2 0.046875 0.462891 0.093750 0.093750
2 0.874023 0.497070 0.091797 0.123047
2 0.459961 0.472656 0.052734 0.046875
2 0.737305 0.476562 0.041016 0.035156
2 0.208008 0.513672 0.056641 0.050781
2 0.779297 0.509766 0.039062 0.039062
2 0.344727 0.520508 0.068359 0.056641
2 0.517578 0.540039 0.125000 0.060547
2 0.158203 0.616211 0.156250 0.138672
2 0.349609 0.637695 0.066406 0.080078
2 0.057617 0.627930 0.044922 0.041016
2 0.286133 0.668945 0.052734 0.080078
2 0.411133 0.722656 0.087891 0.062500
2 0.736328 0.740234 0.042969 0.046875
2 0.157227 0.781250 0.091797 0.121094
2 0.069336 0.778320 0.076172 0.107422
2 0.204102 0.733398 0.001953 0.013672
2 0.324219 0.819336 0.046875 0.076172
2 0.924805 0.843750 0.091797 0.093750
2 0.509766 0.866211 0.078125 0.111328
2 0.833008 0.908203 0.115234 0.148438
2 0.771484 0.989258 0.011719 0.021484
2 0.780273 0.995117 0.013672 0.009766
5 0.500000 0.265625 1.000000 0.285156
5 0.166016 0.546875 0.332031 0.109375
5 0.187500 0.697266 0.375000 0.097656
