0 0.244141 0.031250 0.078125 0.062500
0 0.487305 0.500000 0.974609 1.000000
0 0.416016 0.180664 0.058594 0.064453
0 0.337891 0.206055 0.062500 0.068359
1 0.304688 0.953125 0.246094 0.093750
2 0.342773 0.501953 0.107422 0.058594
2 0.628906 0.612305 0.093750 0.091797
2 0.718750 0.785156 0.097656 0.082031
2 0.637695 0.791992 0.041016 0.056641
2 0.706055 0.884766 0.134766 0.117188
3 0.463867 0.226562 0.927734 0.453125
3 0.852539 0.500000 0.294922 1.000000
3 0.666016 0.261719 0.003906 0.007812
3 0.666992 0.271484 0.001953 0.007812
3 0.667969 0.284180 0.003906 0.013672
3 0.670898 0.293945 0.001953 0.001953
3 0.670898 0.297852 0.001953 0.001953
3 0.672852 0.307617 0.001953 0.001953
3 0.674805 0.319336 0.005859 0.017578
3 0.569336 0.320312 0.001953 0.003906
3 0.569336 0.327148 0.001953 0.005859
3 0.676758 0.331055 0.001953 0.001953
3 0.569336 0.334961 0.001953 0.005859
3 0.678711 0.340820 0.001953 0.001953
3 0.701172 0.412109 0.046875 0.136719
3 0.402344 0.397461 0.019531 0.013672
3 0.075195 0.543945 0.076172 0.169922
3 0.327148 0.475586 0.068359 0.017578
3 0.564453 0.732422 0.566406 0.535156
3 0.269531 0.747070 0.070312 0.119141
3 0.489258 0.698242 0.005859 0.009766
3 0.002930 0.867188 0.005859 0.101562
3 0.219727 0.873047 0.068359 0.082031
3 0.356445 0.912109 0.142578 0.062500
3 0.280273 0.897461 0.005859 0.001953
3 0.000977 0.926758 0.001953 0.013672
3 0.155273 0.958984 0.080078 0.082031
3 0.200195 0.919922 0.001953 0.003906
3 0.000977 0.941406 0.001953 0.011719
3 0.192383 0.942383 0.001953 0.001953
3 0.000977 0.952148 0.001953 0.005859
3 0.000977 0.958008 0.001953 0.001953
3 0.010742 0.981445 0.021484 0.025391
5 0.928711 0.380859 0.142578 0.554688
