0 0.772461 0.017578 0.142578 0.035156
0 0.913086 0.026367 0.076172 0.052734
0 0.983398 0.042969 0.033203 0.085938
0 0.398438 0.050781 0.031250 0.027344
0 0.064453 0.146484 0.121094 0.105469
0 0.857422 0.166992 0.144531 0.091797
0 0.677734 0.174805 0.140625 0.083984
0 0.556641 0.234375 0.058594 0.035156
0 0.879883 0.425781 0.107422 0.355469
0 0.228516 0.280273 0.054688 0.056641
0 0.715820 0.353516 0.076172 0.085938
0 0.583984 0.405273 0.085938 0.083984
0 0.171875 0.424805 0.082031 0.052734
0 0.111328 0.415039 0.007812 0.025391
0 0.091797 0.503906 0.011719 0.031250
0 0.114258 0.582031 0.080078 0.187500
0 0.570312 0.598633 0.160156 0.130859
0 0.073242 0.571289 0.001953 0.001953
0 0.157227 0.620117 0.001953 0.001953
0 0.158203 0.626953 0.003906 0.003906
0 0.158203 0.634766 0.003906 0.003906
0 0.158203 0.650391 0.003906 0.003906
0 0.281250 0.693359 0.066406 0.066406
0 0.378906 0.687500 0.054688 0.050781
0 0.095703 0.681641 0.003906 0.003906
0 0.095703 0.689453 0.003906 0.003906
0 0.820312 0.894531 0.218750 0.132812
0 0.045898 0.928711 0.091797 0.142578
0 0.551758 0.909180 0.048828 0.041016
1 0.747070 0.090820 0.318359 0.134766
2 0.398438 0.453125 0.031250 0.042969
2 0.166992 0.490234 0.072266 0.082031
2 0.036133 0.544922 0.072266 0.078125
2 0.430664 0.538086 0.041016 0.068359
2 0.017578 0.579102 0.007812 0.009766
2 0.006836 0.583008 0.005859 0.001953
2 0.041992 0.643555 0.041016 0.048828
4 0.090820 0.248047 0.146484 0.089844
5 0.125000 0.508789 0.250000 0.478516
5 0.407227 0.578125 0.029297 0.203125
5 0.540039 0.536133 0.021484 0.021484
5 0.333984 0.691406 0.039062 0.023438
