0 0.964844 0.119141 0.070312 0.121094
0 0.269531 0.431641 0.089844 0.054688
0 0.112305 0.528320 0.166016 0.181641
0 0.718750 0.522461 0.082031 0.068359
0 0.069336 0.832031 0.138672 0.335938
0 0.718750 0.862305 0.058594 0.064453
0 0.758789 0.948242 0.263672 0.103516
0 0.261719 0.977539 0.101562 0.044922
2 0.171875 0.057617 0.093750 0.115234
2 0.294922 0.066406 0.097656 0.132812
2 0.750000 0.027344 0.054688 0.054688
2 0.844727 0.026367 0.048828 0.052734
2 0.087891 0.040039 0.074219 0.056641
2 0.632812 0.047852 0.062500 0.060547
2 0.923828 0.039062 0.097656 0.046875
2 0.760742 0.090820 0.068359 0.072266
2 0.824219 0.088867 0.050781 0.068359
2 0.852539 0.066406 0.001953 0.003906
2 0.093750 0.100586 0.054688 0.052734
2 0.647461 0.109375 0.087891 0.058594
2 0.906250 0.140625 0.050781 0.050781
2 0.091797 0.149414 0.062500 0.052734
2 0.155273 0.145508 0.060547 0.048828
2 0.553711 0.137695 0.001953 0.001953
2 0.298828 0.175781 0.082031 0.066406
2 0.690430 0.240234 0.048828 0.171875
2 0.553711 0.326172 0.115234 0.339844
2 0.774414 0.185547 0.080078 0.054688
2 0.892578 0.237305 0.058594 0.056641
2 0.125977 0.258789 0.087891 0.095703
2 0.280273 0.269531 0.107422 0.105469
2 0.758789 0.241211 0.064453 0.048828
2 0.317383 0.327148 0.005859 0.005859
2 0.985352 0.383789 0.029297 0.091797
2 0.876953 0.378906 0.050781 0.054688
2 0.843750 0.484375 0.050781 0.117188
2 0.971680 0.475586 0.056641 0.060547
2 0.268555 0.540039 0.123047 0.103516
2 0.955078 0.526367 0.062500 0.060547
2 0.025391 0.578125 0.050781 0.062500
2 0.528320 0.599609 0.060547 0.078125
2 0.579102 0.602539 0.052734 0.072266
2 0.100586 0.635742 0.056641 0.064453
2 0.380859 0.664062 0.082031 0.093750
2 0.691406 0.703125 0.062500 0.058594
2 0.970703 0.697266 0.058594 0.050781
2 0.570312 0.759766 0.042969 0.085938
2 0.252930 0.820312 0.126953 0.191406
2 0.416992 0.748047 0.146484 0.046875
2 0.775391 0.771484 0.085938 0.070312
2 0.198242 0.756836 0.001953 0.005859
2 0.206055 0.758789 0.001953 0.001953
2 0.424805 0.846680 0.173828 0.052734
2 0.596680 0.877930 0.056641 0.072266
2 0.668945 0.872070 0.072266 0.056641
2 0.406250 0.897461 0.140625 0.048828
2 0.583008 0.958008 0.083984 0.083984
2 0.228516 0.925781 0.011719 0.003906
2 0.165039 0.967773 0.041016 0.064453
2 0.403320 0.983398 0.138672 0.033203
3 0.472656 0.636719 0.074219 0.164062
5 0.500000 0.500000 1.000000 1.000000
6 0.458984 0.067383 0.089844 0.134766
6 0.432617 0.292969 0.150391 0.312500
6 0.386719 0.169922 0.007812 0.019531
6 0.486328 0.188477 0.003906 0.001953
6 0.878906 0.792969 0.121094 0.296875
6 0.911133 0.898438 0.009766 0.031250
6 0.897461 0.947266 0.005859 0.003906
