0 0.449219 0.330078 0.054688 0.058594
0 0.380859 0.693359 0.054688 0.097656
0 0.828125 0.837891 0.343750 0.324219
2 0.855469 0.068359 0.082031 0.136719
2 0.921875 0.003906 0.011719 0.007812
2 0.960938 0.088867 0.078125 0.173828
2 0.625977 0.042969 0.044922 0.074219
2 0.932617 0.004883 0.005859 0.001953
2 0.784180 0.088867 0.060547 0.064453
2 0.608398 0.140625 0.037109 0.039062
2 0.513672 0.191406 0.101562 0.121094
2 0.748047 0.211914 0.058594 0.150391
2 0.858398 0.201172 0.064453 0.058594
2 0.576172 0.196289 0.003906 0.005859
2 0.589844 0.193359 0.003906 0.003906
2 0.590820 0.234375 0.072266 0.066406
2 0.830078 0.281250 0.062500 0.105469
2 0.057617 0.285156 0.087891 0.058594
2 0.332031 0.383789 0.085938 0.228516
2 0.233398 0.325195 0.076172 0.060547
2 0.500977 0.381836 0.076172 0.080078
2 0.578125 0.380859 0.042969 0.046875
2 0.021484 0.425781 0.042969 0.054688
2 0.715820 0.435547 0.064453 0.066406
2 0.818359 0.434570 0.035156 0.037109
2 0.294922 0.528320 0.109375 0.177734
2 0.016602 0.501953 0.033203 0.062500
2 0.198242 0.514648 0.044922 0.060547
2 0.658203 0.520508 0.050781 0.056641
2 0.882812 0.570312 0.085938 0.078125
2 0.685547 0.575195 0.085938 0.052734
2 0.971680 0.639648 0.056641 0.076172
2 0.023438 0.670898 0.046875 0.068359
2 0.325195 0.669922 0.060547 0.050781
2 0.533203 0.667969 0.050781 0.042969
2 0.202148 0.825195 0.103516 0.349609
2 0.105469 0.683594 0.031250 0.058594
2 0.741211 0.708008 0.220703 0.068359
2 0.541992 0.760742 0.099609 0.060547
2 0.384766 0.772461 0.046875 0.060547
2 0.096680 0.749023 0.001953 0.001953
2 0.102539 0.749023 0.005859 0.001953
2 0.112305 0.752930 0.001953 0.001953
2 0.325195 0.875977 0.091797 0.248047
2 0.865234 0.779297 0.058594 0.054688
2 0.332031 0.759766 0.007812 0.007812
2 0.108398 0.886719 0.087891 0.226562
2 0.026367 0.804688 0.052734 0.046875
2 0.409180 0.920898 0.037109 0.158203
4 0.441406 0.004883 0.003906 0.009766
4 0.441406 0.015625 0.003906 0.007812
4 0.439453 0.029297 0.007812 0.015625
4 0.764648 0.871094 0.248047 0.093750
5 0.500000 0.500000 1.000000 1.000000
6 0.205078 0.108398 0.410156 0.216797
