0 0.614258 0.874023 0.716797 0.251953
0 0.970703 0.974609 0.003906 0.003906
0 0.997070 0.980469 0.005859 0.003906
0 0.972656 0.990234 0.003906 0.003906
0 0.963867 0.995117 0.005859 0.001953
0 0.986328 0.997070 0.003906 0.005859
0 0.996094 0.997070 0.007812 0.005859
4 0.524414 0.176758 0.587891 0.298828
4 0.943359 0.518555 0.113281 0.388672
4 0.366211 0.434570 0.212891 0.212891
4 0.190430 0.458008 0.197266 0.228516
4 0.049805 0.413086 0.099609 0.111328
4 0.077148 0.560547 0.154297 0.195312
4 0.415039 0.615234 0.205078 0.191406
4 0.250000 0.652344 0.175781 0.191406
4 0.114258 0.770508 0.228516 0.232422
4 0.379883 0.740234 0.318359 0.128906
4 0.458008 0.706055 0.001953 0.001953
4 0.465820 0.706055 0.001953 0.001953
4 0.989258 0.712891 0.001953 0.003906
4 0.428711 0.839844 0.291016 0.187500
4 0.216797 0.767578 0.003906 0.003906
4 0.129883 0.938477 0.259766 0.123047
4 0.287109 0.888672 0.003906 0.003906
4 0.372070 0.926758 0.009766 0.005859
4 0.389648 0.927734 0.013672 0.007812
5 0.792969 0.114258 0.359375 0.228516
6 0.122070 0.211914 0.244141 0.283203
6 0.720703 0.609375 0.550781 0.574219
6 0.870117 0.352539 0.005859 0.005859
6 0.885742 0.386719 0.001953 0.003906
6 0.907227 0.465820 0.001953 0.005859
6 0.907227 0.479492 0.005859 0.013672
6 0.901367 0.480469 0.001953 0.003906
6 0.904297 0.494141 0.011719 0.011719
6 0.930664 0.572266 0.009766 0.011719
6 0.934570 0.588867 0.009766 0.009766
6 0.935547 0.605469 0.011719 0.011719
6 0.935547 0.620117 0.015625 0.013672
6 0.935547 0.634766 0.015625 0.011719
6 0.946289 0.636719 0.001953 0.003906
6 0.909180 0.649414 0.001953 0.001953
6 0.916016 0.652344 0.003906 0.003906
6 0.932617 0.651367 0.001953 0.001953
6 0.987305 0.807617 0.009766 0.044922
6 0.988281 0.833984 0.003906 0.003906
6 0.987305 0.868164 0.001953 0.005859
