0 0.586914 0.079102 0.150391 0.158203
0 0.921875 0.093750 0.156250 0.187500
0 0.887695 0.405273 0.224609 0.318359
0 0.154297 0.589844 0.066406 0.097656
0 0.191406 0.709961 0.125000 0.080078
0 0.179688 0.806641 0.148438 0.062500
0 0.335938 0.918945 0.406250 0.162109
0 0.657227 0.935547 0.287109 0.128906
2 0.980469 0.036133 0.039062 0.025391
2 0.928711 0.134766 0.095703 0.066406
2 0.078125 0.292969 0.058594 0.242188
2 0.896484 0.304688 0.046875 0.050781
2 0.938477 0.376953 0.087891 0.058594
3 0.797852 0.829102 0.404297 0.341797
4 0.773438 0.182617 0.144531 0.365234
4 0.745117 0.503906 0.072266 0.136719
5 0.500000 0.500000 1.000000 1.000000
