0 0.500000 0.500000 1.000000 1.000000
0 0.359375 0.334961 0.003906 0.001953
0 0.354492 0.343750 0.009766 0.011719
0 0.728516 0.389648 0.003906 0.001953
0 0.720703 0.400391 0.003906 0.007812
0 0.746094 0.395508 0.003906 0.001953
0 0.751953 0.396484 0.003906 0.003906
0 0.751953 0.401367 0.003906 0.001953
0 0.727539 0.407227 0.001953 0.001953
0 0.728516 0.423828 0.003906 0.003906
0 0.744141 0.424805 0.003906 0.005859
0 0.995117 0.459961 0.009766 0.017578
0 0.975586 0.462891 0.013672 0.019531
0 0.986328 0.465820 0.003906 0.001953
0 0.774414 0.469727 0.001953 0.001953
0 0.974609 0.481445 0.011719 0.013672
0 0.995117 0.473633 0.001953 0.001953
0 0.994141 0.482422 0.003906 0.003906
0 0.974609 0.504883 0.011719 0.029297
0 0.994141 0.498047 0.003906 0.003906
0 0.792969 0.517578 0.011719 0.011719
0 0.822266 0.513672 0.003906 0.003906
0 0.994141 0.514648 0.003906 0.001953
0 0.968750 0.545898 0.062500 0.052734
0 0.995117 0.520508 0.001953 0.001953
0 0.862305 0.524414 0.001953 0.001953
0 0.837891 0.536133 0.003906 0.005859
0 0.930664 0.548828 0.005859 0.007812
0 0.919922 0.566406 0.019531 0.011719
0 0.940430 0.560547 0.001953 0.003906
0 0.944336 0.564453 0.001953 0.003906
0 0.987305 0.575195 0.001953 0.001953
0 0.995117 0.577148 0.005859 0.005859
0 0.927734 0.580078 0.003906 0.003906
0 0.994141 0.583984 0.003906 0.003906
0 0.955078 0.591797 0.003906 0.003906
0 0.987305 0.591797 0.001953 0.003906
0 0.992188 0.611328 0.015625 0.042969
0 0.959961 0.596680 0.001953 0.001953
0 0.971680 0.600586 0.001953 0.001953
0 0.101562 0.609375 0.093750 0.015625
0 0.970703 0.607422 0.003906 0.003906
0 0.978516 0.611328 0.003906 0.003906
0 0.975586 0.623047 0.013672 0.019531
0 0.049805 0.627930 0.005859 0.021484
0 0.154297 0.618164 0.003906 0.001953
0 0.164062 0.620117 0.003906 0.001953
0 0.175781 0.622070 0.003906 0.001953
0 0.183594 0.624023 0.003906 0.001953
0 0.991211 0.637695 0.013672 0.005859
0 0.970703 0.638672 0.003906 0.003906
0 0.977539 0.638672 0.001953 0.003906
0 0.962891 0.644531 0.003906 0.003906
0 0.041992 0.655273 0.001953 0.001953
0 0.036133 0.694336 0.025391 0.044922
0 0.053711 0.686523 0.001953 0.001953
0 0.060547 0.690430 0.003906 0.005859
0 0.912109 0.697266 0.003906 0.003906
0 0.135742 0.708008 0.001953 0.001953
0 0.166016 0.708984 0.003906 0.003906
0 0.994141 0.717773 0.003906 0.001953
0 0.913086 0.720703 0.001953 0.003906
0 0.359375 0.731445 0.007812 0.001953
0 0.377930 0.733398 0.005859 0.001953
0 0.125977 0.868164 0.251953 0.263672
0 0.416992 0.739258 0.001953 0.001953
0 0.427734 0.741211 0.003906 0.001953
0 0.179688 0.743164 0.003906 0.001953
0 0.926758 0.759766 0.009766 0.011719
0 0.912109 0.759766 0.003906 0.003906
0 0.943359 0.784180 0.011719 0.029297
0 0.946289 0.770508 0.001953 0.001953
0 0.958984 0.803711 0.011719 0.005859
0 0.931641 0.811523 0.003906 0.001953
0 0.916016 0.817383 0.003906 0.001953
0 0.931641 0.817383 0.003906 0.001953
2 0.119141 0.674805 0.175781 0.138672
2 0.411133 0.713867 0.169922 0.111328
2 0.096680 0.830078 0.154297 0.097656
2 0.380859 0.861328 0.140625 0.066406
2 0.077148 0.962891 0.154297 0.074219
5 0.196289 0.811523 0.392578 0.376953
