0 0.244141 0.335938 0.488281 0.671875
0 0.895508 0.453125 0.208984 0.113281
0 0.337891 0.424805 0.003906 0.001953
0 0.324219 0.448242 0.007812 0.005859
2 0.299805 0.122070 0.212891 0.244141
2 0.705078 0.148438 0.054688 0.062500
2 0.762695 0.197266 0.048828 0.054688
2 0.839844 0.206055 0.039062 0.060547
2 0.633789 0.215820 0.099609 0.048828
2 0.732422 0.243164 0.035156 0.033203
2 0.699219 0.285156 0.070312 0.042969
2 0.646484 0.302734 0.050781 0.046875
2 0.747070 0.375977 0.146484 0.107422
2 0.333984 0.581055 0.445312 0.267578
2 0.761719 0.494141 0.042969 0.035156
2 0.713867 0.504883 0.044922 0.037109
2 0.915039 0.578125 0.169922 0.070312
2 0.783203 0.643555 0.136719 0.150391
2 0.881836 0.654297 0.064453 0.039062
2 0.921875 0.773438 0.156250 0.058594
2 0.361328 0.831055 0.109375 0.068359
2 0.982422 0.815430 0.035156 0.033203
2 0.983398 0.910156 0.033203 0.097656
2 0.940430 0.935547 0.064453 0.035156
4 0.565430 0.868164 0.181641 0.134766
4 0.377930 0.937500 0.169922 0.125000
5 0.579102 0.500000 0.470703 1.000000
