0 0.866211 0.124023 0.107422 0.248047
1 0.229492 0.102539 0.142578 0.205078
1 0.813477 0.226562 0.056641 0.160156
2 0.939453 0.018555 0.003906 0.001953
2 0.886719 0.214844 0.226562 0.382812
2 0.754883 0.109375 0.212891 0.117188
2 0.649414 0.168945 0.013672 0.017578
2 0.474609 0.344727 0.093750 0.091797
2 0.733398 0.342773 0.083984 0.064453
2 0.406250 0.403320 0.035156 0.048828
2 0.631836 0.423828 0.072266 0.066406
2 0.433594 0.404297 0.011719 0.011719
2 0.687500 0.409180 0.015625 0.009766
2 0.928711 0.403320 0.001953 0.001953
2 0.707031 0.435547 0.070312 0.058594
2 0.482422 0.461914 0.152344 0.099609
2 0.788086 0.450195 0.068359 0.060547
2 0.864258 0.459961 0.072266 0.068359
2 0.916992 0.445312 0.001953 0.003906
2 0.913086 0.453125 0.001953 0.003906
2 0.945312 0.482422 0.070312 0.054688
2 0.654297 0.498047 0.148438 0.078125
2 0.770508 0.513672 0.072266 0.070312
2 0.855469 0.524414 0.070312 0.056641
2 0.934570 0.539062 0.080078 0.066406
2 0.501953 0.552734 0.078125 0.058594
2 0.973633 0.527344 0.005859 0.007812
2 0.606445 0.583984 0.083984 0.070312
2 0.824219 0.551758 0.003906 0.001953
2 0.670898 0.620117 0.060547 0.068359
2 0.802734 0.632812 0.074219 0.093750
2 0.680664 0.592773 0.001953 0.001953
2 0.686523 0.595703 0.005859 0.003906
2 0.737305 0.631836 0.060547 0.068359
2 0.909180 0.637695 0.134766 0.076172
3 0.083984 0.326172 0.167969 0.207031
4 0.217773 0.484375 0.318359 0.101562
5 0.736328 0.500000 0.527344 1.000000
