0 0.740234 0.301758 0.367188 0.509766
0 0.654297 0.081055 0.003906 0.001953
0 0.849609 0.120117 0.007812 0.005859
0 0.559570 0.214844 0.005859 0.011719
0 0.951172 0.306641 0.097656 0.078125
0 0.111328 0.760742 0.171875 0.095703
0 0.250977 0.939453 0.166016 0.089844
1 0.375977 0.250977 0.533203 0.501953
1 0.464844 0.727539 0.441406 0.435547
1 0.888672 0.668945 0.222656 0.150391
1 0.795898 0.831055 0.408203 0.337891
2 0.016602 0.158203 0.033203 0.054688
2 0.030273 0.308594 0.060547 0.195312
2 0.318359 0.286133 0.093750 0.076172
2 0.061523 0.585938 0.083984 0.078125
2 0.168945 0.639648 0.103516 0.111328
2 0.076172 0.699219 0.085938 0.054688
2 0.250000 0.748047 0.066406 0.058594
2 0.167969 0.843750 0.335938 0.101562
2 0.026367 0.945312 0.052734 0.066406
5 0.283203 0.500000 0.500000 1.000000
