0 0.587891 0.356445 0.179688 0.123047
0 0.498047 0.305664 0.003906 0.013672
0 0.530273 0.306641 0.021484 0.015625
0 0.512695 0.317383 0.001953 0.001953
0 0.416992 0.473633 0.169922 0.232422
0 0.076172 0.474609 0.003906 0.003906
0 0.204102 0.584961 0.166016 0.220703
0 0.069336 0.483398 0.001953 0.001953
0 0.076172 0.487305 0.003906 0.009766
0 0.104492 0.662109 0.208984 0.332031
0 0.325195 0.498047 0.001953 0.003906
0 0.114258 0.506836 0.001953 0.001953
0 0.115234 0.513672 0.003906 0.003906
0 0.662109 0.616211 0.214844 0.185547
0 0.728516 0.624023 0.003906 0.001953
0 0.258789 0.676758 0.005859 0.005859
0 0.668945 0.684570 0.001953 0.001953
0 0.686523 0.803711 0.263672 0.205078
0 0.589844 0.710938 0.007812 0.003906
0 0.738281 0.863281 0.003906 0.003906
0 0.120117 0.959961 0.224609 0.080078
1 0.742188 0.421875 0.128906 0.171875
1 0.549805 0.469727 0.123047 0.083984
1 0.551758 0.516602 0.005859 0.001953
1 0.022461 0.528320 0.001953 0.001953
1 0.028320 0.532227 0.001953 0.001953
1 0.580078 0.610352 0.167969 0.123047
1 0.081055 0.586914 0.001953 0.001953
1 0.096680 0.602539 0.001953 0.001953
1 0.120117 0.637695 0.001953 0.001953
1 0.148438 0.654297 0.003906 0.003906
1 0.664062 0.712891 0.113281 0.070312
1 0.168945 0.749023 0.001953 0.001953
1 0.143555 0.760742 0.001953 0.001953
1 0.134766 0.767578 0.003906 0.003906
1 0.125977 0.776367 0.005859 0.005859
1 0.112305 0.784180 0.001953 0.001953
1 0.098633 0.791992 0.001953 0.001953
1 0.067383 0.799805 0.001953 0.001953
1 0.057617 0.801758 0.001953 0.001953
2 0.499023 0.133789 0.142578 0.150391
2 0.976562 0.146484 0.039062 0.046875
2 0.986328 0.207031 0.027344 0.074219
2 0.837891 0.416016 0.054688 0.085938
2 0.242188 0.540039 0.066406 0.072266
2 0.882812 0.572266 0.035156 0.031250
2 0.357422 0.649414 0.167969 0.126953
2 0.896484 0.617188 0.039062 0.039062
2 0.890625 0.682617 0.085938 0.064453
2 0.795898 0.696289 0.056641 0.064453
2 0.456055 0.775391 0.193359 0.140625
2 0.804688 0.762695 0.039062 0.041016
2 0.949219 0.906250 0.101562 0.187500
2 0.454102 0.881836 0.095703 0.091797
2 0.090820 0.915039 0.076172 0.091797
2 0.580078 0.944336 0.148438 0.111328
2 0.602539 0.896484 0.005859 0.003906
2 0.504883 0.946289 0.111328 0.083984
2 0.248047 0.955078 0.074219 0.070312
3 0.657227 0.104492 0.150391 0.208984
5 0.742188 0.218750 0.515625 0.289062
5 0.229492 0.455078 0.244141 0.105469
5 0.229492 0.704102 0.458984 0.591797
