2 0.693359 0.027344 0.062500 0.054688
2 0.446289 0.039062 0.068359 0.039062
2 0.058594 0.125000 0.117188 0.066406
2 0.653320 0.152344 0.107422 0.101562
2 0.516602 0.175781 0.150391 0.097656
2 0.847656 0.171875 0.070312 0.085938
2 0.097656 0.185547 0.070312 0.042969
2 0.320312 0.187500 0.082031 0.039062
2 0.349609 0.225586 0.070312 0.041016
2 0.099609 0.234375 0.070312 0.046875
2 0.601562 0.279297 0.058594 0.066406
2 0.100586 0.285156 0.068359 0.042969
2 0.780273 0.323242 0.068359 0.087891
2 0.638672 0.326172 0.066406 0.062500
2 0.260742 0.314453 0.076172 0.035156
2 0.441406 0.330078 0.093750 0.066406
2 0.963867 0.348633 0.072266 0.072266
2 0.091797 0.386719 0.050781 0.066406
2 0.018555 0.385742 0.037109 0.060547
2 0.652344 0.429688 0.101562 0.125000
2 0.449219 0.396484 0.042969 0.042969
2 0.957031 0.396484 0.011719 0.003906
2 0.499023 0.490234 0.064453 0.082031
2 0.441406 0.501953 0.058594 0.093750
2 0.073242 0.503906 0.130859 0.046875
2 0.142578 0.497070 0.003906 0.005859
2 0.142578 0.505859 0.003906 0.003906
2 0.677734 0.591797 0.035156 0.085938
2 0.439453 0.659180 0.050781 0.107422
2 0.245117 0.682617 0.115234 0.142578
2 0.941406 0.668945 0.054688 0.072266
2 0.079102 0.678711 0.048828 0.068359
2 0.387695 0.681641 0.056641 0.054688
2 0.675781 0.727539 0.125000 0.119141
2 0.578125 0.751953 0.062500 0.062500
2 0.490234 0.785156 0.039062 0.082031
2 0.330078 0.769531 0.046875 0.042969
2 0.172852 0.813477 0.041016 0.080078
2 0.412109 0.809570 0.046875 0.072266
2 0.664062 0.792969 0.003906 0.007812
2 0.025391 0.837891 0.050781 0.078125
2 0.658203 0.804688 0.011719 0.007812
2 0.646484 0.805664 0.003906 0.001953
2 0.702148 0.820312 0.052734 0.027344
2 0.816406 0.848633 0.066406 0.087891
2 0.489258 0.847656 0.037109 0.039062
2 0.290039 0.875000 0.044922 0.058594
2 0.707031 0.886719 0.078125 0.046875
2 0.915039 0.908203 0.103516 0.062500
2 0.821289 0.899414 0.013672 0.013672
2 0.896484 0.979492 0.074219 0.041016
2 0.702148 0.984375 0.041016 0.031250
5 0.500000 0.338867 1.000000 0.677734
5 0.387695 0.908203 0.775391 0.175781
