0 0.699219 0.135742 0.109375 0.013672
0 0.524414 0.592773 0.951172 0.814453
1 0.164062 0.061523 0.078125 0.123047
1 0.101562 0.467773 0.203125 0.529297
1 0.021484 0.264648 0.003906 0.005859
1 0.017578 0.289062 0.011719 0.019531
1 0.018555 0.314453 0.005859 0.019531
1 0.000977 0.372070 0.001953 0.001953
1 0.065430 0.525391 0.009766 0.003906
1 0.080078 0.525391 0.007812 0.003906
2 0.299805 0.051758 0.060547 0.103516
2 0.655273 0.029297 0.064453 0.058594
2 0.487305 0.055664 0.056641 0.068359
2 0.395508 0.041992 0.068359 0.033203
2 0.771484 0.041016 0.050781 0.031250
2 0.378906 0.079102 0.050781 0.041016
2 0.333008 0.084961 0.001953 0.001953
2 0.715820 0.170898 0.142578 0.068359
2 0.898438 0.187500 0.039062 0.066406
2 0.610352 0.191406 0.037109 0.027344
2 0.272461 0.210938 0.033203 0.042969
2 0.343750 0.234375 0.109375 0.093750
2 0.298828 0.259766 0.027344 0.039062
2 0.291016 0.342773 0.105469 0.052734
2 0.457031 0.363281 0.152344 0.035156
2 0.050781 0.764648 0.101562 0.470703
2 0.149414 0.736328 0.095703 0.367188
2 0.126953 0.974609 0.101562 0.050781
5 0.500000 0.260742 1.000000 0.392578
5 0.081055 0.252930 0.001953 0.005859
5 0.088867 0.767578 0.103516 0.464844
