0 0.361328 0.155273 0.109375 0.228516
0 0.126953 0.267578 0.078125 0.070312
0 0.356445 0.720703 0.126953 0.125000
0 0.279297 0.819336 0.074219 0.076172
1 0.692383 0.250977 0.087891 0.158203
2 0.056641 0.069336 0.113281 0.138672
2 0.485352 0.404297 0.263672 0.324219
2 0.548828 0.248047 0.003906 0.003906
2 0.298828 0.416016 0.136719 0.144531
2 0.588867 0.356445 0.001953 0.001953
2 0.361328 0.387695 0.003906 0.005859
2 0.368164 0.395508 0.001953 0.001953
2 0.059570 0.625977 0.103516 0.095703
2 0.187500 0.668945 0.078125 0.080078
2 0.714844 0.709961 0.089844 0.076172
2 0.853516 0.739258 0.183594 0.099609
2 0.660156 0.852539 0.058594 0.068359
2 0.489258 0.915039 0.134766 0.169922
2 0.847656 0.956055 0.054688 0.087891
2 0.700195 0.945312 0.056641 0.058594
2 0.606445 0.956055 0.083984 0.052734
5 0.499023 0.684570 0.998047 0.455078
