0 0.569336 0.276367 0.107422 0.130859
0 0.745117 0.279297 0.041016 0.039062
0 0.789062 0.377930 0.062500 0.064453
0 0.480469 0.415039 0.062500 0.056641
0 0.441406 0.508789 0.164062 0.076172
0 0.781250 0.695312 0.101562 0.089844
0 0.335938 0.836914 0.078125 0.083984
2 0.782227 0.043945 0.083984 0.087891
2 0.971680 0.053711 0.056641 0.080078
2 0.202148 0.044922 0.041016 0.027344
2 0.066406 0.062500 0.066406 0.039062
2 0.399414 0.259766 0.271484 0.394531
2 0.363281 0.108398 0.039062 0.072266
2 0.171875 0.155273 0.214844 0.138672
2 0.932617 0.186523 0.103516 0.087891
2 0.082031 0.290039 0.164062 0.103516
2 0.936523 0.294922 0.056641 0.050781
2 0.381836 0.309570 0.130859 0.056641
2 0.163086 0.382812 0.251953 0.140625
2 0.657227 0.502930 0.279297 0.248047
2 0.208008 0.467773 0.099609 0.076172
2 0.118164 0.494141 0.072266 0.058594
2 0.869141 0.565430 0.042969 0.060547
2 0.322266 0.653320 0.152344 0.205078
2 0.862305 0.647461 0.064453 0.037109
2 0.610352 0.729492 0.126953 0.068359
2 0.869141 0.909180 0.058594 0.052734
4 0.460938 0.384766 0.703125 0.507812
4 0.674805 0.638672 0.271484 0.175781
5 0.248047 0.075195 0.496094 0.150391
5 0.865234 0.083008 0.093750 0.166016
5 0.947266 0.440430 0.105469 0.240234
5 0.167969 0.666992 0.335938 0.666016
5 0.916016 0.684570 0.054688 0.123047
5 0.584961 0.921875 0.408203 0.156250
5 0.952148 0.933594 0.052734 0.132812
