0 0.118164 0.625977 0.119141 0.123047
2 0.287109 0.066406 0.019531 0.074219
2 0.249023 0.065430 0.064453 0.068359
2 0.361328 0.056641 0.062500 0.035156
2 0.661133 0.089844 0.052734 0.070312
2 0.235352 0.206055 0.333984 0.146484
2 0.298828 0.135742 0.003906 0.001953
2 0.308594 0.136719 0.007812 0.003906
2 0.595703 0.182617 0.031250 0.037109
2 0.919922 0.250000 0.070312 0.082031
2 0.496094 0.248047 0.078125 0.066406
2 0.695312 0.326172 0.039062 0.093750
2 0.453125 0.320312 0.066406 0.078125
2 0.503906 0.384766 0.085938 0.054688
2 0.775391 0.393555 0.039062 0.076172
2 0.231445 0.435547 0.177734 0.125000
2 0.690430 0.437500 0.052734 0.089844
2 0.415039 0.433594 0.056641 0.046875
2 0.486328 0.472656 0.093750 0.085938
2 0.980469 0.490234 0.039062 0.074219
2 0.554688 0.534180 0.082031 0.083984
2 0.852539 0.516602 0.072266 0.037109
2 0.388672 0.557617 0.109375 0.056641
2 0.482422 0.556641 0.062500 0.058594
2 0.977539 0.593750 0.044922 0.066406
2 0.796875 0.615234 0.207031 0.097656
2 0.225586 0.607422 0.099609 0.062500
2 0.227539 0.697266 0.087891 0.121094
2 0.389648 0.686523 0.103516 0.048828
2 0.157227 0.734375 0.091797 0.066406
2 0.514648 0.745117 0.111328 0.072266
2 0.639648 0.752930 0.083984 0.064453
2 0.774414 0.751953 0.068359 0.066406
2 0.215820 0.737305 0.001953 0.005859
2 0.389648 0.758789 0.138672 0.048828
2 0.843750 0.777344 0.058594 0.039062
2 0.560547 0.771484 0.003906 0.003906
2 0.375977 0.843750 0.138672 0.070312
2 0.115234 0.859375 0.082031 0.046875
2 0.668945 0.851562 0.142578 0.031250
2 0.183594 0.895508 0.089844 0.080078
2 0.067383 0.938477 0.080078 0.080078
2 0.328125 0.941406 0.050781 0.039062
2 0.219727 0.952148 0.044922 0.029297
5 0.500000 0.500000 1.000000 1.000000
