0 0.187500 0.010742 0.097656 0.021484
0 0.285156 0.154297 0.042969 0.046875
0 0.461914 0.176758 0.025391 0.029297
0 0.081055 0.228516 0.162109 0.093750
0 0.456055 0.327148 0.138672 0.146484
0 0.185547 0.287109 0.039062 0.042969
0 0.214844 0.505859 0.121094 0.351562
0 0.955078 0.418945 0.089844 0.150391
0 0.520508 0.404297 0.064453 0.039062
0 0.737305 0.692383 0.423828 0.615234
0 0.984375 0.489258 0.031250 0.033203
0 0.340820 0.515625 0.048828 0.039062
0 0.318359 0.666992 0.085938 0.041016
0 0.218750 0.861328 0.437500 0.277344
2 0.485352 0.521484 0.236328 0.167969
2 0.396484 0.478516 0.003906 0.003906
2 0.419922 0.625000 0.105469 0.093750
4 0.483398 0.486328 0.966797 0.972656
4 0.864258 0.500000 0.271484 1.000000
4 0.223633 0.396484 0.013672 0.027344
4 0.796875 0.462891 0.011719 0.019531
4 0.515625 0.495117 0.007812 0.001953
4 0.529297 0.497070 0.007812 0.001953
4 0.546875 0.499023 0.007812 0.001953
4 0.975586 0.500977 0.001953 0.001953
4 0.981445 0.504883 0.001953 0.001953
4 0.640625 0.513672 0.011719 0.011719
4 0.421875 0.520508 0.015625 0.005859
4 0.443359 0.518555 0.003906 0.001953
4 0.548828 0.534180 0.015625 0.001953
4 0.538086 0.536133 0.001953 0.001953
4 0.419922 0.542969 0.003906 0.007812
4 0.434570 0.544922 0.001953 0.003906
4 0.442383 0.562500 0.001953 0.003906
4 0.645508 0.656250 0.123047 0.132812
4 0.551758 0.666992 0.029297 0.056641
4 0.571289 0.859375 0.337891 0.281250
4 0.686523 0.725586 0.001953 0.001953
4 0.114258 0.843750 0.029297 0.011719
4 0.129883 0.921875 0.041016 0.031250
4 0.000977 0.914062 0.001953 0.007812
4 0.000977 0.922852 0.001953 0.005859
4 0.000977 0.930664 0.001953 0.005859
4 0.084961 0.968750 0.169922 0.062500
5 0.805664 0.259766 0.384766 0.519531
5 0.483398 0.791016 0.220703 0.417969
