0 0.470703 0.116211 0.242188 0.232422
0 0.932617 0.202148 0.134766 0.376953
0 0.872070 0.238281 0.001953 0.003906
0 0.226562 0.868164 0.359375 0.255859
0 0.315430 0.739258 0.001953 0.001953
0 0.148438 0.774414 0.015625 0.013672
0 0.176758 0.771484 0.005859 0.003906
0 0.309570 0.780273 0.001953 0.001953
0 0.102539 0.799805 0.009766 0.009766
0 0.170898 0.818359 0.009766 0.011719
0 0.416016 0.828125 0.003906 0.015625
0 0.154297 0.834961 0.011719 0.009766
0 0.138672 0.836914 0.011719 0.005859
0 0.053711 0.887695 0.001953 0.001953
0 0.262695 0.977539 0.001953 0.001953
0 0.091797 0.987305 0.003906 0.001953
0 0.271484 0.987305 0.003906 0.001953
0 0.278320 0.987305 0.005859 0.005859
0 0.291016 0.988281 0.011719 0.007812
2 0.130859 0.015625 0.046875 0.031250
2 0.187500 0.014648 0.050781 0.029297
2 0.500000 0.014648 0.058594 0.029297
2 0.595703 0.023438 0.105469 0.046875
2 0.679688 0.029297 0.058594 0.058594
2 0.281250 0.030273 0.023438 0.033203
2 0.152344 0.066406 0.054688 0.054688
2 0.010742 0.145508 0.021484 0.037109
2 0.664062 0.157227 0.152344 0.052734
2 0.084961 0.164062 0.080078 0.054688
2 0.345703 0.173828 0.046875 0.054688
2 0.232422 0.234375 0.097656 0.074219
2 0.438477 0.250977 0.044922 0.083984
2 0.807617 0.290039 0.115234 0.083984
2 0.657227 0.283203 0.126953 0.066406
2 0.909180 0.448242 0.142578 0.115234
2 0.448242 0.585938 0.123047 0.070312
2 0.711914 0.682617 0.087891 0.083984
2 0.504883 0.796875 0.212891 0.148438
2 0.721680 0.753906 0.083984 0.058594
2 0.932617 0.808594 0.134766 0.070312
2 0.687500 0.861328 0.085938 0.089844
2 0.501953 0.933594 0.136719 0.101562
2 0.951172 0.948242 0.097656 0.068359
2 0.775391 0.960938 0.070312 0.046875
2 0.835938 0.945312 0.015625 0.015625
3 0.304688 0.464844 0.609375 0.316406
3 0.022461 0.334961 0.001953 0.001953
3 0.447266 0.362305 0.003906 0.001953
3 0.486328 0.370117 0.003906 0.001953
3 0.604492 0.392578 0.005859 0.003906
3 0.603516 0.431641 0.003906 0.003906
3 0.604492 0.461914 0.001953 0.001953
3 0.506836 0.585938 0.013672 0.031250
3 0.047852 0.608398 0.044922 0.033203
3 0.031250 0.626953 0.011719 0.011719
3 0.055664 0.629883 0.013672 0.013672
5 0.570312 0.500000 0.859375 1.000000
