0 0.038086 0.112305 0.076172 0.224609
0 0.315430 0.043945 0.103516 0.087891
0 0.817383 0.039062 0.169922 0.078125
0 0.987305 0.057617 0.025391 0.103516
0 0.605469 0.146484 0.292969 0.277344
0 0.432617 0.058594 0.060547 0.050781
0 0.793945 0.138672 0.169922 0.101562
0 0.426758 0.227539 0.146484 0.103516
0 0.826172 0.264648 0.121094 0.142578
0 0.284180 0.241211 0.095703 0.091797
0 0.998047 0.208984 0.003906 0.003906
0 0.966797 0.390625 0.066406 0.343750
0 0.196289 0.372070 0.052734 0.044922
0 0.446289 0.472656 0.076172 0.058594
0 0.783203 0.526367 0.039062 0.041016
0 0.076172 0.622070 0.140625 0.130859
0 0.822266 0.715820 0.109375 0.259766
0 0.606445 0.717773 0.150391 0.255859
0 0.676758 0.614258 0.001953 0.001953
0 0.970703 0.681641 0.058594 0.082031
0 0.037109 0.662109 0.003906 0.003906
0 0.546875 0.683594 0.011719 0.019531
0 0.674805 0.706055 0.001953 0.001953
0 0.980469 0.804688 0.003906 0.003906
0 0.967773 0.870117 0.064453 0.068359
0 0.829102 0.935547 0.029297 0.035156
2 0.242188 0.008789 0.074219 0.017578
2 0.156250 0.134766 0.199219 0.183594
2 0.095703 0.229492 0.101562 0.044922
2 0.199219 0.245117 0.078125 0.044922
2 0.504883 0.350586 0.041016 0.154297
2 0.641602 0.302734 0.072266 0.039062
2 0.621094 0.414062 0.175781 0.078125
2 0.719727 0.402344 0.005859 0.007812
2 0.701172 0.427734 0.003906 0.003906
2 0.918945 0.735352 0.037109 0.029297
2 0.920898 0.810547 0.060547 0.066406
4 0.041992 0.208984 0.001953 0.003906
4 0.049805 0.213867 0.005859 0.009766
4 0.130859 0.349609 0.261719 0.269531
4 0.064453 0.215820 0.003906 0.001953
4 0.208984 0.396484 0.003906 0.007812
4 0.232422 0.396484 0.003906 0.003906
4 0.232422 0.404297 0.003906 0.003906
4 0.620117 0.493164 0.181641 0.119141
5 0.247070 0.286133 0.009766 0.005859
5 0.252930 0.323242 0.001953 0.001953
5 0.252930 0.327148 0.001953 0.001953
5 0.250977 0.336914 0.001953 0.001953
5 0.250977 0.340820 0.001953 0.001953
5 0.249023 0.350586 0.001953 0.001953
5 0.249023 0.355469 0.001953 0.003906
5 0.500000 0.505859 1.000000 0.304688
5 0.235352 0.411133 0.029297 0.107422
5 0.003906 0.390625 0.007812 0.062500
5 0.000977 0.436523 0.001953 0.001953
5 0.227539 0.447266 0.001953 0.003906
5 0.220703 0.469727 0.003906 0.001953
6 0.930664 0.100586 0.099609 0.123047
6 0.385742 0.115234 0.083984 0.085938
6 0.926758 0.302734 0.087891 0.121094
6 0.360352 0.360352 0.208984 0.181641
6 0.247070 0.402344 0.001953 0.007812
6 0.892578 0.474609 0.089844 0.140625
6 0.269531 0.415039 0.003906 0.001953
6 0.313477 0.443359 0.005859 0.003906
6 0.893555 0.890625 0.107422 0.105469
6 0.939453 0.921875 0.003906 0.007812
