0 0.083008 0.230469 0.166016 0.257812
0 0.460938 0.303711 0.121094 0.123047
0 0.638672 0.288086 0.054688 0.091797
0 0.502930 0.615234 0.072266 0.070312
0 0.322266 0.732422 0.257812 0.156250
0 0.134766 0.810547 0.003906 0.003906
0 0.142578 0.809570 0.003906 0.001953
0 0.207031 0.909180 0.296875 0.181641
0 0.083008 0.895508 0.021484 0.009766
0 0.084961 0.908203 0.013672 0.011719
0 0.059570 0.989258 0.005859 0.013672
0 0.043945 0.989258 0.001953 0.005859
2 0.729492 0.039062 0.208984 0.078125
2 0.512695 0.073242 0.095703 0.044922
2 0.496094 0.176758 0.070312 0.072266
2 0.948242 0.175781 0.103516 0.054688
2 0.678711 0.207031 0.060547 0.066406
2 0.286133 0.271484 0.244141 0.179688
2 0.824219 0.253906 0.042969 0.058594
2 0.541992 0.311523 0.048828 0.087891
2 0.875000 0.374023 0.222656 0.158203
2 0.826172 0.310547 0.003906 0.003906
2 0.382812 0.413086 0.070312 0.091797
2 0.786133 0.534180 0.228516 0.087891
2 0.965820 0.529297 0.041016 0.082031
2 0.634766 0.514648 0.062500 0.025391
2 0.393555 0.545898 0.232422 0.072266
2 0.674805 0.528320 0.005859 0.009766
2 0.635742 0.565430 0.068359 0.044922
2 0.303711 0.602539 0.041016 0.048828
2 0.976562 0.764648 0.046875 0.251953
2 0.811523 0.680664 0.158203 0.076172
2 0.437500 0.667969 0.035156 0.027344
2 0.676758 0.690430 0.111328 0.072266
2 0.069336 0.691406 0.037109 0.042969
2 0.140625 0.697266 0.062500 0.054688
2 0.874023 0.738281 0.107422 0.046875
2 0.485352 0.761719 0.072266 0.066406
2 0.735352 0.758789 0.126953 0.052734
2 0.605469 0.759766 0.003906 0.003906
2 0.602539 0.836914 0.068359 0.142578
2 0.742188 0.802734 0.070312 0.042969
2 0.031250 0.837891 0.062500 0.074219
2 0.491211 0.831055 0.060547 0.029297
2 0.271484 0.849609 0.058594 0.054688
2 0.208984 0.850586 0.039062 0.048828
2 0.463867 0.879883 0.111328 0.072266
2 0.037109 0.904297 0.035156 0.058594
2 0.989258 0.885742 0.001953 0.001953
2 0.966797 0.892578 0.003906 0.011719
2 0.984375 0.896484 0.015625 0.015625
2 0.598633 0.945312 0.068359 0.054688
2 0.477539 0.945312 0.076172 0.042969
2 0.731445 0.948242 0.193359 0.052734
2 0.600586 0.986328 0.072266 0.027344
2 0.864258 0.987305 0.072266 0.025391
4 0.285156 0.039062 0.570312 0.078125
4 0.005859 0.077148 0.007812 0.005859
5 0.500000 0.500000 1.000000 1.000000
5 0.312500 0.644531 0.300781 0.035156
5 0.945312 0.851562 0.042969 0.296875
