0 0.422852 0.112305 0.224609 0.224609
0 0.528320 0.166992 0.048828 0.056641
0 0.146484 0.250977 0.199219 0.142578
0 0.105469 0.184570 0.007812 0.005859
0 0.779297 0.308594 0.144531 0.160156
0 0.161133 0.380859 0.216797 0.140625
0 0.833984 0.377930 0.003906 0.001953
0 0.840820 0.377930 0.001953 0.001953
0 0.362305 0.461914 0.115234 0.103516
0 0.272461 0.466797 0.076172 0.066406
0 0.878906 0.583008 0.242188 0.181641
0 0.894531 0.504883 0.003906 0.001953
0 0.663086 0.585938 0.107422 0.074219
0 0.525391 0.645508 0.117188 0.083984
0 0.970703 0.681641 0.058594 0.078125
0 0.855469 0.660156 0.007812 0.007812
0 0.831055 0.677734 0.009766 0.003906
0 0.070312 0.711914 0.042969 0.044922
0 0.852539 0.777344 0.064453 0.167969
0 0.786133 0.956055 0.064453 0.052734
2 0.755859 0.134766 0.183594 0.269531
2 0.904297 0.163086 0.164062 0.326172
2 0.175781 0.080078 0.070312 0.058594
2 0.246094 0.094727 0.066406 0.064453
2 0.458984 0.132812 0.078125 0.117188
2 0.065430 0.098633 0.080078 0.041016
2 0.563477 0.221680 0.181641 0.103516
2 0.196289 0.204102 0.068359 0.037109
2 0.638672 0.211914 0.003906 0.001953
2 0.052734 0.256836 0.039062 0.033203
2 0.327148 0.343750 0.138672 0.125000
2 0.071289 0.333008 0.076172 0.080078
2 0.847656 0.361328 0.089844 0.066406
2 0.974609 0.393555 0.050781 0.115234
2 0.683594 0.442383 0.167969 0.119141
2 0.696289 0.387695 0.001953 0.001953
2 0.833984 0.387695 0.003906 0.001953
2 0.657227 0.405273 0.005859 0.009766
2 0.119141 0.538086 0.156250 0.212891
2 0.941406 0.468750 0.117188 0.078125
2 0.643555 0.439453 0.009766 0.003906
2 0.506836 0.515625 0.072266 0.035156
2 0.541016 0.514648 0.003906 0.005859
2 0.677734 0.533203 0.101562 0.031250
2 0.511719 0.571289 0.070312 0.068359
2 0.222656 0.596680 0.089844 0.072266
2 0.137695 0.593750 0.052734 0.050781
2 0.938477 0.731445 0.123047 0.275391
2 0.311523 0.637695 0.076172 0.068359
2 0.508789 0.745117 0.123047 0.158203
2 0.758789 0.687500 0.060547 0.031250
2 0.618164 0.752930 0.107422 0.115234
2 0.279297 0.791016 0.101562 0.140625
2 0.752930 0.759766 0.060547 0.058594
2 0.744141 0.820312 0.066406 0.093750
2 0.590820 0.845703 0.083984 0.070312
2 0.426758 0.869141 0.091797 0.078125
2 0.130859 0.872070 0.144531 0.080078
2 0.232422 0.903320 0.035156 0.029297
2 0.893555 0.967773 0.150391 0.064453
2 0.503906 0.973633 0.097656 0.052734
2 0.583008 0.972656 0.064453 0.054688
2 0.407227 0.978516 0.083984 0.042969
2 0.228516 0.986328 0.042969 0.027344
2 0.099609 0.988281 0.125000 0.023438
5 0.500000 0.507812 1.000000 0.984375
