0 0.454102 0.129883 0.228516 0.259766
0 0.029297 0.174805 0.058594 0.048828
0 0.842773 0.207031 0.083984 0.078125
0 0.168945 0.216797 0.142578 0.085938
0 0.264648 0.333008 0.060547 0.130859
0 0.297852 0.562500 0.044922 0.042969
0 0.400391 0.593750 0.062500 0.062500
0 0.589844 0.619141 0.070312 0.046875
0 0.314453 0.623047 0.046875 0.042969
0 0.051758 0.716797 0.041016 0.105469
0 0.420898 0.745117 0.060547 0.048828
0 0.344727 0.746094 0.064453 0.042969
0 0.511719 0.809570 0.046875 0.033203
0 0.352539 0.832031 0.044922 0.054688
0 0.429688 0.873047 0.050781 0.070312
0 0.550781 0.898438 0.046875 0.042969
0 0.368164 0.960938 0.060547 0.035156
2 0.444336 0.154297 0.080078 0.078125
2 0.922852 0.236328 0.064453 0.054688
3 0.542969 0.421875 0.496094 0.296875
3 0.946289 0.473633 0.107422 0.396484
3 0.121094 0.375977 0.207031 0.146484
3 0.190430 0.307617 0.001953 0.001953
3 0.108398 0.741211 0.216797 0.517578
3 0.500000 0.730469 0.285156 0.312500
3 0.393555 0.637695 0.001953 0.001953
3 0.409180 0.637695 0.001953 0.001953
3 0.415039 0.637695 0.001953 0.001953
3 0.989258 0.711914 0.021484 0.068359
3 0.440430 0.720703 0.009766 0.003906
3 0.229492 0.744141 0.001953 0.003906
3 0.506836 0.855469 0.068359 0.035156
3 0.580078 0.918945 0.003906 0.001953
3 0.586914 0.918945 0.001953 0.001953
3 0.598633 0.918945 0.001953 0.001953
3 0.531250 0.963867 0.203125 0.072266
3 0.597656 0.934570 0.003906 0.001953
3 0.615234 0.935547 0.007812 0.003906
4 0.226562 0.128906 0.343750 0.257812
4 0.729492 0.067383 0.306641 0.134766
4 0.151367 0.005859 0.001953 0.003906
4 0.166016 0.005859 0.003906 0.003906
4 0.173828 0.005859 0.003906 0.003906
4 0.185547 0.005859 0.011719 0.003906
4 0.184570 0.013672 0.005859 0.003906
4 0.573242 0.045898 0.001953 0.001953
4 0.582031 0.054688 0.007812 0.011719
4 0.568359 0.059570 0.035156 0.017578
4 0.956055 0.082031 0.068359 0.039062
4 0.635742 0.291016 0.482422 0.437500
4 0.112305 0.091797 0.001953 0.003906
4 0.072266 0.138672 0.046875 0.085938
4 0.646484 0.095703 0.003906 0.003906
4 0.692383 0.118164 0.001953 0.001953
4 0.704102 0.124023 0.025391 0.009766
4 0.686523 0.126953 0.001953 0.003906
4 0.737305 0.142578 0.009766 0.003906
4 0.748047 0.146484 0.003906 0.003906
4 0.767578 0.166016 0.027344 0.023438
4 0.711914 0.191406 0.076172 0.070312
4 0.748047 0.158203 0.003906 0.003906
4 0.790039 0.181641 0.009766 0.027344
4 0.518555 0.172852 0.001953 0.001953
4 0.763672 0.173828 0.003906 0.003906
4 0.069336 0.191406 0.021484 0.011719
4 0.074219 0.207031 0.019531 0.007812
4 0.779297 0.205078 0.003906 0.003906
4 0.748047 0.220703 0.003906 0.003906
4 0.754883 0.219727 0.001953 0.001953
4 0.603516 0.237305 0.003906 0.005859
4 0.614258 0.240234 0.005859 0.011719
4 0.183594 0.605469 0.292969 0.289062
4 0.795898 0.782227 0.408203 0.435547
4 0.249023 0.867188 0.138672 0.265625
4 0.927734 0.762695 0.003906 0.005859
4 0.693359 0.849609 0.003906 0.003906
4 0.686523 0.862305 0.001953 0.001953
4 0.693359 0.864258 0.003906 0.009766
