0 0.345703 0.090820 0.691406 0.181641
0 0.230469 0.270508 0.148438 0.146484
0 0.154297 0.244141 0.003906 0.011719
0 0.154297 0.267578 0.003906 0.015625
0 0.146484 0.268555 0.003906 0.013672
0 0.149414 0.317383 0.013672 0.009766
0 0.124023 0.721680 0.248047 0.302734
0 0.547852 0.700195 0.060547 0.228516
0 0.379883 0.694336 0.193359 0.197266
0 0.286133 0.830078 0.068359 0.128906
0 0.356445 0.784180 0.001953 0.001953
0 0.200195 0.825195 0.095703 0.080078
0 0.006836 0.852539 0.001953 0.001953
1 0.927734 0.500977 0.144531 0.404297
1 0.887695 0.403320 0.001953 0.001953
2 0.916992 0.082031 0.166016 0.164062
2 0.872070 0.028320 0.001953 0.001953
2 0.869141 0.037109 0.003906 0.003906
2 0.841797 0.164062 0.046875 0.050781
2 0.622070 0.697266 0.212891 0.347656
2 0.391602 0.571289 0.154297 0.041016
2 0.520508 0.566406 0.005859 0.007812
2 0.523438 0.645508 0.007812 0.048828
2 0.524414 0.684570 0.001953 0.001953
2 0.526367 0.688477 0.001953 0.001953
2 0.528320 0.695312 0.001953 0.003906
2 0.534180 0.709961 0.009766 0.021484
2 0.540039 0.731445 0.001953 0.005859
2 0.541992 0.761719 0.001953 0.003906
2 0.543945 0.768555 0.001953 0.001953
2 0.545898 0.777344 0.001953 0.003906
2 0.547852 0.782227 0.001953 0.001953
2 0.549805 0.789062 0.001953 0.003906
2 0.551758 0.795898 0.001953 0.001953
2 0.056641 0.928711 0.113281 0.142578
2 0.460938 0.945312 0.199219 0.109375
4 0.871094 0.821289 0.257812 0.357422
6 0.525391 0.263672 0.253906 0.281250
6 0.604492 0.332031 0.005859 0.003906
6 0.345703 0.487305 0.476562 0.189453
6 0.324219 0.417969 0.003906 0.003906
6 0.245117 0.463867 0.001953 0.001953
6 0.259766 0.463867 0.003906 0.001953
6 0.115234 0.468750 0.003906 0.003906
6 0.129883 0.467773 0.005859 0.005859
6 0.392578 0.529297 0.003906 0.003906
6 0.486328 0.528320 0.003906 0.001953
6 0.337891 0.542969 0.003906 0.003906
