0 0.864258 0.791992 0.271484 0.416016
2 0.702148 0.031250 0.072266 0.062500
2 0.895508 0.079102 0.060547 0.158203
2 0.362305 0.043945 0.060547 0.080078
2 0.102539 0.091797 0.083984 0.097656
2 0.590820 0.096680 0.083984 0.083984
2 0.725586 0.160156 0.208984 0.183594
2 0.448242 0.142578 0.087891 0.085938
2 0.915039 0.229492 0.169922 0.138672
2 0.261719 0.250000 0.171875 0.164062
2 0.712891 0.301758 0.097656 0.087891
2 0.905273 0.393555 0.189453 0.212891
2 0.447266 0.339844 0.089844 0.050781
2 0.773438 0.385742 0.074219 0.060547
2 0.221680 0.369141 0.005859 0.003906
2 0.296875 0.454102 0.281250 0.173828
2 0.220703 0.387695 0.003906 0.005859
2 0.506836 0.511719 0.126953 0.214844
2 0.680664 0.440430 0.189453 0.076172
2 0.150391 0.535156 0.062500 0.066406
2 0.610352 0.560547 0.087891 0.054688
2 0.300781 0.583008 0.207031 0.087891
3 0.638672 0.810547 0.207031 0.378906
3 0.707031 0.622070 0.003906 0.001953
3 0.331055 0.747070 0.369141 0.193359
3 0.262695 0.654297 0.001953 0.003906
3 0.395508 0.852539 0.001953 0.001953
3 0.405273 0.852539 0.001953 0.001953
3 0.411133 0.852539 0.005859 0.001953
4 0.058594 0.852539 0.117188 0.294922
5 0.443359 0.351562 0.769531 0.703125
