0 0.918945 0.806641 0.162109 0.386719
2 0.085938 0.077148 0.054688 0.041016
2 0.123047 0.129883 0.050781 0.083984
2 0.724609 0.228516 0.214844 0.144531
2 0.029297 0.197266 0.058594 0.054688
2 0.341797 0.208008 0.093750 0.037109
2 0.114258 0.248047 0.076172 0.054688
2 0.596680 0.338867 0.099609 0.134766
2 0.390625 0.342773 0.113281 0.107422
2 0.496094 0.349609 0.078125 0.078125
2 0.771484 0.387695 0.046875 0.060547
2 0.430664 0.432617 0.134766 0.087891
2 0.671875 0.443359 0.054688 0.078125
2 0.866211 0.436523 0.064453 0.068359
2 0.220703 0.462891 0.085938 0.101562
2 0.453125 0.513672 0.042969 0.035156
2 0.501953 0.550781 0.101562 0.035156
2 0.018555 0.560547 0.037109 0.046875
2 0.232422 0.646484 0.187500 0.148438
2 0.097656 0.682617 0.074219 0.060547
2 0.708984 0.761719 0.214844 0.191406
2 0.021484 0.744141 0.042969 0.050781
2 0.107422 0.779297 0.054688 0.046875
2 0.048828 0.865234 0.054688 0.105469
2 0.669922 0.929688 0.128906 0.140625
2 0.275391 0.938477 0.175781 0.099609
4 0.462891 0.056641 0.453125 0.113281
5 0.578125 0.500000 0.843750 1.000000
