1 0.714844 0.319336 0.058594 0.083984
2 0.217773 0.019531 0.048828 0.039062
2 0.405273 0.022461 0.142578 0.044922
2 0.670898 0.013672 0.072266 0.027344
2 0.583984 0.076172 0.082031 0.066406
2 0.166016 0.102539 0.039062 0.083984
2 0.369141 0.119141 0.070312 0.050781
2 0.440430 0.118164 0.068359 0.048828
2 0.583984 0.149414 0.082031 0.064453
2 0.364258 0.167969 0.080078 0.042969
2 0.444336 0.169922 0.076172 0.046875
2 0.745117 0.174805 0.056641 0.052734
2 0.587891 0.243164 0.078125 0.095703
2 0.414062 0.286133 0.179688 0.103516
2 0.227539 0.292969 0.052734 0.074219
2 0.364258 0.370117 0.091797 0.029297
2 0.190430 0.841797 0.185547 0.316406
4 0.882812 0.291992 0.144531 0.162109
4 0.908203 0.751953 0.183594 0.496094
5 0.092773 0.500000 0.123047 1.000000
6 0.665039 0.703125 0.154297 0.550781
6 0.440430 0.709961 0.220703 0.541016
6 0.460938 0.451172 0.007812 0.003906
6 0.706055 0.700195 0.001953 0.001953
6 0.607422 0.739258 0.003906 0.001953
6 0.536133 0.824219 0.001953 0.003906
6 0.605469 0.833984 0.011719 0.007812
6 0.604492 0.869141 0.001953 0.003906
6 0.604492 0.908203 0.001953 0.003906
6 0.537109 0.916016 0.003906 0.003906
6 0.599609 0.916016 0.007812 0.003906
6 0.528320 0.929688 0.021484 0.015625
6 0.592773 0.935547 0.005859 0.003906
6 0.541016 0.942383 0.003906 0.001953
6 0.385742 0.950195 0.001953 0.001953
