0 0.932617 0.330078 0.134766 0.109375
0 0.048828 0.552734 0.097656 0.339844
0 0.204102 0.434570 0.009766 0.009766
0 0.193359 0.434570 0.003906 0.001953
0 0.166016 0.511719 0.187500 0.140625
0 0.166016 0.461914 0.003906 0.005859
0 0.631836 0.573242 0.060547 0.052734
0 0.196289 0.644531 0.150391 0.140625
0 0.475586 0.696289 0.154297 0.181641
0 0.953125 0.711914 0.066406 0.064453
0 0.890625 0.931641 0.101562 0.136719
0 0.988281 0.948242 0.023438 0.009766
0 0.968750 0.949219 0.003906 0.003906
0 0.988281 0.962891 0.023438 0.011719
0 0.969727 0.965820 0.001953 0.001953
0 0.988281 0.979492 0.023438 0.009766
0 0.970703 0.981445 0.003906 0.001953
0 0.951172 0.997070 0.011719 0.005859
0 0.966797 0.996094 0.011719 0.007812
0 0.982422 0.996094 0.011719 0.007812
2 0.418945 0.026367 0.216797 0.052734
2 0.862305 0.028320 0.001953 0.001953
2 0.249023 0.060547 0.052734 0.042969
2 0.823242 0.070312 0.111328 0.050781
2 0.403320 0.090820 0.064453 0.056641
2 0.968750 0.101562 0.062500 0.062500
2 0.785156 0.148438 0.082031 0.105469
2 0.242188 0.141602 0.089844 0.060547
2 0.415039 0.147461 0.095703 0.060547
2 0.960938 0.166992 0.062500 0.064453
2 0.260742 0.205078 0.052734 0.058594
2 0.490234 0.206055 0.054688 0.056641
2 0.864258 0.238281 0.111328 0.121094
2 0.957031 0.232422 0.042969 0.050781
2 0.542969 0.258789 0.050781 0.052734
2 0.767578 0.265625 0.054688 0.070312
2 0.526367 0.333984 0.052734 0.082031
2 0.285156 0.337891 0.097656 0.074219
2 0.115234 0.385742 0.070312 0.083984
2 0.142578 0.369141 0.003906 0.003906
2 0.470703 0.437500 0.167969 0.062500
2 0.362305 0.478516 0.068359 0.125000
2 0.642578 0.485352 0.156250 0.130859
2 0.555664 0.434570 0.001953 0.001953
2 0.435547 0.571289 0.093750 0.091797
2 0.277344 0.735352 0.332031 0.380859
2 0.749023 0.708008 0.056641 0.294922
2 0.534180 0.629883 0.072266 0.037109
2 0.036133 0.750977 0.072266 0.076172
2 0.681641 0.781250 0.039062 0.058594
2 0.540039 0.809570 0.068359 0.072266
2 0.811523 0.894531 0.111328 0.210938
2 0.418945 0.848633 0.041016 0.060547
2 0.802734 0.818359 0.003906 0.003906
2 0.665039 0.886719 0.115234 0.093750
2 0.388672 0.916016 0.066406 0.085938
2 0.083984 0.963867 0.167969 0.072266
5 0.634766 0.208984 0.730469 0.417969
5 0.592773 0.804688 0.087891 0.390625
5 0.179688 0.916016 0.359375 0.167969
6 0.105469 0.174805 0.210938 0.349609
6 0.894531 0.557617 0.136719 0.306641
6 0.919922 0.512695 0.003906 0.009766
6 0.925781 0.628906 0.011719 0.007812
6 0.909180 0.643555 0.005859 0.005859
6 0.939453 0.644531 0.003906 0.003906
6 0.893555 0.659180 0.001953 0.001953
6 0.833984 0.673828 0.003906 0.003906
6 0.955078 0.821289 0.089844 0.224609
