0 0.742188 0.131836 0.335938 0.263672
0 0.801758 0.182617 0.001953 0.001953
0 0.810547 0.192383 0.011719 0.005859
0 0.837891 0.201172 0.003906 0.003906
0 0.852539 0.200195 0.001953 0.001953
0 0.838867 0.207031 0.005859 0.003906
0 0.824219 0.208008 0.003906 0.001953
0 0.801758 0.213867 0.001953 0.001953
0 0.867188 0.415039 0.265625 0.212891
0 0.757812 0.347656 0.046875 0.050781
0 0.978516 0.458984 0.003906 0.003906
0 0.983398 0.469727 0.009766 0.001953
0 0.895508 0.559570 0.005859 0.005859
0 0.885742 0.668945 0.072266 0.197266
0 0.080078 0.800781 0.160156 0.398438
0 0.492188 0.889648 0.289062 0.220703
1 0.230469 0.927734 0.136719 0.144531
2 0.921875 0.086914 0.066406 0.076172
2 0.442383 0.177734 0.123047 0.070312
2 0.306641 0.273438 0.070312 0.054688
2 0.192383 0.384766 0.056641 0.066406
2 0.079102 0.475586 0.119141 0.111328
2 0.455078 0.533203 0.125000 0.195312
2 0.942383 0.507812 0.064453 0.089844
2 0.769531 0.534180 0.121094 0.087891
2 0.630859 0.527344 0.050781 0.062500
2 0.957031 0.668945 0.085938 0.228516
2 0.798828 0.606445 0.074219 0.052734
2 0.030273 0.634766 0.060547 0.082031
2 0.142578 0.631836 0.003906 0.009766
2 0.139648 0.702148 0.064453 0.126953
2 0.259766 0.695312 0.183594 0.105469
2 0.160156 0.666016 0.007812 0.015625
2 0.774414 0.687500 0.052734 0.050781
2 0.373047 0.728516 0.050781 0.097656
2 0.448242 0.740234 0.072266 0.093750
2 0.559570 0.768555 0.154297 0.115234
2 0.772461 0.828125 0.189453 0.136719
2 0.968750 0.855469 0.054688 0.042969
2 0.323242 0.887695 0.068359 0.060547
5 0.239258 0.337891 0.052734 0.199219
5 0.500000 0.723633 1.000000 0.552734
6 0.157227 0.152344 0.173828 0.304688
6 0.106445 0.008789 0.005859 0.009766
6 0.208008 0.013672 0.001953 0.003906
6 0.596680 0.353516 0.119141 0.187500
6 0.614258 0.346680 0.001953 0.001953
6 0.355469 0.500000 0.085938 0.253906
