0 0.656250 0.190430 0.136719 0.107422
0 0.587891 0.167969 0.011719 0.015625
0 0.700195 0.367188 0.095703 0.074219
0 0.847656 0.392578 0.195312 0.093750
0 0.619141 0.501953 0.210938 0.203125
0 0.265625 0.483398 0.074219 0.087891
0 0.837891 0.546875 0.234375 0.117188
0 0.078125 0.711914 0.066406 0.064453
0 0.248047 0.794922 0.109375 0.097656
2 0.521484 0.060547 0.109375 0.117188
2 0.201172 0.101562 0.152344 0.109375
2 0.109375 0.146484 0.113281 0.152344
2 0.412109 0.109375 0.054688 0.042969
2 0.569336 0.204102 0.076172 0.072266
2 0.474609 0.210938 0.039062 0.078125
2 0.025391 0.227539 0.039062 0.041016
2 0.077148 0.232422 0.056641 0.050781
2 0.615234 0.298828 0.066406 0.093750
2 0.409180 0.326172 0.173828 0.089844
2 0.378906 0.379883 0.058594 0.033203
2 0.513672 0.403320 0.046875 0.044922
2 0.362305 0.427734 0.076172 0.054688
2 0.397461 0.556641 0.068359 0.066406
2 0.518555 0.699219 0.337891 0.179688
2 0.409180 0.747070 0.013672 0.009766
2 0.509766 0.780273 0.046875 0.044922
2 0.571289 0.803711 0.041016 0.048828
2 0.762695 0.820312 0.064453 0.046875
2 0.841797 0.823242 0.066406 0.048828
2 0.391602 0.845703 0.060547 0.058594
2 0.503906 0.855469 0.050781 0.070312
2 0.593750 0.860352 0.039062 0.048828
2 0.383789 0.912109 0.048828 0.046875
2 0.488281 0.948242 0.031250 0.044922
3 0.874023 0.239258 0.251953 0.244141
3 0.141602 0.310547 0.283203 0.148438
4 0.802734 0.052734 0.394531 0.105469
4 0.639648 0.056641 0.001953 0.003906
5 0.500000 0.500000 1.000000 1.000000
5 0.874023 0.450195 0.251953 0.041016
6 0.145508 0.640625 0.291016 0.585938
6 0.284180 0.518555 0.001953 0.001953
6 0.006836 0.685547 0.001953 0.003906
6 0.006836 0.716797 0.001953 0.003906
6 0.006836 0.728516 0.005859 0.007812
6 0.055664 0.733398 0.001953 0.001953
6 0.223633 0.743164 0.005859 0.001953
6 0.206055 0.756836 0.005859 0.009766
