0 0.201172 0.097656 0.234375 0.195312
0 0.420898 0.237305 0.048828 0.064453
0 0.546875 0.693359 0.175781 0.140625
0 0.222656 0.757812 0.062500 0.078125
2 0.719727 0.040039 0.068359 0.060547
2 0.051758 0.132812 0.103516 0.183594
2 0.775391 0.171875 0.148438 0.167969
2 0.945312 0.200195 0.109375 0.111328
2 0.845703 0.220703 0.066406 0.082031
2 0.610352 0.281250 0.119141 0.171875
2 0.195312 0.277344 0.078125 0.074219
2 0.499023 0.302734 0.123047 0.109375
2 0.887695 0.318359 0.107422 0.113281
2 0.974609 0.286133 0.050781 0.044922
2 0.903320 0.289062 0.001953 0.003906
2 0.705078 0.436523 0.199219 0.275391
2 0.157227 0.358398 0.083984 0.087891
2 0.085938 0.379883 0.078125 0.119141
2 0.564453 0.373047 0.066406 0.105469
2 0.872070 0.483398 0.072266 0.048828
2 0.209961 0.608398 0.123047 0.158203
2 0.891602 0.547852 0.048828 0.041016
2 0.426758 0.706055 0.087891 0.119141
2 0.775391 0.683594 0.078125 0.054688
2 0.155273 0.746094 0.060547 0.062500
2 0.058594 0.775391 0.117188 0.085938
2 0.754883 0.799805 0.162109 0.087891
2 0.921875 0.824219 0.058594 0.113281
2 0.640625 0.812500 0.042969 0.085938
2 0.529297 0.830078 0.097656 0.085938
2 0.413086 0.828125 0.064453 0.062500
2 0.173828 0.878906 0.074219 0.070312
2 0.738281 0.879883 0.066406 0.060547
2 0.680664 0.870117 0.029297 0.029297
2 0.522461 0.911133 0.072266 0.076172
2 0.593750 0.916992 0.062500 0.091797
2 0.458008 0.908203 0.044922 0.046875
2 0.375000 0.924805 0.046875 0.064453
2 0.251953 0.933594 0.078125 0.070312
2 0.171875 0.955078 0.082031 0.082031
2 0.914062 0.983398 0.144531 0.033203
4 0.355469 0.144531 0.191406 0.289062
4 0.685547 0.615234 0.121094 0.109375
5 0.500000 0.428711 1.000000 0.857422
5 0.727539 0.960938 0.544922 0.078125
6 0.459961 0.458008 0.333984 0.287109
6 0.105469 0.615234 0.210938 0.214844
6 0.087891 0.512695 0.003906 0.001953
6 0.418945 0.598633 0.001953 0.001953
