0 0.494141 0.047852 0.496094 0.095703
0 0.936523 0.064453 0.126953 0.128906
0 0.099609 0.205078 0.199219 0.375000
0 0.591797 0.225586 0.156250 0.228516
0 0.181641 0.383789 0.152344 0.201172
0 0.013672 0.408203 0.003906 0.003906
0 0.508789 0.557617 0.474609 0.287109
0 0.262695 0.449219 0.005859 0.007812
0 0.666016 0.467773 0.003906 0.001953
0 0.279297 0.505859 0.003906 0.007812
0 0.287109 0.516602 0.003906 0.005859
0 0.170898 0.662109 0.341797 0.226562
2 0.230469 0.100586 0.054688 0.080078
2 0.441406 0.123047 0.058594 0.046875
2 0.535156 0.134766 0.035156 0.062500
2 0.748047 0.164062 0.097656 0.066406
2 0.876953 0.173828 0.160156 0.062500
2 0.372070 0.189453 0.068359 0.074219
2 0.774414 0.321289 0.095703 0.248047
2 0.503906 0.333008 0.148438 0.259766
2 0.868164 0.367188 0.091797 0.320312
2 0.235352 0.317383 0.095703 0.138672
2 0.259766 0.298828 0.003906 0.007812
2 0.716797 0.333984 0.031250 0.035156
2 0.683594 0.395508 0.066406 0.115234
2 0.842773 0.373047 0.001953 0.003906
2 0.063477 0.441406 0.083984 0.101562
2 0.795898 0.504883 0.072266 0.111328
2 0.213867 0.518555 0.103516 0.072266
2 0.052734 0.489258 0.003906 0.001953
2 0.754883 0.527344 0.005859 0.007812
2 0.790039 0.576172 0.041016 0.039062
2 0.367188 0.707031 0.074219 0.070312
2 0.514648 0.735352 0.072266 0.076172
2 0.937500 0.749023 0.042969 0.041016
2 0.581055 0.772461 0.060547 0.083984
2 0.661133 0.788086 0.060547 0.099609
2 0.330078 0.830078 0.089844 0.152344
2 0.354492 0.781250 0.025391 0.019531
2 0.061523 0.809570 0.123047 0.068359
2 0.804688 0.817383 0.128906 0.076172
2 0.186523 0.828125 0.119141 0.082031
2 0.068359 0.863281 0.078125 0.042969
2 0.643555 0.884766 0.056641 0.058594
2 0.833008 0.894531 0.083984 0.058594
2 0.196289 0.952148 0.060547 0.095703
2 0.324219 0.916016 0.054688 0.023438
2 0.125977 0.946289 0.076172 0.064453
2 0.329102 0.964844 0.056641 0.042969
2 0.833984 0.971680 0.074219 0.056641
5 0.525391 0.078125 0.949219 0.156250
5 0.500000 0.671875 1.000000 0.304688
6 0.942383 0.642578 0.115234 0.246094
6 0.719727 0.919922 0.181641 0.160156
