0 0.939453 0.139648 0.121094 0.279297
0 0.747070 0.422852 0.048828 0.060547
0 0.182617 0.526367 0.060547 0.056641
0 0.182617 0.592773 0.060547 0.072266
0 0.061523 0.646484 0.123047 0.109375
0 0.562500 0.765625 0.035156 0.039062
0 0.826172 0.817383 0.070312 0.052734
0 0.138672 0.916992 0.175781 0.166016
0 0.881836 0.875977 0.123047 0.056641
0 0.716797 0.964844 0.125000 0.070312
0 0.712891 0.932617 0.003906 0.001953
2 0.105469 0.072266 0.082031 0.144531
2 0.216797 0.074219 0.097656 0.148438
2 0.357422 0.122070 0.160156 0.244141
2 0.827148 0.197266 0.095703 0.078125
2 0.598633 0.233398 0.060547 0.103516
2 0.264648 0.235352 0.037109 0.025391
2 0.283203 0.296875 0.089844 0.066406
2 0.020508 0.290039 0.041016 0.041016
2 0.389648 0.330078 0.111328 0.117188
2 0.118164 0.367188 0.111328 0.125000
2 0.601562 0.350586 0.132812 0.068359
2 0.012695 0.377930 0.025391 0.115234
2 0.262695 0.371094 0.044922 0.078125
2 0.803711 0.452148 0.064453 0.111328
2 0.370117 0.443359 0.111328 0.066406
2 0.547852 0.480469 0.060547 0.035156
2 0.421875 0.531250 0.074219 0.062500
2 0.831055 0.580078 0.111328 0.093750
2 0.329102 0.656250 0.220703 0.136719
2 0.604492 0.624023 0.119141 0.064453
2 0.207031 0.631836 0.003906 0.001953
2 0.162109 0.677734 0.078125 0.039062
2 0.170898 0.732422 0.068359 0.058594
2 0.653320 0.782227 0.080078 0.068359
2 0.036133 0.791992 0.060547 0.076172
2 0.142578 0.797852 0.042969 0.072266
2 0.583008 0.864258 0.060547 0.064453
2 0.877930 0.965820 0.115234 0.048828
2 0.016602 0.976562 0.033203 0.046875
4 0.754883 0.023438 0.255859 0.046875
4 0.769531 0.285156 0.234375 0.113281
4 0.640625 0.745117 0.210938 0.177734
4 0.068359 0.733398 0.136719 0.048828
4 0.676758 0.811523 0.005859 0.001953
4 0.643555 0.815430 0.009766 0.001953
4 0.661133 0.813477 0.009766 0.001953
4 0.610352 0.836914 0.001953 0.001953
4 0.594727 0.872070 0.072266 0.052734
5 0.440430 0.500000 0.447266 1.000000
6 0.351562 0.888672 0.246094 0.222656
6 0.458008 0.815430 0.001953 0.001953
6 0.323242 0.916992 0.001953 0.001953
