0 0.403320 0.080078 0.154297 0.160156
0 0.565430 0.017578 0.005859 0.003906
0 0.336914 0.024414 0.001953 0.001953
0 0.333008 0.048828 0.005859 0.019531
0 0.331055 0.064453 0.001953 0.003906
0 0.179688 0.163086 0.070312 0.068359
0 0.539062 0.207031 0.117188 0.109375
1 0.111328 0.212891 0.113281 0.101562
1 0.826172 0.264648 0.304688 0.169922
2 0.509766 0.003906 0.011719 0.007812
2 0.534180 0.004883 0.029297 0.009766
2 0.527344 0.072266 0.093750 0.113281
2 0.439453 0.069336 0.054688 0.072266
2 0.821289 0.385742 0.060547 0.076172
2 0.856445 0.416992 0.041016 0.052734
2 0.973633 0.503906 0.052734 0.058594
2 0.825195 0.755859 0.091797 0.085938
3 0.794922 0.123047 0.410156 0.246094
3 0.503906 0.143555 0.003906 0.001953
3 0.508789 0.143555 0.001953 0.001953
3 0.527344 0.144531 0.007812 0.003906
3 0.485352 0.184570 0.001953 0.005859
3 0.488281 0.199219 0.003906 0.003906
3 0.518555 0.216797 0.005859 0.003906
3 0.520508 0.223633 0.001953 0.001953
3 0.533203 0.229492 0.003906 0.001953
4 0.500000 0.501953 1.000000 0.996094
4 0.199219 0.029297 0.003906 0.007812
4 0.010742 0.092773 0.001953 0.005859
4 0.274414 0.108398 0.001953 0.001953
4 0.134766 0.173828 0.011719 0.027344
4 0.151367 0.190430 0.005859 0.001953
4 0.828125 0.331055 0.015625 0.005859
4 0.856445 0.336914 0.001953 0.013672
4 0.846680 0.338867 0.009766 0.009766
4 0.816406 0.339844 0.007812 0.007812
4 0.853516 0.355469 0.011719 0.007812
4 0.878906 0.365234 0.039062 0.023438
4 0.864258 0.385742 0.005859 0.005859
4 0.880859 0.385742 0.003906 0.001953
4 0.872070 0.397461 0.021484 0.013672
4 0.883789 0.392578 0.001953 0.003906
4 0.887695 0.397461 0.001953 0.001953
4 0.989258 0.416992 0.001953 0.001953
4 0.832031 0.432617 0.003906 0.001953
4 0.921875 0.435547 0.011719 0.007812
4 0.940430 0.434570 0.005859 0.009766
4 0.989258 0.433594 0.005859 0.003906
4 0.925781 0.452148 0.007812 0.013672
4 0.989258 0.448242 0.001953 0.001953
4 0.852539 0.455078 0.005859 0.003906
4 0.900391 0.475586 0.027344 0.029297
4 0.911133 0.463867 0.001953 0.001953
4 0.958984 0.462891 0.003906 0.003906
4 0.974609 0.463867 0.003906 0.001953
4 0.988281 0.465820 0.007812 0.009766
4 0.959961 0.470703 0.009766 0.003906
4 0.974609 0.470703 0.007812 0.003906
4 0.957031 0.478516 0.007812 0.003906
4 0.938477 0.497070 0.009766 0.009766
4 0.954102 0.533203 0.009766 0.007812
4 0.983398 0.530273 0.001953 0.001953
4 0.999023 0.563477 0.001953 0.001953
4 0.936523 0.912109 0.001953 0.003906
4 0.957031 0.919922 0.011719 0.011719
5 0.480469 0.216797 0.625000 0.433594
5 0.899414 0.454102 0.201172 0.283203
