0 0.794922 0.056641 0.003906 0.015625
0 0.831055 0.058594 0.005859 0.003906
0 0.658203 0.135742 0.085938 0.123047
0 0.857422 0.208008 0.156250 0.208984
0 0.567383 0.315430 0.064453 0.095703
0 0.951172 0.417969 0.097656 0.210938
0 0.845703 0.458008 0.074219 0.072266
0 0.946289 0.595703 0.107422 0.121094
0 0.958984 0.630859 0.003906 0.003906
0 0.948242 0.651367 0.005859 0.005859
0 0.431641 0.716797 0.070312 0.085938
0 0.907227 0.765625 0.185547 0.183594
1 0.442383 0.500000 0.083984 0.234375
2 0.919922 0.048828 0.160156 0.097656
2 0.416992 0.048828 0.068359 0.066406
2 0.225586 0.079102 0.119141 0.099609
2 0.355469 0.056641 0.046875 0.046875
2 0.586914 0.066406 0.212891 0.050781
2 0.066406 0.100586 0.117188 0.080078
2 0.959961 0.109375 0.080078 0.082031
2 0.613281 0.156250 0.058594 0.046875
2 0.249023 0.181641 0.111328 0.089844
2 0.054688 0.260742 0.109375 0.173828
2 0.128906 0.208984 0.074219 0.066406
2 0.614258 0.330078 0.150391 0.246094
2 0.501953 0.254883 0.058594 0.080078
2 0.407227 0.299805 0.048828 0.138672
2 0.106445 0.301758 0.001953 0.001953
2 0.500000 0.328125 0.046875 0.054688
2 0.822266 0.377930 0.089844 0.126953
2 0.503906 0.423828 0.074219 0.105469
2 0.161133 0.440430 0.072266 0.072266
2 0.883789 0.494141 0.197266 0.148438
2 0.557617 0.507812 0.005859 0.019531
2 0.551758 0.511719 0.005859 0.003906
2 0.228516 0.555664 0.058594 0.044922
2 0.630859 0.569336 0.140625 0.076172
2 0.180664 0.594727 0.076172 0.115234
2 0.330078 0.589844 0.101562 0.101562
2 0.044922 0.655273 0.046875 0.056641
2 0.548828 0.670898 0.031250 0.060547
2 0.586914 0.670898 0.044922 0.060547
2 0.620117 0.704102 0.173828 0.111328
2 0.323242 0.723633 0.072266 0.103516
2 0.227539 0.749023 0.072266 0.107422
2 0.180664 0.746094 0.037109 0.054688
2 0.509766 0.755859 0.035156 0.039062
2 0.587891 0.755859 0.046875 0.035156
2 0.029297 0.799805 0.058594 0.076172
2 0.666016 0.807617 0.101562 0.083984
2 0.533203 0.794922 0.031250 0.035156
2 0.321289 0.874023 0.080078 0.123047
2 0.493164 0.843750 0.029297 0.035156
2 0.684570 0.910156 0.087891 0.152344
2 0.032227 0.880859 0.060547 0.074219
2 0.599609 0.900391 0.078125 0.101562
2 0.523438 0.891602 0.074219 0.037109
2 0.101562 0.929688 0.070312 0.082031
2 0.291016 0.918945 0.011719 0.005859
2 0.362305 0.957031 0.080078 0.050781
2 0.583984 0.976562 0.070312 0.039062
4 0.429688 0.166016 0.097656 0.093750
4 0.469727 0.374023 0.001953 0.001953
4 0.477539 0.372070 0.005859 0.001953
4 0.509766 0.372070 0.019531 0.001953
4 0.522461 0.374023 0.001953 0.001953
4 0.469727 0.414062 0.001953 0.003906
4 0.500977 0.514648 0.119141 0.193359
4 0.538086 0.422852 0.001953 0.001953
4 0.540039 0.426758 0.001953 0.001953
4 0.555664 0.587891 0.001953 0.003906
4 0.909180 0.913086 0.181641 0.173828
