0 0.892578 0.014648 0.011719 0.029297
0 0.897461 0.034180 0.001953 0.005859
0 0.862305 0.043945 0.001953 0.001953
0 0.864258 0.051758 0.001953 0.001953
0 0.690430 0.359375 0.369141 0.222656
0 0.845703 0.260742 0.003906 0.001953
0 0.605469 0.268555 0.003906 0.001953
0 0.611328 0.275391 0.003906 0.003906
0 0.635742 0.276367 0.001953 0.001953
0 0.702148 0.750977 0.474609 0.498047
0 0.996094 0.829102 0.007812 0.025391
0 0.998047 0.886719 0.003906 0.015625
2 0.133789 0.047852 0.056641 0.095703
2 0.199219 0.013672 0.074219 0.027344
2 0.011719 0.031250 0.023438 0.046875
2 0.285156 0.031250 0.035156 0.039062
2 0.937500 0.085938 0.066406 0.136719
2 0.266602 0.097656 0.138672 0.062500
2 0.313477 0.226562 0.091797 0.179688
2 0.049805 0.191406 0.037109 0.054688
2 0.428711 0.237305 0.080078 0.134766
2 0.960938 0.298828 0.078125 0.230469
2 0.359375 0.458008 0.042969 0.052734
2 0.165039 0.474609 0.037109 0.062500
2 0.399414 0.660156 0.119141 0.164062
5 0.500000 0.500000 1.000000 1.000000
