0 0.499023 0.454102 0.056641 0.056641
0 0.174805 0.483398 0.091797 0.080078
0 0.192383 0.578125 0.080078 0.046875
0 0.751953 0.753906 0.496094 0.109375
0 0.105469 0.806641 0.210938 0.062500
0 0.478516 0.872070 0.062500 0.009766
0 0.424805 0.939453 0.228516 0.121094
1 0.987305 0.545898 0.001953 0.001953
1 0.500000 0.678711 1.000000 0.255859
2 0.300781 0.059570 0.093750 0.052734
2 0.957031 0.080078 0.085938 0.089844
2 0.275391 0.166992 0.109375 0.138672
2 0.646484 0.151367 0.066406 0.072266
2 0.457031 0.146484 0.066406 0.050781
2 0.687500 0.282227 0.218750 0.251953
2 0.172852 0.248047 0.091797 0.171875
2 0.462891 0.218750 0.132812 0.089844
2 0.842773 0.228516 0.103516 0.070312
2 0.315430 0.243164 0.001953 0.001953
2 0.287109 0.276367 0.132812 0.056641
2 0.464844 0.307617 0.164062 0.068359
2 0.847656 0.310547 0.109375 0.046875
2 0.299805 0.338867 0.099609 0.068359
2 0.956055 0.400391 0.072266 0.136719
2 0.488281 0.385742 0.187500 0.087891
2 0.712891 0.375000 0.042969 0.058594
2 0.020508 0.387695 0.041016 0.080078
2 0.181641 0.417969 0.070312 0.058594
2 0.839844 0.443359 0.066406 0.070312
2 0.655273 0.450195 0.044922 0.080078
2 0.278320 0.445312 0.080078 0.050781
2 0.045898 0.465820 0.041016 0.068359
2 0.569336 0.433594 0.025391 0.007812
2 0.555664 0.454102 0.013672 0.013672
2 0.342773 0.497070 0.056641 0.068359
2 0.580078 0.508789 0.074219 0.087891
2 0.474609 0.497070 0.101562 0.052734
2 0.273438 0.534180 0.070312 0.103516
2 0.186523 0.531250 0.052734 0.066406
2 0.325195 0.554688 0.025391 0.042969
2 0.447266 0.837891 0.050781 0.085938
2 0.291016 0.856445 0.070312 0.080078
2 0.905273 0.910156 0.173828 0.179688
2 0.730469 0.918945 0.175781 0.115234
2 0.117188 0.940430 0.191406 0.107422
2 0.666992 0.981445 0.005859 0.005859
2 0.669922 0.991211 0.003906 0.001953
5 0.500000 0.320312 1.000000 0.632812
5 0.500000 0.883789 1.000000 0.232422
