0 0.744141 0.085938 0.175781 0.171875
0 0.911133 0.474609 0.177734 0.460938
0 0.339844 0.799805 0.476562 0.283203
0 0.503906 0.662109 0.007812 0.003906
0 0.516602 0.676758 0.001953 0.001953
0 0.517578 0.693359 0.003906 0.003906
0 0.048828 0.818359 0.097656 0.093750
0 0.344727 0.778320 0.001953 0.001953
1 0.197266 0.467773 0.394531 0.673828
1 0.883789 0.185547 0.091797 0.066406
1 0.560547 0.256836 0.242188 0.193359
1 0.311523 0.267578 0.041016 0.054688
1 0.642578 0.549805 0.343750 0.208984
1 0.858398 0.660156 0.123047 0.101562
1 0.606445 0.652344 0.001953 0.003906
1 0.955078 0.787109 0.089844 0.171875
1 0.750977 0.814453 0.107422 0.144531
1 0.823242 0.835938 0.021484 0.015625
1 0.985352 0.876953 0.001953 0.003906
1 0.936523 0.972656 0.001953 0.003906
2 0.130859 0.040039 0.050781 0.041016
2 0.231445 0.968750 0.052734 0.062500
2 0.440430 0.987305 0.056641 0.025391
5 0.036133 0.239258 0.072266 0.478516
5 0.445312 0.925781 0.890625 0.148438
6 0.587891 0.296875 0.496094 0.585938
6 0.342773 0.038086 0.001953 0.001953
6 0.677734 0.041992 0.011719 0.009766
6 0.652344 0.044922 0.003906 0.003906
6 0.651367 0.052734 0.005859 0.003906
6 0.666016 0.052734 0.003906 0.003906
6 0.681641 0.052734 0.003906 0.003906
6 0.666992 0.065430 0.013672 0.009766
6 0.682617 0.067383 0.009766 0.009766
6 0.712891 0.068359 0.003906 0.003906
6 0.358398 0.075195 0.001953 0.001953
6 0.470703 0.108398 0.003906 0.001953
6 0.433594 0.112305 0.007812 0.005859
6 0.771484 0.162109 0.003906 0.003906
6 0.442383 0.197266 0.001953 0.003906
6 0.736328 0.271484 0.003906 0.003906
6 0.732422 0.287109 0.003906 0.003906
6 0.732422 0.302734 0.003906 0.003906
6 0.666992 0.333008 0.001953 0.001953
6 0.716797 0.349609 0.003906 0.003906
6 0.716797 0.361328 0.003906 0.011719
6 0.700195 0.489258 0.001953 0.001953
6 0.701172 0.497070 0.003906 0.001953
