1 0.697266 0.122070 0.046875 0.123047
1 0.641602 0.210938 0.095703 0.046875
2 0.799805 0.271484 0.162109 0.054688
2 0.540039 0.359375 0.111328 0.199219
2 0.108398 0.386719 0.064453 0.050781
2 0.034180 0.366211 0.001953 0.001953
2 0.023438 0.385742 0.046875 0.037109
2 0.866211 0.413086 0.068359 0.052734
2 0.143555 0.459961 0.048828 0.052734
2 0.416016 0.505859 0.062500 0.078125
2 0.130859 0.534180 0.085938 0.087891
2 0.571289 0.524414 0.083984 0.064453
2 0.487305 0.544922 0.001953 0.003906
2 0.458008 0.581055 0.072266 0.068359
2 0.208984 0.626953 0.039062 0.042969
2 0.665039 0.672852 0.052734 0.052734
2 0.281250 0.726562 0.074219 0.132812
2 0.145508 0.716797 0.080078 0.097656
2 0.046875 0.720703 0.074219 0.054688
2 0.014648 0.776367 0.029297 0.037109
2 0.082031 0.804688 0.035156 0.046875
2 0.012695 0.824219 0.025391 0.023438
2 0.096680 0.906250 0.193359 0.144531
5 0.500000 0.500000 1.000000 1.000000
5 0.044922 0.308594 0.089844 0.464844
5 0.088867 0.639648 0.033203 0.150391
