0 0.486328 0.472656 0.160156 0.324219
0 0.211914 0.410156 0.080078 0.078125
0 0.779297 0.527344 0.093750 0.152344
0 0.650391 0.557617 0.082031 0.083984
0 0.882812 0.595703 0.070312 0.082031
0 0.399414 0.637695 0.123047 0.091797
0 0.858398 0.683594 0.130859 0.164062
0 0.954102 0.634766 0.068359 0.062500
0 0.115234 0.749023 0.105469 0.076172
0 0.415039 0.788086 0.083984 0.068359
0 0.926758 0.895508 0.146484 0.208984
0 0.569336 0.843750 0.068359 0.078125
0 0.168945 0.854492 0.044922 0.041016
1 0.889648 0.377930 0.126953 0.064453
1 0.374023 0.432617 0.138672 0.111328
1 0.398438 0.561523 0.140625 0.095703
2 0.220703 0.086914 0.062500 0.060547
2 0.101562 0.095703 0.125000 0.070312
2 0.019531 0.110352 0.039062 0.068359
2 0.259766 0.215820 0.089844 0.166016
2 0.086914 0.224609 0.173828 0.140625
2 0.935547 0.225586 0.078125 0.064453
2 0.154297 0.356445 0.078125 0.060547
2 0.054688 0.371094 0.109375 0.066406
4 0.719727 0.525391 0.021484 0.011719
4 0.762695 0.661133 0.142578 0.212891
4 0.624023 0.678711 0.162109 0.189453
4 0.541992 0.639648 0.001953 0.001953
4 0.471680 0.651367 0.025391 0.009766
4 0.443359 0.724609 0.175781 0.132812
4 0.253906 0.783203 0.175781 0.121094
4 0.720703 0.883789 0.335938 0.232422
4 0.081055 0.894531 0.162109 0.210938
4 0.452148 0.897461 0.173828 0.205078
4 0.267578 0.927734 0.207031 0.144531
4 0.287109 0.893555 0.003906 0.001953
4 0.301758 0.893555 0.001953 0.001953
5 0.140625 0.243164 0.281250 0.259766
5 0.732422 0.243164 0.535156 0.181641
6 0.620117 0.144531 0.580078 0.289062
6 0.732422 0.022461 0.003906 0.001953
6 0.738281 0.025391 0.003906 0.003906
6 0.740234 0.095703 0.003906 0.003906
6 0.747070 0.096680 0.001953 0.001953
6 0.684570 0.168945 0.001953 0.001953
6 0.662109 0.176758 0.003906 0.001953
6 0.632812 0.403320 0.277344 0.353516
6 0.455078 0.300781 0.003906 0.003906
6 0.462891 0.299805 0.003906 0.001953
6 0.008789 0.419922 0.009766 0.003906
6 0.024414 0.420898 0.001953 0.001953
6 0.034180 0.419922 0.005859 0.003906
6 0.140625 0.495117 0.281250 0.142578
6 0.127930 0.462891 0.005859 0.011719
6 0.129883 0.474609 0.001953 0.003906
6 0.083984 0.637695 0.156250 0.142578
