0 0.655273 0.083984 0.080078 0.074219
0 0.816406 0.208984 0.097656 0.082031
0 0.465820 0.264648 0.083984 0.146484
0 0.967773 0.624023 0.064453 0.111328
0 0.228516 0.830078 0.457031 0.339844
1 0.448242 0.660156 0.736328 0.679688
1 0.014648 0.491211 0.029297 0.333984
2 0.672852 0.039062 0.056641 0.054688
2 0.837891 0.043945 0.046875 0.060547
2 0.450195 0.134766 0.333984 0.214844
2 0.167969 0.063477 0.062500 0.064453
2 0.023438 0.097656 0.046875 0.054688
2 0.758789 0.107422 0.099609 0.074219
2 0.110352 0.118164 0.048828 0.033203
2 0.661133 0.151367 0.056641 0.068359
2 0.938477 0.230469 0.123047 0.195312
2 0.209961 0.201172 0.087891 0.097656
2 0.291992 0.226562 0.091797 0.101562
2 0.610352 0.236328 0.095703 0.050781
2 0.379883 0.275391 0.056641 0.078125
2 0.666016 0.293945 0.101562 0.068359
2 0.569336 0.300781 0.064453 0.074219
2 0.512695 0.318359 0.029297 0.062500
2 0.789062 0.397461 0.117188 0.076172
2 0.585938 0.419922 0.117188 0.093750
2 0.916016 0.455078 0.070312 0.121094
2 0.738281 0.460938 0.136719 0.046875
2 0.697266 0.503906 0.042969 0.027344
2 0.657227 0.523438 0.041016 0.042969
2 0.739258 0.569336 0.041016 0.048828
2 0.946289 0.585938 0.072266 0.078125
2 0.675781 0.574219 0.050781 0.039062
2 0.824219 0.671875 0.152344 0.195312
2 0.716797 0.637695 0.085938 0.072266
2 0.769531 0.731445 0.113281 0.103516
2 0.974609 0.857422 0.050781 0.046875
2 0.846680 0.849609 0.072266 0.023438
2 0.864258 0.919922 0.048828 0.054688
2 0.943359 0.936523 0.082031 0.080078
5 0.500000 0.616211 1.000000 0.767578
