2 0.492188 0.249023 0.042969 0.099609
2 0.736328 0.314453 0.125000 0.074219
2 0.141602 0.402344 0.103516 0.238281
2 0.228516 0.319336 0.039062 0.060547
2 0.682617 0.293945 0.001953 0.005859
2 0.271484 0.407227 0.074219 0.095703
2 0.565430 0.440430 0.087891 0.130859
2 0.382812 0.438477 0.062500 0.083984
2 0.662109 0.453125 0.125000 0.078125
2 0.529297 0.449219 0.003906 0.007812
2 0.528320 0.458984 0.001953 0.003906
2 0.298828 0.555664 0.054688 0.095703
2 0.096680 0.554688 0.126953 0.074219
2 0.543945 0.596680 0.119141 0.068359
2 0.520508 0.723633 0.126953 0.103516
2 0.153320 0.772461 0.087891 0.052734
2 0.315430 0.791992 0.025391 0.025391
5 0.500000 0.500000 1.000000 1.000000
