0 0.454102 0.275391 0.529297 0.531250
0 0.925781 0.125977 0.144531 0.064453
0 0.913086 0.183594 0.056641 0.062500
0 0.751953 0.225586 0.140625 0.107422
0 0.588867 0.206055 0.001953 0.001953
0 0.548828 0.560547 0.902344 0.582031
0 0.102539 0.571289 0.205078 0.408203
0 0.681641 0.504883 0.062500 0.080078
0 0.588867 0.702148 0.044922 0.041016
0 0.282227 0.833008 0.095703 0.060547
0 0.331055 0.908203 0.099609 0.054688
0 0.487305 0.920898 0.076172 0.056641
0 0.666992 0.947266 0.166016 0.105469
0 0.223633 0.956055 0.001953 0.001953
0 0.364258 0.981445 0.001953 0.001953
0 0.243164 0.987305 0.001953 0.001953
0 0.242188 0.992188 0.003906 0.003906
0 0.241211 0.999023 0.001953 0.001953
1 0.946289 0.236328 0.056641 0.035156
1 0.763672 0.297852 0.242188 0.119141
1 0.366211 0.527344 0.470703 0.320312
1 0.079102 0.764648 0.119141 0.130859
3 0.500000 0.289062 1.000000 0.578125
3 0.403320 0.196289 0.025391 0.056641
3 0.415039 0.227539 0.001953 0.001953
3 0.506836 0.228516 0.001953 0.003906
3 0.508789 0.235352 0.001953 0.001953
3 0.405273 0.282227 0.017578 0.041016
3 0.409180 0.305664 0.001953 0.001953
3 0.554688 0.306641 0.003906 0.003906
3 0.560547 0.305664 0.003906 0.001953
3 0.565430 0.305664 0.001953 0.001953
3 0.549805 0.309570 0.001953 0.001953
3 0.524414 0.321289 0.021484 0.013672
3 0.540039 0.313477 0.001953 0.001953
3 0.584961 0.657227 0.830078 0.685547
3 0.415039 0.318359 0.001953 0.003906
3 0.487305 0.317383 0.001953 0.001953
3 0.420898 0.331055 0.009766 0.017578
3 0.997070 0.359375 0.005859 0.011719
3 0.486328 0.458008 0.300781 0.142578
3 0.005859 0.416016 0.011719 0.019531
3 0.061523 0.500000 0.041016 0.054688
3 0.272461 0.574219 0.091797 0.082031
3 0.087891 0.556641 0.015625 0.039062
3 0.028320 0.611328 0.056641 0.089844
3 0.124023 0.584961 0.001953 0.001953
3 0.117188 0.673828 0.171875 0.164062
3 0.182617 0.659180 0.044922 0.037109
3 0.005859 0.698242 0.011719 0.080078
3 0.058594 0.828125 0.117188 0.121094
3 0.156250 0.782227 0.035156 0.017578
3 0.149414 0.820312 0.009766 0.019531
3 0.168945 0.850586 0.001953 0.001953
3 0.000977 0.891602 0.001953 0.001953
3 0.000977 0.938477 0.001953 0.005859
3 0.681641 0.938477 0.003906 0.001953
3 0.686523 0.938477 0.001953 0.001953
3 0.637695 0.946289 0.001953 0.001953
3 0.017578 0.976562 0.035156 0.046875
3 0.241211 0.995117 0.001953 0.005859
3 0.331055 0.999023 0.001953 0.001953
4 0.217773 0.256836 0.435547 0.513672
4 0.525391 0.270508 0.156250 0.126953
4 0.043945 0.516602 0.087891 0.208984
4 0.120117 0.905273 0.240234 0.189453
