0 0.614258 0.101562 0.189453 0.144531
0 0.102539 0.093750 0.130859 0.109375
0 0.092773 0.206055 0.099609 0.095703
0 0.462891 0.251953 0.046875 0.046875
0 0.554688 0.267578 0.097656 0.074219
0 0.547852 0.349609 0.041016 0.039062
0 0.957031 0.411133 0.085938 0.154297
0 0.680664 0.586914 0.181641 0.349609
0 0.048828 0.491211 0.066406 0.041016
0 0.830078 0.501953 0.082031 0.054688
0 0.203125 0.505859 0.054688 0.042969
0 0.903320 0.647461 0.044922 0.083984
0 0.964844 0.683594 0.070312 0.152344
0 0.455078 0.692383 0.097656 0.080078
0 0.798828 0.714844 0.082031 0.082031
0 0.983398 0.768555 0.033203 0.005859
0 0.081055 0.841797 0.072266 0.042969
0 0.242188 0.874023 0.070312 0.052734
2 0.156250 0.023438 0.078125 0.046875
2 0.782227 0.020508 0.076172 0.041016
2 0.849609 0.039062 0.058594 0.078125
2 0.938477 0.050781 0.123047 0.089844
2 0.458008 0.121094 0.130859 0.117188
2 0.753906 0.256836 0.097656 0.330078
2 0.818359 0.151367 0.042969 0.060547
2 0.864258 0.179688 0.044922 0.046875
2 0.352539 0.200195 0.052734 0.068359
2 0.824219 0.321289 0.093750 0.095703
2 0.872070 0.362305 0.001953 0.001953
4 0.018555 0.021484 0.009766 0.035156
4 0.010742 0.010742 0.001953 0.001953
4 0.010742 0.026367 0.001953 0.001953
4 0.020508 0.049805 0.001953 0.001953
4 0.026367 0.147461 0.013672 0.013672
4 0.040039 0.147461 0.009766 0.009766
4 0.120117 0.153320 0.005859 0.005859
4 0.128906 0.159180 0.007812 0.005859
4 0.151367 0.174805 0.005859 0.001953
4 0.396484 0.173828 0.003906 0.003906
4 0.428711 0.193359 0.080078 0.042969
4 0.541992 0.186523 0.013672 0.013672
4 0.166992 0.185547 0.009766 0.003906
4 0.490234 0.217773 0.046875 0.033203
4 0.543945 0.208984 0.005859 0.011719
4 0.396484 0.213867 0.007812 0.005859
4 0.411133 0.213867 0.001953 0.001953
4 0.454102 0.217773 0.013672 0.013672
4 0.041016 0.291016 0.074219 0.152344
4 0.427734 0.220703 0.003906 0.003906
4 0.436523 0.227539 0.005859 0.005859
4 0.128906 0.279297 0.093750 0.074219
4 0.310547 0.257812 0.046875 0.019531
4 0.198242 0.258789 0.001953 0.001953
4 0.284180 0.262695 0.001953 0.001953
4 0.496094 0.631836 0.992188 0.736328
4 0.083008 0.297852 0.001953 0.005859
4 0.155273 0.321289 0.001953 0.005859
4 0.153320 0.332031 0.001953 0.007812
4 0.576172 0.346680 0.003906 0.005859
4 0.125977 0.365234 0.001953 0.015625
4 0.575195 0.361328 0.001953 0.003906
4 0.571289 0.371094 0.009766 0.011719
4 0.560547 0.375000 0.003906 0.003906
4 0.880859 0.377930 0.003906 0.001953
4 0.561523 0.384766 0.001953 0.003906
4 0.568359 0.385742 0.003906 0.001953
4 0.879883 0.388672 0.009766 0.011719
4 0.893555 0.387695 0.005859 0.005859
4 0.560547 0.392578 0.003906 0.003906
4 0.564453 0.423828 0.015625 0.050781
4 0.833008 0.402344 0.001953 0.003906
4 0.864258 0.402344 0.005859 0.007812
4 0.882812 0.402344 0.015625 0.007812
4 0.989258 0.401367 0.005859 0.005859
4 0.810547 0.404297 0.003906 0.003906
4 0.128906 0.422852 0.007812 0.017578
4 0.552734 0.415039 0.003906 0.001953
4 0.567383 0.416992 0.001953 0.001953
4 0.864258 0.416992 0.001953 0.001953
4 0.989258 0.416992 0.001953 0.001953
4 0.568359 0.432617 0.003906 0.001953
4 0.787109 0.431641 0.003906 0.003906
4 0.818359 0.432617 0.003906 0.001953
4 0.833984 0.431641 0.003906 0.003906
4 0.849609 0.431641 0.003906 0.003906
4 0.865234 0.431641 0.003906 0.003906
4 0.569336 0.439453 0.005859 0.003906
4 0.841797 0.439453 0.003906 0.003906
4 0.849609 0.439453 0.003906 0.003906
4 0.865234 0.439453 0.003906 0.003906
4 0.880859 0.447266 0.003906 0.003906
4 0.570312 0.470703 0.003906 0.035156
4 0.873047 0.455078 0.003906 0.003906
4 0.999023 0.463867 0.001953 0.001953
4 0.998047 0.470703 0.003906 0.003906
4 0.880859 0.482422 0.007812 0.011719
4 0.894531 0.481445 0.007812 0.009766
4 0.941406 0.487305 0.007812 0.017578
4 0.997070 0.481445 0.005859 0.009766
4 0.887695 0.486328 0.001953 0.003906
4 0.571289 0.493164 0.001953 0.001953
4 0.958984 0.495117 0.003906 0.001953
4 0.965820 0.495117 0.001953 0.001953
4 0.974609 0.495117 0.003906 0.001953
4 0.571289 0.501953 0.001953 0.003906
4 0.942383 0.501953 0.005859 0.003906
4 0.986328 0.541992 0.003906 0.005859
4 0.567383 0.556641 0.001953 0.003906
4 0.616211 0.557617 0.001953 0.001953
4 0.567383 0.564453 0.001953 0.003906
4 0.567383 0.572266 0.001953 0.003906
4 0.567383 0.580078 0.001953 0.003906
4 0.901367 0.580078 0.001953 0.003906
4 0.606445 0.643555 0.001953 0.001953
4 0.923828 0.672852 0.015625 0.048828
4 0.929688 0.709961 0.015625 0.025391
4 0.926758 0.728516 0.005859 0.003906
4 0.934570 0.731445 0.001953 0.001953
4 0.925781 0.746094 0.003906 0.003906
4 0.924805 0.750977 0.001953 0.001953
4 0.940430 0.750977 0.001953 0.001953
4 0.976562 0.761719 0.046875 0.011719
4 0.974609 0.820312 0.050781 0.105469
4 0.942383 0.776367 0.005859 0.005859
4 0.972656 0.806641 0.003906 0.007812
4 0.999023 0.873047 0.001953 0.003906
6 0.226562 0.371094 0.296875 0.253906
6 0.611328 0.476562 0.175781 0.449219
6 0.099609 0.263672 0.003906 0.003906
