0 0.246094 0.601562 0.367188 0.281250
2 0.835938 0.140625 0.109375 0.187500
2 0.665039 0.159180 0.158203 0.173828
2 0.199219 0.125977 0.062500 0.048828
2 0.262695 0.168945 0.052734 0.048828
2 0.176758 0.180664 0.041016 0.041016
2 0.155273 0.277344 0.123047 0.089844
2 0.896484 0.282227 0.101562 0.099609
2 0.666992 0.284180 0.091797 0.083984
2 0.375000 0.306641 0.105469 0.070312
2 0.125977 0.355469 0.142578 0.085938
2 0.950195 0.399414 0.091797 0.115234
2 0.588867 0.450195 0.115234 0.150391
2 0.095703 0.385742 0.003906 0.005859
2 0.317383 0.409180 0.068359 0.052734
2 0.077148 0.389648 0.001953 0.001953
2 0.082031 0.393555 0.015625 0.013672
2 0.846680 0.459961 0.095703 0.130859
2 0.243164 0.438477 0.072266 0.076172
2 0.739258 0.510742 0.103516 0.115234
2 0.106445 0.501953 0.076172 0.070312
2 0.640625 0.593750 0.144531 0.125000
2 0.456055 0.647461 0.083984 0.220703
2 0.066406 0.670898 0.054688 0.072266
2 0.980469 0.700195 0.039062 0.076172
2 0.314453 0.787109 0.175781 0.136719
2 0.787109 0.800781 0.039062 0.070312
2 0.712891 0.834961 0.085938 0.115234
2 0.188477 0.838867 0.095703 0.107422
2 0.230469 0.793945 0.003906 0.005859
2 0.240234 0.794922 0.011719 0.003906
2 0.855469 0.824219 0.050781 0.054688
2 0.266602 0.852539 0.005859 0.005859
2 0.260742 0.852539 0.001953 0.001953
2 0.250000 0.863281 0.015625 0.007812
2 0.055664 0.903320 0.111328 0.072266
2 0.107422 0.885742 0.003906 0.001953
2 0.550781 0.963867 0.085938 0.072266
2 0.114258 0.934570 0.001953 0.001953
4 0.472656 0.033203 0.109375 0.066406
4 0.482422 0.217773 0.199219 0.126953
5 0.552734 0.755859 0.894531 0.488281
5 0.618164 0.784180 0.763672 0.431641
