0 0.335938 0.025391 0.042969 0.035156
0 0.407227 0.054688 0.048828 0.046875
0 0.144531 0.225586 0.046875 0.048828
0 0.389648 0.258789 0.037109 0.037109
0 0.848633 0.256836 0.001953 0.001953
0 0.864258 0.256836 0.001953 0.001953
0 0.616211 0.622070 0.755859 0.712891
0 0.189453 0.327148 0.378906 0.115234
0 0.863281 0.271484 0.007812 0.003906
0 0.784180 0.288086 0.001953 0.001953
0 0.246094 0.484375 0.050781 0.042969
0 0.194336 0.521484 0.107422 0.062500
0 0.160156 0.667969 0.152344 0.074219
0 0.195312 0.790039 0.097656 0.095703
0 0.989258 0.821289 0.005859 0.009766
0 0.965820 0.823242 0.001953 0.001953
0 0.933594 0.940430 0.132812 0.076172
3 0.500000 0.161133 1.000000 0.322266
3 0.808594 0.145508 0.007812 0.005859
3 0.900391 0.516602 0.199219 0.548828
3 0.647461 0.947266 0.705078 0.105469
4 0.179688 0.493164 0.359375 0.337891
4 0.145508 0.826172 0.291016 0.324219
