0 0.040039 0.156250 0.080078 0.312500
0 0.747070 0.059570 0.072266 0.068359
0 0.967773 0.061523 0.064453 0.060547
0 0.367188 0.120117 0.117188 0.138672
0 0.905273 0.096680 0.060547 0.060547
0 0.980469 0.151367 0.039062 0.076172
0 0.216797 0.182617 0.078125 0.068359
0 0.931641 0.302734 0.105469 0.093750
0 0.019531 0.379883 0.039062 0.091797
0 0.241211 0.416992 0.095703 0.076172
0 0.006836 0.412109 0.001953 0.003906
0 0.960938 0.725586 0.078125 0.119141
0 0.478516 0.877930 0.074219 0.064453
0 0.809570 0.903320 0.072266 0.064453
0 0.879883 0.981445 0.150391 0.037109
1 0.852539 0.880859 0.294922 0.113281
1 0.574219 0.922852 0.085938 0.154297
1 0.626953 0.969727 0.003906 0.013672
4 0.280273 0.233398 0.517578 0.466797
4 0.568359 0.050781 0.152344 0.101562
4 0.651367 0.467773 0.216797 0.587891
4 0.125000 0.187500 0.050781 0.011719
4 0.161133 0.184570 0.009766 0.005859
4 0.087891 0.192383 0.011719 0.005859
4 0.428711 0.653320 0.349609 0.474609
4 0.229492 0.736328 0.458984 0.527344
4 0.741211 0.714844 0.080078 0.109375
4 0.445312 0.950195 0.015625 0.009766
