0 0.640625 0.061523 0.171875 0.115234
0 0.860352 0.121094 0.240234 0.191406
0 0.081055 0.106445 0.162109 0.091797
0 0.729492 0.064453 0.001953 0.003906
0 0.734375 0.066406 0.003906 0.003906
0 0.736328 0.112305 0.003906 0.009766
0 0.216797 0.202148 0.175781 0.130859
0 0.762695 0.169922 0.009766 0.007812
0 0.775391 0.166992 0.003906 0.001953
0 0.761719 0.189453 0.007812 0.011719
0 0.751953 0.190430 0.003906 0.005859
0 0.757812 0.206055 0.015625 0.009766
0 0.903320 0.264648 0.115234 0.103516
0 0.759766 0.224609 0.011719 0.015625
0 0.579102 0.356445 0.201172 0.158203
0 0.557617 0.309570 0.001953 0.001953
0 0.747070 0.594727 0.310547 0.216797
0 0.623047 0.661133 0.042969 0.009766
0 0.649414 0.659180 0.005859 0.005859
0 0.649414 0.665039 0.001953 0.001953
0 0.607422 0.678711 0.039062 0.013672
0 0.634766 0.675781 0.003906 0.003906
0 0.627930 0.693359 0.025391 0.011719
1 0.249023 0.171875 0.498047 0.343750
1 0.539062 0.128906 0.085938 0.148438
1 0.666992 0.100586 0.001953 0.001953
1 0.687500 0.183594 0.148438 0.156250
1 0.136719 0.277344 0.054688 0.101562
1 0.801758 0.387695 0.392578 0.166016
1 0.050781 0.392578 0.101562 0.125000
1 0.183594 0.427734 0.156250 0.070312
2 0.415039 0.368164 0.041016 0.037109
2 0.368164 0.523438 0.087891 0.062500
2 0.331055 0.536133 0.029297 0.025391
2 0.326172 0.605469 0.046875 0.039062
2 0.060547 0.638672 0.070312 0.066406
2 0.121094 0.682617 0.058594 0.107422
2 0.389648 0.774414 0.072266 0.123047
2 0.525391 0.837891 0.078125 0.070312
2 0.338867 0.878906 0.095703 0.125000
2 0.610352 0.858398 0.068359 0.052734
2 0.718750 0.873047 0.058594 0.062500
2 0.545898 0.943359 0.189453 0.113281
2 0.688477 0.952148 0.060547 0.056641
3 0.265625 0.357422 0.156250 0.171875
3 0.166016 0.787109 0.332031 0.292969
3 0.092773 0.733398 0.001953 0.001953
3 0.100586 0.733398 0.005859 0.001953
3 0.005859 0.738281 0.003906 0.003906
3 0.013672 0.739258 0.003906 0.001953
3 0.021484 0.740234 0.003906 0.003906
3 0.237305 0.801758 0.001953 0.001953
3 0.142578 0.904297 0.003906 0.003906
3 0.111328 0.919922 0.003906 0.003906
3 0.184570 0.924805 0.009766 0.009766
3 0.184570 0.941406 0.005859 0.003906
3 0.202148 0.941406 0.005859 0.003906
5 0.500000 0.653320 1.000000 0.462891
5 0.500000 0.770508 1.000000 0.458984
