0 0.620117 0.111328 0.080078 0.121094
0 0.674805 0.591797 0.126953 0.078125
0 0.773438 0.644531 0.156250 0.148438
2 0.201172 0.054688 0.066406 0.062500
2 0.431641 0.055664 0.066406 0.064453
2 0.538086 0.099609 0.083984 0.093750
2 0.259766 0.168945 0.238281 0.197266
2 0.715820 0.110352 0.103516 0.072266
2 0.802734 0.132812 0.054688 0.078125
2 0.028320 0.166016 0.056641 0.097656
2 0.481445 0.156250 0.126953 0.062500
2 0.666992 0.214844 0.107422 0.152344
2 0.293945 0.223633 0.044922 0.025391
2 0.183594 0.288086 0.101562 0.033203
2 0.869141 0.398438 0.074219 0.253906
2 0.948242 0.373047 0.103516 0.082031
2 0.298828 0.396484 0.171875 0.121094
2 0.170898 0.369141 0.056641 0.046875
2 0.021484 0.390625 0.042969 0.050781
2 0.464844 0.406250 0.121094 0.085938
2 0.714844 0.452148 0.222656 0.150391
2 0.158203 0.417969 0.082031 0.050781
2 0.214844 0.552734 0.042969 0.054688
2 0.427734 0.599609 0.277344 0.136719
2 0.189453 0.626953 0.152344 0.050781
2 0.945312 0.639648 0.031250 0.064453
2 0.014648 0.708008 0.029297 0.126953
2 0.151367 0.683594 0.052734 0.031250
2 0.538086 0.771484 0.111328 0.156250
2 0.709961 0.697266 0.044922 0.011719
2 0.739258 0.706055 0.001953 0.001953
2 0.397461 0.753906 0.048828 0.093750
2 0.726562 0.764648 0.125000 0.087891
2 0.982422 0.751953 0.035156 0.054688
2 0.873047 0.763672 0.050781 0.066406
2 0.635742 0.781250 0.041016 0.074219
2 0.184570 0.797852 0.041016 0.091797
2 0.652344 0.753906 0.003906 0.003906
2 0.654297 0.768555 0.003906 0.005859
2 0.145508 0.811523 0.033203 0.048828
2 0.844727 0.918945 0.033203 0.060547
2 0.482422 0.954102 0.121094 0.091797
5 0.500000 0.500000 1.000000 1.000000
5 0.722656 0.063477 0.554688 0.126953
