0 0.295898 0.226562 0.169922 0.273438
0 0.458008 0.205078 0.158203 0.109375
0 0.700195 0.316406 0.134766 0.089844
0 0.188477 0.307617 0.048828 0.048828
0 0.054688 0.468750 0.109375 0.140625
0 0.333008 0.442383 0.107422 0.083984
0 0.086914 0.436523 0.001953 0.001953
0 0.095703 0.440430 0.011719 0.001953
0 0.359375 0.621094 0.066406 0.144531
0 0.272461 0.743164 0.001953 0.001953
0 0.098633 0.790039 0.001953 0.001953
0 0.104492 0.795898 0.001953 0.001953
0 0.114258 0.799805 0.001953 0.001953
0 0.184570 0.821289 0.001953 0.001953
0 0.275391 0.888672 0.003906 0.003906
0 0.271484 0.894531 0.003906 0.003906
0 0.248047 0.909180 0.042969 0.021484
2 0.064453 0.136719 0.074219 0.058594
2 0.096680 0.234375 0.080078 0.046875
2 0.715820 0.244141 0.095703 0.054688
2 0.063477 0.376953 0.087891 0.058594
2 0.726562 0.368164 0.062500 0.033203
2 0.716797 0.417969 0.097656 0.054688
2 0.199219 0.553711 0.066406 0.087891
2 0.077148 0.690430 0.087891 0.083984
2 0.227539 0.673828 0.041016 0.046875
2 0.198242 0.739258 0.087891 0.056641
3 0.198242 0.843750 0.396484 0.312500
4 0.575195 0.500000 0.486328 1.000000
4 0.075195 0.210938 0.150391 0.082031
4 0.304688 0.530273 0.140625 0.111328
4 0.811523 0.854492 0.376953 0.291016
4 0.583008 0.958984 0.001953 0.003906
4 0.573242 0.967773 0.001953 0.001953
4 0.557617 0.985352 0.029297 0.029297
4 0.581055 0.972656 0.005859 0.007812
4 0.607422 0.976562 0.027344 0.015625
4 0.588867 0.995117 0.001953 0.001953
4 0.595703 0.994141 0.003906 0.003906
4 0.603516 0.994141 0.003906 0.003906
4 0.615234 0.995117 0.011719 0.005859
5 0.159180 0.352539 0.318359 0.587891
