0 0.065430 0.050781 0.130859 0.101562
0 0.103516 0.091797 0.003906 0.003906
0 0.120117 0.094727 0.001953 0.001953
0 0.420898 0.252930 0.060547 0.060547
0 0.504883 0.266602 0.056641 0.052734
0 0.397461 0.487305 0.216797 0.142578
0 0.478516 0.465820 0.003906 0.001953
0 0.078125 0.569336 0.132812 0.134766
0 0.791992 0.588867 0.236328 0.158203
0 0.480469 0.518555 0.007812 0.005859
0 0.338867 0.551758 0.001953 0.001953
0 0.406250 0.780273 0.460938 0.384766
0 0.556641 0.676758 0.003906 0.001953
0 0.128906 0.776367 0.222656 0.193359
0 0.903320 0.797852 0.064453 0.087891
0 0.004883 0.760742 0.001953 0.001953
0 0.008789 0.766602 0.001953 0.001953
0 0.350586 0.767578 0.005859 0.003906
0 0.317383 0.784180 0.001953 0.001953
0 0.366211 0.783203 0.001953 0.003906
0 0.318359 0.791016 0.003906 0.003906
0 0.326172 0.791016 0.003906 0.003906
0 0.333984 0.791016 0.003906 0.003906
0 0.340820 0.791992 0.001953 0.001953
0 0.330078 0.798828 0.011719 0.003906
0 0.341797 0.798828 0.003906 0.003906
0 0.018555 0.802734 0.001953 0.003906
0 0.333984 0.806641 0.003906 0.003906
0 0.340820 0.806641 0.001953 0.003906
0 0.341797 0.817383 0.003906 0.013672
0 0.348633 0.813477 0.001953 0.001953
0 0.349609 0.822266 0.003906 0.003906
0 0.032227 0.838867 0.009766 0.009766
0 0.021484 0.841797 0.007812 0.007812
0 0.260742 0.958984 0.103516 0.082031
0 0.588867 0.950195 0.001953 0.001953
2 0.386719 0.017578 0.074219 0.035156
2 0.456055 0.012695 0.056641 0.025391
2 0.151367 0.053711 0.068359 0.072266
2 0.549805 0.109375 0.162109 0.144531
2 0.134766 0.172852 0.085938 0.068359
2 0.362305 0.187500 0.052734 0.046875
2 0.798828 0.208984 0.062500 0.074219
2 0.628906 0.215820 0.105469 0.060547
2 0.459961 0.232422 0.048828 0.054688
2 0.275391 0.242188 0.113281 0.070312
2 0.559570 0.259766 0.044922 0.039062
2 0.660156 0.278320 0.109375 0.072266
2 0.314453 0.311523 0.187500 0.130859
2 0.821289 0.301758 0.095703 0.103516
2 0.464844 0.301758 0.050781 0.056641
2 0.518555 0.332031 0.041016 0.039062
2 0.910156 0.340820 0.050781 0.052734
2 0.728516 0.373047 0.097656 0.109375
2 0.120117 0.356445 0.056641 0.056641
2 0.389648 0.352539 0.056641 0.048828
2 0.588867 0.448242 0.181641 0.189453
2 0.453125 0.397461 0.058594 0.056641
2 0.853516 0.400391 0.042969 0.027344
2 0.135742 0.430664 0.083984 0.076172
2 0.351562 0.438477 0.078125 0.056641
2 0.930664 0.488281 0.138672 0.140625
2 0.774414 0.524414 0.076172 0.060547
2 0.412109 0.527344 0.066406 0.046875
2 0.387695 0.617188 0.064453 0.070312
2 0.708984 0.750977 0.230469 0.326172
2 0.870117 0.657227 0.111328 0.091797
2 0.868164 0.751953 0.095703 0.101562
2 0.975586 0.841797 0.048828 0.078125
2 0.791016 0.815430 0.003906 0.001953
2 0.845703 0.896484 0.078125 0.105469
2 0.906250 0.885742 0.066406 0.083984
2 0.787109 0.871094 0.027344 0.046875
2 0.873047 0.881836 0.015625 0.009766
2 0.438477 0.928711 0.064453 0.080078
2 0.882812 0.896484 0.011719 0.015625
2 0.892578 0.913086 0.003906 0.005859
2 0.753906 0.958008 0.082031 0.083984
2 0.629883 0.952148 0.068359 0.064453
4 0.878906 0.024414 0.058594 0.048828
4 0.967773 0.045898 0.064453 0.091797
4 0.037109 0.632812 0.074219 0.117188
4 0.227539 0.894531 0.099609 0.109375
4 0.673828 0.921875 0.121094 0.156250
4 0.155273 0.957031 0.099609 0.085938
5 0.500000 0.500000 1.000000 1.000000
5 0.065430 0.862305 0.130859 0.275391
6 0.772461 0.079102 0.212891 0.158203
6 0.054688 0.172852 0.109375 0.142578
6 0.715820 0.161133 0.001953 0.001953
6 0.772461 0.161133 0.001953 0.001953
6 0.215820 0.532227 0.162109 0.111328
6 0.131836 0.508789 0.001953 0.005859
6 0.269531 0.583984 0.003906 0.003906
