0 0.897461 0.652344 0.205078 0.695312
0 0.254883 0.870117 0.099609 0.056641
2 0.060547 0.031250 0.070312 0.062500
2 0.519531 0.054688 0.136719 0.046875
2 0.603516 0.038086 0.003906 0.001953
2 0.611328 0.054688 0.003906 0.035156
2 0.032227 0.073242 0.025391 0.025391
2 0.133789 0.138672 0.091797 0.097656
2 0.029297 0.105469 0.023438 0.023438
2 0.022461 0.133789 0.025391 0.029297
2 0.333008 0.174805 0.095703 0.060547
2 0.678711 0.181641 0.076172 0.054688
2 0.262695 0.205078 0.162109 0.089844
2 0.768555 0.200195 0.080078 0.080078
2 0.436523 0.327148 0.103516 0.158203
2 0.675781 0.291016 0.097656 0.078125
2 0.092773 0.377930 0.185547 0.248047
2 0.222656 0.303711 0.070312 0.052734
2 0.329102 0.333984 0.037109 0.031250
2 0.720703 0.354492 0.039062 0.037109
2 0.333984 0.373047 0.066406 0.035156
2 0.643555 0.393555 0.107422 0.044922
2 0.307617 0.475586 0.048828 0.052734
2 0.205078 0.673828 0.074219 0.058594
2 0.266602 0.695312 0.029297 0.027344
2 0.075195 0.808594 0.150391 0.140625
2 0.175781 0.858398 0.062500 0.064453
2 0.873047 0.920898 0.226562 0.158203
2 0.099609 0.919922 0.058594 0.062500
2 0.266602 0.934570 0.064453 0.076172
4 0.300781 0.077148 0.175781 0.126953
4 0.592773 0.705078 0.548828 0.589844
5 0.583984 0.500000 0.585938 1.000000
6 0.904297 0.187500 0.191406 0.195312
6 0.101562 0.548828 0.160156 0.390625
