0 0.299805 0.393555 0.505859 0.787109
0 0.270508 0.286133 0.001953 0.001953
2 0.789062 0.084961 0.207031 0.169922
2 0.206055 0.314453 0.150391 0.156250
2 0.715820 0.490234 0.212891 0.414062
2 0.548828 0.395508 0.160156 0.220703
2 0.638672 0.319336 0.019531 0.048828
2 0.799805 0.663086 0.001953 0.001953
2 0.797852 0.673828 0.005859 0.011719
2 0.787109 0.680664 0.003906 0.001953
2 0.913086 0.805664 0.173828 0.138672
2 0.672852 0.830078 0.150391 0.093750
2 0.030273 0.905273 0.060547 0.189453
2 0.189453 0.934570 0.066406 0.130859
2 0.116211 0.948242 0.056641 0.103516
2 0.251953 0.948242 0.066406 0.103516
5 0.470703 0.813477 0.941406 0.373047
