0 0.290039 0.267578 0.072266 0.058594
0 0.373047 0.541992 0.269531 0.560547
0 0.761719 0.707031 0.476562 0.585938
0 0.958008 0.493164 0.001953 0.001953
0 0.489258 0.502930 0.013672 0.009766
0 0.980469 0.500977 0.003906 0.001953
0 0.987305 0.502930 0.001953 0.001953
0 0.991211 0.504883 0.001953 0.001953
0 0.997070 0.507812 0.005859 0.003906
0 0.502930 0.549805 0.005859 0.005859
0 0.999023 0.578125 0.001953 0.042969
0 0.846680 0.572266 0.001953 0.003906
0 0.846680 0.588867 0.001953 0.001953
0 0.847656 0.593750 0.003906 0.003906
0 0.832031 0.689453 0.003906 0.003906
0 0.846680 0.690430 0.001953 0.005859
0 0.832031 0.697266 0.003906 0.003906
0 0.845703 0.697266 0.003906 0.003906
0 0.446289 0.792969 0.060547 0.070312
0 0.956055 0.833008 0.001953 0.001953
0 0.595703 0.934570 0.062500 0.072266
1 0.048828 0.228516 0.097656 0.457031
1 0.729492 0.188477 0.416016 0.173828
1 0.036133 0.914062 0.068359 0.074219
2 0.366211 0.151367 0.076172 0.076172
2 0.142578 0.286133 0.101562 0.103516
2 0.224609 0.323242 0.062500 0.150391
2 0.925781 0.412109 0.148438 0.167969
2 0.132812 0.405273 0.113281 0.123047
2 0.148438 0.542969 0.132812 0.093750
2 0.664062 0.601562 0.117188 0.085938
2 0.116211 0.673828 0.185547 0.164062
2 0.630859 0.812500 0.046875 0.226562
2 0.053711 0.780273 0.091797 0.056641
2 0.237305 0.866211 0.099609 0.126953
2 0.340820 0.933594 0.064453 0.093750
2 0.092773 0.953125 0.181641 0.093750
2 0.433594 0.967773 0.054688 0.060547
2 0.626953 0.976562 0.042969 0.046875
4 0.550781 0.127930 0.875000 0.255859
4 0.965820 0.043945 0.005859 0.009766
5 0.067383 0.369141 0.134766 0.738281
5 0.195312 0.905273 0.390625 0.189453
6 0.269531 0.507812 0.097656 0.312500
6 0.900391 0.664062 0.199219 0.371094
6 0.841797 0.513672 0.007812 0.019531
6 0.827148 0.567383 0.005859 0.005859
6 0.826172 0.583008 0.007812 0.009766
6 0.827148 0.630859 0.005859 0.007812
6 0.810547 0.712891 0.007812 0.007812
6 0.826172 0.845703 0.007812 0.007812
