0 0.462891 0.408203 0.925781 0.816406
0 0.933594 0.313477 0.132812 0.626953
0 0.586914 0.287109 0.001953 0.003906
0 0.150391 0.325195 0.003906 0.005859
0 0.595703 0.327148 0.003906 0.005859
0 0.267578 0.369141 0.011719 0.011719
0 0.395508 0.377930 0.001953 0.001953
0 0.394531 0.384766 0.007812 0.003906
0 0.386719 0.399414 0.007812 0.017578
0 0.412109 0.393555 0.003906 0.001953
0 0.389648 0.417969 0.001953 0.003906
0 0.659180 0.416992 0.001953 0.001953
0 0.228516 0.428711 0.003906 0.017578
0 0.228516 0.451172 0.003906 0.003906
0 0.531250 0.499023 0.003906 0.009766
0 0.325195 0.509766 0.068359 0.027344
0 0.284180 0.506836 0.001953 0.001953
0 0.527344 0.505859 0.003906 0.003906
0 0.271484 0.571289 0.003906 0.001953
0 0.287109 0.612305 0.003906 0.001953
0 0.291016 0.630859 0.003906 0.003906
0 0.341797 0.638672 0.003906 0.003906
0 0.916992 0.772461 0.166016 0.169922
0 0.457031 0.784180 0.070312 0.052734
0 0.029297 0.880859 0.058594 0.062500
0 0.981445 0.860352 0.001953 0.001953
0 0.539062 0.944336 0.386719 0.111328
0 0.905273 0.945312 0.189453 0.109375
0 0.849609 0.911133 0.003906 0.005859
0 0.642578 0.974609 0.003906 0.003906
0 0.663086 0.974609 0.009766 0.003906
0 0.732422 0.990234 0.003906 0.003906
1 0.819336 0.065430 0.107422 0.107422
1 0.973633 0.337891 0.052734 0.378906
1 0.476562 0.434570 0.695312 0.478516
1 0.124023 0.275391 0.001953 0.003906
1 0.287109 0.358398 0.011719 0.009766
1 0.306641 0.376953 0.003906 0.003906
1 0.321289 0.385742 0.001953 0.001953
1 0.422852 0.428711 0.001953 0.009766
1 0.184570 0.471680 0.001953 0.001953
1 0.926758 0.693359 0.146484 0.203125
2 0.013672 0.620117 0.027344 0.115234
2 0.136719 0.662109 0.183594 0.070312
2 0.097656 0.767578 0.042969 0.070312
2 0.167969 0.749023 0.054688 0.037109
2 0.276367 0.804688 0.130859 0.140625
2 0.375977 0.799805 0.052734 0.083984
2 0.024414 0.808594 0.048828 0.082031
2 0.502930 0.842773 0.060547 0.123047
2 0.187500 0.811523 0.050781 0.029297
2 0.099609 0.841797 0.050781 0.039062
2 0.436523 0.852539 0.041016 0.060547
2 0.196289 0.843750 0.041016 0.031250
2 0.595703 0.875977 0.101562 0.091797
2 0.714844 0.897461 0.128906 0.119141
2 0.135742 0.875977 0.056641 0.060547
2 0.187500 0.884766 0.050781 0.039062
2 0.310547 0.902344 0.082031 0.050781
2 0.155273 0.940430 0.048828 0.052734
2 0.034180 0.955078 0.044922 0.050781
2 0.096680 0.961914 0.044922 0.064453
2 0.807617 0.952148 0.033203 0.037109
2 0.268555 0.947266 0.052734 0.019531
3 0.413086 0.511719 0.333984 0.269531
3 0.374023 0.485352 0.029297 0.013672
3 0.342773 0.503906 0.021484 0.011719
3 0.252930 0.505859 0.009766 0.003906
3 0.303711 0.514648 0.001953 0.001953
3 0.319336 0.512695 0.001953 0.001953
3 0.264648 0.529297 0.001953 0.003906
3 0.249023 0.567383 0.001953 0.001953
5 0.500000 0.483398 1.000000 0.966797
