0 0.123047 0.172852 0.246094 0.345703
0 0.766602 0.482422 0.466797 0.964844
0 0.993164 0.011719 0.013672 0.019531
0 0.786133 0.006836 0.001953 0.001953
0 0.995117 0.028320 0.005859 0.005859
0 0.547852 0.239258 0.068359 0.400391
0 0.994141 0.043945 0.003906 0.001953
0 0.536133 0.664062 0.005859 0.007812
0 0.376953 0.776367 0.277344 0.193359
0 0.249023 0.737305 0.001953 0.001953
0 0.167969 0.852539 0.078125 0.076172
0 0.332031 0.911133 0.253906 0.119141
0 0.745117 0.937500 0.314453 0.125000
0 0.681641 0.982422 0.003906 0.003906
0 0.884766 0.983398 0.003906 0.005859
0 0.909180 0.993164 0.005859 0.005859
1 0.061523 0.426758 0.123047 0.091797
1 0.396484 0.875977 0.542969 0.216797
1 0.454102 0.961914 0.001953 0.001953
4 0.393555 0.213867 0.302734 0.427734
4 0.939453 0.009766 0.027344 0.011719
4 0.920898 0.132812 0.158203 0.214844
4 0.950195 0.026367 0.005859 0.001953
4 0.956055 0.030273 0.005859 0.013672
4 0.638672 0.141602 0.062500 0.173828
4 0.510742 0.203125 0.001953 0.003906
4 0.637695 0.223633 0.001953 0.005859
4 0.616211 0.231445 0.001953 0.001953
4 0.621094 0.238281 0.007812 0.007812
5 0.569336 0.318359 0.072266 0.636719
5 0.500000 0.750977 1.000000 0.498047
5 0.269531 0.908203 0.539062 0.183594
