0 0.580078 0.722656 0.230469 0.316406
0 0.674805 0.599609 0.009766 0.011719
0 0.530273 0.598633 0.001953 0.001953
0 0.689453 0.736328 0.003906 0.003906
0 0.467773 0.795898 0.001953 0.001953
0 0.467773 0.802734 0.001953 0.003906
0 0.086914 0.866211 0.076172 0.095703
0 0.467773 0.832031 0.001953 0.003906
0 0.530273 0.861328 0.009766 0.003906
0 0.541016 0.861328 0.003906 0.003906
0 0.207031 0.920898 0.093750 0.091797
0 0.600586 0.876953 0.001953 0.003906
2 0.926758 0.123047 0.146484 0.140625
2 0.539062 0.164062 0.214844 0.210938
2 0.912109 0.208008 0.160156 0.126953
2 0.575195 0.200195 0.001953 0.001953
2 0.080078 0.541992 0.054688 0.056641
2 0.113281 0.581055 0.054688 0.056641
2 0.030273 0.587891 0.056641 0.054688
2 0.072266 0.626953 0.058594 0.054688
2 0.184570 0.634766 0.056641 0.062500
2 0.024414 0.666992 0.048828 0.064453
2 0.148438 0.677734 0.046875 0.058594
2 0.099609 0.735352 0.058594 0.056641
2 0.046875 0.798828 0.058594 0.054688
2 0.016602 0.839844 0.033203 0.062500
2 0.355469 0.891602 0.125000 0.162109
