0 0.839844 0.192383 0.320312 0.306641
0 0.971680 0.134766 0.001953 0.003906
0 0.057617 0.349609 0.001953 0.003906
0 0.074219 0.349609 0.003906 0.003906
0 0.074219 0.378906 0.070312 0.054688
0 0.043945 0.368164 0.009766 0.013672
0 0.059570 0.365234 0.009766 0.007812
0 0.226562 0.538086 0.453125 0.330078
0 0.005859 0.384766 0.011719 0.007812
0 0.021484 0.388672 0.011719 0.015625
0 0.037109 0.392578 0.011719 0.023438
0 0.044922 0.380859 0.011719 0.003906
0 0.049805 0.388672 0.001953 0.003906
0 0.010742 0.394531 0.001953 0.003906
0 0.101562 0.395508 0.003906 0.001953
0 0.040039 0.403320 0.005859 0.005859
0 0.083008 0.403320 0.005859 0.001953
0 0.042969 0.412109 0.003906 0.003906
0 0.047852 0.413086 0.001953 0.001953
0 0.828125 0.859375 0.343750 0.281250
0 0.195312 0.883789 0.390625 0.232422
2 0.091797 0.019531 0.183594 0.039062
2 0.571289 0.097656 0.076172 0.074219
2 0.501953 0.094727 0.062500 0.064453
2 0.274414 0.143555 0.103516 0.087891
2 0.203125 0.137695 0.042969 0.060547
2 0.480469 0.173828 0.058594 0.074219
2 0.033203 0.199219 0.054688 0.089844
2 0.375000 0.188477 0.062500 0.052734
2 0.775391 0.208984 0.101562 0.082031
2 0.100586 0.213867 0.048828 0.072266
2 0.630859 0.227539 0.074219 0.091797
2 0.160156 0.217773 0.058594 0.068359
2 0.269531 0.214844 0.074219 0.062500
2 0.405273 0.259766 0.087891 0.117188
2 0.546875 0.291016 0.109375 0.101562
2 0.868164 0.297852 0.076172 0.083984
2 0.338867 0.338867 0.072266 0.072266
2 0.746094 0.367188 0.097656 0.078125
2 0.450195 0.420898 0.146484 0.173828
2 0.177734 0.416992 0.175781 0.123047
2 0.978516 0.415039 0.042969 0.083984
2 0.832031 0.427734 0.066406 0.070312
2 0.750977 0.403320 0.009766 0.013672
2 0.660156 0.454102 0.058594 0.052734
2 0.831055 0.611328 0.099609 0.093750
2 0.797852 0.755859 0.052734 0.046875
2 0.720703 0.799805 0.070312 0.083984
2 0.293945 0.846680 0.037109 0.076172
5 0.500000 0.500000 1.000000 1.000000
