0 0.316406 0.159180 0.621094 0.318359
0 0.222656 0.065430 0.003906 0.001953
0 0.143555 0.096680 0.005859 0.001953
0 0.091797 0.098633 0.003906 0.001953
0 0.099609 0.098633 0.003906 0.001953
0 0.010742 0.189453 0.001953 0.003906
0 0.612305 0.228516 0.005859 0.003906
0 0.595703 0.236328 0.003906 0.003906
0 0.597656 0.245117 0.007812 0.005859
0 0.613281 0.244141 0.003906 0.003906
0 0.594727 0.412109 0.169922 0.269531
0 0.065430 0.284180 0.001953 0.001953
0 0.248047 0.396484 0.191406 0.156250
0 0.208984 0.322266 0.007812 0.003906
1 0.954102 0.726562 0.056641 0.074219
2 0.753906 0.175781 0.066406 0.035156
2 0.786133 0.244141 0.166016 0.085938
2 0.451172 0.335938 0.074219 0.062500
2 0.434570 0.431641 0.169922 0.097656
2 0.846680 0.443359 0.001953 0.003906
2 0.904297 0.502930 0.164062 0.099609
2 0.089844 0.578125 0.105469 0.109375
2 0.115234 0.718750 0.164062 0.085938
2 0.289062 0.970703 0.050781 0.058594
4 0.456055 0.642578 0.310547 0.152344
4 0.423828 0.756836 0.265625 0.146484
4 0.650391 0.800781 0.113281 0.105469
4 0.791016 0.813477 0.179688 0.103516
5 0.448242 0.727539 0.896484 0.544922
