0 0.689453 0.106445 0.621094 0.212891
0 0.378906 0.006836 0.003906 0.001953
0 0.277344 0.635742 0.554688 0.462891
2 0.358398 0.091797 0.037109 0.054688
2 0.913086 0.093750 0.056641 0.062500
2 0.807617 0.117188 0.091797 0.078125
2 0.050781 0.155273 0.101562 0.146484
2 0.714844 0.127930 0.054688 0.056641
2 0.625000 0.151367 0.089844 0.080078
2 0.902344 0.211914 0.058594 0.076172
2 0.983398 0.211914 0.033203 0.060547
2 0.382812 0.215820 0.093750 0.056641
2 0.283203 0.279297 0.109375 0.128906
2 0.725586 0.257812 0.076172 0.042969
2 0.550781 0.356445 0.113281 0.056641
2 0.814453 0.383789 0.035156 0.044922
2 0.745117 0.417969 0.056641 0.085938
2 0.325195 0.399414 0.072266 0.041016
2 0.941406 0.502930 0.117188 0.228516
2 0.585938 0.438477 0.062500 0.087891
2 0.198242 0.440430 0.048828 0.080078
2 0.870117 0.562500 0.146484 0.242188
2 0.452148 0.482422 0.048828 0.070312
2 0.189453 0.546875 0.054688 0.054688
2 0.408203 0.579102 0.148438 0.083984
2 0.068359 0.574219 0.136719 0.062500
2 0.576172 0.572266 0.042969 0.058594
2 0.777344 0.614258 0.078125 0.068359
2 0.675781 0.656250 0.050781 0.078125
2 0.615234 0.666016 0.046875 0.050781
2 0.636719 0.736328 0.054688 0.070312
2 0.701172 0.723633 0.039062 0.037109
2 0.202148 0.738281 0.076172 0.058594
2 0.560547 0.767578 0.054688 0.070312
2 0.063477 0.773438 0.126953 0.058594
2 0.486328 0.791016 0.058594 0.062500
2 0.900391 0.799805 0.066406 0.076172
2 0.321289 0.862305 0.095703 0.111328
2 0.155273 0.897461 0.130859 0.123047
2 0.782227 0.902344 0.083984 0.117188
2 0.248047 0.878906 0.003906 0.007812
2 0.971680 0.928711 0.056641 0.080078
2 0.494141 0.917969 0.046875 0.054688
2 0.452148 0.970703 0.052734 0.058594
2 0.360352 0.973633 0.033203 0.052734
2 0.222656 0.989258 0.039062 0.021484
5 0.530273 0.526367 0.939453 0.947266
