0 0.052734 0.065430 0.015625 0.037109
0 0.333984 0.128906 0.046875 0.039062
0 0.019531 0.340820 0.039062 0.072266
0 0.494141 0.343750 0.062500 0.054688
0 0.378906 0.395508 0.078125 0.056641
0 0.866211 0.685547 0.193359 0.132812
0 0.674805 0.708008 0.068359 0.056641
0 0.832031 0.767578 0.050781 0.039062
0 0.958008 0.808594 0.064453 0.054688
0 0.563477 0.837891 0.064453 0.070312
0 0.878906 0.849609 0.089844 0.058594
0 0.372070 0.938477 0.443359 0.123047
0 0.495117 0.879883 0.005859 0.001953
1 0.143555 0.030273 0.068359 0.060547
1 0.898438 0.761719 0.093750 0.152344
1 0.776367 0.823242 0.080078 0.142578
2 0.121094 0.102539 0.121094 0.087891
2 0.496094 0.914062 0.105469 0.078125
4 0.500000 0.500000 1.000000 1.000000
4 0.148438 0.059570 0.019531 0.001953
4 0.659180 0.665039 0.001953 0.001953
4 0.666992 0.737305 0.001953 0.001953
4 0.666016 0.750977 0.019531 0.029297
4 0.682617 0.737305 0.001953 0.001953
4 0.688477 0.737305 0.001953 0.001953
4 0.688477 0.743164 0.001953 0.001953
4 0.685547 0.755859 0.011719 0.019531
4 0.697266 0.750977 0.003906 0.001953
4 0.767578 0.752930 0.003906 0.001953
4 0.661133 0.759766 0.005859 0.003906
4 0.704102 0.759766 0.001953 0.003906
4 0.700195 0.762695 0.001953 0.001953
4 0.948242 0.768555 0.001953 0.001953
4 0.595703 0.807617 0.003906 0.001953
4 0.602539 0.819336 0.017578 0.025391
4 0.685547 0.814453 0.027344 0.007812
4 0.736328 0.823242 0.003906 0.005859
4 0.728516 0.912109 0.304688 0.175781
4 0.658203 0.830078 0.003906 0.003906
4 0.608398 0.840820 0.005859 0.005859
4 0.642578 0.837891 0.003906 0.003906
4 0.736328 0.837891 0.003906 0.003906
4 0.942383 0.842773 0.005859 0.009766
4 0.626953 0.845703 0.003906 0.003906
4 0.634766 0.845703 0.003906 0.003906
4 0.641602 0.846680 0.005859 0.005859
4 0.626953 0.852539 0.003906 0.005859
4 0.588867 0.860352 0.001953 0.001953
4 0.595703 0.862305 0.003906 0.001953
4 0.603516 0.862305 0.003906 0.005859
4 0.615234 0.863281 0.015625 0.007812
4 0.626953 0.861328 0.003906 0.003906
4 0.888672 0.899414 0.003906 0.013672
4 0.873047 0.903320 0.003906 0.005859
4 0.879883 0.902344 0.001953 0.003906
4 0.895508 0.902344 0.001953 0.003906
4 0.926758 0.903320 0.005859 0.005859
4 0.905273 0.904297 0.001953 0.003906
4 0.920898 0.904297 0.001953 0.003906
4 0.926758 0.917969 0.005859 0.007812
4 0.889648 0.918945 0.001953 0.001953
4 0.895508 0.919922 0.001953 0.003906
4 0.920898 0.920898 0.001953 0.001953
4 0.904297 0.927734 0.003906 0.003906
4 0.919922 0.927734 0.003906 0.003906
4 0.896484 0.934570 0.003906 0.009766
4 0.912109 0.934570 0.003906 0.005859
4 0.904297 0.939453 0.003906 0.011719
4 0.826172 0.946289 0.003906 0.009766
4 0.895508 0.952148 0.005859 0.017578
4 0.864258 0.948242 0.005859 0.005859
4 0.876953 0.949219 0.007812 0.007812
4 0.817383 0.962891 0.001953 0.003906
4 0.895508 0.964844 0.001953 0.003906
4 0.802734 0.978516 0.003906 0.003906
4 0.895508 0.981445 0.005859 0.005859
4 0.871094 0.989258 0.007812 0.005859
4 0.894531 0.993164 0.007812 0.009766
4 0.801758 0.994141 0.005859 0.003906
4 0.864258 0.994141 0.005859 0.003906
