0 0.250977 0.075195 0.259766 0.150391
0 0.108398 0.083008 0.083984 0.111328
0 0.424805 0.409180 0.572266 0.458984
2 0.900391 0.036133 0.042969 0.048828
2 0.404297 0.072266 0.039062 0.046875
2 0.950195 0.088867 0.048828 0.064453
2 0.223633 0.294922 0.134766 0.199219
2 0.063477 0.387695 0.126953 0.345703
2 0.800781 0.260742 0.082031 0.033203
2 0.797852 0.304688 0.115234 0.054688
2 0.800781 0.491211 0.093750 0.072266
2 0.835938 0.619141 0.078125 0.167969
2 0.782227 0.633789 0.060547 0.107422
2 0.274414 0.617188 0.103516 0.066406
2 0.728516 0.661133 0.035156 0.076172
2 0.913086 0.678711 0.041016 0.044922
2 0.055664 0.700195 0.111328 0.072266
2 0.242188 0.715820 0.101562 0.056641
2 0.821289 0.752930 0.037109 0.052734
2 0.974609 0.761719 0.035156 0.042969
2 0.772461 0.792969 0.041016 0.046875
2 0.361328 0.831055 0.082031 0.103516
2 0.937500 0.815430 0.050781 0.064453
2 0.876953 0.815430 0.035156 0.033203
2 0.620117 0.813477 0.009766 0.005859
2 0.616211 0.821289 0.001953 0.001953
2 0.655273 0.875000 0.072266 0.109375
2 0.837891 0.872070 0.042969 0.056641
2 0.049805 0.922852 0.044922 0.099609
2 0.209961 0.957031 0.052734 0.039062
5 0.500000 0.414062 1.000000 0.828125
5 0.303711 0.866211 0.064453 0.267578
