0 0.258789 0.075195 0.189453 0.150391
0 0.736328 0.088867 0.289062 0.177734
0 0.943359 0.026367 0.113281 0.052734
0 0.686523 0.008789 0.001953 0.005859
0 0.685547 0.017578 0.003906 0.003906
0 0.147461 0.059570 0.001953 0.005859
0 0.138672 0.083008 0.003906 0.009766
0 0.135742 0.090820 0.001953 0.001953
0 0.125977 0.096680 0.001953 0.001953
0 0.125977 0.115234 0.013672 0.027344
0 0.153320 0.117188 0.025391 0.015625
0 0.184570 0.116211 0.001953 0.005859
0 0.045898 0.188477 0.091797 0.107422
0 0.808594 0.297852 0.132812 0.056641
0 0.941406 0.330078 0.117188 0.105469
0 0.875000 0.405273 0.097656 0.068359
0 0.187500 0.413086 0.082031 0.076172
0 0.194336 0.482422 0.072266 0.058594
0 0.943359 0.597656 0.113281 0.191406
0 0.175781 0.551758 0.117188 0.072266
0 0.207031 0.665039 0.125000 0.080078
0 0.376953 0.686523 0.089844 0.068359
0 0.479492 0.688477 0.076172 0.064453
0 0.594727 0.702148 0.072266 0.052734
0 0.665039 0.716797 0.052734 0.046875
0 0.753906 0.731445 0.070312 0.052734
0 0.888672 0.813477 0.222656 0.197266
0 0.390625 0.837891 0.054688 0.046875
0 0.391602 0.926758 0.064453 0.064453
2 0.486328 0.090820 0.234375 0.123047
2 0.830078 0.216797 0.289062 0.132812
2 0.484375 0.194336 0.218750 0.080078
2 0.411133 0.335938 0.115234 0.082031
2 0.431641 0.304688 0.003906 0.007812
2 0.455078 0.331055 0.003906 0.001953
2 0.537109 0.399414 0.042969 0.119141
2 0.504883 0.346680 0.001953 0.001953
2 0.505859 0.353516 0.003906 0.003906
2 0.018555 0.460938 0.037109 0.082031
2 0.724609 0.473633 0.089844 0.072266
2 0.922852 0.470703 0.076172 0.066406
2 0.274414 0.494141 0.068359 0.101562
2 0.420898 0.520508 0.224609 0.111328
2 0.699219 0.564453 0.171875 0.105469
2 0.262695 0.568359 0.017578 0.042969
2 0.045898 0.639648 0.072266 0.052734
2 0.126953 0.673828 0.031250 0.023438
2 0.724609 0.860352 0.089844 0.041016
2 0.713867 0.949219 0.056641 0.101562
2 0.658203 0.950195 0.050781 0.087891
5 0.500000 0.577148 1.000000 0.845703
