0 0.638672 0.138672 0.011719 0.007812
0 0.744141 0.218750 0.066406 0.144531
0 0.643555 0.247070 0.056641 0.185547
0 0.048828 0.250000 0.093750 0.089844
0 0.709961 0.486328 0.095703 0.351562
0 0.362305 0.573242 0.076172 0.068359
0 0.509766 0.657227 0.082031 0.056641
1 0.855469 0.332031 0.238281 0.664062
1 0.885742 0.474609 0.009766 0.007812
1 0.750000 0.867188 0.171875 0.265625
1 0.911133 0.913086 0.068359 0.076172
2 0.682617 0.009766 0.025391 0.015625
2 0.543945 0.048828 0.044922 0.070312
2 0.707031 0.027344 0.007812 0.007812
2 0.661133 0.089844 0.064453 0.097656
2 0.367188 0.199219 0.085938 0.156250
2 0.580078 0.259766 0.085938 0.121094
2 0.983398 0.274414 0.033203 0.087891
2 0.489258 0.458984 0.271484 0.332031
2 0.975586 0.367188 0.048828 0.046875
2 0.218750 0.420898 0.156250 0.068359
2 0.072266 0.425781 0.078125 0.070312
2 0.980469 0.536133 0.039062 0.080078
2 0.276367 0.543945 0.083984 0.068359
2 0.105469 0.549805 0.210938 0.060547
2 0.151367 0.632812 0.302734 0.082031
2 0.450195 0.801758 0.189453 0.150391
2 0.196289 0.802734 0.275391 0.140625
2 0.111328 0.774414 0.066406 0.076172
2 0.034180 0.778320 0.029297 0.072266
2 0.941406 0.795898 0.117188 0.103516
2 0.289062 0.940430 0.441406 0.064453
2 0.937500 0.978516 0.121094 0.042969
5 0.500000 0.525391 1.000000 0.949219
