0 0.916992 0.041992 0.083984 0.072266
0 0.031250 0.500000 0.062500 0.105469
0 0.859375 0.681641 0.078125 0.062500
1 0.156250 0.273438 0.144531 0.546875
1 0.136719 0.809570 0.148438 0.380859
2 0.376953 0.058594 0.050781 0.089844
2 0.677734 0.049805 0.042969 0.056641
2 0.842773 0.045898 0.044922 0.048828
2 0.292969 0.058594 0.066406 0.066406
2 0.539062 0.077148 0.085938 0.056641
2 0.629883 0.084961 0.044922 0.072266
2 0.894531 0.133789 0.035156 0.060547
2 0.702148 0.285156 0.142578 0.300781
2 0.539062 0.197266 0.082031 0.062500
2 0.287109 0.227539 0.101562 0.068359
2 0.983398 0.301758 0.033203 0.150391
2 0.528320 0.270508 0.033203 0.068359
2 0.818359 0.285156 0.082031 0.074219
2 0.330078 0.291992 0.113281 0.076172
2 0.456055 0.298828 0.048828 0.039062
2 0.326172 0.427734 0.125000 0.156250
2 0.483398 0.381836 0.037109 0.041016
2 0.436523 0.427734 0.068359 0.125000
2 0.583984 0.419922 0.027344 0.074219
2 0.543945 0.425781 0.041016 0.066406
2 0.898438 0.528320 0.066406 0.083984
2 0.703125 0.550781 0.042969 0.062500
2 0.651367 0.573242 0.060547 0.068359
2 0.598633 0.578125 0.044922 0.070312
2 0.505859 0.598633 0.101562 0.087891
2 0.344727 0.639648 0.212891 0.138672
2 0.618164 0.583984 0.001953 0.003906
2 0.615234 0.596680 0.003906 0.005859
2 0.629883 0.633789 0.037109 0.044922
2 0.506836 0.663086 0.076172 0.048828
2 0.455078 0.816406 0.085938 0.109375
2 0.546875 0.816406 0.066406 0.070312
3 0.651367 0.890625 0.220703 0.218750
3 0.465820 0.934570 0.173828 0.123047
5 0.244141 0.099609 0.050781 0.199219
5 0.500000 0.626953 1.000000 0.746094
