0 0.175781 0.031250 0.109375 0.062500
0 0.101562 0.443359 0.203125 0.636719
0 0.048828 0.452148 0.007812 0.033203
0 0.516602 0.621094 0.142578 0.246094
0 0.575195 0.640625 0.123047 0.085938
0 0.781250 0.649414 0.058594 0.060547
0 0.151367 0.898438 0.107422 0.085938
0 0.394531 0.941406 0.328125 0.117188
2 0.257812 0.029297 0.050781 0.058594
2 0.959961 0.029297 0.064453 0.058594
2 0.768555 0.055664 0.146484 0.087891
2 0.870117 0.041992 0.056641 0.060547
2 0.438477 0.076172 0.130859 0.085938
2 0.646484 0.074219 0.101562 0.085938
2 0.047852 0.085938 0.064453 0.074219
2 0.291992 0.141602 0.041016 0.048828
2 0.928711 0.149414 0.103516 0.064453
2 0.336914 0.149414 0.037109 0.048828
2 0.832031 0.161133 0.062500 0.056641
2 0.752930 0.169922 0.072266 0.054688
2 0.660156 0.185547 0.058594 0.066406
2 0.196289 0.196289 0.052734 0.052734
2 0.273438 0.230469 0.046875 0.097656
2 0.319336 0.238281 0.048828 0.101562
2 0.564453 0.344727 0.105469 0.173828
2 0.254883 0.320312 0.041016 0.050781
2 0.300781 0.332031 0.035156 0.054688
2 0.622070 0.348633 0.001953 0.005859
2 0.157227 0.422852 0.072266 0.060547
2 0.271484 0.419922 0.039062 0.046875
2 0.326172 0.480469 0.062500 0.062500
2 0.254883 0.474609 0.033203 0.039062
2 0.067383 0.504883 0.060547 0.083984
2 0.237305 0.525391 0.033203 0.042969
2 0.176758 0.539062 0.052734 0.062500
2 0.403320 0.556641 0.130859 0.093750
2 0.221680 0.575195 0.029297 0.044922
2 0.279297 0.607422 0.058594 0.093750
2 0.107422 0.639648 0.074219 0.150391
2 0.181641 0.616211 0.078125 0.064453
2 0.190430 0.673828 0.033203 0.042969
2 0.240234 0.754883 0.078125 0.130859
2 0.167969 0.758789 0.054688 0.072266
2 0.230469 0.955078 0.039062 0.054688
5 0.177734 0.067383 0.195312 0.134766
5 0.389648 0.500000 0.779297 1.000000
5 0.780273 0.078125 0.439453 0.156250
6 0.431641 0.318359 0.152344 0.371094
6 0.758789 0.578125 0.482422 0.777344
6 0.694336 0.249023 0.001953 0.001953
6 0.685547 0.255859 0.003906 0.003906
6 0.685547 0.263672 0.003906 0.003906
6 0.694336 0.264648 0.001953 0.001953
6 0.678711 0.302734 0.001953 0.003906
6 0.670898 0.310547 0.001953 0.003906
6 0.678711 0.311523 0.001953 0.001953
6 0.669922 0.318359 0.003906 0.003906
6 0.670898 0.326172 0.001953 0.003906
6 0.452148 0.508789 0.001953 0.001953
6 0.458008 0.508789 0.001953 0.001953
6 0.668945 0.638672 0.001953 0.003906
6 0.780273 0.738281 0.005859 0.003906
6 0.797852 0.737305 0.005859 0.005859
6 0.771484 0.752930 0.003906 0.005859
6 0.780273 0.753906 0.005859 0.003906
6 0.798828 0.753906 0.007812 0.007812
6 0.810547 0.779297 0.003906 0.003906
6 0.797852 0.795898 0.001953 0.001953
6 0.796875 0.814453 0.003906 0.007812
6 0.796875 0.830078 0.007812 0.011719
6 0.822266 0.840820 0.003906 0.005859
6 0.795898 0.845703 0.005859 0.011719
6 0.795898 0.861328 0.005859 0.011719
6 0.815430 0.888672 0.001953 0.007812
6 0.870117 0.887695 0.021484 0.005859
6 0.910156 0.887695 0.007812 0.005859
6 0.845703 0.887695 0.003906 0.001953
6 0.891602 0.887695 0.001953 0.001953
6 0.942383 0.904297 0.009766 0.007812
6 0.958984 0.904297 0.011719 0.007812
6 0.987305 0.904297 0.005859 0.007812
6 0.925781 0.904297 0.007812 0.003906
6 0.971680 0.904297 0.005859 0.003906
6 0.945312 0.956055 0.109375 0.087891
6 0.899414 0.917969 0.005859 0.003906
6 0.863281 0.934570 0.007812 0.005859
6 0.876953 0.934570 0.003906 0.001953
6 0.807617 0.950195 0.001953 0.005859
6 0.897461 0.949219 0.009766 0.007812
6 0.845703 0.951172 0.007812 0.003906
6 0.862305 0.951172 0.005859 0.003906
6 0.876953 0.950195 0.003906 0.001953
6 0.827148 0.963867 0.005859 0.009766
6 0.877930 0.965820 0.005859 0.005859
6 0.863281 0.967773 0.007812 0.005859
6 0.918945 0.973633 0.001953 0.001953
6 0.896484 0.979492 0.003906 0.001953
6 0.912109 0.982422 0.011719 0.011719
