0 0.113281 0.063477 0.148438 0.126953
0 0.369141 0.257812 0.179688 0.363281
0 0.606445 0.124023 0.091797 0.083984
0 0.515625 0.134766 0.078125 0.070312
0 0.658203 0.149414 0.003906 0.005859
0 0.231445 0.317383 0.150391 0.333984
0 0.115234 0.290039 0.050781 0.048828
0 0.956055 0.421875 0.087891 0.074219
0 0.875000 0.547852 0.058594 0.080078
0 0.976562 0.958008 0.046875 0.083984
1 0.662109 0.058594 0.476562 0.117188
1 0.966797 0.087891 0.066406 0.085938
2 0.043945 0.176758 0.076172 0.052734
2 0.038086 0.381836 0.076172 0.318359
2 0.461914 0.294922 0.052734 0.074219
2 0.678711 0.314453 0.037109 0.062500
2 0.899414 0.332031 0.158203 0.101562
2 0.746094 0.319336 0.050781 0.064453
2 0.819336 0.348633 0.001953 0.001953
2 0.849609 0.421875 0.070312 0.046875
2 0.262695 0.570312 0.052734 0.152344
2 0.487305 0.525391 0.017578 0.023438
2 0.485352 0.567383 0.021484 0.029297
2 0.234375 0.750000 0.066406 0.093750
2 0.879883 0.844727 0.076172 0.181641
2 0.991211 0.792969 0.017578 0.031250
2 0.225586 0.801758 0.001953 0.001953
2 0.422852 0.829102 0.068359 0.056641
2 0.976562 0.862305 0.046875 0.099609
2 0.763672 0.894531 0.132812 0.113281
2 0.663086 0.874023 0.048828 0.064453
2 0.294922 0.929688 0.070312 0.078125
2 0.388672 0.930664 0.027344 0.048828
2 0.789062 0.952148 0.031250 0.013672
4 0.847656 0.537109 0.304688 0.355469
4 0.597656 0.619141 0.101562 0.441406
4 0.524414 0.474609 0.021484 0.117188
4 0.559570 0.418945 0.001953 0.001953
4 0.559570 0.434570 0.001953 0.001953
4 0.527344 0.690430 0.046875 0.232422
4 0.545898 0.646484 0.001953 0.003906
4 0.545898 0.675781 0.001953 0.003906
4 0.560547 0.769531 0.003906 0.003906
4 0.512695 0.815430 0.009766 0.009766
4 0.576172 0.831055 0.003906 0.005859
5 0.166016 0.141602 0.332031 0.052734
5 0.695312 0.228516 0.570312 0.113281
5 0.479492 0.731445 0.958984 0.537109
6 0.350586 0.569336 0.142578 0.287109
6 0.333984 0.450195 0.027344 0.009766
6 0.184570 0.512695 0.056641 0.044922
6 0.101562 0.648438 0.191406 0.230469
6 0.056641 0.559570 0.011719 0.005859
