0 0.453125 0.640625 0.296875 0.125000
0 0.633789 0.614258 0.076172 0.060547
0 0.437500 0.599609 0.015625 0.003906
0 0.449219 0.608398 0.023438 0.017578
0 0.708984 0.750000 0.097656 0.078125
0 0.358398 0.811523 0.064453 0.087891
0 0.097656 0.933594 0.195312 0.132812
2 0.977539 0.040039 0.044922 0.056641
2 0.930664 0.077148 0.091797 0.103516
2 0.988281 0.088867 0.023438 0.044922
2 0.829102 0.130859 0.189453 0.082031
2 0.982422 0.208008 0.035156 0.099609
2 0.941406 0.217773 0.070312 0.099609
2 0.817383 0.250977 0.201172 0.138672
2 0.838867 0.272461 0.052734 0.048828
2 0.984375 0.356445 0.031250 0.095703
2 0.065430 0.421875 0.130859 0.199219
2 0.917969 0.376953 0.117188 0.109375
2 0.739258 0.378906 0.068359 0.078125
2 0.808594 0.422852 0.109375 0.068359
2 0.569336 0.453125 0.048828 0.039062
2 0.426758 0.496094 0.083984 0.078125
2 0.954102 0.484375 0.056641 0.050781
2 0.509766 0.503906 0.046875 0.066406
2 0.869141 0.504883 0.109375 0.068359
2 0.174805 0.491211 0.037109 0.037109
2 0.250000 0.504883 0.046875 0.056641
2 0.644531 0.502930 0.035156 0.052734
2 0.917969 0.542969 0.164062 0.082031
2 0.792969 0.568359 0.050781 0.054688
2 0.587891 0.568359 0.066406 0.031250
2 0.142578 0.592773 0.031250 0.060547
2 0.405273 0.592773 0.095703 0.060547
2 0.662109 0.585938 0.054688 0.046875
2 0.206055 0.594727 0.044922 0.056641
2 0.099609 0.583984 0.039062 0.027344
2 0.307617 0.607422 0.064453 0.062500
2 0.028320 0.628906 0.056641 0.082031
2 0.989258 0.628906 0.021484 0.058594
2 0.941406 0.643555 0.054688 0.056641
2 0.884766 0.695312 0.074219 0.128906
2 0.171875 0.653320 0.031250 0.041016
2 0.084961 0.669922 0.041016 0.054688
2 0.250000 0.663086 0.027344 0.044922
2 0.666016 0.681641 0.050781 0.031250
2 0.984375 0.697266 0.031250 0.066406
2 0.229492 0.829102 0.099609 0.177734
2 0.598633 0.765625 0.017578 0.035156
2 0.465820 0.795898 0.126953 0.083984
2 0.647461 0.797852 0.033203 0.029297
2 0.596680 0.837891 0.017578 0.035156
2 0.646484 0.908203 0.066406 0.039062
2 0.377930 0.948242 0.068359 0.091797
2 0.476562 0.920898 0.089844 0.037109
3 0.034180 0.054688 0.068359 0.109375
3 0.366211 0.208008 0.732422 0.416016
3 0.338867 0.229492 0.001953 0.001953
3 0.315430 0.292969 0.001953 0.003906
3 0.025391 0.317383 0.003906 0.001953
3 0.041016 0.317383 0.003906 0.001953
3 0.050781 0.319336 0.003906 0.005859
3 0.055664 0.318359 0.001953 0.003906
3 0.070312 0.320312 0.015625 0.003906
3 0.410156 0.337891 0.003906 0.007812
3 0.684570 0.379883 0.001953 0.001953
5 0.049805 0.074219 0.099609 0.148438
5 0.864258 0.158203 0.271484 0.085938
5 0.887695 0.310547 0.224609 0.078125
5 0.886719 0.459961 0.226562 0.076172
5 0.519531 0.759766 0.777344 0.480469
5 0.885742 0.610352 0.208984 0.060547
