0 0.532227 0.106445 0.166016 0.123047
0 0.405273 0.282227 0.212891 0.322266
0 0.536133 0.470703 0.076172 0.101562
0 0.960938 0.517578 0.078125 0.125000
0 0.347656 0.627930 0.152344 0.162109
0 0.279297 0.770508 0.074219 0.076172
0 0.392578 0.773438 0.105469 0.035156
0 0.626953 0.790039 0.062500 0.060547
0 0.070312 0.892578 0.140625 0.214844
2 0.730469 0.026367 0.089844 0.052734
2 0.908203 0.092773 0.132812 0.185547
2 0.168945 0.056641 0.087891 0.097656
2 0.344727 0.056641 0.060547 0.074219
2 0.986328 0.084961 0.003906 0.005859
2 0.079102 0.157227 0.044922 0.044922
2 0.250000 0.216797 0.093750 0.117188
2 0.116211 0.253906 0.130859 0.121094
2 0.443359 0.229492 0.050781 0.064453
2 0.522461 0.255859 0.048828 0.070312
2 0.733398 0.242188 0.119141 0.042969
2 0.923828 0.367188 0.152344 0.289062
2 0.045898 0.287109 0.001953 0.007812
2 0.713867 0.407227 0.162109 0.201172
2 0.087891 0.380859 0.082031 0.046875
2 0.352539 0.410156 0.048828 0.070312
2 0.060547 0.462891 0.117188 0.109375
2 0.227539 0.466797 0.154297 0.113281
2 0.594727 0.469727 0.080078 0.076172
2 0.437500 0.468750 0.132812 0.062500
2 0.933594 0.588867 0.132812 0.158203
2 0.546875 0.589844 0.281250 0.105469
2 0.738281 0.562500 0.070312 0.050781
2 0.181641 0.581055 0.207031 0.064453
2 0.787109 0.614258 0.042969 0.083984
2 0.032227 0.614258 0.029297 0.048828
2 0.666016 0.667969 0.113281 0.140625
2 0.099609 0.706055 0.199219 0.173828
2 0.423828 0.625977 0.003906 0.009766
2 0.451172 0.703125 0.160156 0.074219
2 0.925781 0.755859 0.101562 0.160156
2 0.784180 0.769531 0.107422 0.152344
2 0.681641 0.781250 0.078125 0.062500
2 0.455078 0.875977 0.125000 0.142578
2 0.262695 0.893555 0.201172 0.146484
2 0.647461 0.910156 0.111328 0.179688
2 0.944336 0.917969 0.111328 0.164062
2 0.780273 0.910156 0.091797 0.113281
5 0.438477 0.500000 0.876953 1.000000
5 0.233398 0.255859 0.466797 0.328125
6 0.705078 0.127930 0.156250 0.154297
