0 0.017578 0.004883 0.007812 0.009766
0 0.036133 0.000977 0.001953 0.001953
0 0.040039 0.000977 0.001953 0.001953
0 0.045898 0.003906 0.001953 0.003906
0 0.102539 0.002930 0.001953 0.001953
0 0.120117 0.008789 0.029297 0.017578
0 0.398438 0.079102 0.421875 0.158203
0 0.309570 0.001953 0.001953 0.003906
0 0.538086 0.002930 0.005859 0.005859
0 0.589844 0.017578 0.031250 0.035156
0 0.687500 0.006836 0.007812 0.013672
0 0.876953 0.149414 0.246094 0.298828
0 0.784180 0.000977 0.001953 0.001953
0 0.925781 0.002930 0.027344 0.005859
0 0.970703 0.006836 0.058594 0.013672
0 0.038086 0.047852 0.048828 0.080078
0 0.194336 0.011719 0.001953 0.003906
0 0.151367 0.020508 0.013672 0.013672
0 0.654297 0.030273 0.062500 0.017578
0 0.986328 0.023438 0.023438 0.007812
0 0.068359 0.032227 0.007812 0.013672
0 0.700195 0.032227 0.013672 0.013672
0 0.372070 0.513672 0.744141 0.972656
0 0.183594 0.034180 0.015625 0.009766
0 0.769531 0.032227 0.015625 0.009766
0 0.164062 0.035156 0.007812 0.003906
0 0.239258 0.034180 0.001953 0.001953
0 0.432617 0.041992 0.005859 0.005859
0 0.703125 0.043945 0.007812 0.005859
0 0.183594 0.044922 0.003906 0.003906
0 0.600586 0.044922 0.005859 0.003906
0 0.583008 0.049805 0.005859 0.005859
0 0.704102 0.050781 0.005859 0.003906
0 0.040039 0.052734 0.005859 0.003906
0 0.084961 0.057617 0.005859 0.013672
0 0.346680 0.051758 0.001953 0.001953
0 0.380859 0.077148 0.058594 0.048828
0 0.399414 0.051758 0.001953 0.001953
0 0.590820 0.053711 0.001953 0.001953
0 0.674805 0.056641 0.005859 0.007812
0 0.767578 0.051758 0.003906 0.001953
0 0.030273 0.062500 0.009766 0.015625
0 0.571289 0.063477 0.005859 0.017578
0 0.666992 0.057617 0.005859 0.005859
0 0.674805 0.081055 0.080078 0.052734
0 0.953125 0.055664 0.003906 0.001953
0 0.325195 0.065430 0.009766 0.013672
0 0.346680 0.059570 0.001953 0.001953
0 0.347656 0.065430 0.007812 0.009766
0 0.653320 0.061523 0.001953 0.001953
0 0.875977 0.063477 0.013672 0.005859
0 0.950195 0.059570 0.001953 0.001953
0 0.331055 0.069336 0.005859 0.005859
0 0.577148 0.070312 0.001953 0.003906
0 0.773438 0.067383 0.003906 0.001953
0 0.600586 0.088867 0.037109 0.037109
0 0.856445 0.074219 0.037109 0.007812
0 0.008789 0.075195 0.001953 0.001953
0 0.825195 0.077148 0.005859 0.001953
0 0.009766 0.091797 0.019531 0.027344
0 0.260742 0.092773 0.033203 0.025391
0 0.331055 0.092773 0.013672 0.029297
0 0.798828 0.079102 0.003906 0.001953
0 0.817383 0.079102 0.001953 0.001953
0 0.845703 0.081055 0.003906 0.001953
0 0.851562 0.081055 0.003906 0.001953
0 0.872070 0.083984 0.021484 0.007812
0 0.889648 0.079102 0.001953 0.001953
0 0.908203 0.082031 0.003906 0.003906
0 0.172852 0.083008 0.001953 0.001953
0 0.239258 0.083984 0.001953 0.003906
0 0.587891 0.083008 0.003906 0.001953
0 0.596680 0.087891 0.005859 0.007812
0 0.856445 0.083008 0.001953 0.001953
0 0.040039 0.089844 0.005859 0.003906
0 0.183594 0.090820 0.015625 0.009766
0 0.586914 0.089844 0.001953 0.003906
0 0.045898 0.092773 0.001953 0.001953
0 0.120117 0.092773 0.001953 0.001953
0 0.579102 0.101562 0.013672 0.019531
0 0.850586 0.090820 0.001953 0.001953
0 0.869141 0.092773 0.003906 0.001953
0 0.875977 0.092773 0.005859 0.001953
0 0.178711 0.101562 0.029297 0.015625
0 0.901367 0.095703 0.005859 0.003906
0 0.944336 0.095703 0.009766 0.003906
0 0.118164 0.098633 0.001953 0.001953
0 0.203125 0.100586 0.003906 0.005859
0 0.446289 0.101562 0.005859 0.003906
0 0.795898 0.098633 0.001953 0.001953
0 0.811523 0.103516 0.001953 0.003906
0 0.815430 0.104492 0.001953 0.005859
0 0.325195 0.125000 0.072266 0.039062
0 0.317383 0.109375 0.009766 0.003906
0 0.439453 0.128906 0.070312 0.042969
0 0.823242 0.108398 0.001953 0.001953
0 0.228516 0.115234 0.011719 0.007812
0 0.327148 0.113281 0.001953 0.003906
0 0.691406 0.110352 0.003906 0.001953
0 0.661133 0.134766 0.115234 0.050781
0 0.809570 0.112305 0.001953 0.001953
0 0.840820 0.110352 0.005859 0.001953
0 0.850586 0.110352 0.001953 0.001953
0 0.198242 0.116211 0.001953 0.001953
0 0.912109 0.118164 0.003906 0.001953
0 0.475586 0.136719 0.017578 0.019531
0 0.606445 0.127930 0.001953 0.001953
0 0.458984 0.130859 0.003906 0.003906
0 0.466797 0.132812 0.003906 0.003906
0 0.065430 0.141602 0.005859 0.009766
0 0.899414 0.137695 0.001953 0.001953
0 0.455078 0.143555 0.003906 0.001953
0 0.499023 0.143555 0.005859 0.005859
0 0.453125 0.185547 0.066406 0.078125
0 0.463867 0.147461 0.001953 0.001953
0 0.349609 0.150391 0.007812 0.003906
0 0.124023 0.158203 0.005859 0.007812
0 0.649414 0.155273 0.001953 0.001953
0 0.501953 0.168945 0.015625 0.021484
0 0.583984 0.164062 0.011719 0.011719
0 0.589844 0.189453 0.070312 0.066406
0 0.650391 0.177734 0.031250 0.035156
0 0.693359 0.179688 0.050781 0.039062
0 0.120117 0.166992 0.005859 0.001953
0 0.109375 0.180664 0.015625 0.021484
0 0.541992 0.173828 0.005859 0.007812
0 0.474609 0.172852 0.003906 0.001953
0 0.480469 0.174805 0.003906 0.001953
0 0.000977 0.176758 0.001953 0.001953
0 0.661133 0.176758 0.005859 0.001953
0 0.395508 0.228516 0.115234 0.089844
0 0.683594 0.187500 0.003906 0.003906
0 0.659180 0.278320 0.197266 0.185547
0 0.504883 0.192383 0.001953 0.001953
0 0.510742 0.194336 0.001953 0.001953
0 0.630859 0.194336 0.003906 0.001953
0 0.429688 0.197266 0.003906 0.003906
0 0.516602 0.196289 0.001953 0.001953
0 0.526367 0.198242 0.001953 0.001953
0 0.616211 0.198242 0.001953 0.001953
0 0.380859 0.210938 0.031250 0.019531
0 0.541016 0.200195 0.003906 0.001953
0 0.545898 0.202148 0.001953 0.001953
0 0.549805 0.204102 0.001953 0.001953
0 0.325195 0.208008 0.001953 0.001953
0 0.573242 0.211914 0.001953 0.001953
0 0.100586 0.217773 0.005859 0.005859
0 0.311523 0.218750 0.005859 0.003906
0 0.057617 0.219727 0.001953 0.001953
0 0.070312 0.221680 0.003906 0.001953
0 0.291992 0.221680 0.001953 0.001953
0 0.298828 0.219727 0.007812 0.001953
0 0.504883 0.228516 0.025391 0.015625
0 0.330078 0.225586 0.003906 0.005859
0 0.489258 0.233398 0.009766 0.009766
0 0.600586 0.227539 0.001953 0.001953
0 0.020508 0.231445 0.001953 0.001953
0 0.092773 0.233398 0.001953 0.001953
0 0.725586 0.234375 0.001953 0.003906
0 0.936523 0.231445 0.001953 0.001953
0 0.013672 0.239258 0.003906 0.001953
0 0.280273 0.241211 0.001953 0.001953
0 0.507812 0.241211 0.003906 0.001953
0 0.516602 0.239258 0.001953 0.001953
0 0.526367 0.246094 0.021484 0.015625
0 0.776367 0.243164 0.001953 0.005859
0 0.427734 0.243164 0.003906 0.001953
0 0.517578 0.243164 0.003906 0.001953
0 0.434570 0.247070 0.001953 0.001953
0 0.511719 0.247070 0.003906 0.001953
0 0.780273 0.249023 0.001953 0.001953
0 0.545898 0.258789 0.013672 0.017578
0 0.403320 0.254883 0.001953 0.001953
0 0.451172 0.255859 0.003906 0.003906
0 0.403320 0.262695 0.009766 0.009766
0 0.459961 0.262695 0.001953 0.001953
0 0.556641 0.263672 0.003906 0.003906
0 0.457031 0.273438 0.011719 0.011719
0 0.473633 0.269531 0.013672 0.007812
0 0.559570 0.282227 0.029297 0.021484
0 0.485352 0.274414 0.001953 0.001953
0 0.875000 0.274414 0.003906 0.001953
0 0.001953 0.278320 0.003906 0.001953
0 0.489258 0.280273 0.001953 0.001953
0 0.499023 0.283203 0.013672 0.007812
0 0.798828 0.296875 0.019531 0.035156
0 0.874023 0.278320 0.001953 0.001953
0 0.582031 0.283203 0.003906 0.003906
0 0.870117 0.291016 0.001953 0.003906
0 0.999023 0.292969 0.001953 0.003906
0 0.503906 0.301758 0.019531 0.013672
0 0.856445 0.315430 0.041016 0.041016
0 0.890625 0.296875 0.003906 0.003906
0 0.945312 0.335938 0.109375 0.074219
0 0.968750 0.299805 0.003906 0.001953
0 0.539062 0.308594 0.023438 0.011719
0 0.815430 0.301758 0.001953 0.001953
0 0.833008 0.301758 0.001953 0.001953
0 0.996094 0.315430 0.007812 0.005859
0 0.538086 0.317383 0.001953 0.001953
0 0.553711 0.317383 0.001953 0.001953
0 0.545898 0.333984 0.017578 0.023438
0 0.810547 0.326172 0.019531 0.007812
0 0.987305 0.323242 0.001953 0.001953
0 0.698242 0.329102 0.001953 0.005859
0 0.705078 0.327148 0.003906 0.001953
0 0.993164 0.327148 0.001953 0.005859
0 0.816406 0.340820 0.027344 0.017578
0 0.828125 0.334961 0.003906 0.001953
0 0.713867 0.338867 0.001953 0.001953
0 0.094727 0.343750 0.005859 0.003906
0 0.089844 0.350586 0.007812 0.005859
0 0.827148 0.361328 0.041016 0.023438
0 0.852539 0.354492 0.001953 0.001953
0 0.715820 0.363281 0.037109 0.011719
0 0.869141 0.359375 0.027344 0.007812
0 0.886719 0.356445 0.003906 0.001953
0 0.971680 0.362305 0.037109 0.013672
0 0.610352 0.372070 0.025391 0.025391
0 0.740234 0.367188 0.007812 0.007812
0 0.996094 0.369141 0.007812 0.011719
0 0.837891 0.370117 0.003906 0.001953
0 0.903320 0.368164 0.001953 0.001953
0 0.237305 0.374023 0.005859 0.001953
0 0.582031 0.395508 0.031250 0.044922
0 0.952148 0.374023 0.001953 0.001953
0 0.225586 0.375977 0.001953 0.001953
0 0.659180 0.386719 0.001953 0.003906
0 0.625000 0.392578 0.003906 0.007812
0 0.665039 0.389648 0.001953 0.001953
0 0.696289 0.394531 0.033203 0.015625
0 0.588867 0.396484 0.009766 0.011719
0 0.661133 0.391602 0.001953 0.001953
0 0.824219 0.393555 0.003906 0.005859
0 0.537109 0.404297 0.027344 0.015625
0 0.659180 0.397461 0.001953 0.001953
0 0.579102 0.400391 0.001953 0.003906
0 0.680664 0.399414 0.001953 0.001953
0 0.695312 0.412109 0.015625 0.019531
0 0.830078 0.406250 0.015625 0.007812
0 0.479492 0.407227 0.001953 0.001953
0 0.513672 0.409180 0.015625 0.005859
0 0.715820 0.414062 0.017578 0.011719
0 0.738281 0.416992 0.027344 0.017578
0 0.867188 0.409180 0.023438 0.005859
0 0.950195 0.408203 0.005859 0.003906
0 0.418945 0.413086 0.001953 0.001953
0 0.477539 0.411133 0.001953 0.001953
0 0.527344 0.413086 0.003906 0.001953
0 0.864258 0.411133 0.001953 0.001953
0 0.906250 0.411133 0.003906 0.001953
0 0.941406 0.411133 0.003906 0.001953
0 0.950195 0.413086 0.001953 0.001953
0 0.363281 0.415039 0.003906 0.001953
0 0.536133 0.417969 0.001953 0.003906
0 0.677734 0.415039 0.003906 0.001953
0 0.822266 0.427734 0.031250 0.027344
0 0.860352 0.435547 0.037109 0.042969
0 0.974609 0.442383 0.050781 0.052734
0 0.569336 0.420898 0.001953 0.001953
0 0.727539 0.428711 0.001953 0.001953
0 0.764648 0.428711 0.001953 0.001953
0 0.877930 0.428711 0.001953 0.001953
0 0.346680 0.432617 0.005859 0.001953
0 0.694336 0.431641 0.001953 0.003906
0 0.763672 0.489258 0.039062 0.115234
0 0.870117 0.432617 0.001953 0.001953
0 0.565430 0.435547 0.001953 0.003906
0 0.665039 0.435547 0.005859 0.003906
0 0.684570 0.439453 0.009766 0.007812
0 0.748047 0.437500 0.003906 0.003906
0 0.694336 0.441406 0.001953 0.007812
0 0.950195 0.442383 0.001953 0.005859
0 0.395508 0.444336 0.001953 0.005859
0 0.512695 0.444336 0.005859 0.001953
0 0.750977 0.452148 0.013672 0.017578
0 0.526367 0.448242 0.001953 0.001953
0 0.639648 0.449219 0.005859 0.007812
0 0.655273 0.449219 0.005859 0.003906
0 0.816406 0.449219 0.003906 0.003906
0 0.844727 0.446289 0.001953 0.001953
0 0.869141 0.447266 0.003906 0.003906
0 0.664062 0.450195 0.003906 0.001953
0 0.694336 0.453125 0.001953 0.003906
0 0.881836 0.452148 0.001953 0.001953
0 0.950195 0.452148 0.001953 0.001953
0 0.655273 0.455078 0.001953 0.003906
0 0.816406 0.461914 0.011719 0.013672
0 0.858398 0.454102 0.001953 0.001953
0 0.882812 0.465820 0.007812 0.013672
0 0.590820 0.463867 0.001953 0.001953
0 0.924805 0.500000 0.150391 0.066406
0 0.988281 0.470703 0.003906 0.003906
0 0.331055 0.486328 0.017578 0.023438
0 0.041992 0.487305 0.001953 0.001953
0 0.817383 0.494141 0.009766 0.015625
0 0.823242 0.485352 0.001953 0.001953
0 0.843750 0.492188 0.003906 0.007812
0 0.827148 0.499023 0.001953 0.001953
0 0.836914 0.499023 0.005859 0.001953
0 0.843750 0.499023 0.003906 0.001953
0 0.497070 0.500977 0.001953 0.001953
0 0.711914 0.500977 0.001953 0.001953
0 0.717773 0.502930 0.001953 0.001953
0 0.729492 0.510742 0.001953 0.001953
0 0.393555 0.512695 0.001953 0.001953
0 0.742188 0.514648 0.007812 0.001953
0 0.942383 0.514648 0.001953 0.001953
0 0.941406 0.520508 0.007812 0.005859
0 0.448242 0.520508 0.001953 0.001953
0 0.457031 0.522461 0.003906 0.001953
0 0.748047 0.521484 0.007812 0.003906
0 0.370117 0.528320 0.005859 0.009766
0 0.462891 0.524414 0.003906 0.001953
0 0.467773 0.526367 0.001953 0.001953
0 0.479492 0.532227 0.009766 0.005859
0 0.891602 0.531250 0.005859 0.003906
0 0.487305 0.536133 0.001953 0.001953
0 0.909180 0.620117 0.181641 0.169922
0 0.836914 0.543945 0.001953 0.001953
0 0.986328 0.548828 0.003906 0.007812
0 0.768555 0.554688 0.001953 0.003906
0 0.857422 0.555664 0.003906 0.009766
0 0.414062 0.556641 0.003906 0.003906
0 0.657227 0.555664 0.001953 0.001953
0 0.667969 0.557617 0.003906 0.001953
0 0.784180 0.557617 0.001953 0.001953
0 0.021484 0.559570 0.003906 0.001953
0 0.712891 0.666016 0.144531 0.214844
0 0.857422 0.577148 0.003906 0.029297
0 0.570312 0.571289 0.003906 0.001953
0 0.578125 0.573242 0.003906 0.001953
0 0.994141 0.574219 0.003906 0.003906
0 0.434570 0.577148 0.001953 0.001953
0 0.645508 0.576172 0.005859 0.003906
0 0.713867 0.577148 0.001953 0.001953
0 0.725586 0.580078 0.009766 0.003906
0 0.439453 0.583008 0.003906 0.001953
0 0.946289 0.584961 0.001953 0.001953
0 0.049805 0.588867 0.001953 0.001953
0 0.618164 0.588867 0.001953 0.001953
0 0.926758 0.592773 0.001953 0.001953
0 0.323242 0.596680 0.013672 0.001953
0 0.905273 0.595703 0.001953 0.003906
0 0.930664 0.597656 0.001953 0.003906
0 0.352539 0.598633 0.001953 0.001953
0 0.659180 0.604492 0.005859 0.013672
0 0.925781 0.602539 0.003906 0.001953
0 0.666992 0.608398 0.005859 0.001953
0 0.948242 0.607422 0.001953 0.003906
0 0.675781 0.610352 0.007812 0.001953
0 0.690430 0.612305 0.005859 0.001953
0 0.752930 0.612305 0.001953 0.001953
0 0.720703 0.615234 0.011719 0.003906
0 0.761719 0.614258 0.011719 0.001953
0 0.627930 0.624023 0.001953 0.001953
0 0.654297 0.623047 0.003906 0.003906
0 0.763672 0.625000 0.003906 0.007812
0 0.620117 0.625977 0.001953 0.001953
0 0.636719 0.625977 0.003906 0.001953
0 0.875977 0.627930 0.005859 0.001953
0 0.660156 0.629883 0.003906 0.001953
0 0.674805 0.633789 0.021484 0.005859
0 0.830078 0.637695 0.003906 0.017578
0 0.861328 0.629883 0.003906 0.001953
0 0.071289 0.637695 0.001953 0.001953
0 0.998047 0.641602 0.003906 0.005859
0 0.686523 0.641602 0.001953 0.001953
0 0.817383 0.641602 0.001953 0.001953
0 0.606445 0.664062 0.060547 0.035156
0 0.618164 0.647461 0.001953 0.001953
0 0.818359 0.649414 0.003906 0.005859
0 0.845703 0.645508 0.003906 0.001953
0 0.859375 0.645508 0.003906 0.001953
0 0.898438 0.647461 0.003906 0.001953
0 0.565430 0.655273 0.005859 0.013672
0 0.761719 0.649414 0.003906 0.001953
0 0.828125 0.650391 0.003906 0.003906
0 0.891602 0.649414 0.001953 0.001953
0 0.757812 0.654297 0.011719 0.003906
0 0.818359 0.669922 0.003906 0.027344
0 0.646484 0.664062 0.015625 0.003906
0 0.661133 0.661133 0.001953 0.001953
0 0.678711 0.661133 0.001953 0.001953
0 0.941406 0.699219 0.007812 0.015625
0 0.494141 0.702148 0.003906 0.001953
0 0.879883 0.828125 0.240234 0.257812
0 0.613281 0.709961 0.003906 0.001953
0 0.625977 0.708008 0.001953 0.001953
0 0.597656 0.729492 0.023438 0.037109
0 0.655273 0.711914 0.001953 0.001953
0 0.715820 0.714844 0.013672 0.003906
0 0.946289 0.715820 0.005859 0.005859
0 0.530273 0.726562 0.013672 0.019531
0 0.592773 0.717773 0.001953 0.005859
0 0.309570 0.721680 0.001953 0.001953
0 0.523438 0.719727 0.003906 0.001953
0 0.705078 0.719727 0.003906 0.001953
0 0.590820 0.725586 0.001953 0.001953
0 0.713867 0.728516 0.001953 0.007812
0 0.728516 0.727539 0.003906 0.001953
0 0.532227 0.736328 0.001953 0.003906
0 0.521484 0.739258 0.007812 0.001953
0 0.534180 0.741211 0.001953 0.001953
0 0.540039 0.741211 0.001953 0.001953
0 0.585938 0.742188 0.003906 0.003906
0 0.593750 0.739258 0.003906 0.001953
0 0.718750 0.747070 0.007812 0.017578
0 0.315430 0.743164 0.005859 0.001953
0 0.549805 0.743164 0.001953 0.001953
0 0.615234 0.747070 0.007812 0.001953
0 0.624023 0.749023 0.005859 0.001953
0 0.615234 0.758789 0.019531 0.017578
0 0.627930 0.756836 0.013672 0.009766
0 0.636719 0.750977 0.003906 0.001953
0 0.645508 0.752930 0.001953 0.001953
0 0.337891 0.765625 0.003906 0.019531
0 0.563477 0.756836 0.001953 0.001953
0 0.578125 0.767578 0.031250 0.023438
0 0.660156 0.754883 0.007812 0.001953
0 0.679688 0.756836 0.003906 0.001953
0 0.599609 0.759766 0.003906 0.003906
0 0.693359 0.759766 0.007812 0.003906
0 0.719727 0.762695 0.005859 0.005859
0 0.703125 0.762695 0.007812 0.001953
0 0.712891 0.764648 0.003906 0.001953
0 0.637695 0.769531 0.005859 0.007812
0 0.681641 0.767578 0.003906 0.003906
0 0.728516 0.766602 0.003906 0.001953
0 0.864258 0.770508 0.005859 0.005859
0 0.518555 0.776367 0.001953 0.001953
0 0.864258 0.781250 0.005859 0.011719
0 0.820312 0.809570 0.062500 0.044922
0 0.467773 0.790039 0.001953 0.001953
0 0.569336 0.806641 0.001953 0.023438
0 0.665039 0.793945 0.005859 0.001953
0 0.684570 0.796875 0.005859 0.003906
0 0.754883 0.794922 0.009766 0.003906
0 0.745117 0.820312 0.029297 0.046875
0 0.723633 0.808594 0.001953 0.003906
0 0.732422 0.817383 0.011719 0.013672
0 0.496094 0.814453 0.003906 0.003906
0 0.501953 0.815430 0.003906 0.005859
0 0.546875 0.820312 0.007812 0.015625
0 0.702148 0.813477 0.001953 0.001953
0 0.897461 0.819336 0.001953 0.001953
0 0.499023 0.825195 0.005859 0.009766
0 0.543945 0.822266 0.001953 0.003906
0 0.569336 0.823242 0.001953 0.005859
0 0.743164 0.823242 0.001953 0.005859
0 0.485352 0.835938 0.009766 0.023438
0 0.739258 0.829102 0.001953 0.001953
0 0.862305 0.834961 0.001953 0.001953
0 0.480469 0.852539 0.003906 0.005859
0 0.716797 0.855469 0.011719 0.003906
0 0.684570 0.864258 0.068359 0.013672
0 0.866211 0.860352 0.013672 0.009766
0 0.481445 0.864258 0.001953 0.005859
0 0.912109 0.867188 0.003906 0.011719
0 0.717773 0.864258 0.001953 0.001953
0 0.379883 0.870117 0.001953 0.001953
0 0.737305 0.869141 0.005859 0.003906
0 0.932617 0.871094 0.001953 0.003906
0 0.220703 0.881836 0.003906 0.001953
0 0.431641 0.881836 0.003906 0.001953
0 0.442383 0.882812 0.001953 0.003906
0 0.375977 0.889648 0.001953 0.001953
0 0.303711 0.895508 0.001953 0.005859
0 0.283203 0.898438 0.003906 0.003906
0 0.187500 0.902344 0.003906 0.003906
0 0.238281 0.919922 0.015625 0.039062
0 0.286133 0.903320 0.001953 0.001953
0 0.390625 0.903320 0.003906 0.001953
0 0.291992 0.907227 0.005859 0.001953
0 0.303711 0.911133 0.005859 0.009766
0 0.326172 0.916992 0.003906 0.001953
0 0.153320 0.918945 0.001953 0.001953
0 0.389648 0.921875 0.001953 0.003906
0 0.691406 0.921875 0.007812 0.003906
0 0.368164 0.922852 0.001953 0.001953
0 0.379883 0.927734 0.013672 0.011719
0 0.313477 0.926758 0.001953 0.001953
0 0.362305 0.930664 0.001953 0.001953
0 0.337891 0.942383 0.003906 0.001953
0 0.853516 0.945312 0.003906 0.003906
0 0.227539 0.948242 0.001953 0.005859
0 0.333984 0.948242 0.003906 0.001953
0 0.710938 0.975586 0.027344 0.048828
0 0.815430 0.952148 0.001953 0.001953
0 0.822266 0.966797 0.011719 0.019531
0 0.835938 0.978516 0.160156 0.042969
0 0.897461 0.958984 0.005859 0.003906
0 0.936523 0.963867 0.068359 0.013672
0 0.757812 0.967773 0.003906 0.009766
0 0.348633 0.969727 0.001953 0.001953
0 0.336914 0.974609 0.001953 0.003906
0 0.350586 0.979492 0.005859 0.013672
0 0.817383 0.981445 0.005859 0.005859
0 0.791992 0.981445 0.009766 0.001953
0 0.803711 0.981445 0.001953 0.001953
0 0.301758 0.999023 0.001953 0.001953
0 0.984375 0.999023 0.007812 0.001953
1 0.268555 0.638672 0.232422 0.085938
1 0.015625 0.788086 0.031250 0.076172
2 0.071289 0.058594 0.142578 0.117188
2 0.106445 0.002930 0.021484 0.005859
2 0.161133 0.024414 0.076172 0.048828
2 0.208008 0.004883 0.013672 0.005859
2 0.312500 0.014648 0.144531 0.029297
2 0.459961 0.147461 0.529297 0.294922
2 0.785156 0.002930 0.007812 0.005859
2 0.801758 0.007812 0.013672 0.015625
2 0.867188 0.005859 0.035156 0.011719
2 0.937500 0.016602 0.125000 0.033203
2 0.224609 0.005859 0.003906 0.003906
2 0.788086 0.010742 0.001953 0.001953
2 0.035156 0.014648 0.003906 0.001953
2 0.229492 0.017578 0.017578 0.007812
2 0.807617 0.012695 0.001953 0.001953
2 0.815430 0.015625 0.001953 0.003906
2 0.824219 0.012695 0.003906 0.001953
2 0.840820 0.013672 0.021484 0.003906
2 0.120117 0.016602 0.001953 0.001953
2 0.800781 0.021484 0.003906 0.007812
2 0.847656 0.021484 0.019531 0.007812
2 0.773438 0.038086 0.023438 0.033203
2 0.816406 0.022461 0.003906 0.001953
2 0.911133 0.033203 0.052734 0.015625
2 0.262695 0.031250 0.005859 0.003906
2 0.310547 0.029297 0.031250 0.003906
2 0.814453 0.032227 0.003906 0.005859
2 0.871094 0.031250 0.003906 0.007812
2 0.948242 0.031250 0.017578 0.007812
2 0.788086 0.032227 0.001953 0.001953
2 0.798828 0.032227 0.003906 0.001953
2 0.885742 0.034180 0.001953 0.001953
2 0.278320 0.038086 0.037109 0.005859
2 0.892578 0.040039 0.003906 0.001953
2 0.906250 0.041992 0.003906 0.001953
2 0.897461 0.048828 0.005859 0.003906
2 0.852539 0.083984 0.173828 0.074219
2 0.995117 0.049805 0.001953 0.001953
2 0.153320 0.071289 0.013672 0.005859
2 0.712891 0.069336 0.003906 0.005859
2 0.945312 0.072266 0.007812 0.003906
2 0.995117 0.074219 0.001953 0.003906
2 0.180664 0.119141 0.123047 0.085938
2 0.712891 0.077148 0.003906 0.005859
2 0.770508 0.083008 0.009766 0.009766
2 0.713867 0.085938 0.001953 0.003906
2 0.983398 0.084961 0.001953 0.001953
2 0.702148 0.088867 0.005859 0.001953
2 0.000977 0.090820 0.001953 0.001953
2 0.708008 0.092773 0.001953 0.001953
2 0.713867 0.092773 0.001953 0.001953
2 0.977539 0.090820 0.001953 0.001953
2 0.003906 0.098633 0.003906 0.001953
2 0.125000 0.107422 0.011719 0.011719
2 0.085938 0.198242 0.171875 0.166016
2 0.424805 0.116211 0.001953 0.001953
2 0.588867 0.114258 0.001953 0.001953
2 0.717773 0.116211 0.001953 0.001953
2 0.117188 0.121094 0.003906 0.003906
2 0.446289 0.122070 0.013672 0.009766
2 0.711914 0.125000 0.005859 0.011719
2 0.794922 0.120117 0.003906 0.005859
2 0.829102 0.128906 0.037109 0.011719
2 0.112305 0.127930 0.001953 0.001953
2 0.305664 0.128906 0.005859 0.003906
2 0.790039 0.125977 0.001953 0.001953
2 0.807617 0.125977 0.001953 0.001953
2 0.792969 0.129883 0.003906 0.001953
2 0.715820 0.136719 0.005859 0.003906
2 0.872070 0.136719 0.044922 0.007812
2 0.939453 0.138672 0.015625 0.007812
2 0.123047 0.137695 0.003906 0.001953
2 0.205078 0.166992 0.050781 0.056641
2 0.903320 0.138672 0.005859 0.003906
2 0.918945 0.139648 0.001953 0.001953
2 0.963867 0.142578 0.021484 0.003906
2 0.646484 0.145508 0.003906 0.001953
2 0.979492 0.145508 0.005859 0.001953
2 0.990234 0.145508 0.003906 0.001953
2 0.299805 0.161133 0.021484 0.017578
2 0.627930 0.155273 0.005859 0.001953
2 0.164062 0.169922 0.023438 0.011719
2 0.240234 0.167969 0.011719 0.007812
2 0.200195 0.168945 0.001953 0.001953
2 0.306641 0.176758 0.003906 0.005859
2 0.454102 0.339844 0.373047 0.328125
2 0.444336 0.182617 0.001953 0.001953
2 0.784180 0.187500 0.013672 0.011719
2 0.768555 0.185547 0.005859 0.003906
2 0.319336 0.190430 0.005859 0.005859
2 0.769531 0.203125 0.007812 0.027344
2 0.138672 0.192383 0.003906 0.001953
2 0.734375 0.194336 0.003906 0.005859
2 0.352539 0.198242 0.001953 0.001953
2 0.841797 0.198242 0.007812 0.001953
2 0.188477 0.210938 0.017578 0.019531
2 0.734375 0.202148 0.003906 0.005859
2 0.776367 0.206055 0.005859 0.005859
2 0.855469 0.210938 0.011719 0.011719
2 0.217773 0.208008 0.001953 0.001953
2 0.735352 0.208008 0.001953 0.001953
2 0.792969 0.210938 0.007812 0.007812
2 0.717773 0.235352 0.025391 0.044922
2 0.737305 0.215820 0.001953 0.005859
2 0.778320 0.213867 0.001953 0.001953
2 0.979492 0.213867 0.001953 0.001953
2 0.974609 0.220703 0.027344 0.011719
2 0.773438 0.222656 0.007812 0.007812
2 0.030273 0.223633 0.001953 0.001953
2 0.737305 0.223633 0.001953 0.001953
2 0.886719 0.419922 0.226562 0.394531
2 0.882812 0.225586 0.003906 0.005859
2 0.058594 0.248047 0.019531 0.039062
2 0.208008 0.230469 0.001953 0.003906
2 0.774414 0.229492 0.001953 0.001953
2 0.913086 0.246094 0.095703 0.039062
2 0.806641 0.233398 0.003906 0.001953
2 0.980469 0.239258 0.003906 0.009766
2 0.172852 0.252930 0.017578 0.017578
2 0.696289 0.245117 0.013672 0.001953
2 0.964844 0.250977 0.003906 0.013672
2 0.086914 0.405273 0.173828 0.318359
2 0.733398 0.270508 0.009766 0.041016
2 0.806641 0.259766 0.011719 0.011719
2 0.278320 0.268555 0.017578 0.021484
2 0.830078 0.263672 0.015625 0.011719
2 0.260742 0.266602 0.005859 0.009766
2 0.743164 0.264648 0.001953 0.001953
2 0.997070 0.262695 0.001953 0.001953
2 0.156250 0.285156 0.027344 0.039062
2 0.818359 0.267578 0.003906 0.003906
2 0.122070 0.275391 0.005859 0.007812
2 0.965820 0.275391 0.001953 0.003906
2 0.554688 0.278320 0.003906 0.001953
2 0.177734 0.283203 0.003906 0.003906
2 0.250977 0.283203 0.001953 0.003906
2 0.943359 0.284180 0.007812 0.005859
2 0.127930 0.287109 0.001953 0.003906
2 0.679688 0.292969 0.023438 0.015625
2 0.245117 0.291992 0.001953 0.001953
2 0.709961 0.319336 0.072266 0.056641
2 0.797852 0.290039 0.001953 0.001953
2 0.243164 0.295898 0.001953 0.001953
2 0.718750 0.293945 0.015625 0.001953
2 0.750977 0.295898 0.001953 0.001953
2 0.239258 0.302734 0.001953 0.003906
2 0.540039 0.303711 0.001953 0.001953
2 0.674805 0.303711 0.001953 0.001953
2 0.137695 0.312500 0.009766 0.011719
2 0.863281 0.305664 0.003906 0.001953
2 0.283203 0.314453 0.011719 0.011719
2 0.852539 0.310547 0.001953 0.003906
2 0.863281 0.312500 0.003906 0.003906
2 0.161133 0.313477 0.001953 0.001953
2 0.520508 0.315430 0.001953 0.001953
2 0.086914 0.319336 0.001953 0.001953
2 0.504883 0.321289 0.001953 0.001953
2 0.517578 0.325195 0.011719 0.009766
2 0.747070 0.327148 0.001953 0.001953
2 0.872070 0.325195 0.001953 0.001953
2 0.167969 0.333008 0.003906 0.001953
2 0.570312 0.338867 0.003906 0.001953
2 0.648438 0.341797 0.015625 0.007812
2 0.184570 0.340820 0.001953 0.001953
2 0.222656 0.348633 0.007812 0.017578
2 0.506836 0.340820 0.001953 0.001953
2 0.812500 0.341797 0.011719 0.003906
2 0.499023 0.346680 0.001953 0.001953
2 0.604492 0.344727 0.001953 0.001953
2 0.659180 0.346680 0.001953 0.001953
2 0.725586 0.357422 0.068359 0.027344
2 0.922852 0.346680 0.001953 0.001953
2 0.243164 0.349609 0.005859 0.003906
2 0.255859 0.388672 0.078125 0.078125
2 0.676758 0.352539 0.001953 0.001953
2 0.808594 0.358398 0.003906 0.001953
2 0.209961 0.364258 0.005859 0.001953
2 0.387695 0.419922 0.119141 0.109375
2 0.998047 0.367188 0.003906 0.003906
2 0.729492 0.368164 0.001953 0.001953
2 0.687500 0.448242 0.164062 0.150391
2 0.209961 0.393555 0.009766 0.005859
2 0.658203 0.412109 0.003906 0.003906
2 0.627930 0.420898 0.001953 0.001953
2 0.446289 0.423828 0.005859 0.003906
2 0.987305 0.429688 0.025391 0.011719
2 0.971680 0.426758 0.001953 0.001953
2 0.807617 0.430664 0.001953 0.001953
2 0.459961 0.442383 0.005859 0.009766
2 0.999023 0.440430 0.001953 0.005859
2 0.222656 0.455078 0.039062 0.023438
2 0.465820 0.448242 0.001953 0.001953
2 0.473633 0.446289 0.005859 0.001953
2 0.999023 0.449219 0.001953 0.003906
2 0.241211 0.452148 0.001953 0.001953
2 0.402344 0.531250 0.250000 0.164062
2 0.452148 0.457031 0.009766 0.015625
2 0.550781 0.453125 0.007812 0.003906
2 0.999023 0.456055 0.001953 0.005859
2 0.276367 0.458008 0.001953 0.001953
2 0.460938 0.468750 0.007812 0.003906
2 0.273438 0.470703 0.007812 0.003906
2 0.449219 0.481445 0.011719 0.021484
2 0.541016 0.471680 0.003906 0.001953
2 0.687500 0.484375 0.007812 0.003906
2 0.256836 0.491211 0.017578 0.009766
2 0.532227 0.487305 0.001953 0.001953
2 0.543945 0.487305 0.001953 0.001953
2 0.759766 0.492188 0.015625 0.015625
2 0.532227 0.492188 0.005859 0.003906
2 0.679688 0.493164 0.011719 0.005859
2 0.778320 0.493164 0.001953 0.001953
2 0.535156 0.499023 0.003906 0.001953
2 0.273438 0.502930 0.003906 0.001953
2 0.531250 0.509766 0.007812 0.015625
2 0.678711 0.509766 0.025391 0.015625
2 0.700195 0.502930 0.001953 0.001953
2 0.764648 0.502930 0.005859 0.001953
2 0.966797 0.521484 0.003906 0.003906
2 0.954102 0.528320 0.001953 0.001953
2 0.772461 0.538086 0.001953 0.001953
2 0.569336 0.719727 0.416016 0.361328
2 0.598633 0.541992 0.001953 0.001953
2 0.504883 0.552734 0.013672 0.019531
2 0.042969 0.561523 0.003906 0.001953
2 0.053711 0.561523 0.001953 0.001953
2 0.139648 0.563477 0.013672 0.005859
2 0.549805 0.560547 0.001953 0.003906
2 0.692383 0.566406 0.021484 0.011719
2 0.937500 0.561523 0.003906 0.001953
2 0.079102 0.563477 0.001953 0.001953
2 0.106445 0.564453 0.009766 0.003906
2 0.125977 0.565430 0.001953 0.001953
2 0.015625 0.573242 0.019531 0.013672
2 0.068359 0.626953 0.097656 0.117188
2 0.490234 0.583984 0.011719 0.031250
2 0.100586 0.574219 0.056641 0.007812
2 0.678711 0.573242 0.001953 0.001953
2 0.546875 0.581055 0.007812 0.009766
2 0.676758 0.577148 0.005859 0.001953
2 0.928711 0.575195 0.001953 0.001953
2 0.756836 0.581055 0.001953 0.001953
2 0.249023 0.583008 0.001953 0.001953
2 0.602539 0.583008 0.001953 0.001953
2 0.770508 0.585938 0.009766 0.007812
2 0.079102 0.588867 0.005859 0.005859
2 0.497070 0.586914 0.001953 0.001953
2 0.997070 0.589844 0.005859 0.003906
2 0.086914 0.591797 0.005859 0.003906
2 0.986328 0.590820 0.007812 0.001953
2 0.014648 0.596680 0.001953 0.001953
2 0.092773 0.596680 0.001953 0.001953
2 0.393555 0.596680 0.005859 0.001953
2 0.197266 0.610352 0.019531 0.009766
2 0.999023 0.608398 0.001953 0.001953
2 0.848633 0.612305 0.017578 0.005859
2 0.995117 0.615234 0.009766 0.007812
2 0.176758 0.616211 0.013672 0.001953
2 0.943359 0.616211 0.035156 0.005859
2 0.162109 0.620117 0.007812 0.005859
2 0.516602 0.620117 0.009766 0.005859
2 0.817383 0.620117 0.001953 0.001953
2 0.903320 0.679688 0.193359 0.117188
2 0.875977 0.625000 0.025391 0.007812
2 0.156250 0.627930 0.003906 0.005859
2 0.696289 0.625977 0.001953 0.001953
2 0.817383 0.626953 0.001953 0.003906
2 0.972656 0.628906 0.023438 0.003906
2 0.553711 0.629883 0.001953 0.001953
2 0.817383 0.631836 0.001953 0.001953
2 0.045898 0.635742 0.001953 0.001953
2 0.152344 0.636719 0.003906 0.007812
2 0.817383 0.635742 0.001953 0.001953
2 0.817383 0.639648 0.001953 0.001953
2 0.152344 0.647461 0.003906 0.009766
2 0.913086 0.644531 0.001953 0.003906
2 0.936523 0.643555 0.001953 0.001953
2 0.381836 0.650391 0.005859 0.011719
2 0.780273 0.648438 0.005859 0.007812
2 0.123047 0.651367 0.003906 0.001953
2 0.695312 0.650391 0.003906 0.003906
2 0.923828 0.651367 0.007812 0.005859
2 0.049805 0.655273 0.001953 0.001953
2 0.699219 0.662109 0.015625 0.015625
2 0.373047 0.661133 0.007812 0.005859
2 0.723633 0.659180 0.013672 0.005859
2 0.898438 0.662109 0.003906 0.003906
2 0.301758 0.672852 0.130859 0.017578
2 0.728516 0.671875 0.015625 0.011719
2 0.934570 0.666992 0.001953 0.001953
2 0.715820 0.672852 0.001953 0.001953
2 0.759766 0.683594 0.035156 0.019531
2 0.938477 0.672852 0.001953 0.001953
2 0.016602 0.683594 0.009766 0.015625
2 0.480469 0.700195 0.082031 0.044922
2 0.182617 0.680664 0.005859 0.001953
2 0.029297 0.687500 0.003906 0.003906
2 0.041016 0.692383 0.011719 0.013672
2 0.743164 0.687500 0.001953 0.003906
2 0.061523 0.690430 0.001953 0.001953
2 0.438477 0.690430 0.001953 0.001953
2 0.543945 0.694336 0.001953 0.001953
2 0.231445 0.703125 0.005859 0.003906
2 0.293945 0.704102 0.005859 0.005859
2 0.586914 0.700195 0.001953 0.001953
2 0.339844 0.713867 0.046875 0.021484
2 0.374023 0.704102 0.001953 0.001953
2 0.524414 0.706055 0.001953 0.001953
2 0.529297 0.706055 0.003906 0.001953
2 0.234375 0.708984 0.007812 0.003906
2 0.290039 0.715820 0.025391 0.013672
2 0.250000 0.728516 0.035156 0.035156
2 0.272461 0.714844 0.001953 0.003906
2 0.747070 0.714844 0.001953 0.003906
2 0.461914 0.730469 0.013672 0.019531
2 0.497070 0.719727 0.001953 0.001953
2 0.297852 0.758789 0.087891 0.072266
2 0.500977 0.729492 0.005859 0.009766
2 0.173828 0.740234 0.031250 0.023438
2 0.431641 0.732422 0.007812 0.011719
2 0.462891 0.746094 0.066406 0.039062
2 0.138672 0.737305 0.011719 0.009766
2 0.824219 0.736328 0.011719 0.007812
2 0.005859 0.746094 0.011719 0.011719
2 0.354492 0.757812 0.033203 0.039062
2 0.122070 0.750000 0.025391 0.011719
2 0.500977 0.745117 0.001953 0.001953
2 0.851562 0.818359 0.156250 0.152344
2 0.886719 0.745117 0.003906 0.001953
2 0.980469 0.749023 0.019531 0.013672
2 0.383789 0.755859 0.021484 0.015625
2 0.881836 0.749023 0.001953 0.001953
2 0.963867 0.747070 0.005859 0.001953
2 0.992188 0.748047 0.003906 0.003906
2 0.967773 0.750977 0.001953 0.001953
2 0.014648 0.754883 0.001953 0.001953
2 0.894531 0.757812 0.011719 0.003906
2 0.973633 0.756836 0.001953 0.005859
2 0.980469 0.757812 0.003906 0.003906
2 0.535156 0.758789 0.003906 0.001953
2 0.914062 0.761719 0.011719 0.003906
2 0.959961 0.771484 0.044922 0.023438
2 0.956055 0.761719 0.009766 0.007812
2 0.968750 0.759766 0.003906 0.003906
2 0.891602 0.762695 0.005859 0.001953
2 0.929688 0.764648 0.007812 0.005859
2 0.020508 0.766602 0.001953 0.001953
2 0.910156 0.766602 0.003906 0.001953
2 0.023438 0.771484 0.003906 0.003906
2 0.986328 0.770508 0.003906 0.001953
2 0.995117 0.772461 0.009766 0.001953
2 0.026367 0.776367 0.001953 0.001953
2 0.430664 0.776367 0.005859 0.001953
2 0.480469 0.776367 0.003906 0.001953
2 0.921875 0.787109 0.019531 0.019531
2 0.987305 0.780273 0.001953 0.001953
2 0.986328 0.786133 0.007812 0.009766
2 0.032227 0.790039 0.001953 0.005859
2 0.161133 0.790039 0.009766 0.009766
2 0.271484 0.788086 0.007812 0.005859
2 0.932617 0.787109 0.001953 0.003906
2 0.793945 0.791992 0.001953 0.001953
2 0.901367 0.791016 0.001953 0.003906
2 0.313477 0.795898 0.017578 0.005859
2 0.984375 0.797852 0.007812 0.009766
2 0.030273 0.800781 0.001953 0.003906
2 0.370117 0.801758 0.021484 0.009766
2 0.191406 0.806641 0.015625 0.007812
2 0.020508 0.813477 0.001953 0.001953
2 0.756836 0.813477 0.001953 0.001953
2 0.012695 0.819336 0.001953 0.001953
2 0.756836 0.819336 0.001953 0.001953
2 0.006836 0.823242 0.001953 0.001953
2 0.002930 0.825195 0.001953 0.001953
2 0.934570 0.827148 0.001953 0.001953
2 0.995117 0.827148 0.005859 0.001953
2 0.299805 0.830078 0.005859 0.003906
2 0.754883 0.833984 0.001953 0.003906
2 0.935547 0.871094 0.070312 0.074219
2 0.339844 0.838867 0.003906 0.005859
2 0.194336 0.846680 0.017578 0.009766
2 0.282227 0.847656 0.033203 0.015625
2 0.903320 0.846680 0.001953 0.001953
2 0.915039 0.846680 0.001953 0.001953
2 0.361328 0.858398 0.007812 0.009766
2 0.897461 0.858398 0.005859 0.013672
2 0.903320 0.852539 0.005859 0.001953
2 0.250977 0.931641 0.314453 0.136719
2 0.624023 0.867188 0.005859 0.003906
2 0.967773 0.864258 0.001953 0.001953
2 0.975586 0.872070 0.009766 0.009766
2 0.596680 0.888672 0.009766 0.007812
2 0.611328 0.892578 0.027344 0.015625
2 0.743164 0.893555 0.001953 0.001953
2 0.605469 0.942383 0.050781 0.076172
2 0.632812 0.910156 0.011719 0.015625
2 0.647461 0.903320 0.001953 0.001953
2 0.703125 0.954102 0.054688 0.091797
2 0.944336 0.909180 0.005859 0.001953
2 0.645508 0.915039 0.005859 0.005859
2 0.665039 0.911133 0.001953 0.001953
2 0.875977 0.955078 0.248047 0.089844
2 0.931641 0.915039 0.003906 0.001953
2 0.925781 0.920898 0.003906 0.001953
2 0.842773 0.930664 0.001953 0.005859
2 0.111328 0.937500 0.003906 0.003906
2 0.140625 0.942383 0.003906 0.005859
2 0.209961 0.940430 0.005859 0.001953
2 0.558594 0.941406 0.003906 0.003906
2 0.623047 0.969727 0.074219 0.060547
2 0.097656 0.949219 0.023438 0.003906
2 0.163086 0.955078 0.013672 0.019531
2 0.236328 0.949219 0.003906 0.003906
2 0.261719 0.951172 0.003906 0.007812
2 0.266602 0.951172 0.001953 0.007812
2 0.596680 0.946289 0.001953 0.001953
2 0.917969 0.946289 0.003906 0.001953
2 0.926758 0.946289 0.005859 0.001953
2 0.419922 0.953125 0.003906 0.003906
2 0.196289 0.956055 0.005859 0.001953
2 0.243164 0.958008 0.009766 0.009766
2 0.270508 0.970703 0.029297 0.019531
2 0.411133 0.967773 0.005859 0.005859
2 0.672852 0.967773 0.005859 0.001953
2 0.845703 0.967773 0.003906 0.001953
2 0.158203 0.972656 0.003906 0.003906
2 0.191406 0.976562 0.035156 0.011719
2 0.231445 0.975586 0.001953 0.001953
2 0.245117 0.977539 0.005859 0.001953
2 0.383789 0.981445 0.005859 0.005859
2 0.713867 0.979492 0.001953 0.001953
2 0.893555 0.977539 0.001953 0.001953
2 0.711914 0.984375 0.005859 0.003906
2 0.708008 0.994141 0.001953 0.007812
2 0.712891 0.999023 0.003906 0.001953
4 0.853516 0.115234 0.078125 0.019531
4 0.900391 0.119141 0.003906 0.003906
4 0.913086 0.119141 0.013672 0.003906
4 0.895508 0.177734 0.208984 0.093750
4 0.703125 0.541016 0.128906 0.066406
5 0.435547 0.500000 0.769531 1.000000
