0 0.544922 0.285156 0.164062 0.445312
0 0.316406 0.263672 0.203125 0.179688
0 0.533203 0.340820 0.003906 0.001953
0 0.533203 0.374023 0.003906 0.001953
0 0.495117 0.378906 0.001953 0.007812
0 0.253906 0.657227 0.195312 0.134766
0 0.338867 0.864258 0.072266 0.060547
0 0.603516 0.943359 0.210938 0.113281
0 0.688477 0.972656 0.001953 0.003906
2 0.054688 0.046875 0.109375 0.093750
2 0.310547 0.107422 0.082031 0.140625
2 0.673828 0.104492 0.050781 0.056641
2 0.728516 0.107422 0.054688 0.054688
2 0.786133 0.112305 0.056641 0.060547
2 0.858398 0.120117 0.060547 0.052734
2 0.030273 0.127930 0.060547 0.048828
2 0.386719 0.157227 0.062500 0.072266
2 0.635742 0.236328 0.083984 0.175781
2 0.752930 0.256836 0.123047 0.193359
2 0.851562 0.224609 0.058594 0.128906
2 0.019531 0.219727 0.039062 0.083984
2 0.900391 0.308594 0.113281 0.167969
2 0.146484 0.275391 0.062500 0.042969
2 0.833984 0.331055 0.050781 0.060547
2 0.322266 0.362305 0.187500 0.103516
2 0.139648 0.404297 0.123047 0.136719
2 0.253906 0.450195 0.039062 0.083984
2 0.313477 0.455078 0.033203 0.039062
2 0.446289 0.507812 0.091797 0.066406
2 0.651367 0.535156 0.048828 0.050781
2 0.545898 0.544922 0.107422 0.066406
2 0.122070 0.579102 0.115234 0.107422
2 0.724609 0.559570 0.097656 0.068359
2 0.418945 0.569336 0.095703 0.064453
2 0.801758 0.571289 0.052734 0.052734
2 0.881836 0.614258 0.076172 0.115234
2 0.115234 0.654297 0.058594 0.046875
2 0.875000 0.698242 0.062500 0.052734
2 0.112305 0.708984 0.134766 0.058594
2 0.442383 0.720703 0.138672 0.078125
2 0.125977 0.708008 0.001953 0.001953
2 0.964844 0.726562 0.042969 0.039062
2 0.974609 0.843750 0.039062 0.046875
2 0.112305 0.870117 0.091797 0.052734
4 0.339844 0.801758 0.300781 0.216797
4 0.481445 0.764648 0.001953 0.001953
4 0.489258 0.768555 0.001953 0.001953
4 0.489258 0.856445 0.001953 0.005859
4 0.372070 0.879883 0.005859 0.009766
4 0.284180 0.879883 0.001953 0.001953
4 0.366211 0.885742 0.001953 0.001953
4 0.396484 0.883789 0.003906 0.001953
4 0.342773 0.893555 0.001953 0.001953
4 0.356445 0.893555 0.001953 0.001953
4 0.283203 0.895508 0.003906 0.001953
5 0.500000 0.633789 1.000000 0.732422
6 0.815430 0.466797 0.298828 0.183594
6 0.755859 0.756836 0.433594 0.392578
6 0.195312 0.947266 0.390625 0.105469
6 0.919922 0.934570 0.003906 0.005859
