0 0.461914 0.141602 0.076172 0.283203
0 0.524414 0.603516 0.091797 0.203125
0 0.219727 0.954102 0.361328 0.091797
0 0.589844 0.957031 0.136719 0.085938
0 0.672852 0.995117 0.001953 0.001953
0 0.693359 0.996094 0.023438 0.007812
2 0.115234 0.038086 0.039062 0.044922
2 0.031250 0.141602 0.050781 0.048828
2 0.547852 0.363281 0.056641 0.089844
2 0.131836 0.383789 0.068359 0.091797
2 0.012695 0.380859 0.025391 0.050781
2 0.101562 0.473633 0.062500 0.056641
2 0.669922 0.599609 0.042969 0.070312
2 0.801758 0.637695 0.076172 0.068359
2 0.979492 0.630859 0.041016 0.046875
2 0.725586 0.622070 0.001953 0.001953
2 0.760742 0.622070 0.001953 0.001953
2 0.727539 0.637695 0.009766 0.005859
2 0.745117 0.656250 0.001953 0.003906
2 0.754883 0.655273 0.001953 0.001953
2 0.097656 0.698242 0.062500 0.052734
2 0.838867 0.697266 0.041016 0.042969
2 0.976562 0.719727 0.046875 0.052734
2 0.900391 0.739258 0.054688 0.064453
2 0.972656 0.774414 0.039062 0.052734
2 0.317383 0.824219 0.056641 0.050781
2 0.127930 0.821289 0.033203 0.037109
2 0.633789 0.858398 0.041016 0.060547
2 0.156250 0.881836 0.082031 0.080078
2 0.766602 0.874023 0.044922 0.064453
2 0.847656 0.916016 0.050781 0.074219
2 0.903320 0.916016 0.056641 0.074219
2 0.969727 0.933594 0.060547 0.074219
2 0.938477 0.934570 0.001953 0.001953
3 0.269531 0.132812 0.167969 0.265625
4 0.655273 0.078125 0.341797 0.156250
4 0.907227 0.031250 0.095703 0.062500
5 0.500000 0.617188 1.000000 0.585938
6 0.948242 0.362305 0.103516 0.416016
