0 0.526367 0.508789 0.123047 0.083984
2 0.082031 0.029297 0.058594 0.058594
2 0.148438 0.027344 0.062500 0.054688
2 0.209961 0.129883 0.166016 0.083984
2 0.591797 0.111328 0.078125 0.046875
2 0.056641 0.149414 0.105469 0.064453
2 0.336914 0.158203 0.072266 0.070312
2 0.646484 0.333008 0.171875 0.072266
2 0.508789 0.348633 0.060547 0.064453
2 0.865234 0.393555 0.046875 0.064453
2 0.514648 0.436523 0.068359 0.064453
2 0.953125 0.455078 0.093750 0.082031
2 0.780273 0.477539 0.138672 0.080078
2 0.908203 0.557617 0.164062 0.076172
2 0.759766 0.600586 0.085938 0.138672
2 0.678711 0.576172 0.072266 0.062500
2 0.958008 0.610352 0.083984 0.060547
2 0.560547 0.666992 0.074219 0.107422
2 0.666992 0.661133 0.037109 0.044922
2 0.909180 0.682617 0.072266 0.064453
2 0.796875 0.701172 0.085938 0.058594
2 0.941406 0.735352 0.117188 0.080078
2 0.567383 0.791992 0.142578 0.119141
2 0.806641 0.768555 0.082031 0.072266
2 0.727539 0.792969 0.060547 0.082031
2 0.933594 0.837891 0.085938 0.085938
2 0.815430 0.807617 0.001953 0.001953
2 0.843750 0.906250 0.097656 0.187500
2 0.625000 0.917969 0.046875 0.074219
2 0.783203 0.963867 0.058594 0.064453
5 0.495117 0.500000 0.990234 1.000000
5 0.888672 0.748047 0.199219 0.503906
6 0.133789 0.186523 0.005859 0.001953
6 0.146484 0.185547 0.003906 0.003906
6 0.212891 0.185547 0.003906 0.003906
6 0.260742 0.186523 0.001953 0.001953
6 0.201172 0.595703 0.402344 0.808594
6 0.134766 0.193359 0.003906 0.003906
6 0.368164 0.208008 0.009766 0.005859
6 0.383789 0.224609 0.009766 0.003906
6 0.248047 0.264648 0.003906 0.001953
6 0.042969 0.269531 0.007812 0.007812
6 0.075195 0.270508 0.005859 0.005859
6 0.059570 0.270508 0.001953 0.001953
6 0.012695 0.333008 0.005859 0.005859
6 0.364258 0.400391 0.001953 0.003906
6 0.330078 0.962891 0.003906 0.007812
6 0.306641 0.978516 0.003906 0.007812
