0 0.787109 0.474609 0.078125 0.074219
0 0.914062 0.629883 0.164062 0.115234
0 0.988281 0.648438 0.007812 0.027344
0 0.900391 0.681641 0.003906 0.003906
0 0.733398 0.749023 0.103516 0.048828
0 0.615234 0.762695 0.011719 0.005859
0 0.628906 0.763672 0.007812 0.007812
0 0.640625 0.812500 0.117188 0.085938
0 0.685547 0.909180 0.085938 0.068359
2 0.104492 0.045898 0.091797 0.091797
2 0.301758 0.027344 0.076172 0.054688
2 0.561523 0.039062 0.150391 0.078125
2 0.775391 0.055664 0.109375 0.095703
2 0.417969 0.062500 0.058594 0.050781
2 0.389648 0.111328 0.080078 0.082031
2 0.659180 0.125000 0.138672 0.097656
2 0.766602 0.182617 0.154297 0.111328
2 0.346680 0.163086 0.037109 0.041016
2 0.462891 0.231445 0.273438 0.173828
2 0.219727 0.180664 0.033203 0.041016
2 0.824219 0.318359 0.152344 0.128906
2 0.562500 0.309570 0.132812 0.083984
2 0.035156 0.338867 0.050781 0.048828
2 0.178711 0.398438 0.052734 0.058594
2 0.245117 0.451172 0.103516 0.148438
2 0.062500 0.470703 0.085938 0.097656
2 0.444336 0.520508 0.158203 0.193359
2 0.306641 0.477539 0.058594 0.048828
2 0.372070 0.530273 0.056641 0.048828
2 0.095703 0.539062 0.066406 0.039062
2 0.409180 0.606445 0.087891 0.111328
2 0.309570 0.661133 0.126953 0.189453
2 0.025391 0.641602 0.050781 0.060547
2 0.119141 0.665039 0.070312 0.052734
2 0.854492 0.713867 0.052734 0.064453
2 0.014648 0.725586 0.029297 0.048828
2 0.149414 0.724609 0.052734 0.050781
2 0.228516 0.804688 0.085938 0.097656
2 0.826172 0.823242 0.113281 0.134766
2 0.941406 0.816406 0.042969 0.035156
2 0.603516 0.909180 0.195312 0.181641
2 0.262695 0.822266 0.001953 0.003906
2 0.032227 0.876953 0.064453 0.105469
2 0.108398 0.853516 0.048828 0.054688
2 0.759766 0.888672 0.054688 0.042969
2 0.438477 0.935547 0.056641 0.062500
2 0.312500 0.970703 0.089844 0.058594
