0 0.339844 0.750000 0.679688 0.500000
0 0.850586 0.989258 0.017578 0.009766
2 0.729492 0.001953 0.001953 0.003906
2 0.731445 0.006836 0.001953 0.001953
2 0.709961 0.027344 0.001953 0.003906
2 0.711914 0.033203 0.001953 0.003906
2 0.713867 0.038086 0.001953 0.001953
2 0.715820 0.042969 0.001953 0.003906
2 0.095703 0.130859 0.054688 0.039062
2 0.575195 0.147461 0.056641 0.041016
2 0.558594 0.233398 0.093750 0.068359
2 0.102539 0.265625 0.072266 0.093750
2 0.887695 0.261719 0.037109 0.046875
2 0.033203 0.296875 0.066406 0.089844
2 0.425781 0.323242 0.132812 0.146484
2 0.636719 0.308594 0.109375 0.074219
2 0.956055 0.392578 0.087891 0.121094
2 0.540039 0.391602 0.060547 0.076172
2 0.670898 0.509766 0.189453 0.109375
2 0.290039 0.598633 0.166016 0.251953
2 0.739258 0.633789 0.205078 0.166016
2 0.586914 0.683594 0.080078 0.070312
2 0.692383 0.835938 0.181641 0.222656
2 0.862305 0.869141 0.142578 0.152344
5 0.179688 0.191406 0.359375 0.382812
5 0.837891 0.382812 0.324219 0.765625
5 0.412109 0.697266 0.824219 0.605469
