0 0.044922 0.067383 0.089844 0.134766
0 0.008789 0.143555 0.005859 0.001953
0 0.904297 0.448242 0.078125 0.087891
0 0.843750 0.782227 0.078125 0.076172
1 0.664062 0.500000 0.320312 1.000000
2 0.886719 0.037109 0.128906 0.074219
2 0.875977 0.090820 0.087891 0.064453
2 0.842773 0.139648 0.056641 0.056641
2 0.947266 0.248047 0.066406 0.109375
2 0.779297 0.380859 0.121094 0.167969
2 0.916992 0.366211 0.087891 0.076172
2 0.748047 0.508789 0.128906 0.091797
2 0.806641 0.499023 0.003906 0.001953
2 0.905273 0.597656 0.158203 0.179688
2 0.962891 0.562500 0.058594 0.070312
2 0.687500 0.574219 0.093750 0.062500
2 0.767578 0.596680 0.062500 0.087891
2 0.867188 0.738281 0.144531 0.097656
2 0.474609 0.770508 0.085938 0.130859
2 0.698242 0.745117 0.087891 0.072266
2 0.355469 0.762695 0.156250 0.103516
2 0.246094 0.745117 0.035156 0.052734
2 0.095703 0.792969 0.191406 0.132812
2 0.614258 0.762695 0.056641 0.072266
2 0.261719 0.737305 0.003906 0.001953
2 0.262695 0.766602 0.001953 0.001953
2 0.871094 0.870117 0.191406 0.123047
2 0.948242 0.819336 0.013672 0.013672
2 0.936523 0.819336 0.001953 0.001953
2 0.944336 0.832031 0.005859 0.007812
2 0.958984 0.833008 0.003906 0.005859
2 0.950195 0.836914 0.001953 0.001953
2 0.961914 0.846680 0.005859 0.001953
2 0.232422 0.851562 0.058594 0.007812
2 0.309570 0.851562 0.009766 0.003906
2 0.323242 0.851562 0.005859 0.003906
2 0.317383 0.852539 0.001953 0.001953
2 0.329102 0.852539 0.001953 0.001953
2 0.715820 0.909180 0.083984 0.115234
2 0.965820 0.852539 0.001953 0.001953
2 0.351562 0.932617 0.308594 0.134766
2 0.599609 0.933594 0.128906 0.132812
2 0.119141 0.953125 0.160156 0.093750
2 0.902344 0.918945 0.003906 0.005859
2 0.918945 0.919922 0.001953 0.003906
2 0.919922 0.926758 0.003906 0.001953
2 0.892578 0.971680 0.125000 0.056641
2 0.750977 0.973633 0.083984 0.052734
3 0.083984 0.559570 0.167969 0.333984
3 0.358398 0.592773 0.412109 0.236328
3 0.153320 0.522461 0.001953 0.001953
4 0.005859 0.003906 0.011719 0.007812
4 0.025391 0.002930 0.003906 0.005859
4 0.055664 0.000977 0.001953 0.001953
4 0.393555 0.378906 0.787109 0.757812
4 0.833984 0.008789 0.011719 0.017578
4 0.846680 0.147461 0.224609 0.294922
4 0.947266 0.166016 0.105469 0.332031
4 0.790039 0.004883 0.001953 0.001953
4 0.015625 0.088867 0.031250 0.017578
4 0.056641 0.090820 0.011719 0.001953
4 0.784180 0.127930 0.001953 0.001953
4 0.770508 0.155273 0.001953 0.001953
4 0.731445 0.271484 0.001953 0.003906
4 0.797852 0.334961 0.138672 0.119141
4 0.741211 0.305664 0.001953 0.001953
4 0.737305 0.320312 0.005859 0.015625
4 0.904297 0.595703 0.191406 0.554688
4 0.765625 0.398438 0.132812 0.152344
4 0.731445 0.339844 0.001953 0.003906
4 0.764648 0.364258 0.001953 0.001953
4 0.769531 0.364258 0.003906 0.001953
4 0.840820 0.397461 0.001953 0.001953
4 0.837891 0.416016 0.003906 0.007812
4 0.692383 0.420898 0.001953 0.001953
4 0.834961 0.432617 0.005859 0.021484
4 0.697266 0.496094 0.058594 0.101562
4 0.831055 0.449219 0.001953 0.007812
4 0.757812 0.481445 0.031250 0.013672
4 0.761719 0.544922 0.125000 0.113281
4 0.668945 0.500977 0.005859 0.009766
4 0.877930 0.510742 0.001953 0.001953
4 0.973633 0.526367 0.001953 0.001953
4 0.666992 0.532227 0.001953 0.001953
4 0.662109 0.543945 0.011719 0.009766
4 0.510742 0.572266 0.021484 0.011719
4 0.526367 0.568359 0.005859 0.003906
4 0.541992 0.567383 0.001953 0.001953
4 0.735352 0.590820 0.001953 0.001953
4 0.999023 0.600586 0.001953 0.001953
4 0.725586 0.638672 0.138672 0.074219
4 0.797852 0.604492 0.001953 0.001953
4 0.735352 0.624023 0.001953 0.001953
4 0.665039 0.626953 0.001953 0.003906
4 0.743164 0.627930 0.001953 0.001953
4 0.847656 0.644531 0.019531 0.015625
4 0.858398 0.639648 0.001953 0.001953
4 0.722656 0.665039 0.007812 0.005859
4 0.735352 0.668945 0.001953 0.001953
4 0.715820 0.680664 0.025391 0.017578
4 0.752930 0.738281 0.068359 0.125000
4 0.661133 0.682617 0.005859 0.005859
4 0.675781 0.682617 0.007812 0.005859
4 0.729492 0.688477 0.001953 0.001953
4 0.674805 0.701172 0.037109 0.011719
4 0.716797 0.701172 0.027344 0.011719
4 0.414062 0.704102 0.027344 0.001953
4 0.431641 0.704102 0.003906 0.001953
4 0.549805 0.708984 0.001953 0.003906
4 0.528320 0.817383 0.041016 0.197266
4 0.713867 0.720703 0.001953 0.003906
4 0.001953 0.725586 0.003906 0.001953
4 0.026367 0.725586 0.005859 0.001953
4 0.220703 0.732422 0.003906 0.007812
4 0.424805 0.732422 0.001953 0.003906
4 0.526367 0.736328 0.001953 0.003906
4 0.787109 0.869141 0.078125 0.253906
4 0.817383 0.745117 0.005859 0.001953
4 0.216797 0.747070 0.003906 0.001953
4 0.741211 0.749023 0.001953 0.001953
4 0.737305 0.765625 0.005859 0.015625
4 0.872070 0.760742 0.001953 0.001953
4 0.874023 0.764648 0.001953 0.001953
4 0.219727 0.769531 0.001953 0.007812
4 0.879883 0.776367 0.001953 0.001953
4 0.221680 0.791016 0.005859 0.019531
4 0.268555 0.789062 0.009766 0.015625
4 0.274414 0.783203 0.001953 0.003906
4 0.231445 0.793945 0.001953 0.001953
4 0.213867 0.797852 0.001953 0.001953
4 0.521484 0.801758 0.011719 0.009766
4 0.220703 0.806641 0.003906 0.003906
4 0.220703 0.814453 0.003906 0.003906
4 0.251953 0.813477 0.003906 0.001953
4 0.260742 0.813477 0.001953 0.001953
4 0.266602 0.813477 0.001953 0.001953
4 0.736328 0.813477 0.003906 0.001953
4 0.220703 0.823242 0.007812 0.005859
4 0.235352 0.823242 0.009766 0.005859
4 0.852539 0.824219 0.021484 0.007812
4 0.941406 0.825195 0.003906 0.005859
4 0.958008 0.825195 0.001953 0.001953
4 0.252930 0.838867 0.068359 0.021484
4 0.455078 0.830078 0.003906 0.003906
4 0.957031 0.838867 0.007812 0.009766
4 0.969727 0.841797 0.001953 0.003906
4 0.291016 0.846680 0.003906 0.001953
4 0.298828 0.845703 0.003906 0.003906
4 0.663086 0.856445 0.013672 0.009766
4 0.971680 0.855469 0.005859 0.003906
4 0.660156 0.869141 0.003906 0.003906
4 0.972656 0.871094 0.003906 0.003906
4 0.987305 0.870117 0.001953 0.001953
4 0.658203 0.886719 0.003906 0.003906
4 0.888672 0.916992 0.085938 0.056641
4 0.770508 0.902344 0.005859 0.003906
4 0.967773 0.949219 0.064453 0.101562
4 0.838867 0.949219 0.056641 0.070312
4 0.517578 0.919922 0.003906 0.003906
4 0.518555 0.926758 0.001953 0.001953
4 0.512695 0.935547 0.005859 0.007812
4 0.511719 0.943359 0.003906 0.003906
4 0.877930 0.947266 0.005859 0.003906
4 0.511719 0.950195 0.003906 0.001953
4 0.034180 0.981445 0.001953 0.005859
4 0.700195 0.989258 0.001953 0.001953
4 0.706055 0.996094 0.005859 0.007812
4 0.496094 0.998047 0.003906 0.003906
5 0.837891 0.419922 0.324219 0.839844
5 0.257812 0.859375 0.515625 0.046875
