0 0.416016 0.078125 0.558594 0.156250
0 0.201172 0.006836 0.003906 0.001953
0 0.232422 0.005859 0.003906 0.003906
0 0.362305 0.034180 0.001953 0.001953
0 0.421875 0.185547 0.082031 0.050781
0 0.312500 0.618164 0.035156 0.013672
0 0.337891 0.623047 0.003906 0.003906
0 0.348633 0.624023 0.001953 0.001953
0 0.221680 0.703125 0.384766 0.148438
0 0.100586 0.639648 0.001953 0.001953
0 0.260742 0.638672 0.001953 0.003906
0 0.035156 0.773438 0.070312 0.125000
1 0.081055 0.196289 0.119141 0.087891
1 0.253906 0.250977 0.234375 0.111328
1 0.528320 0.365234 0.091797 0.105469
1 0.834961 0.409180 0.330078 0.193359
1 0.614258 0.423828 0.041016 0.136719
1 0.224609 0.797852 0.109375 0.064453
2 0.639648 0.322266 0.037109 0.035156
2 0.068359 0.414062 0.085938 0.113281
2 0.497070 0.558594 0.220703 0.183594
2 0.856445 0.562500 0.287109 0.078125
2 0.330078 0.585938 0.070312 0.062500
2 0.730469 0.635742 0.128906 0.076172
2 0.852539 0.701172 0.064453 0.054688
2 0.559570 0.771484 0.076172 0.089844
2 0.697266 0.771484 0.113281 0.070312
2 0.832031 0.785156 0.152344 0.046875
2 0.955078 0.793945 0.089844 0.048828
2 0.832031 0.845703 0.074219 0.085938
2 0.885742 0.905273 0.107422 0.181641
2 0.668945 0.852539 0.064453 0.072266
2 0.986328 0.876953 0.027344 0.113281
2 0.563477 0.911133 0.060547 0.087891
2 0.704102 0.936523 0.091797 0.091797
2 0.799805 0.945312 0.056641 0.089844
2 0.984375 0.967773 0.031250 0.056641
3 0.877930 0.115234 0.244141 0.230469
5 0.500000 0.500000 1.000000 1.000000
