2 0.229492 0.381836 0.224609 0.091797
2 0.402344 0.358398 0.078125 0.037109
2 0.854492 0.360352 0.041016 0.041016
2 0.661133 0.477539 0.064453 0.072266
2 0.663086 0.545898 0.048828 0.052734
2 0.771484 0.579102 0.042969 0.033203
2 0.114258 0.582031 0.056641 0.031250
2 0.185547 0.656250 0.273438 0.132812
2 0.395508 0.633789 0.056641 0.044922
2 0.805664 0.658203 0.072266 0.074219
2 0.719727 0.666992 0.044922 0.033203
2 0.350586 0.675781 0.037109 0.035156
2 0.534180 0.705078 0.072266 0.046875
2 0.599609 0.719727 0.054688 0.060547
2 0.922852 0.721680 0.072266 0.052734
2 0.306641 0.769531 0.089844 0.093750
2 0.813477 0.801758 0.107422 0.099609
2 0.814453 0.752930 0.003906 0.005859
2 0.720703 0.798828 0.062500 0.089844
2 0.054688 0.801758 0.050781 0.076172
2 0.151367 0.798828 0.068359 0.058594
2 0.666016 0.832031 0.042969 0.062500
2 0.442383 0.833008 0.037109 0.044922
2 0.185547 0.872070 0.093750 0.068359
2 0.045898 0.865234 0.072266 0.039062
2 0.317383 0.863281 0.033203 0.027344
2 0.250977 0.875977 0.033203 0.037109
2 0.596680 0.891602 0.099609 0.060547
2 0.882812 0.898438 0.160156 0.066406
2 0.498047 0.900391 0.097656 0.062500
2 0.760742 0.935547 0.119141 0.097656
2 0.375000 0.926758 0.054688 0.048828
2 0.239258 0.937500 0.134766 0.062500
2 0.583008 0.947266 0.072266 0.050781
2 0.036133 0.947266 0.072266 0.042969
2 0.067383 0.932617 0.005859 0.005859
3 0.800781 0.150391 0.214844 0.300781
5 0.220703 0.396484 0.441406 0.792969
5 0.833984 0.904297 0.332031 0.191406
