0 0.697266 0.093750 0.289062 0.167969
0 0.930664 0.104492 0.138672 0.087891
0 0.678711 0.258789 0.201172 0.134766
0 0.155273 0.376953 0.236328 0.164062
0 0.330078 0.379883 0.066406 0.048828
0 0.463867 0.630859 0.185547 0.140625
0 0.678711 0.714844 0.169922 0.171875
0 0.501953 0.827148 0.246094 0.111328
0 0.625977 0.831055 0.001953 0.001953
0 0.391602 0.902344 0.142578 0.054688
0 0.559570 0.877930 0.001953 0.001953
0 0.973633 0.907227 0.001953 0.001953
0 0.958008 0.921875 0.033203 0.011719
0 0.461914 0.979492 0.083984 0.041016
1 0.535156 0.008789 0.070312 0.017578
1 0.801758 0.046875 0.396484 0.093750
1 0.339844 0.037109 0.085938 0.058594
1 0.013672 0.081055 0.027344 0.095703
1 0.274414 0.076172 0.048828 0.058594
1 0.897461 0.400391 0.123047 0.089844
1 0.955078 0.407227 0.003906 0.001953
1 0.853516 0.439453 0.003906 0.003906
2 0.494141 0.133789 0.042969 0.064453
2 0.846680 0.198242 0.087891 0.060547
2 0.052734 0.338867 0.105469 0.091797
2 0.390625 0.412109 0.035156 0.035156
2 0.229492 0.446289 0.048828 0.033203
2 0.357422 0.458984 0.042969 0.039062
2 0.462891 0.483398 0.039062 0.064453
2 0.526367 0.481445 0.044922 0.052734
2 0.345703 0.495117 0.062500 0.041016
2 0.212891 0.523438 0.058594 0.039062
2 0.346680 0.541992 0.052734 0.048828
2 0.623047 0.551758 0.054688 0.068359
2 0.604492 0.681641 0.107422 0.164062
2 0.248047 0.630859 0.140625 0.054688
2 0.197266 0.674805 0.203125 0.076172
2 0.957031 0.662109 0.035156 0.039062
2 0.876953 0.684570 0.074219 0.068359
2 0.502930 0.750977 0.068359 0.044922
2 0.021484 0.845703 0.042969 0.183594
2 0.084961 0.781250 0.080078 0.054688
2 0.262695 0.799805 0.056641 0.033203
2 0.115234 0.805664 0.003906 0.001953
2 0.106445 0.864258 0.056641 0.103516
2 0.225586 0.887695 0.076172 0.072266
2 0.627930 0.925781 0.107422 0.082031
2 0.509766 0.929688 0.070312 0.062500
2 0.572266 0.983398 0.062500 0.033203
2 0.224609 0.985352 0.039062 0.029297
3 0.591797 0.145508 0.160156 0.099609
3 0.486328 0.248047 0.320312 0.226562
3 0.885742 0.263672 0.197266 0.148438
3 0.508789 0.225586 0.001953 0.001953
3 0.587891 0.242188 0.019531 0.019531
3 0.865234 0.248047 0.007812 0.003906
3 0.973633 0.267578 0.001953 0.003906
3 0.743164 0.379883 0.134766 0.123047
3 0.597656 0.369141 0.007812 0.003906
4 0.046875 0.666016 0.093750 0.101562
4 0.208984 0.749023 0.203125 0.072266
5 0.500000 0.500000 1.000000 1.000000
5 0.912109 0.144531 0.175781 0.078125
6 0.221680 0.241211 0.177734 0.111328
6 0.127930 0.236328 0.001953 0.003906
6 0.774414 0.618164 0.103516 0.162109
6 0.801758 0.553711 0.001953 0.001953
6 0.810547 0.862305 0.328125 0.267578
6 0.892578 0.772461 0.003906 0.001953
6 0.900391 0.779297 0.003906 0.003906
6 0.710938 0.793945 0.007812 0.005859
6 0.950195 0.792969 0.005859 0.003906
6 0.958008 0.791992 0.001953 0.001953
6 0.880859 0.799805 0.003906 0.001953
6 0.862305 0.801758 0.001953 0.001953
6 0.971680 0.801758 0.001953 0.001953
6 0.810547 0.927734 0.003906 0.003906
6 0.962891 0.927734 0.003906 0.003906
6 0.969727 0.927734 0.001953 0.003906
6 0.955078 0.958984 0.003906 0.003906
6 0.798828 0.985352 0.003906 0.001953
