0 0.668945 0.190430 0.662109 0.365234
0 0.559570 0.134766 0.029297 0.011719
0 0.497070 0.137695 0.005859 0.009766
0 0.518555 0.137695 0.021484 0.005859
0 0.541016 0.136719 0.003906 0.003906
0 0.567383 0.147461 0.005859 0.005859
0 0.549805 0.161133 0.001953 0.001953
0 0.569336 0.162109 0.009766 0.003906
0 0.512695 0.185547 0.009766 0.027344
0 0.549805 0.177734 0.001953 0.003906
0 0.565430 0.176758 0.001953 0.001953
0 0.571289 0.178711 0.001953 0.001953
0 0.490234 0.712891 0.175781 0.453125
0 0.412109 0.490234 0.003906 0.003906
0 0.137695 0.820312 0.275391 0.359375
0 0.137695 0.643555 0.009766 0.005859
2 0.407227 0.195312 0.201172 0.179688
2 0.348633 0.298828 0.005859 0.003906
2 0.107422 0.408203 0.121094 0.210938
2 0.016602 0.366211 0.033203 0.072266
2 0.032227 0.458984 0.064453 0.078125
2 0.047852 0.562500 0.095703 0.097656
2 0.246094 0.794922 0.195312 0.410156
2 0.345703 0.866211 0.003906 0.005859
5 0.266602 0.500000 0.396484 1.000000
5 0.339844 0.500000 0.386719 1.000000
