0 0.732422 0.265625 0.535156 0.269531
0 0.211914 0.224609 0.423828 0.140625
0 0.617188 0.529297 0.011719 0.003906
0 0.612305 0.536133 0.001953 0.001953
0 0.620117 0.543945 0.009766 0.005859
0 0.630859 0.544922 0.003906 0.003906
0 0.630859 0.552734 0.003906 0.003906
0 0.615234 0.681641 0.437500 0.250000
0 0.434570 0.561523 0.001953 0.001953
0 0.450195 0.561523 0.001953 0.001953
0 0.622070 0.559570 0.001953 0.001953
0 0.498047 0.567383 0.003906 0.005859
0 0.739258 0.574219 0.001953 0.003906
0 0.583984 0.582031 0.003906 0.003906
0 0.569336 0.583008 0.001953 0.001953
0 0.737305 0.612305 0.001953 0.001953
0 0.389648 0.720703 0.009766 0.015625
1 0.151367 0.596680 0.162109 0.111328
1 0.825195 0.789062 0.146484 0.148438
1 0.251953 0.814453 0.195312 0.093750
1 0.478516 0.880859 0.203125 0.089844
1 0.819336 0.940430 0.107422 0.103516
2 0.711914 0.082031 0.060547 0.117188
2 0.658203 0.076172 0.050781 0.089844
2 0.824219 0.102539 0.089844 0.134766
2 0.168945 0.448242 0.337891 0.197266
2 0.168945 0.362305 0.001953 0.001953
2 0.593750 0.482422 0.253906 0.226562
2 0.810547 0.502930 0.054688 0.021484
2 0.054688 0.498047 0.011719 0.003906
2 0.877930 0.512695 0.048828 0.033203
2 0.049805 0.505859 0.013672 0.003906
2 0.195312 0.665039 0.113281 0.044922
5 0.500000 0.502930 1.000000 0.994141
