0 0.500000 0.500000 1.000000 1.000000
0 0.509766 0.015625 0.054688 0.031250
0 0.004883 0.357422 0.001953 0.003906
0 0.908203 0.539062 0.003906 0.015625
0 0.957031 0.601562 0.085938 0.140625
0 0.913086 0.559570 0.001953 0.005859
0 0.913086 0.574219 0.001953 0.003906
0 0.916992 0.598633 0.001953 0.005859
0 0.910156 0.609375 0.003906 0.003906
0 0.916992 0.610352 0.001953 0.001953
0 0.740234 0.998047 0.007812 0.003906
1 0.082031 0.726562 0.050781 0.066406
2 0.045898 0.089844 0.048828 0.046875
2 0.419922 0.150391 0.121094 0.089844
2 0.075195 0.256836 0.150391 0.158203
2 0.424805 0.219727 0.009766 0.005859
2 0.404297 0.236328 0.007812 0.003906
2 0.412109 0.237305 0.003906 0.001953
2 0.022461 0.359375 0.044922 0.039062
2 0.055664 0.507812 0.111328 0.093750
2 0.974609 0.959961 0.050781 0.080078
4 0.429688 0.130859 0.292969 0.261719
4 0.975586 0.448242 0.048828 0.173828
4 0.866211 0.676758 0.267578 0.345703
4 0.651367 0.573242 0.005859 0.005859
4 0.580078 0.692383 0.261719 0.240234
4 0.458984 0.756836 0.003906 0.009766
4 0.751953 0.912109 0.207031 0.175781
