0 0.001953 0.003906 0.003906 0.007812
0 0.115234 0.041992 0.140625 0.083984
0 0.246094 0.011719 0.078125 0.023438
0 0.533203 0.044922 0.160156 0.089844
0 0.738281 0.049805 0.156250 0.099609
0 0.995117 0.009766 0.009766 0.019531
0 0.382812 0.005859 0.007812 0.003906
0 0.934570 0.011719 0.005859 0.003906
0 0.931641 0.017578 0.011719 0.007812
0 0.973633 0.044922 0.041016 0.023438
0 0.133789 0.038086 0.001953 0.001953
0 0.447266 0.066406 0.039062 0.062500
0 0.852539 0.051758 0.001953 0.001953
0 0.549805 0.062500 0.005859 0.015625
0 0.532227 0.064453 0.021484 0.007812
0 0.811523 0.064453 0.001953 0.003906
0 0.855469 0.070312 0.003906 0.007812
0 0.258789 0.073242 0.001953 0.001953
0 0.810547 0.071289 0.003906 0.001953
0 0.852539 0.079102 0.001953 0.001953
0 0.844727 0.086914 0.001953 0.001953
0 0.592773 0.101562 0.025391 0.023438
0 0.902344 0.110352 0.070312 0.037109
0 0.768555 0.100586 0.001953 0.001953
0 0.100586 0.130859 0.033203 0.023438
0 0.130859 0.125000 0.003906 0.003906
0 0.042969 0.157227 0.031250 0.060547
0 0.063477 0.131836 0.001953 0.001953
0 0.079102 0.131836 0.005859 0.005859
0 0.997070 0.139648 0.005859 0.021484
0 0.105469 0.404297 0.210938 0.503906
0 0.303711 0.153320 0.001953 0.001953
0 0.336914 0.201172 0.115234 0.093750
0 0.538086 0.177734 0.025391 0.039062
0 0.525391 0.182617 0.003906 0.001953
0 0.081055 0.198242 0.001953 0.001953
0 0.504883 0.215820 0.041016 0.033203
0 0.989258 0.240234 0.021484 0.078125
0 0.204102 0.204102 0.005859 0.001953
0 0.425781 0.239258 0.039062 0.041016
0 0.926758 0.223633 0.001953 0.001953
0 0.288086 0.232422 0.001953 0.007812
0 0.916992 0.235352 0.037109 0.017578
0 0.631836 0.275391 0.080078 0.085938
0 0.739258 0.241211 0.056641 0.021484
0 0.938477 0.233398 0.001953 0.001953
0 0.473633 0.244141 0.017578 0.015625
0 0.911133 0.290039 0.142578 0.111328
0 0.982422 0.235352 0.003906 0.001953
0 0.910156 0.245117 0.003906 0.001953
0 0.915039 0.247070 0.001953 0.001953
0 0.798828 0.282227 0.011719 0.013672
0 0.723633 0.294922 0.013672 0.011719
0 0.949219 0.291992 0.003906 0.005859
0 0.854492 0.307617 0.033203 0.025391
0 0.519531 0.648438 0.960938 0.703125
0 0.482422 0.304688 0.015625 0.015625
0 0.586914 0.311523 0.009766 0.009766
0 0.792969 0.323242 0.019531 0.025391
0 0.802734 0.314453 0.003906 0.003906
0 0.872070 0.323242 0.017578 0.021484
0 0.577148 0.321289 0.001953 0.001953
0 0.365234 0.327148 0.003906 0.001953
0 0.517578 0.329102 0.003906 0.001953
0 0.738281 0.334961 0.019531 0.009766
0 0.157227 0.333008 0.001953 0.001953
0 0.998047 0.336914 0.003906 0.009766
0 0.527344 0.367188 0.054688 0.058594
0 0.638672 0.340820 0.003906 0.001953
0 0.992188 0.342773 0.003906 0.005859
0 0.638672 0.349609 0.011719 0.011719
0 0.090820 0.348633 0.001953 0.001953
0 0.159180 0.362305 0.025391 0.025391
0 0.442383 0.348633 0.001953 0.001953
0 0.450195 0.350586 0.001953 0.001953
0 0.568359 0.353516 0.011719 0.007812
0 0.982422 0.359375 0.007812 0.003906
0 0.319336 0.360352 0.001953 0.001953
0 0.632812 0.370117 0.003906 0.005859
0 0.629883 0.375977 0.001953 0.001953
0 0.127930 0.428711 0.060547 0.087891
0 0.293945 0.390625 0.001953 0.003906
0 0.788086 0.387695 0.001953 0.001953
0 0.963867 0.388672 0.009766 0.003906
0 0.067383 0.393555 0.001953 0.001953
0 0.731445 0.393555 0.001953 0.001953
0 0.291016 0.397461 0.003906 0.005859
0 0.784180 0.398438 0.001953 0.003906
0 0.954102 0.403320 0.005859 0.005859
0 0.533203 0.420898 0.019531 0.021484
0 0.743164 0.424805 0.001953 0.001953
0 0.766602 0.427734 0.017578 0.007812
0 0.999023 0.425781 0.001953 0.003906
0 0.994141 0.434570 0.011719 0.009766
0 0.745117 0.435547 0.001953 0.003906
0 0.751953 0.436523 0.003906 0.005859
0 0.761719 0.438477 0.003906 0.005859
0 0.743164 0.440430 0.001953 0.001953
0 0.342773 0.454102 0.001953 0.001953
0 0.240234 0.489258 0.121094 0.052734
0 0.294922 0.467773 0.003906 0.005859
0 0.620117 0.472656 0.017578 0.015625
0 0.382812 0.474609 0.003906 0.003906
0 0.899414 0.499023 0.037109 0.044922
0 0.854492 0.485352 0.001953 0.001953
0 0.875977 0.491211 0.009766 0.009766
0 0.915039 0.495117 0.001953 0.001953
0 0.834961 0.500000 0.001953 0.003906
0 0.870117 0.499023 0.001953 0.001953
0 0.981445 0.536133 0.037109 0.060547
0 0.266602 0.514648 0.001953 0.001953
0 0.933594 0.528320 0.003906 0.005859
0 0.940430 0.528320 0.005859 0.005859
0 0.379883 0.528320 0.001953 0.001953
0 0.958984 0.532227 0.003906 0.001953
0 0.958008 0.538086 0.005859 0.001953
0 0.258789 0.540039 0.001953 0.001953
0 0.267578 0.541992 0.003906 0.001953
0 0.958984 0.543945 0.007812 0.005859
0 0.270508 0.549805 0.005859 0.005859
0 0.943359 0.550781 0.003906 0.003906
0 0.330078 0.568359 0.003906 0.003906
0 0.968750 0.571289 0.007812 0.001953
0 0.981445 0.573242 0.001953 0.001953
0 0.702148 0.584961 0.001953 0.001953
0 0.963867 0.590820 0.001953 0.001953
0 0.709961 0.599609 0.001953 0.003906
0 0.902344 0.620117 0.007812 0.005859
0 0.911133 0.618164 0.001953 0.001953
0 0.914062 0.653320 0.019531 0.029297
0 0.616211 0.651367 0.001953 0.001953
0 0.640625 0.661133 0.027344 0.021484
0 0.111328 0.728516 0.015625 0.015625
0 0.842773 0.738281 0.009766 0.003906
0 0.208984 0.866211 0.003906 0.001953
0 0.098633 0.895508 0.001953 0.001953
0 0.745117 0.915039 0.001953 0.001953
0 0.533203 0.932617 0.003906 0.005859
0 0.345703 0.936523 0.003906 0.001953
0 0.987305 0.938477 0.001953 0.001953
0 0.998047 0.939453 0.003906 0.003906
0 0.189453 0.953125 0.019531 0.015625
0 0.478516 0.950195 0.027344 0.009766
0 0.025391 0.973633 0.039062 0.041016
0 0.335938 0.978516 0.074219 0.042969
0 0.519531 0.958008 0.003906 0.001953
0 0.420898 0.980469 0.060547 0.039062
0 0.386719 0.977539 0.003906 0.001953
0 0.376953 0.982422 0.003906 0.003906
0 0.167969 0.994141 0.050781 0.011719
0 0.387695 0.991211 0.001953 0.001953
1 0.404297 0.004883 0.039062 0.009766
1 0.905273 0.001953 0.001953 0.003906
1 0.294922 0.006836 0.003906 0.001953
1 0.442383 0.006836 0.001953 0.001953
1 0.897461 0.004883 0.001953 0.001953
1 0.935547 0.010742 0.003906 0.001953
1 0.291992 0.014648 0.009766 0.005859
1 0.951172 0.020508 0.027344 0.013672
1 0.280273 0.020508 0.001953 0.005859
1 0.360352 0.018555 0.005859 0.001953
1 0.387695 0.016602 0.001953 0.001953
1 0.928711 0.019531 0.001953 0.003906
1 0.231445 0.024414 0.013672 0.005859
1 0.269531 0.024414 0.007812 0.005859
1 0.458984 0.022461 0.003906 0.001953
1 0.651367 0.021484 0.001953 0.003906
1 0.800781 0.022461 0.007812 0.005859
1 0.996094 0.023438 0.007812 0.007812
1 0.188477 0.026367 0.001953 0.001953
1 0.647461 0.028320 0.001953 0.001953
1 0.225586 0.032227 0.001953 0.001953
1 0.241211 0.034180 0.005859 0.001953
1 0.260742 0.035156 0.009766 0.007812
1 0.950195 0.036133 0.005859 0.005859
1 0.276367 0.039062 0.001953 0.003906
1 0.183594 0.040039 0.003906 0.001953
1 0.258789 0.042969 0.005859 0.003906
1 0.426758 0.047852 0.005859 0.005859
1 0.245117 0.049805 0.001953 0.001953
1 0.254883 0.048828 0.005859 0.003906
1 0.274414 0.047852 0.001953 0.001953
1 0.439453 0.048828 0.003906 0.003906
1 0.848633 0.048828 0.005859 0.003906
1 0.250977 0.051758 0.001953 0.001953
1 0.275391 0.052734 0.003906 0.003906
1 0.863281 0.052734 0.003906 0.003906
1 0.250000 0.057617 0.007812 0.005859
1 0.266602 0.055664 0.001953 0.001953
1 0.415039 0.055664 0.001953 0.001953
1 0.420898 0.057617 0.001953 0.001953
1 0.858398 0.055664 0.001953 0.001953
1 0.992188 0.055664 0.003906 0.001953
1 0.335938 0.061523 0.003906 0.005859
1 0.488281 0.061523 0.003906 0.001953
1 0.502930 0.059570 0.001953 0.001953
1 0.783203 0.063477 0.011719 0.005859
1 0.000977 0.065430 0.001953 0.001953
1 0.249023 0.065430 0.001953 0.001953
1 0.200195 0.070312 0.025391 0.003906
1 0.248047 0.071289 0.011719 0.005859
1 0.469727 0.070312 0.001953 0.003906
1 0.000977 0.071289 0.001953 0.001953
1 0.230469 0.075195 0.011719 0.005859
1 0.881836 0.076172 0.013672 0.011719
1 0.026367 0.075195 0.017578 0.001953
1 0.046875 0.075195 0.019531 0.001953
1 0.255859 0.084961 0.003906 0.001953
1 0.269531 0.085938 0.007812 0.007812
1 0.328125 0.085938 0.003906 0.003906
1 0.892578 0.085938 0.003906 0.003906
1 0.697266 0.088867 0.003906 0.001953
1 0.866211 0.091797 0.005859 0.011719
1 0.124023 0.092773 0.001953 0.001953
1 0.128906 0.092773 0.003906 0.001953
1 0.720703 0.092773 0.027344 0.005859
1 0.906250 0.091797 0.007812 0.003906
1 0.152344 0.094727 0.003906 0.001953
1 0.358398 0.101562 0.037109 0.015625
1 0.411133 0.094727 0.001953 0.001953
1 0.748047 0.098633 0.011719 0.009766
1 0.041016 0.098633 0.003906 0.001953
1 0.438477 0.098633 0.001953 0.001953
1 0.771484 0.100586 0.011719 0.005859
1 0.378906 0.103516 0.003906 0.003906
1 0.485352 0.102539 0.005859 0.001953
1 0.507812 0.105469 0.023438 0.003906
1 0.737305 0.105469 0.013672 0.007812
1 0.750000 0.106445 0.003906 0.005859
1 0.780273 0.102539 0.001953 0.001953
1 0.791016 0.104492 0.003906 0.001953
1 0.796875 0.104492 0.003906 0.001953
1 0.820312 0.107422 0.019531 0.011719
1 0.020508 0.106445 0.001953 0.001953
1 0.708984 0.107422 0.003906 0.003906
1 0.720703 0.108398 0.003906 0.001953
1 0.762695 0.108398 0.001953 0.001953
1 0.784180 0.107422 0.001953 0.003906
1 0.026367 0.110352 0.001953 0.001953
1 0.634766 0.110352 0.003906 0.001953
1 0.725586 0.113281 0.001953 0.003906
1 0.730469 0.112305 0.003906 0.001953
1 0.743164 0.112305 0.001953 0.001953
1 0.752930 0.110352 0.001953 0.001953
1 0.025391 0.116211 0.011719 0.005859
1 0.708008 0.116211 0.001953 0.001953
1 0.746094 0.117188 0.003906 0.003906
1 0.754883 0.116211 0.005859 0.001953
1 0.777344 0.117188 0.011719 0.007812
1 0.938477 0.115234 0.005859 0.003906
1 0.034180 0.120117 0.001953 0.001953
1 0.131836 0.118164 0.001953 0.001953
1 0.257812 0.121094 0.003906 0.003906
1 0.402344 0.122070 0.007812 0.009766
1 0.691406 0.122070 0.003906 0.005859
1 0.697266 0.123047 0.003906 0.011719
1 0.719727 0.122070 0.005859 0.005859
1 0.725586 0.120117 0.001953 0.001953
1 0.733398 0.125000 0.005859 0.011719
1 0.741211 0.118164 0.001953 0.001953
1 0.534180 0.124023 0.001953 0.001953
1 0.577148 0.123047 0.001953 0.003906
1 0.629883 0.125000 0.001953 0.003906
1 0.703125 0.123047 0.003906 0.003906
1 0.750977 0.122070 0.001953 0.001953
1 0.040039 0.126953 0.009766 0.003906
1 0.050781 0.127930 0.003906 0.001953
1 0.062500 0.127930 0.015625 0.001953
1 0.078125 0.127930 0.003906 0.001953
1 0.088867 0.127930 0.001953 0.001953
1 0.133789 0.128906 0.001953 0.003906
1 0.370117 0.125977 0.005859 0.001953
1 0.414062 0.129883 0.011719 0.005859
1 0.584961 0.127930 0.001953 0.001953
1 0.704102 0.131836 0.009766 0.009766
1 0.768555 0.127930 0.005859 0.005859
1 0.853516 0.129883 0.007812 0.009766
1 0.932617 0.129883 0.005859 0.009766
1 0.013672 0.132812 0.027344 0.003906
1 0.538086 0.132812 0.001953 0.003906
1 0.629883 0.134766 0.009766 0.011719
1 0.755859 0.131836 0.003906 0.001953
1 0.422852 0.133789 0.001953 0.001953
1 0.732422 0.136719 0.007812 0.007812
1 0.232422 0.141602 0.007812 0.005859
1 0.431641 0.138672 0.003906 0.003906
1 0.701172 0.146484 0.011719 0.015625
1 0.708008 0.141602 0.001953 0.005859
1 0.780273 0.139648 0.001953 0.001953
1 0.948242 0.137695 0.001953 0.001953
1 0.118164 0.141602 0.001953 0.001953
1 0.227539 0.143555 0.001953 0.001953
1 0.438477 0.141602 0.001953 0.001953
1 0.447266 0.143555 0.007812 0.001953
1 0.461914 0.143555 0.001953 0.001953
1 0.624023 0.143555 0.001953 0.001953
1 0.735352 0.144531 0.013672 0.003906
1 0.777344 0.145508 0.003906 0.005859
1 0.959961 0.143555 0.001953 0.001953
1 0.573242 0.147461 0.005859 0.001953
1 0.612305 0.147461 0.001953 0.001953
1 0.629883 0.149414 0.021484 0.005859
1 0.659180 0.147461 0.001953 0.001953
1 0.751953 0.148438 0.015625 0.003906
1 0.846680 0.149414 0.005859 0.009766
1 0.966797 0.145508 0.003906 0.001953
1 0.976562 0.145508 0.003906 0.001953
1 0.486328 0.149414 0.003906 0.001953
1 0.555664 0.152344 0.001953 0.003906
1 0.565430 0.151367 0.001953 0.001953
1 0.659180 0.153320 0.013672 0.005859
1 0.688477 0.151367 0.001953 0.001953
1 0.715820 0.151367 0.001953 0.001953
1 0.307617 0.156250 0.021484 0.007812
1 0.708008 0.161133 0.017578 0.013672
1 0.329102 0.160156 0.013672 0.007812
1 0.475586 0.159180 0.009766 0.005859
1 0.512695 0.160156 0.021484 0.007812
1 0.556641 0.158203 0.003906 0.003906
1 0.774414 0.157227 0.001953 0.001953
1 0.079102 0.164062 0.001953 0.003906
1 0.147461 0.161133 0.001953 0.001953
1 0.803711 0.162109 0.001953 0.003906
1 0.170898 0.165039 0.001953 0.001953
1 0.347656 0.165039 0.003906 0.001953
1 0.551758 0.165039 0.001953 0.001953
1 0.723633 0.166016 0.005859 0.003906
1 0.735352 0.169922 0.013672 0.003906
1 0.745117 0.170898 0.001953 0.001953
1 0.750977 0.171875 0.005859 0.003906
1 0.004883 0.172852 0.001953 0.001953
1 0.077148 0.172852 0.001953 0.001953
1 0.723633 0.178711 0.001953 0.009766
1 0.998047 0.174805 0.003906 0.001953
1 0.206055 0.176758 0.001953 0.001953
1 0.749023 0.176758 0.001953 0.001953
1 0.995117 0.184570 0.009766 0.013672
1 0.057617 0.186523 0.001953 0.001953
1 0.711914 0.189453 0.005859 0.007812
1 0.717773 0.190430 0.005859 0.009766
1 0.836914 0.185547 0.001953 0.003906
1 0.729492 0.190430 0.001953 0.001953
1 0.081055 0.199219 0.009766 0.003906
1 0.534180 0.198242 0.001953 0.001953
1 0.578125 0.197266 0.007812 0.003906
1 0.836914 0.196289 0.001953 0.001953
1 0.205078 0.201172 0.011719 0.003906
1 0.399414 0.200195 0.001953 0.001953
1 0.416016 0.207031 0.015625 0.011719
1 0.487305 0.200195 0.001953 0.001953
1 0.588867 0.200195 0.005859 0.001953
1 0.600586 0.204102 0.001953 0.001953
1 0.609375 0.207031 0.011719 0.003906
1 0.618164 0.204102 0.001953 0.001953
1 0.639648 0.212891 0.033203 0.015625
1 0.721680 0.209961 0.001953 0.001953
1 0.729492 0.210938 0.001953 0.003906
1 0.630859 0.214844 0.007812 0.003906
1 0.761719 0.213867 0.007812 0.005859
1 0.981445 0.213867 0.001953 0.001953
1 0.433594 0.215820 0.003906 0.001953
1 0.442383 0.217773 0.001953 0.001953
1 0.452148 0.221680 0.001953 0.001953
1 0.661133 0.221680 0.001953 0.001953
1 0.735352 0.226562 0.056641 0.015625
1 0.669922 0.225586 0.011719 0.005859
1 0.700195 0.225586 0.009766 0.001953
1 0.986328 0.223633 0.003906 0.001953
1 0.491211 0.230469 0.009766 0.003906
1 0.689453 0.231445 0.023438 0.005859
1 0.984375 0.228516 0.003906 0.003906
1 0.409180 0.231445 0.001953 0.001953
1 0.769531 0.233398 0.003906 0.001953
1 0.867188 0.233398 0.003906 0.001953
1 0.886719 0.234375 0.011719 0.003906
1 0.407227 0.236328 0.001953 0.003906
1 0.485352 0.237305 0.001953 0.001953
1 0.602539 0.240234 0.005859 0.007812
1 0.908203 0.240234 0.011719 0.007812
1 0.936523 0.236328 0.001953 0.003906
1 0.961914 0.236328 0.001953 0.003906
1 0.187500 0.244141 0.007812 0.011719
1 0.715820 0.241211 0.005859 0.005859
1 0.953125 0.242188 0.003906 0.003906
1 0.723633 0.245117 0.001953 0.001953
1 0.959961 0.245117 0.001953 0.001953
1 0.964844 0.246094 0.003906 0.003906
1 0.412109 0.257812 0.039062 0.019531
1 0.596680 0.254883 0.005859 0.013672
1 0.875000 0.252930 0.003906 0.001953
1 0.884766 0.253906 0.007812 0.003906
1 0.962891 0.254883 0.003906 0.009766
1 0.530273 0.256836 0.001953 0.001953
1 0.873047 0.257812 0.003906 0.003906
1 0.527344 0.260742 0.003906 0.001953
1 0.169922 0.268555 0.023438 0.013672
1 0.958008 0.265625 0.001953 0.003906
1 0.418945 0.268555 0.001953 0.001953
1 0.437500 0.268555 0.003906 0.001953
1 0.519531 0.269531 0.003906 0.003906
1 0.583008 0.266602 0.001953 0.001953
1 0.858398 0.273438 0.005859 0.003906
1 0.530273 0.277344 0.009766 0.007812
1 0.869141 0.275391 0.011719 0.003906
1 0.996094 0.275391 0.003906 0.003906
1 0.452148 0.281250 0.001953 0.003906
1 0.547852 0.284180 0.017578 0.009766
1 0.171875 0.289062 0.011719 0.011719
1 0.239258 0.282227 0.001953 0.001953
1 0.581055 0.288086 0.005859 0.009766
1 0.245117 0.286133 0.001953 0.001953
1 0.164062 0.297852 0.027344 0.017578
1 0.254883 0.290039 0.001953 0.001953
1 0.148438 0.296875 0.003906 0.003906
1 0.333984 0.296875 0.042969 0.007812
1 0.358398 0.296875 0.001953 0.003906
1 0.375000 0.297852 0.019531 0.005859
1 0.142578 0.298828 0.003906 0.003906
1 0.387695 0.299805 0.001953 0.001953
1 0.502930 0.299805 0.001953 0.001953
1 0.418945 0.301758 0.005859 0.001953
1 0.011719 0.306641 0.003906 0.003906
1 0.512695 0.305664 0.001953 0.001953
1 0.496094 0.315430 0.015625 0.009766
1 0.014648 0.319336 0.009766 0.013672
1 0.680664 0.315430 0.009766 0.005859
1 0.876953 0.320312 0.003906 0.003906
1 0.506836 0.321289 0.001953 0.001953
1 0.157227 0.333008 0.009766 0.005859
1 0.769531 0.329102 0.003906 0.001953
1 0.776367 0.331055 0.001953 0.001953
1 0.786133 0.331055 0.001953 0.001953
1 0.102539 0.342773 0.033203 0.017578
1 0.125977 0.334961 0.001953 0.001953
1 0.788086 0.334961 0.001953 0.001953
1 0.130859 0.336914 0.003906 0.001953
1 0.146484 0.336914 0.007812 0.001953
1 0.961914 0.342773 0.001953 0.001953
1 0.442383 0.346680 0.001953 0.001953
1 0.946289 0.347656 0.001953 0.003906
1 0.074219 0.348633 0.003906 0.001953
1 0.591797 0.350586 0.007812 0.005859
1 0.599609 0.354492 0.003906 0.001953
1 0.641602 0.356445 0.005859 0.005859
1 0.957031 0.356445 0.003906 0.005859
1 0.164062 0.366211 0.027344 0.021484
1 0.605469 0.356445 0.003906 0.001953
1 0.614258 0.358398 0.001953 0.001953
1 0.951172 0.370117 0.023438 0.029297
1 0.641602 0.363281 0.001953 0.003906
1 0.471680 0.364258 0.001953 0.001953
1 0.478516 0.368164 0.007812 0.005859
1 0.404297 0.370117 0.003906 0.001953
1 0.545898 0.369141 0.001953 0.003906
1 0.695312 0.375977 0.007812 0.005859
1 0.124023 0.375977 0.005859 0.001953
1 0.281250 0.380859 0.003906 0.007812
1 0.541992 0.377930 0.005859 0.005859
1 0.291992 0.379883 0.001953 0.001953
1 0.119141 0.387695 0.011719 0.009766
1 0.538086 0.384766 0.001953 0.003906
1 0.065430 0.391602 0.005859 0.005859
1 0.622070 0.393555 0.005859 0.013672
1 0.733398 0.387695 0.001953 0.001953
1 0.937500 0.389648 0.003906 0.005859
1 0.942383 0.387695 0.001953 0.001953
1 0.103516 0.397461 0.007812 0.009766
1 0.283203 0.395508 0.003906 0.009766
1 0.438477 0.393555 0.001953 0.001953
1 0.528320 0.395508 0.009766 0.005859
1 0.552734 0.391602 0.003906 0.001953
1 0.657227 0.392578 0.001953 0.003906
1 0.157227 0.396484 0.001953 0.003906
1 0.443359 0.398438 0.003906 0.003906
1 0.513672 0.396484 0.011719 0.003906
1 0.731445 0.396484 0.001953 0.003906
1 0.448242 0.401367 0.001953 0.001953
1 0.102539 0.409180 0.005859 0.009766
1 0.114258 0.405273 0.001953 0.001953
1 0.149414 0.405273 0.001953 0.001953
1 0.459961 0.408203 0.013672 0.007812
1 0.495117 0.407227 0.009766 0.005859
1 0.610352 0.404297 0.001953 0.003906
1 0.068359 0.411133 0.003906 0.005859
1 0.441406 0.416016 0.011719 0.007812
1 0.473633 0.415039 0.009766 0.005859
1 0.503906 0.413086 0.003906 0.001953
1 0.514648 0.413086 0.001953 0.001953
1 0.612305 0.412109 0.017578 0.003906
1 0.094727 0.419922 0.009766 0.007812
1 0.105469 0.421875 0.003906 0.011719
1 0.111328 0.415039 0.003906 0.001953
1 0.431641 0.418945 0.003906 0.009766
1 0.483398 0.416992 0.001953 0.001953
1 0.024414 0.420898 0.017578 0.005859
1 0.451172 0.421875 0.003906 0.003906
1 0.489258 0.421875 0.001953 0.003906
1 0.458008 0.424805 0.005859 0.001953
1 0.095703 0.428711 0.003906 0.005859
1 0.498047 0.428711 0.003906 0.001953
1 0.088867 0.432617 0.001953 0.001953
1 0.138672 0.434570 0.015625 0.005859
1 0.094727 0.434570 0.001953 0.001953
1 0.318359 0.444336 0.007812 0.005859
1 0.598633 0.444336 0.005859 0.001953
1 0.202148 0.446289 0.001953 0.001953
1 0.332031 0.450195 0.011719 0.005859
1 0.350586 0.451172 0.021484 0.007812
1 0.610352 0.447266 0.001953 0.003906
1 0.055664 0.452148 0.005859 0.001953
1 0.069336 0.450195 0.001953 0.001953
1 0.209961 0.450195 0.001953 0.001953
1 0.221680 0.454102 0.009766 0.005859
1 0.506836 0.456055 0.017578 0.013672
1 0.124023 0.458008 0.009766 0.009766
1 0.080078 0.470703 0.011719 0.015625
1 0.535156 0.474609 0.039062 0.023438
1 0.348633 0.467773 0.009766 0.005859
1 0.057617 0.471680 0.001953 0.001953
1 0.116211 0.474609 0.005859 0.007812
1 0.094727 0.488281 0.001953 0.003906
1 0.103516 0.488281 0.003906 0.003906
1 0.110352 0.488281 0.001953 0.003906
1 0.914062 0.492188 0.015625 0.011719
1 0.980469 0.489258 0.007812 0.009766
1 0.301758 0.498047 0.021484 0.007812
1 0.830078 0.496094 0.007812 0.003906
1 0.103516 0.502930 0.007812 0.005859
1 0.272461 0.510742 0.029297 0.021484
1 0.490234 0.505859 0.019531 0.007812
1 0.110352 0.504883 0.001953 0.001953
1 0.314453 0.506836 0.003906 0.005859
1 0.321289 0.505859 0.005859 0.003906
1 0.333984 0.509766 0.007812 0.007812
1 0.467773 0.512695 0.005859 0.005859
1 0.613281 0.511719 0.011719 0.003906
1 0.358398 0.519531 0.029297 0.011719
1 0.625000 0.514648 0.003906 0.001953
1 0.928711 0.513672 0.001953 0.003906
1 0.962891 0.513672 0.003906 0.003906
1 0.324219 0.519531 0.003906 0.003906
1 0.637695 0.518555 0.001953 0.001953
1 0.645508 0.519531 0.005859 0.003906
1 0.939453 0.522461 0.015625 0.013672
1 0.318359 0.523438 0.003906 0.003906
1 0.950195 0.520508 0.001953 0.001953
1 0.383789 0.530273 0.017578 0.013672
1 0.342773 0.532227 0.001953 0.001953
1 0.310547 0.544922 0.011719 0.015625
1 0.337891 0.545898 0.011719 0.017578
1 0.583008 0.541992 0.009766 0.013672
1 0.017578 0.540039 0.003906 0.001953
1 0.262695 0.541016 0.005859 0.003906
1 0.590820 0.540039 0.001953 0.001953
1 0.278320 0.551758 0.013672 0.005859
1 0.584961 0.549805 0.005859 0.001953
1 0.098633 0.554688 0.009766 0.007812
1 0.470703 0.559570 0.027344 0.017578
1 0.575195 0.551758 0.001953 0.001953
1 0.291992 0.555664 0.009766 0.001953
1 0.329102 0.556641 0.009766 0.003906
1 0.574219 0.558594 0.007812 0.003906
1 0.604492 0.555664 0.001953 0.001953
1 0.821289 0.558594 0.001953 0.003906
1 0.084961 0.562500 0.009766 0.007812
1 0.587891 0.559570 0.003906 0.001953
1 0.326172 0.567383 0.003906 0.005859
1 0.383789 0.564453 0.009766 0.003906
1 0.077148 0.567383 0.001953 0.001953
1 0.391602 0.574219 0.005859 0.011719
1 0.884766 0.567383 0.003906 0.001953
1 0.891602 0.569336 0.001953 0.001953
1 0.896484 0.568359 0.003906 0.003906
1 0.493164 0.573242 0.001953 0.001953
1 0.617188 0.573242 0.003906 0.001953
1 0.676758 0.577148 0.013672 0.009766
1 0.691406 0.573242 0.003906 0.001953
1 0.950195 0.573242 0.001953 0.001953
1 0.970703 0.573242 0.035156 0.005859
1 0.503906 0.575195 0.003906 0.001953
1 0.512695 0.580078 0.009766 0.007812
1 0.524414 0.575195 0.001953 0.001953
1 0.629883 0.575195 0.001953 0.001953
1 0.666992 0.577148 0.001953 0.001953
1 0.924805 0.575195 0.001953 0.001953
1 0.994141 0.575195 0.007812 0.001953
1 0.386719 0.584961 0.031250 0.009766
1 0.441406 0.584961 0.003906 0.001953
1 0.663086 0.583008 0.001953 0.001953
1 0.922852 0.583008 0.005859 0.001953
1 0.437500 0.588867 0.003906 0.001953
1 0.550781 0.594727 0.019531 0.009766
1 0.063477 0.598633 0.001953 0.001953
1 0.926758 0.599609 0.001953 0.003906
1 0.064453 0.608398 0.015625 0.009766
1 0.442383 0.606445 0.025391 0.009766
1 0.558594 0.606445 0.003906 0.001953
1 0.926758 0.609375 0.001953 0.003906
1 0.541992 0.748047 0.732422 0.273438
1 0.458984 0.612305 0.003906 0.001953
1 0.476562 0.616211 0.027344 0.009766
1 0.500000 0.613281 0.011719 0.003906
1 0.913086 0.614258 0.025391 0.005859
1 0.493164 0.617188 0.001953 0.003906
1 0.551758 0.618164 0.001953 0.001953
1 0.531250 0.625000 0.027344 0.007812
1 0.619141 0.625977 0.003906 0.005859
1 0.058594 0.628906 0.007812 0.007812
1 0.959961 0.627930 0.001953 0.005859
1 0.601562 0.636719 0.011719 0.007812
1 0.938477 0.634766 0.001953 0.003906
1 0.055664 0.637695 0.001953 0.001953
1 0.942383 0.639648 0.001953 0.001953
1 0.052734 0.645508 0.003906 0.005859
1 0.987305 0.646484 0.009766 0.007812
1 0.687500 0.648438 0.003906 0.003906
1 0.016602 0.655273 0.001953 0.001953
1 0.038086 0.660156 0.017578 0.015625
1 0.738281 0.655273 0.003906 0.001953
1 0.023438 0.658203 0.003906 0.003906
1 0.631836 0.657227 0.001953 0.001953
1 0.649414 0.659180 0.001953 0.001953
1 0.791992 0.659180 0.001953 0.001953
1 0.775391 0.665039 0.031250 0.009766
1 0.837891 0.666016 0.003906 0.003906
1 0.039062 0.672852 0.007812 0.005859
1 0.032227 0.672852 0.001953 0.001953
1 0.066406 0.677734 0.003906 0.007812
1 0.819336 0.676758 0.041016 0.009766
1 0.029297 0.679688 0.007812 0.003906
1 0.038086 0.680664 0.005859 0.005859
1 0.803711 0.690430 0.001953 0.001953
1 0.007812 0.702148 0.003906 0.001953
1 0.139648 0.700195 0.001953 0.001953
1 0.113281 0.708984 0.027344 0.011719
1 0.844727 0.728516 0.009766 0.003906
1 0.988281 0.749023 0.003906 0.001953
1 0.993164 0.750977 0.001953 0.001953
1 0.999023 0.752930 0.001953 0.001953
1 0.013672 0.854492 0.011719 0.005859
1 0.009766 0.873047 0.003906 0.007812
1 0.004883 0.882812 0.005859 0.003906
1 0.100586 0.895508 0.001953 0.001953
1 0.317383 0.896484 0.001953 0.003906
1 0.296875 0.911133 0.007812 0.009766
1 0.049805 0.923828 0.009766 0.011719
1 0.060547 0.922852 0.003906 0.005859
1 0.309570 0.919922 0.005859 0.003906
1 0.859375 0.922852 0.007812 0.005859
1 0.315430 0.922852 0.001953 0.001953
1 0.487305 0.922852 0.005859 0.001953
1 0.476562 0.929688 0.003906 0.003906
1 0.194336 0.936523 0.001953 0.001953
1 0.341797 0.935547 0.003906 0.003906
1 0.205078 0.938477 0.003906 0.001953
1 0.225586 0.938477 0.001953 0.001953
1 0.415039 0.947266 0.048828 0.011719
1 0.682617 0.950195 0.025391 0.013672
1 0.968750 0.950195 0.011719 0.001953
1 0.055664 0.982422 0.001953 0.003906
1 0.050781 0.985352 0.003906 0.001953
1 0.571289 0.999023 0.001953 0.001953
1 0.577148 0.999023 0.001953 0.001953
2 0.151367 0.112305 0.302734 0.224609
2 0.246094 0.000977 0.003906 0.001953
2 0.252930 0.000977 0.001953 0.001953
2 0.409180 0.281250 0.537109 0.562500
2 0.708008 0.001953 0.013672 0.003906
2 0.743164 0.005859 0.009766 0.011719
2 0.684570 0.356445 0.630859 0.712891
2 0.560547 0.044922 0.003906 0.003906
2 0.073242 0.069336 0.001953 0.001953
2 0.458984 0.080078 0.007812 0.003906
2 0.192383 0.212891 0.009766 0.011719
2 0.356445 0.226562 0.009766 0.019531
2 0.116211 0.403320 0.189453 0.353516
2 0.750977 0.233398 0.001953 0.001953
2 0.720703 0.240234 0.003906 0.007812
2 0.725586 0.235352 0.001953 0.001953
2 0.411133 0.253906 0.005859 0.003906
2 0.422852 0.259766 0.001953 0.003906
2 0.329102 0.299805 0.001953 0.001953
2 0.160156 0.305664 0.007812 0.005859
2 0.352539 0.303711 0.001953 0.001953
2 0.366211 0.301758 0.005859 0.001953
2 0.356445 0.335938 0.119141 0.062500
2 0.416992 0.311523 0.001953 0.001953
2 0.278320 0.326172 0.001953 0.003906
2 0.157227 0.373047 0.001953 0.003906
2 0.346680 0.393555 0.029297 0.021484
2 0.726562 0.419922 0.003906 0.003906
2 0.697266 0.424805 0.003906 0.001953
2 0.023438 0.426758 0.007812 0.001953
2 0.031250 0.430664 0.003906 0.001953
2 0.705078 0.442383 0.015625 0.025391
2 0.313477 0.442383 0.001953 0.001953
2 0.324219 0.510742 0.199219 0.130859
2 0.383789 0.453125 0.001953 0.003906
2 0.505859 0.458984 0.003906 0.007812
2 0.272461 0.467773 0.001953 0.001953
2 0.625977 0.471680 0.001953 0.001953
2 0.683594 0.477539 0.003906 0.001953
2 0.397461 0.531250 0.013672 0.007812
2 0.312500 0.549805 0.003906 0.001953
2 0.749023 0.553711 0.013672 0.013672
2 0.050781 0.728516 0.101562 0.343750
2 0.499023 0.594727 0.138672 0.068359
2 0.386719 0.575195 0.019531 0.021484
2 0.391602 0.563477 0.001953 0.001953
2 0.944336 0.566406 0.001953 0.003906
2 0.313477 0.573242 0.005859 0.001953
2 0.690430 0.597656 0.072266 0.046875
2 0.383789 0.589844 0.021484 0.011719
2 0.743164 0.590820 0.017578 0.017578
2 0.753906 0.583984 0.003906 0.003906
2 0.564453 0.597656 0.003906 0.003906
2 0.731445 0.597656 0.005859 0.003906
2 0.722656 0.605469 0.003906 0.003906
2 0.649414 0.610352 0.001953 0.001953
2 0.688477 0.612305 0.005859 0.001953
2 0.307617 0.625000 0.005859 0.003906
2 0.675781 0.629883 0.019531 0.017578
2 0.118164 0.647461 0.017578 0.041016
2 0.875977 0.631836 0.001953 0.001953
2 0.574219 0.634766 0.003906 0.003906
2 0.588867 0.656250 0.001953 0.003906
2 0.578125 0.664062 0.003906 0.003906
2 0.701172 0.682617 0.003906 0.001953
2 0.752930 0.687500 0.005859 0.003906
2 0.745117 0.689453 0.001953 0.003906
2 0.109375 0.704102 0.019531 0.005859
2 0.109375 0.777344 0.089844 0.156250
2 0.235352 0.732422 0.005859 0.003906
2 0.224609 0.743164 0.003906 0.001953
2 0.941406 0.750977 0.003906 0.001953
2 0.120117 0.766602 0.001953 0.001953
2 0.126953 0.766602 0.003906 0.001953
2 0.202148 0.793945 0.009766 0.009766
2 0.092773 0.805664 0.001953 0.001953
2 0.094727 0.813477 0.005859 0.001953
2 0.981445 0.824219 0.009766 0.011719
2 0.190430 0.856445 0.095703 0.060547
2 0.219727 0.844727 0.001953 0.001953
2 0.290039 0.852539 0.009766 0.005859
2 0.286133 0.925781 0.572266 0.148438
2 0.992188 0.856445 0.015625 0.009766
2 0.107422 0.886719 0.046875 0.054688
2 0.247070 0.867188 0.013672 0.003906
2 0.415039 0.864258 0.001953 0.001953
2 0.973633 0.912109 0.052734 0.097656
2 0.352539 0.870117 0.001953 0.001953
2 0.356445 0.870117 0.001953 0.001953
2 0.362305 0.868164 0.001953 0.001953
2 0.686523 0.888672 0.017578 0.007812
2 0.391602 0.887695 0.001953 0.001953
2 0.771484 0.906250 0.007812 0.011719
2 0.750977 0.912109 0.021484 0.015625
2 0.780273 0.903320 0.001953 0.001953
2 0.786133 0.906250 0.001953 0.007812
2 0.803711 0.903320 0.001953 0.001953
2 0.765625 0.916992 0.003906 0.001953
2 0.734375 0.922852 0.003906 0.005859
2 0.592773 0.932617 0.021484 0.009766
2 0.638672 0.965820 0.089844 0.068359
2 0.635742 0.948242 0.001953 0.001953
2 0.680664 0.952148 0.001953 0.001953
2 0.631836 0.972656 0.001953 0.003906
2 0.317383 0.997070 0.009766 0.005859
5 0.170898 0.480469 0.341797 0.960938
5 0.520508 0.198242 0.365234 0.396484
5 0.291992 0.452148 0.044922 0.041016
5 0.220703 0.522461 0.042969 0.044922
