0 0.125977 0.012695 0.017578 0.005859
0 0.179688 0.011719 0.035156 0.007812
0 0.129883 0.062500 0.255859 0.085938
0 0.033203 0.026367 0.003906 0.001953
0 0.260742 0.086914 0.001953 0.001953
0 0.890625 0.205078 0.054688 0.093750
0 0.567383 0.417969 0.056641 0.117188
0 0.528320 0.498047 0.087891 0.042969
0 0.146484 0.690430 0.070312 0.048828
0 0.016602 0.687500 0.033203 0.039062
0 0.244141 0.698242 0.070312 0.060547
0 0.204102 0.790039 0.107422 0.056641
0 0.104492 0.786133 0.060547 0.041016
0 0.222656 0.956055 0.066406 0.060547
1 0.607422 0.956055 0.128906 0.064453
2 0.655273 0.025391 0.052734 0.050781
2 0.771484 0.021484 0.070312 0.042969
2 0.846680 0.013672 0.080078 0.027344
2 0.594727 0.044922 0.060547 0.054688
2 0.463867 0.060547 0.056641 0.066406
2 0.958984 0.055664 0.054688 0.044922
2 0.818359 0.072266 0.148438 0.054688
2 0.361328 0.108398 0.085938 0.119141
2 0.597656 0.100586 0.058594 0.052734
2 0.658203 0.096680 0.058594 0.044922
2 0.205078 0.131836 0.070312 0.064453
2 0.464844 0.128906 0.058594 0.062500
2 0.969727 0.123047 0.056641 0.046875
2 0.842773 0.167969 0.048828 0.097656
2 0.783203 0.145508 0.062500 0.044922
2 0.605469 0.167969 0.046875 0.042969
2 0.667969 0.168945 0.050781 0.044922
2 0.492188 0.189453 0.058594 0.050781
2 0.406250 0.197266 0.058594 0.046875
2 0.965820 0.195312 0.068359 0.042969
2 0.238281 0.213867 0.078125 0.052734
2 0.267578 0.190430 0.003906 0.001953
2 0.787109 0.213867 0.054688 0.048828
2 0.620117 0.241211 0.060547 0.060547
2 0.650391 0.276367 0.105469 0.126953
2 0.973633 0.263672 0.052734 0.078125
2 0.439453 0.258789 0.062500 0.052734
2 0.521484 0.256836 0.050781 0.044922
2 0.256836 0.293945 0.076172 0.095703
2 0.825195 0.291992 0.123047 0.076172
2 0.495117 0.327148 0.119141 0.060547
2 0.979492 0.378906 0.041016 0.054688
2 0.274414 0.382812 0.048828 0.046875
2 0.920898 0.383789 0.052734 0.044922
2 0.845703 0.395508 0.101562 0.064453
2 0.494141 0.394531 0.085938 0.054688
2 0.761719 0.403320 0.050781 0.056641
2 0.709961 0.414062 0.044922 0.058594
2 0.657227 0.417969 0.060547 0.062500
2 0.601562 0.424805 0.050781 0.048828
2 0.281250 0.445312 0.046875 0.042969
2 0.511719 0.454102 0.062500 0.044922
2 0.894531 0.457031 0.156250 0.054688
2 0.978516 0.440430 0.003906 0.001953
2 0.988281 0.440430 0.003906 0.001953
2 0.736328 0.476562 0.097656 0.058594
2 0.984375 0.459961 0.019531 0.017578
2 0.613281 0.486328 0.089844 0.042969
2 0.294922 0.565430 0.070312 0.173828
2 0.988281 0.479492 0.007812 0.005859
2 0.863281 0.481445 0.003906 0.001953
2 0.410156 0.604492 0.082031 0.119141
2 0.709961 0.573242 0.048828 0.056641
2 0.622070 0.575195 0.044922 0.052734
2 0.850586 0.576172 0.052734 0.058594
2 0.772461 0.577148 0.056641 0.052734
2 0.482422 0.577148 0.042969 0.044922
2 0.545898 0.576172 0.048828 0.042969
2 0.916992 0.581055 0.044922 0.048828
2 0.543945 0.627930 0.068359 0.056641
2 0.634766 0.629883 0.074219 0.056641
2 0.485352 0.631836 0.048828 0.052734
2 0.707031 0.631836 0.054688 0.052734
2 0.837891 0.635742 0.191406 0.056641
2 0.305664 0.679688 0.060547 0.054688
2 0.513672 0.719727 0.117188 0.052734
2 0.662109 0.722656 0.109375 0.054688
2 0.782227 0.719727 0.060547 0.044922
2 0.907227 0.724609 0.052734 0.054688
2 0.422852 0.723633 0.060547 0.044922
2 0.839844 0.724609 0.039062 0.050781
2 0.302734 0.803711 0.050781 0.173828
2 0.450195 0.721680 0.001953 0.001953
2 0.416992 0.773438 0.060547 0.046875
2 0.491211 0.773438 0.052734 0.042969
2 0.551758 0.774414 0.052734 0.044922
2 0.666992 0.781250 0.123047 0.054688
2 0.790039 0.780273 0.056641 0.052734
2 0.889648 0.778320 0.119141 0.048828
2 0.448242 0.871094 0.111328 0.054688
2 0.552734 0.869141 0.062500 0.046875
2 0.620117 0.871094 0.044922 0.050781
2 0.763672 0.871094 0.062500 0.054688
2 0.827148 0.872070 0.052734 0.048828
2 0.894531 0.872070 0.050781 0.048828
2 0.693359 0.874023 0.046875 0.044922
2 0.961914 0.876953 0.056641 0.039062
2 0.438477 0.950195 0.123047 0.099609
2 0.883789 0.931641 0.072266 0.054688
2 0.311523 0.932617 0.056641 0.052734
2 0.724609 0.956055 0.105469 0.087891
2 0.304688 0.981445 0.066406 0.037109
2 0.705078 0.971680 0.003906 0.001953
2 0.935547 0.987305 0.054688 0.025391
4 0.152344 0.735352 0.218750 0.072266
4 0.138672 0.832031 0.277344 0.164062
4 0.126953 0.897461 0.003906 0.001953
4 0.108398 0.957031 0.216797 0.085938
5 0.758789 0.194336 0.482422 0.388672
5 0.623047 0.537109 0.753906 0.925781
6 0.099609 0.282227 0.148438 0.169922
6 0.014648 0.310547 0.001953 0.003906
6 0.021484 0.310547 0.003906 0.003906
6 0.012695 0.317383 0.005859 0.005859
6 0.012695 0.325195 0.001953 0.001953
6 0.168945 0.326172 0.001953 0.003906
6 0.035156 0.346680 0.007812 0.005859
6 0.145508 0.348633 0.001953 0.001953
6 0.149414 0.356445 0.001953 0.001953
6 0.116211 0.368164 0.001953 0.001953
6 0.122070 0.368164 0.001953 0.001953
6 0.127930 0.501953 0.255859 0.250000
6 0.047852 0.598633 0.001953 0.001953
6 0.134766 0.607422 0.003906 0.003906
6 0.142578 0.606445 0.003906 0.001953
6 0.081055 0.632812 0.005859 0.007812
