0 0.833008 0.120117 0.333984 0.240234
0 0.424805 0.130859 0.154297 0.113281
0 0.628906 0.210938 0.246094 0.234375
0 0.187500 0.261719 0.078125 0.082031
0 0.094727 0.461914 0.087891 0.076172
0 0.548828 0.603516 0.070312 0.066406
1 0.186523 0.670898 0.228516 0.248047
2 0.719727 0.031250 0.041016 0.042969
2 0.411133 0.215820 0.037109 0.068359
2 0.906250 0.261719 0.187500 0.074219
2 0.375000 0.424805 0.105469 0.169922
2 0.862305 0.435547 0.275391 0.089844
2 0.760742 0.479492 0.072266 0.048828
2 0.700195 0.585938 0.333984 0.160156
2 0.901367 0.610352 0.041016 0.142578
2 0.902344 0.845703 0.042969 0.179688
2 0.964844 0.801758 0.070312 0.087891
2 0.973633 0.881836 0.052734 0.068359
5 0.571289 0.049805 0.052734 0.099609
5 0.500000 0.644531 1.000000 0.710938
5 0.869141 0.344727 0.261719 0.064453
