0 0.524414 0.577148 0.001953 0.001953
0 0.514648 0.581055 0.001953 0.001953
0 0.518555 0.579102 0.001953 0.001953
0 0.543945 0.592773 0.001953 0.001953
0 0.545898 0.598633 0.001953 0.001953
0 0.264648 0.648438 0.052734 0.035156
0 0.192383 0.761719 0.041016 0.035156
0 0.216797 0.787109 0.011719 0.035156
0 0.245117 0.770508 0.005859 0.001953
0 0.251953 0.772461 0.003906 0.001953
0 0.256836 0.774414 0.001953 0.001953
0 0.042969 0.843750 0.070312 0.085938
0 0.216797 0.814453 0.007812 0.015625
0 0.175781 0.912109 0.351562 0.175781
0 0.266602 0.827148 0.001953 0.001953
0 0.313477 0.872070 0.017578 0.009766
0 0.313477 0.884766 0.017578 0.011719
0 0.321289 0.896484 0.005859 0.003906
2 0.447266 0.646484 0.234375 0.140625
2 0.272461 0.815430 0.119141 0.099609
2 0.163086 0.820312 0.095703 0.046875
2 0.432617 0.815430 0.009766 0.001953
2 0.416992 0.818359 0.013672 0.003906
2 0.419922 0.911133 0.160156 0.177734
