0 0.385742 0.250000 0.267578 0.132812
0 0.666992 0.367188 0.076172 0.078125
0 0.929688 0.409180 0.140625 0.080078
0 0.387695 0.528320 0.099609 0.107422
0 0.294922 0.580078 0.089844 0.082031
0 0.844727 0.745117 0.189453 0.123047
0 0.518555 0.864258 0.080078 0.134766
1 0.985352 0.900391 0.029297 0.199219
2 0.445312 0.032227 0.082031 0.064453
2 0.506836 0.070312 0.076172 0.140625
2 0.667969 0.021484 0.046875 0.042969
2 0.919922 0.039062 0.160156 0.078125
2 0.158203 0.115234 0.066406 0.164062
2 0.305664 0.053711 0.048828 0.041016
2 0.236328 0.121094 0.078125 0.148438
2 0.805664 0.079102 0.052734 0.060547
2 0.711914 0.085938 0.048828 0.062500
2 0.586914 0.102539 0.033203 0.060547
2 0.066406 0.145508 0.089844 0.123047
2 0.376953 0.142578 0.035156 0.085938
2 0.333008 0.151367 0.037109 0.080078
2 0.416992 0.141602 0.044922 0.048828
2 0.961914 0.166016 0.048828 0.082031
2 0.868164 0.201172 0.130859 0.113281
2 0.985352 0.178711 0.001953 0.005859
2 0.224609 0.293945 0.046875 0.068359
2 0.112305 0.313477 0.119141 0.099609
2 0.918945 0.315430 0.162109 0.107422
2 0.016602 0.315430 0.033203 0.076172
2 0.386719 0.341797 0.128906 0.066406
2 0.242188 0.347656 0.046875 0.035156
2 0.164062 0.363281 0.035156 0.050781
2 0.712891 0.385742 0.035156 0.041016
2 0.841797 0.388672 0.039062 0.046875
2 0.229492 0.370117 0.005859 0.005859
2 0.213867 0.395508 0.041016 0.033203
2 0.571289 0.420898 0.087891 0.048828
2 0.867188 0.515625 0.265625 0.218750
2 0.034180 0.447266 0.041016 0.070312
2 0.701172 0.444336 0.042969 0.056641
2 0.220703 0.453125 0.058594 0.050781
2 0.574219 0.480469 0.085938 0.042969
2 0.686523 0.512695 0.064453 0.060547
2 0.297852 0.515625 0.029297 0.054688
2 0.834961 0.523438 0.013672 0.007812
2 0.474609 0.595703 0.085938 0.128906
2 0.659180 0.564453 0.099609 0.046875
2 0.950195 0.574219 0.068359 0.046875
2 0.867188 0.613281 0.046875 0.050781
2 0.333008 0.653320 0.197266 0.080078
2 0.109375 0.666992 0.164062 0.083984
2 0.880859 0.666016 0.128906 0.062500
2 0.579102 0.720703 0.134766 0.156250
2 0.468750 0.727539 0.097656 0.134766
2 0.723633 0.668945 0.009766 0.013672
2 0.732422 0.666992 0.003906 0.001953
2 0.735352 0.674805 0.001953 0.001953
2 0.783203 0.752930 0.210938 0.146484
2 0.364258 0.733398 0.103516 0.072266
2 0.537109 0.697266 0.003906 0.003906
2 0.505859 0.728516 0.003906 0.003906
2 0.084961 0.791992 0.169922 0.119141
2 0.254883 0.837891 0.076172 0.128906
2 0.457031 0.790039 0.003906 0.001953
2 0.458008 0.840820 0.068359 0.087891
2 0.584961 0.868164 0.068359 0.134766
2 0.055664 0.872070 0.111328 0.091797
2 0.701172 0.866211 0.093750 0.068359
2 0.273438 0.937500 0.054688 0.070312
2 0.733398 0.959961 0.111328 0.080078
2 0.223633 0.956055 0.041016 0.048828
2 0.864258 0.979492 0.048828 0.041016
2 0.553711 0.986328 0.052734 0.027344
2 0.744141 0.995117 0.003906 0.001953
5 0.630859 0.535156 0.738281 0.929688
5 0.126953 0.243164 0.253906 0.072266
5 0.237305 0.653320 0.154297 0.693359
