2 0.167969 0.046875 0.113281 0.093750
2 0.846680 0.091797 0.306641 0.183594
2 0.120117 0.120117 0.068359 0.064453
2 0.676758 0.111328 0.041016 0.042969
2 0.453125 0.182617 0.078125 0.126953
2 0.902344 0.203125 0.195312 0.171875
2 0.695312 0.147461 0.039062 0.029297
2 0.729492 0.208008 0.044922 0.044922
2 0.150391 0.207031 0.031250 0.035156
2 0.408203 0.239258 0.062500 0.076172
2 0.654297 0.292969 0.070312 0.070312
2 0.921875 0.295898 0.039062 0.052734
2 0.791992 0.374023 0.060547 0.060547
2 0.257812 0.382812 0.074219 0.062500
2 0.722656 0.405273 0.070312 0.091797
2 0.500000 0.416992 0.101562 0.087891
2 0.620117 0.427734 0.052734 0.062500
2 0.283203 0.440430 0.054688 0.068359
2 0.405273 0.461914 0.041016 0.044922
2 0.537109 0.495117 0.054688 0.056641
2 0.304688 0.500977 0.062500 0.060547
2 0.656250 0.502930 0.066406 0.052734
2 0.019531 0.500000 0.039062 0.039062
2 0.166992 0.536133 0.083984 0.095703
2 0.051758 0.563477 0.068359 0.048828
2 0.569336 0.577148 0.048828 0.064453
2 0.799805 0.778320 0.380859 0.443359
2 0.344727 0.591797 0.041016 0.042969
2 0.452148 0.627930 0.041016 0.041016
2 0.370117 0.645508 0.052734 0.060547
2 0.314453 0.669922 0.062500 0.078125
2 0.225586 0.697266 0.072266 0.089844
2 0.115234 0.683594 0.062500 0.054688
2 0.124023 0.783203 0.080078 0.070312
2 0.557617 0.791016 0.048828 0.089844
2 0.456055 0.879883 0.021484 0.021484
2 0.648438 0.910156 0.046875 0.039062
2 0.999023 0.979492 0.001953 0.001953
2 0.995117 0.981445 0.001953 0.001953
2 0.855469 0.996094 0.007812 0.007812
2 0.980469 0.997070 0.003906 0.005859
2 0.996094 0.996094 0.007812 0.007812
5 0.336914 0.112305 0.150391 0.197266
5 0.203125 0.136719 0.039062 0.082031
5 0.500000 0.603516 1.000000 0.773438
