0 0.310547 0.500000 0.621094 1.000000
0 0.677734 0.444336 0.105469 0.427734
0 0.612305 0.246094 0.001953 0.003906
0 0.615234 0.257812 0.003906 0.015625
0 0.771484 0.411133 0.042969 0.072266
0 0.598633 0.403320 0.005859 0.001953
0 0.541016 0.459961 0.003906 0.005859
0 0.455078 0.488281 0.003906 0.003906
0 0.461914 0.498047 0.009766 0.003906
0 0.446289 0.518555 0.001953 0.001953
0 0.689453 0.612305 0.003906 0.001953
0 0.683594 0.621094 0.011719 0.007812
0 0.681641 0.636719 0.011719 0.007812
0 0.537109 0.694336 0.078125 0.091797
0 0.698242 0.704102 0.052734 0.037109
0 0.604492 0.798828 0.087891 0.210938
0 0.490234 0.723633 0.011719 0.009766
0 0.696289 0.797852 0.041016 0.037109
0 0.535156 0.907227 0.179688 0.185547
2 0.600586 0.036133 0.041016 0.072266
2 0.666992 0.062500 0.005859 0.003906
2 0.642578 0.073242 0.003906 0.001953
2 0.643555 0.079102 0.001953 0.001953
2 0.585938 0.152344 0.050781 0.035156
2 0.584961 0.313477 0.072266 0.189453
2 0.487305 0.476562 0.052734 0.042969
2 0.753906 0.469727 0.031250 0.033203
2 0.469727 0.541016 0.068359 0.054688
2 0.491211 0.607422 0.048828 0.046875
4 0.773438 0.233398 0.117188 0.267578
4 0.776367 0.100586 0.005859 0.001953
4 0.717773 0.181641 0.001953 0.003906
4 0.789062 0.824219 0.421875 0.351562
4 0.462891 0.933594 0.097656 0.132812
5 0.801758 0.375977 0.396484 0.654297
