0 0.500000 0.084961 1.000000 0.169922
0 0.289062 0.100586 0.011719 0.009766
0 0.848633 0.115234 0.001953 0.007812
0 0.846680 0.126953 0.001953 0.011719
0 0.403320 0.140625 0.005859 0.003906
0 0.844727 0.146484 0.001953 0.011719
0 0.392578 0.158203 0.062500 0.027344
0 0.842773 0.161133 0.001953 0.005859
0 0.816406 0.161133 0.003906 0.001953
0 0.979492 0.184570 0.001953 0.001953
0 0.998047 0.184570 0.003906 0.001953
0 0.895508 0.478516 0.208984 0.121094
0 0.716797 0.474609 0.070312 0.085938
0 0.786133 0.502930 0.001953 0.001953
0 0.856445 0.523438 0.001953 0.003906
0 0.300781 0.703125 0.382812 0.246094
0 0.141602 0.675781 0.009766 0.007812
0 0.128906 0.682617 0.007812 0.005859
0 0.123047 0.690430 0.003906 0.001953
0 0.123047 0.724609 0.003906 0.003906
0 0.146484 0.796875 0.007812 0.011719
0 0.145508 0.809570 0.001953 0.001953
0 0.190430 0.814453 0.005859 0.003906
0 0.200195 0.838867 0.001953 0.001953
1 0.295898 0.226562 0.591797 0.113281
1 0.809570 0.291992 0.380859 0.166016
1 0.430664 0.397461 0.076172 0.087891
1 0.187500 0.454102 0.375000 0.150391
2 0.768555 0.098633 0.177734 0.134766
2 0.627930 0.462891 0.111328 0.082031
2 0.773438 0.461914 0.039062 0.041016
2 0.825195 0.476562 0.041016 0.035156
2 0.548828 0.485352 0.046875 0.048828
2 0.354492 0.524414 0.248047 0.119141
2 0.885742 0.535156 0.056641 0.050781
2 0.744141 0.568359 0.093750 0.101562
2 0.165039 0.556641 0.048828 0.070312
2 0.594727 0.590820 0.064453 0.072266
2 0.833008 0.587891 0.056641 0.042969
2 0.092773 0.639648 0.091797 0.076172
2 0.801758 0.722656 0.310547 0.187500
2 0.024414 0.713867 0.048828 0.064453
2 0.051758 0.767578 0.103516 0.070312
2 0.590820 0.761719 0.056641 0.050781
2 0.386719 0.799805 0.214844 0.068359
2 0.956055 0.903320 0.087891 0.193359
2 0.773438 0.864258 0.246094 0.103516
2 0.463867 0.851562 0.068359 0.042969
2 0.354492 0.850586 0.048828 0.037109
2 0.046875 0.914062 0.093750 0.140625
2 0.604492 0.913086 0.095703 0.103516
2 0.263672 0.907227 0.113281 0.068359
2 0.168945 0.926758 0.072266 0.068359
2 0.461914 0.929688 0.056641 0.046875
2 0.289062 0.971680 0.105469 0.056641
2 0.187500 0.967773 0.031250 0.029297
2 0.461914 0.976562 0.119141 0.046875
2 0.014648 0.989258 0.001953 0.001953
2 0.999023 0.999023 0.001953 0.001953
5 0.500000 0.578125 1.000000 0.843750
6 0.251953 0.120117 0.503906 0.115234
6 0.921875 0.128906 0.156250 0.113281
