0 0.500000 0.500000 1.000000 1.000000
0 0.848633 0.144531 0.009766 0.011719
0 0.893555 0.270508 0.001953 0.005859
0 0.856445 0.922852 0.001953 0.001953
0 0.660156 0.949219 0.007812 0.007812
0 0.668945 0.955078 0.001953 0.003906
0 0.106445 0.961914 0.005859 0.005859
0 0.114258 0.963867 0.005859 0.013672
0 0.661133 0.964844 0.005859 0.007812
0 0.594727 0.975586 0.001953 0.001953
0 0.161133 0.985352 0.001953 0.001953
0 0.556641 0.991211 0.003906 0.005859
2 0.931641 0.214844 0.136719 0.070312
2 0.976562 0.759766 0.046875 0.031250
2 0.952148 0.890625 0.095703 0.218750
2 0.770508 0.953125 0.177734 0.093750
2 0.896484 0.988281 0.011719 0.019531
4 0.362305 0.123047 0.369141 0.144531
4 0.376953 0.162109 0.003906 0.003906
4 0.385742 0.172852 0.025391 0.009766
4 0.274414 0.540039 0.548828 0.708984
4 0.518555 0.194336 0.005859 0.021484
4 0.502930 0.199219 0.001953 0.003906
4 0.228516 0.206055 0.003906 0.001953
4 0.236328 0.206055 0.003906 0.001953
4 0.244141 0.206055 0.003906 0.001953
4 0.505859 0.622070 0.003906 0.001953
4 0.541992 0.638672 0.005859 0.007812
4 0.603516 0.904297 0.085938 0.191406
4 0.020508 0.840820 0.005859 0.005859
5 0.044922 0.117188 0.089844 0.234375
6 0.103516 0.166016 0.207031 0.332031
6 0.655273 0.394531 0.228516 0.542969
