0 0.379883 0.500000 0.759766 1.000000
0 0.249023 0.065430 0.056641 0.060547
0 0.608398 0.067383 0.041016 0.041016
0 0.719727 0.124023 0.041016 0.041016
0 0.409180 0.150391 0.087891 0.082031
0 0.024414 0.423828 0.048828 0.136719
0 0.966797 0.546875 0.066406 0.078125
0 0.735352 0.609375 0.107422 0.101562
0 0.933594 0.643555 0.082031 0.083984
0 0.516602 0.835938 0.083984 0.089844
0 0.792969 0.871094 0.132812 0.125000
2 0.383789 0.340820 0.025391 0.033203
2 0.332031 0.564453 0.054688 0.066406
2 0.431641 0.579102 0.070312 0.056641
2 0.470703 0.703125 0.066406 0.062500
3 0.459961 0.141602 0.736328 0.283203
3 0.923828 0.012695 0.152344 0.025391
3 0.145508 0.657227 0.291016 0.685547
3 0.000977 0.340820 0.001953 0.001953
3 0.962891 0.787109 0.074219 0.320312
3 0.956055 0.995117 0.001953 0.001953
3 0.973633 0.996094 0.009766 0.007812
3 0.988281 0.996094 0.007812 0.007812
4 0.668945 0.497070 0.220703 0.412109
4 0.645508 0.838867 0.388672 0.322266
5 0.947266 0.352539 0.105469 0.529297
5 0.883789 0.840820 0.099609 0.318359
