0 0.221680 0.603516 0.048828 0.062500
0 0.356445 0.624023 0.076172 0.107422
0 0.218750 0.787109 0.343750 0.300781
0 0.069336 0.900391 0.033203 0.039062
0 0.187500 0.927734 0.031250 0.031250
2 0.842773 0.171875 0.267578 0.125000
2 0.868164 0.242188 0.263672 0.128906
2 0.881836 0.308594 0.236328 0.148438
2 0.877930 0.280273 0.001953 0.001953
2 0.825195 0.295898 0.005859 0.001953
2 0.907227 0.503906 0.185547 0.101562
4 0.500000 0.500000 1.000000 1.000000
4 0.603516 0.323242 0.406250 0.525391
4 0.864258 0.205078 0.001953 0.003906
4 0.621094 0.455078 0.355469 0.445312
4 0.791992 0.260742 0.001953 0.001953
4 0.809570 0.265625 0.001953 0.003906
4 0.793945 0.272461 0.009766 0.009766
5 0.556641 0.425781 0.558594 0.781250
