0 0.385742 0.178711 0.087891 0.095703
2 0.530273 0.015625 0.052734 0.031250
2 0.225586 0.109375 0.083984 0.113281
2 0.139648 0.077148 0.041016 0.041016
2 0.387695 0.108398 0.083984 0.052734
2 0.986328 0.096680 0.011719 0.009766
2 0.972656 0.143555 0.054688 0.068359
2 0.886719 0.159180 0.019531 0.076172
2 0.836914 0.156250 0.033203 0.062500
2 0.324219 0.208008 0.078125 0.119141
2 0.969727 0.220703 0.037109 0.050781
2 0.092773 0.262695 0.166016 0.107422
2 0.410156 0.243164 0.085938 0.068359
2 0.899414 0.270508 0.052734 0.033203
2 0.544922 0.299805 0.078125 0.068359
2 0.315430 0.322266 0.056641 0.093750
2 0.259766 0.306641 0.066406 0.054688
2 0.650391 0.356445 0.085938 0.150391
2 0.814453 0.337891 0.097656 0.097656
2 0.364258 0.343750 0.052734 0.058594
2 0.680664 0.377930 0.001953 0.001953
2 0.978516 0.418945 0.042969 0.048828
2 0.330078 0.462891 0.054688 0.066406
2 0.595703 0.533203 0.074219 0.078125
2 0.136719 0.514648 0.101562 0.033203
2 0.233398 0.524414 0.072266 0.056641
2 0.328125 0.526367 0.054688 0.060547
2 0.933594 0.578125 0.039062 0.058594
2 0.357422 0.600586 0.046875 0.080078
2 0.503906 0.594727 0.128906 0.072266
2 0.102539 0.594727 0.044922 0.064453
2 0.280273 0.580078 0.013672 0.003906
2 0.280273 0.610352 0.021484 0.052734
2 0.828125 0.624023 0.156250 0.080078
2 0.463867 0.730469 0.076172 0.058594
2 0.627930 0.838867 0.138672 0.275391
2 0.251953 0.834961 0.277344 0.236328
2 0.554688 0.903320 0.042969 0.060547
2 0.850586 0.940430 0.060547 0.087891
2 0.489258 0.958984 0.033203 0.042969
