0 0.690430 0.059570 0.005859 0.001953
0 0.707031 0.125000 0.144531 0.105469
0 0.749023 0.367188 0.220703 0.281250
0 0.477539 0.333984 0.107422 0.132812
0 0.931641 0.498047 0.136719 0.332031
0 0.786133 0.474609 0.001953 0.003906
1 0.921875 0.845703 0.097656 0.121094
2 0.520508 0.202148 0.275391 0.404297
2 0.939453 0.156250 0.121094 0.187500
2 0.062500 0.225586 0.046875 0.060547
2 0.473633 0.275391 0.005859 0.007812
2 0.231445 0.370117 0.052734 0.080078
2 0.550781 0.388672 0.007812 0.003906
2 0.594727 0.403320 0.005859 0.001953
2 0.299805 0.458984 0.212891 0.105469
2 0.038086 0.470703 0.076172 0.082031
2 0.682617 0.562500 0.255859 0.125000
2 0.530273 0.721680 0.564453 0.193359
2 0.716797 0.880859 0.074219 0.125000
2 0.474609 0.850586 0.070312 0.052734
2 0.075195 0.928711 0.150391 0.130859
2 0.279297 0.913086 0.074219 0.060547
2 0.424805 0.938477 0.037109 0.052734
2 0.625977 0.935547 0.037109 0.035156
