0 0.514648 0.380859 0.072266 0.062500
0 0.463867 0.777344 0.392578 0.445312
0 0.381836 0.576172 0.005859 0.003906
0 0.388672 0.576172 0.003906 0.003906
0 0.272461 0.592773 0.001953 0.001953
0 0.272461 0.622070 0.001953 0.001953
0 0.490234 0.623047 0.003906 0.003906
0 0.504883 0.628906 0.001953 0.003906
0 0.357422 0.807617 0.003906 0.005859
0 0.340820 0.838867 0.001953 0.001953
0 0.327148 0.854492 0.001953 0.005859
0 0.387695 0.939453 0.001953 0.003906
0 0.396484 0.956055 0.003906 0.001953
2 0.686523 0.247070 0.048828 0.052734
2 0.832031 0.235352 0.023438 0.021484
2 0.907227 0.384766 0.060547 0.035156
2 0.985352 0.418945 0.029297 0.025391
2 0.632812 0.458984 0.074219 0.093750
2 0.938477 0.478516 0.064453 0.066406
2 0.985352 0.480469 0.029297 0.035156
2 0.743164 0.519531 0.068359 0.062500
2 0.214844 0.569336 0.054688 0.076172
2 0.167969 0.589844 0.054688 0.042969
2 0.683594 0.598633 0.054688 0.056641
2 0.108398 0.621094 0.041016 0.050781
2 0.597656 0.620117 0.066406 0.048828
2 0.063477 0.660156 0.064453 0.074219
2 0.196289 0.658203 0.072266 0.062500
2 0.834961 0.663086 0.056641 0.064453
2 0.626953 0.667969 0.058594 0.066406
2 0.916992 0.696289 0.072266 0.072266
2 0.039062 0.722656 0.062500 0.085938
2 0.156250 0.744141 0.089844 0.097656
2 0.685547 0.783203 0.144531 0.128906
2 0.805664 0.778320 0.111328 0.107422
2 0.278320 0.751953 0.052734 0.027344
2 0.839844 0.878906 0.320312 0.242188
2 0.086914 0.813477 0.099609 0.095703
2 0.301758 0.848633 0.087891 0.123047
2 0.208984 0.853516 0.058594 0.058594
2 0.034180 0.875000 0.068359 0.062500
2 0.185547 0.932617 0.109375 0.123047
2 0.236328 0.900391 0.058594 0.050781
2 0.266602 0.971680 0.048828 0.037109
2 0.119141 0.982422 0.066406 0.035156
3 0.376953 0.162109 0.652344 0.324219
3 0.653320 0.116211 0.009766 0.005859
3 0.043945 0.208008 0.001953 0.001953
3 0.595703 0.315430 0.195312 0.162109
3 0.374023 0.372070 0.169922 0.150391
3 0.368164 0.438477 0.005859 0.001953
5 0.500000 0.456055 1.000000 0.373047
5 0.793945 0.697266 0.412109 0.253906
