0 0.055664 0.137695 0.111328 0.173828
0 0.569336 0.236328 0.775391 0.199219
0 0.149414 0.153320 0.001953 0.005859
0 0.135742 0.171875 0.021484 0.031250
0 0.103516 0.173828 0.003906 0.003906
0 0.120117 0.172852 0.001953 0.001953
0 0.120117 0.189453 0.001953 0.003906
0 0.100586 0.258789 0.201172 0.072266
0 0.302734 0.339844 0.050781 0.121094
0 0.593750 0.625977 0.535156 0.689453
0 0.096680 0.639648 0.193359 0.658203
0 0.316406 0.623047 0.054688 0.304688
1 0.264648 0.164062 0.255859 0.097656
1 0.608398 0.198242 0.248047 0.138672
1 0.857422 0.246094 0.222656 0.078125
1 0.661133 0.441406 0.216797 0.242188
1 0.200195 0.603516 0.212891 0.558594
1 0.928711 0.526367 0.142578 0.369141
1 0.656250 0.873047 0.210938 0.156250
5 0.483398 0.118164 0.966797 0.212891
5 0.685547 0.599609 0.289062 0.066406
5 0.888672 0.857422 0.132812 0.226562
