0 0.346680 0.145508 0.123047 0.083984
0 0.178711 0.139648 0.060547 0.048828
0 0.876953 0.250000 0.085938 0.085938
0 0.463867 0.598633 0.169922 0.759766
0 0.861328 0.367188 0.101562 0.152344
0 0.978516 0.325195 0.042969 0.041016
0 0.416016 0.359375 0.097656 0.089844
0 0.447266 0.321289 0.003906 0.005859
0 0.458008 0.323242 0.009766 0.009766
0 0.272461 0.493164 0.099609 0.123047
0 0.936523 0.610352 0.126953 0.134766
0 0.287109 0.625977 0.058594 0.072266
0 0.074219 0.794922 0.121094 0.195312
0 0.130859 0.747070 0.003906 0.013672
0 0.129883 0.759766 0.001953 0.003906
2 0.027344 0.442383 0.054688 0.080078
2 0.094727 0.496094 0.052734 0.042969
2 0.421875 0.676758 0.066406 0.080078
2 0.116211 0.914062 0.041016 0.046875
2 0.990234 0.955078 0.019531 0.039062
4 0.177734 0.132812 0.355469 0.265625
4 0.539062 0.085938 0.343750 0.171875
4 0.755859 0.083008 0.082031 0.166016
4 0.802734 0.004883 0.003906 0.001953
4 0.809570 0.004883 0.001953 0.001953
4 0.862305 0.012695 0.001953 0.005859
4 0.017578 0.019531 0.003906 0.007812
4 0.862305 0.021484 0.001953 0.003906
4 0.005859 0.138672 0.003906 0.003906
4 0.006836 0.153320 0.001953 0.001953
4 0.720703 0.153320 0.003906 0.001953
4 0.018555 0.192383 0.001953 0.001953
4 0.612305 0.208984 0.005859 0.003906
4 0.660156 0.614258 0.324219 0.771484
4 0.037109 0.249023 0.011719 0.005859
4 0.142578 0.248047 0.003906 0.003906
4 0.158203 0.247070 0.003906 0.001953
4 0.092773 0.255859 0.005859 0.003906
4 0.041992 0.262695 0.001953 0.001953
4 0.047852 0.262695 0.001953 0.001953
4 0.795898 0.435547 0.001953 0.003906
4 0.763672 0.606445 0.003906 0.005859
4 0.549805 0.655273 0.001953 0.009766
4 0.534180 0.685547 0.001953 0.003906
4 0.534180 0.702148 0.001953 0.005859
4 0.518555 0.749023 0.001953 0.001953
4 0.506836 0.779297 0.001953 0.003906
4 0.791992 0.967773 0.005859 0.005859
4 0.774414 0.979492 0.005859 0.009766
4 0.728516 0.981445 0.003906 0.001953
6 0.902344 0.430664 0.125000 0.224609
6 0.935547 0.547852 0.003906 0.001953
6 0.944336 0.548828 0.005859 0.003906
6 0.850586 0.608398 0.009766 0.005859
6 0.890625 0.728516 0.144531 0.230469
6 0.275391 0.849609 0.167969 0.300781
6 0.300781 0.781250 0.007812 0.007812
6 0.303711 0.816406 0.005859 0.007812
6 0.333984 0.816406 0.003906 0.003906
