0 0.583008 0.165039 0.064453 0.076172
0 0.406250 0.240234 0.121094 0.105469
0 0.690430 0.262695 0.115234 0.123047
0 0.600586 0.545898 0.080078 0.048828
2 0.215820 0.063477 0.251953 0.126953
2 0.493164 0.035156 0.189453 0.070312
2 0.709961 0.027344 0.052734 0.054688
2 0.956055 0.016602 0.044922 0.033203
2 0.835938 0.027344 0.054688 0.046875
2 0.946289 0.141602 0.064453 0.068359
2 0.838867 0.140625 0.056641 0.050781
2 0.474609 0.172852 0.156250 0.091797
2 0.216797 0.194336 0.097656 0.083984
2 0.958984 0.248047 0.082031 0.132812
2 0.833984 0.278320 0.093750 0.158203
2 0.579102 0.317383 0.126953 0.126953
2 0.277344 0.336914 0.058594 0.083984
2 0.105469 0.372070 0.167969 0.083984
2 0.422852 0.437500 0.080078 0.195312
2 0.764648 0.410156 0.041016 0.058594
2 0.833008 0.419922 0.087891 0.082031
2 0.280273 0.460938 0.103516 0.097656
2 0.708984 0.529297 0.132812 0.179688
2 0.193359 0.490234 0.042969 0.062500
2 0.801758 0.600586 0.138672 0.146484
2 0.167969 0.594727 0.066406 0.068359
2 0.949219 0.589844 0.062500 0.058594
2 0.431641 0.607422 0.074219 0.050781
2 0.283203 0.681641 0.136719 0.175781
2 0.071289 0.639648 0.029297 0.064453
2 0.538086 0.694336 0.123047 0.126953
2 0.659180 0.658203 0.048828 0.046875
2 0.568359 0.639648 0.003906 0.001953
2 0.188477 0.679688 0.048828 0.046875
2 0.450195 0.704102 0.060547 0.080078
2 0.046875 0.699219 0.031250 0.058594
2 0.095703 0.689453 0.035156 0.039062
2 0.712891 0.718750 0.085938 0.093750
2 0.807617 0.682617 0.025391 0.013672
2 0.073242 0.682617 0.001953 0.001953
2 0.827148 0.683594 0.009766 0.007812
2 0.625000 0.708008 0.058594 0.048828
2 0.840820 0.758789 0.103516 0.111328
2 0.078125 0.761719 0.105469 0.074219
2 0.234375 0.755859 0.046875 0.050781
2 0.965820 0.801758 0.068359 0.072266
2 0.369141 0.851562 0.039062 0.082031
2 0.691406 0.875000 0.101562 0.105469
2 0.788086 0.875977 0.056641 0.064453
2 0.520508 0.920898 0.111328 0.130859
2 0.929688 0.945312 0.140625 0.109375
2 0.250000 0.940430 0.062500 0.068359
2 0.361328 0.931641 0.062500 0.035156
2 0.656250 0.964844 0.062500 0.070312
2 0.916992 0.995117 0.001953 0.001953
5 0.500000 0.282227 1.000000 0.564453
5 0.500000 0.586914 1.000000 0.626953
