0 0.250000 0.079102 0.500000 0.158203
0 0.447266 0.147461 0.011719 0.009766
0 0.398438 0.582031 0.796875 0.835938
0 0.899414 0.279297 0.189453 0.117188
0 0.612305 0.340820 0.068359 0.060547
0 0.771484 0.486328 0.210938 0.347656
0 0.201172 0.365234 0.003906 0.003906
0 0.209961 0.365234 0.001953 0.003906
0 0.658203 0.399414 0.054688 0.037109
0 0.621094 0.487305 0.007812 0.005859
0 0.887695 0.564453 0.029297 0.035156
0 0.291992 0.614258 0.001953 0.001953
0 0.739258 0.666992 0.001953 0.001953
0 0.572266 0.683594 0.007812 0.007812
0 0.739258 0.697266 0.001953 0.003906
0 0.902344 0.770508 0.195312 0.146484
0 0.771484 0.802734 0.003906 0.003906
0 0.376953 0.818359 0.003906 0.003906
0 0.730469 0.843750 0.015625 0.007812
0 0.904297 0.852539 0.003906 0.001953
0 0.027344 0.977539 0.054688 0.044922
0 0.038086 0.967773 0.001953 0.001953
0 0.053711 0.974609 0.021484 0.011719
0 0.100586 0.971680 0.001953 0.001953
0 0.068359 0.981445 0.003906 0.005859
0 0.083984 0.991211 0.003906 0.005859
0 0.068359 0.994141 0.003906 0.003906
2 0.294922 0.635742 0.042969 0.041016
2 0.316406 0.702148 0.042969 0.064453
2 0.131836 0.728516 0.048828 0.089844
2 0.213867 0.737305 0.029297 0.021484
3 0.864258 0.915039 0.271484 0.169922
5 0.807617 0.125000 0.033203 0.250000
5 0.618164 0.416992 0.228516 0.048828
5 0.757812 0.832031 0.140625 0.335938
5 0.080078 0.962891 0.160156 0.074219
6 0.917969 0.126953 0.164062 0.253906
6 0.924805 0.430664 0.146484 0.240234
