0 0.500000 0.445312 1.000000 0.890625
0 0.822266 0.663086 0.019531 0.021484
0 0.847656 0.666992 0.007812 0.005859
0 0.768555 0.709961 0.005859 0.083984
0 0.862305 0.681641 0.001953 0.003906
0 0.706055 0.698242 0.009766 0.017578
0 0.809570 0.691406 0.009766 0.003906
0 0.828125 0.692383 0.007812 0.005859
0 0.697266 0.705078 0.003906 0.003906
0 0.716797 0.719727 0.003906 0.005859
0 0.658203 0.732422 0.007812 0.011719
0 0.627930 0.750977 0.001953 0.001953
0 0.768555 0.760742 0.001953 0.001953
0 0.732422 0.769531 0.015625 0.007812
0 0.717773 0.770508 0.001953 0.001953
0 0.747070 0.780273 0.009766 0.017578
0 0.769531 0.775391 0.003906 0.003906
0 0.767578 0.783203 0.003906 0.003906
0 0.423828 0.815430 0.007812 0.001953
0 0.706055 0.815430 0.001953 0.001953
0 0.059570 0.910156 0.119141 0.179688
0 0.708984 0.913086 0.121094 0.173828
0 0.416992 0.861328 0.060547 0.066406
0 0.676758 0.830078 0.009766 0.003906
0 0.951172 0.833984 0.003906 0.003906
0 0.972656 0.838867 0.003906 0.005859
0 0.950195 0.840820 0.001953 0.001953
0 0.160156 0.865234 0.027344 0.035156
0 0.228516 0.855469 0.011719 0.007812
0 0.879883 0.854492 0.001953 0.001953
0 0.796875 0.860352 0.003906 0.009766
0 0.999023 0.856445 0.001953 0.001953
0 0.696289 0.862305 0.001953 0.001953
0 0.916992 0.860352 0.001953 0.001953
0 0.833008 0.870117 0.005859 0.005859
0 0.848633 0.869141 0.001953 0.003906
0 0.450195 0.872070 0.001953 0.001953
0 0.264648 0.877930 0.029297 0.005859
0 0.454102 0.875977 0.001953 0.001953
0 0.848633 0.876953 0.005859 0.003906
0 0.861328 0.876953 0.007812 0.003906
0 0.876953 0.876953 0.003906 0.003906
0 0.893555 0.876953 0.005859 0.003906
0 0.833008 0.885742 0.001953 0.001953
0 0.847656 0.885742 0.007812 0.005859
0 0.893555 0.884766 0.001953 0.003906
0 0.109375 0.894531 0.062500 0.007812
0 0.159180 0.913086 0.037109 0.044922
0 0.230469 0.894531 0.007812 0.007812
0 0.862305 0.892578 0.005859 0.003906
0 0.909180 0.893555 0.001953 0.001953
0 0.910156 0.948242 0.074219 0.103516
0 0.210938 0.905273 0.015625 0.013672
0 0.274414 0.903320 0.009766 0.005859
0 0.329102 0.922852 0.048828 0.048828
0 0.108398 0.927734 0.064453 0.050781
0 0.189453 0.908203 0.003906 0.011719
0 0.224609 0.903320 0.003906 0.001953
0 0.230469 0.904297 0.003906 0.003906
0 0.262695 0.903320 0.001953 0.001953
0 0.423828 0.909180 0.003906 0.005859
0 0.762695 0.909180 0.005859 0.001953
0 0.215820 0.911133 0.001953 0.001953
0 0.287109 0.917969 0.019531 0.003906
0 0.754883 0.916992 0.001953 0.001953
0 0.137695 0.922852 0.001953 0.001953
0 0.916016 0.924805 0.003906 0.001953
0 0.331055 0.927734 0.001953 0.003906
0 0.363281 0.938477 0.007812 0.013672
0 0.909180 0.932617 0.001953 0.001953
0 0.231445 0.942383 0.041016 0.009766
0 0.260742 0.940430 0.001953 0.001953
0 0.297852 0.943359 0.005859 0.011719
0 0.885742 0.940430 0.001953 0.001953
0 0.297852 0.971680 0.158203 0.056641
0 0.287109 0.946289 0.003906 0.001953
0 0.893555 0.948242 0.001953 0.001953
0 0.236328 0.957031 0.027344 0.007812
0 0.744141 0.956055 0.003906 0.001953
0 0.784180 0.956055 0.001953 0.001953
0 0.870117 0.956055 0.001953 0.001953
0 0.879883 0.962891 0.005859 0.003906
0 0.787109 0.984375 0.011719 0.031250
0 0.854492 0.971680 0.001953 0.001953
0 0.869141 0.971680 0.003906 0.001953
0 0.990234 0.986328 0.019531 0.027344
0 0.723633 0.978516 0.001953 0.003906
0 0.674805 0.987305 0.001953 0.001953
0 0.869141 0.987305 0.003906 0.001953
0 0.970703 0.993164 0.011719 0.013672
0 0.951172 0.994141 0.003906 0.011719
0 0.958984 0.996094 0.003906 0.007812
2 0.229492 0.619141 0.068359 0.097656
2 0.086914 0.761719 0.041016 0.039062
2 0.333008 0.861328 0.052734 0.039062
2 0.225586 0.897461 0.064453 0.103516
2 0.274414 0.918945 0.017578 0.060547
2 0.341797 0.922852 0.031250 0.056641
2 0.112305 0.912109 0.052734 0.027344
2 0.237305 0.946289 0.001953 0.001953
4 0.526367 0.877930 0.298828 0.244141
5 0.197266 0.781250 0.394531 0.437500
5 0.025391 0.727539 0.003906 0.013672
5 0.024414 0.738281 0.001953 0.003906
5 0.022461 0.745117 0.001953 0.005859
