0 0.414062 0.151367 0.828125 0.302734
0 0.886719 0.279297 0.226562 0.558594
0 0.500000 0.517578 1.000000 0.964844
0 0.017578 0.366211 0.035156 0.166016
0 0.000977 0.465820 0.001953 0.001953
2 0.044922 0.119141 0.089844 0.078125
2 0.038086 0.230469 0.076172 0.113281
2 0.061523 0.258789 0.001953 0.001953
2 0.059570 0.271484 0.001953 0.003906
2 0.057617 0.286133 0.001953 0.001953
2 0.034180 0.296875 0.001953 0.007812
2 0.055664 0.293945 0.001953 0.001953
2 0.028320 0.330078 0.009766 0.054688
2 0.053711 0.313477 0.001953 0.005859
2 0.051758 0.328125 0.001953 0.007812
2 0.049805 0.339844 0.001953 0.003906
2 0.045898 0.357422 0.005859 0.023438
2 0.022461 0.364258 0.001953 0.005859
2 0.234375 0.439453 0.171875 0.156250
2 0.020508 0.378906 0.001953 0.015625
2 0.041992 0.389648 0.001953 0.009766
2 0.018555 0.401367 0.001953 0.005859
2 0.016602 0.409180 0.001953 0.005859
2 0.040039 0.409180 0.001953 0.001953
2 0.014648 0.416992 0.001953 0.005859
2 0.038086 0.419922 0.001953 0.003906
2 0.416992 0.439453 0.064453 0.039062
2 0.012695 0.424805 0.001953 0.005859
2 0.036133 0.425781 0.001953 0.003906
2 0.005859 0.448242 0.011719 0.037109
2 0.034180 0.431641 0.001953 0.003906
2 0.032227 0.438477 0.001953 0.005859
2 0.030273 0.446289 0.001953 0.001953
2 0.028320 0.450195 0.001953 0.001953
2 0.023438 0.457031 0.003906 0.003906
2 0.020508 0.463867 0.001953 0.001953
2 0.016602 0.467773 0.001953 0.001953
2 0.046875 0.599609 0.093750 0.140625
2 0.291016 0.606445 0.062500 0.095703
2 0.117188 0.622070 0.054688 0.052734
2 0.155273 0.750977 0.091797 0.185547
4 0.782227 0.892578 0.435547 0.214844
5 0.500000 0.319336 1.000000 0.626953
5 0.032227 0.350586 0.060547 0.236328
5 0.180664 0.520508 0.361328 0.099609
5 0.289062 0.755859 0.417969 0.210938
