0 0.750000 0.608398 0.371094 0.283203
0 0.637695 0.666992 0.005859 0.005859
0 0.574219 0.698242 0.003906 0.005859
0 0.699219 0.722656 0.007812 0.007812
0 0.708984 0.722656 0.003906 0.003906
0 0.674805 0.724609 0.005859 0.003906
0 0.888672 0.743164 0.003906 0.005859
0 0.910156 0.746094 0.003906 0.003906
1 0.626953 0.011719 0.089844 0.011719
1 0.576172 0.014648 0.003906 0.001953
1 0.682617 0.012695 0.001953 0.001953
1 0.500000 0.100586 0.535156 0.162109
1 0.074219 0.142578 0.148438 0.156250
1 0.360352 0.128906 0.048828 0.007812
2 0.800781 0.187500 0.031250 0.042969
2 0.916992 0.205078 0.041016 0.082031
2 0.752930 0.235352 0.150391 0.107422
2 0.863281 0.212891 0.039062 0.050781
2 0.481445 0.247070 0.052734 0.080078
2 0.445312 0.216797 0.007812 0.003906
2 0.428711 0.250977 0.048828 0.060547
2 0.537109 0.250977 0.058594 0.052734
2 0.639648 0.242188 0.033203 0.039062
2 0.952148 0.290039 0.064453 0.080078
2 0.359375 0.268555 0.042969 0.029297
2 0.263672 0.275391 0.054688 0.023438
2 0.787109 0.318359 0.074219 0.097656
2 0.463867 0.277344 0.001953 0.003906
2 0.712891 0.301758 0.039062 0.056641
2 0.021484 0.297852 0.042969 0.037109
2 0.316406 0.398438 0.238281 0.199219
2 0.622070 0.332031 0.072266 0.070312
2 0.840820 0.325195 0.033203 0.037109
2 0.482422 0.347656 0.093750 0.066406
2 0.900391 0.354492 0.054688 0.072266
2 0.960938 0.361328 0.078125 0.062500
2 0.634766 0.418945 0.109375 0.111328
2 0.031250 0.423828 0.062500 0.105469
2 0.274414 0.373047 0.009766 0.003906
2 0.447266 0.408203 0.050781 0.039062
2 0.908203 0.462891 0.183594 0.132812
2 0.449219 0.458984 0.164062 0.070312
2 0.319336 0.529297 0.173828 0.058594
2 0.200195 0.548828 0.005859 0.003906
2 0.242188 0.660156 0.089844 0.054688
2 0.040039 0.696289 0.080078 0.064453
2 0.883789 0.720703 0.060547 0.062500
2 0.250000 0.758789 0.156250 0.123047
2 0.465820 0.785156 0.177734 0.117188
2 0.603516 0.751953 0.046875 0.039062
2 0.783203 0.814453 0.234375 0.148438
2 0.066406 0.819336 0.031250 0.029297
2 0.629883 0.850586 0.060547 0.068359
2 0.201172 0.929688 0.066406 0.062500
2 0.429688 0.930664 0.066406 0.064453
2 0.538086 0.963867 0.083984 0.072266
2 0.695312 0.975586 0.074219 0.048828
