0 0.220703 0.172852 0.375000 0.345703
0 0.470703 0.065430 0.003906 0.005859
0 0.473633 0.071289 0.001953 0.001953
0 0.475586 0.078125 0.001953 0.003906
0 0.483398 0.118164 0.001953 0.009766
0 0.487305 0.131836 0.005859 0.009766
0 0.491211 0.139648 0.001953 0.001953
0 0.493164 0.143555 0.001953 0.001953
0 0.497070 0.155273 0.001953 0.001953
0 0.499023 0.160156 0.001953 0.003906
0 0.503906 0.174805 0.007812 0.021484
0 0.528320 0.195312 0.041016 0.015625
0 0.622070 0.246094 0.091797 0.109375
0 0.553711 0.196289 0.001953 0.001953
0 0.865234 0.297852 0.175781 0.130859
0 0.264648 0.687500 0.294922 0.222656
0 0.928711 0.936523 0.142578 0.126953
0 0.848633 0.967773 0.001953 0.001953
2 0.819336 0.462891 0.361328 0.277344
2 0.390625 0.384766 0.101562 0.074219
2 0.518555 0.476562 0.068359 0.074219
2 0.387695 0.570312 0.154297 0.218750
2 0.974609 0.583984 0.035156 0.023438
2 0.657227 0.636719 0.095703 0.066406
2 0.958984 0.669922 0.039062 0.054688
2 0.535156 0.725586 0.050781 0.091797
2 0.627930 0.748047 0.056641 0.113281
2 0.785156 0.746094 0.054688 0.066406
2 0.217773 0.778320 0.064453 0.068359
2 0.173828 0.803711 0.070312 0.095703
2 0.840820 0.798828 0.064453 0.078125
2 0.100586 0.807617 0.021484 0.025391
2 0.631836 0.855469 0.095703 0.082031
2 0.446289 0.876953 0.115234 0.085938
2 0.310547 0.913086 0.066406 0.052734
2 0.236328 0.970703 0.093750 0.058594
2 0.704102 0.971680 0.279297 0.056641
3 0.275391 0.290039 0.109375 0.224609
3 0.131836 0.510742 0.150391 0.244141
4 0.617188 0.148438 0.527344 0.296875
4 0.922852 0.016602 0.001953 0.001953
4 0.907227 0.046875 0.005859 0.007812
4 0.899414 0.059570 0.001953 0.001953
4 0.891602 0.073242 0.001953 0.001953
4 0.800781 0.130859 0.003906 0.003906
4 0.578125 0.390625 0.101562 0.156250
5 0.557617 0.500000 0.884766 1.000000
