0 0.721680 0.146484 0.330078 0.234375
0 0.708984 0.029297 0.003906 0.003906
0 0.606445 0.044922 0.001953 0.003906
0 0.709961 0.045898 0.001953 0.001953
0 0.800781 0.056641 0.007812 0.027344
0 0.710938 0.051758 0.007812 0.005859
0 0.606445 0.051758 0.001953 0.001953
0 0.694336 0.113281 0.001953 0.003906
0 0.685547 0.259766 0.007812 0.031250
0 0.837891 0.247070 0.003906 0.001953
1 0.894531 0.500000 0.210938 1.000000
2 0.352539 0.031250 0.107422 0.062500
2 0.514648 0.152344 0.107422 0.304688
2 0.651367 0.074219 0.087891 0.128906
2 0.468750 0.080078 0.042969 0.031250
2 0.159180 0.122070 0.072266 0.095703
2 0.098633 0.133789 0.056641 0.083984
2 0.323242 0.163086 0.052734 0.041016
2 0.130859 0.220703 0.054688 0.066406
2 0.362305 0.230469 0.134766 0.085938
2 0.028320 0.243164 0.056641 0.087891
2 0.243164 0.232422 0.052734 0.046875
2 0.655273 0.256836 0.060547 0.056641
2 0.593750 0.287109 0.058594 0.062500
2 0.206055 0.294922 0.033203 0.031250
2 0.576172 0.310547 0.003906 0.003906
2 0.583008 0.313477 0.005859 0.005859
2 0.282227 0.332031 0.037109 0.035156
2 0.713867 0.413086 0.087891 0.064453
2 0.111328 0.417969 0.058594 0.050781
2 0.441406 0.445312 0.097656 0.042969
2 0.541016 0.449219 0.042969 0.046875
2 0.638672 0.518555 0.101562 0.048828
2 0.213867 0.542969 0.119141 0.054688
2 0.498047 0.570312 0.085938 0.062500
2 0.058594 0.579102 0.039062 0.060547
2 0.605469 0.606445 0.058594 0.044922
2 0.015625 0.631836 0.031250 0.064453
2 0.656250 0.627930 0.039062 0.041016
2 0.701172 0.637695 0.039062 0.041016
2 0.190430 0.671875 0.095703 0.074219
2 0.592773 0.668945 0.083984 0.060547
2 0.261719 0.699219 0.031250 0.054688
2 0.676758 0.723633 0.064453 0.060547
2 0.328125 0.852539 0.062500 0.056641
2 0.388672 0.969727 0.054688 0.044922
