0 0.118164 0.061523 0.236328 0.080078
0 0.726562 0.044922 0.046875 0.046875
0 0.958984 0.230469 0.082031 0.132812
0 0.619141 0.445312 0.066406 0.078125
0 0.746094 0.543945 0.003906 0.005859
0 0.796875 0.744141 0.199219 0.347656
0 0.877930 0.588867 0.001953 0.001953
0 0.751953 0.600586 0.003906 0.005859
0 0.751953 0.614258 0.003906 0.001953
0 0.202148 0.618164 0.001953 0.001953
0 0.216797 0.625000 0.019531 0.011719
0 0.877930 0.619141 0.001953 0.003906
0 0.241211 0.633789 0.021484 0.005859
0 0.875977 0.631836 0.001953 0.001953
0 0.254883 0.635742 0.001953 0.001953
0 0.263672 0.637695 0.003906 0.001953
0 0.201172 0.736328 0.304688 0.187500
0 0.091797 0.650391 0.035156 0.011719
0 0.121094 0.647461 0.015625 0.001953
0 0.299805 0.657227 0.001953 0.001953
0 0.091797 0.662109 0.007812 0.003906
0 0.105469 0.663086 0.007812 0.005859
0 0.347656 0.675781 0.007812 0.023438
0 0.090820 0.677734 0.005859 0.003906
0 0.338867 0.686523 0.001953 0.001953
0 0.337891 0.700195 0.003906 0.005859
0 0.897461 0.711914 0.001953 0.001953
0 0.898438 0.721680 0.003906 0.009766
0 0.702148 0.752930 0.009766 0.005859
0 0.732422 0.766602 0.003906 0.001953
0 0.717773 0.817383 0.001953 0.001953
0 0.715820 0.826172 0.001953 0.011719
0 0.713867 0.847656 0.005859 0.027344
0 0.803711 0.884766 0.001953 0.003906
0 0.801758 0.893555 0.005859 0.005859
0 0.808594 0.901367 0.003906 0.005859
0 0.802734 0.908203 0.003906 0.003906
1 0.095703 0.021484 0.191406 0.042969
1 0.063477 0.172852 0.001953 0.005859
1 0.061523 0.192383 0.001953 0.001953
1 0.060547 0.244141 0.003906 0.003906
2 0.783203 0.103516 0.136719 0.156250
2 0.938477 0.098633 0.083984 0.041016
2 0.452148 0.128906 0.060547 0.078125
2 0.384766 0.183594 0.128906 0.175781
2 0.629883 0.142578 0.048828 0.066406
2 0.220703 0.166016 0.066406 0.070312
2 0.095703 0.196289 0.148438 0.103516
2 0.787109 0.247070 0.152344 0.130859
2 0.239258 0.220703 0.103516 0.054688
2 0.514648 0.211914 0.044922 0.029297
2 0.927734 0.275391 0.042969 0.070312
2 0.105469 0.290039 0.121094 0.080078
2 0.577148 0.289062 0.177734 0.050781
2 0.408203 0.307617 0.074219 0.076172
2 0.675781 0.271484 0.007812 0.003906
2 0.684570 0.275391 0.001953 0.003906
2 0.263672 0.323242 0.109375 0.060547
2 0.667969 0.294922 0.007812 0.003906
2 0.610352 0.358398 0.041016 0.103516
2 0.830078 0.342773 0.082031 0.056641
2 0.083008 0.359375 0.166016 0.085938
2 0.757812 0.365234 0.054688 0.078125
2 0.940430 0.352539 0.072266 0.048828
2 0.285156 0.377930 0.066406 0.064453
2 0.440430 0.415039 0.095703 0.111328
2 0.079102 0.462891 0.158203 0.132812
2 0.217773 0.433594 0.068359 0.042969
2 0.296875 0.460938 0.093750 0.085938
2 0.764648 0.454102 0.056641 0.052734
2 0.679688 0.451172 0.054688 0.039062
2 0.160156 0.444336 0.003906 0.005859
2 0.567383 0.525391 0.271484 0.164062
2 0.956055 0.552734 0.087891 0.179688
2 0.808594 0.529297 0.125000 0.101562
2 0.320312 0.525391 0.039062 0.050781
2 0.317383 0.582031 0.068359 0.058594
2 0.105469 0.606445 0.066406 0.072266
2 0.260742 0.613281 0.056641 0.050781
2 0.522461 0.618164 0.037109 0.060547
2 0.848633 0.620117 0.064453 0.064453
2 0.638672 0.645508 0.054688 0.068359
2 0.216797 0.653320 0.105469 0.080078
2 0.470703 0.681641 0.089844 0.070312
2 0.570312 0.717773 0.109375 0.130859
2 0.307617 0.692383 0.076172 0.072266
2 0.838867 0.697266 0.044922 0.054688
2 0.019531 0.720703 0.039062 0.062500
2 0.675781 0.722656 0.050781 0.054688
2 0.721680 0.738281 0.048828 0.054688
2 0.430664 0.831055 0.072266 0.224609
2 0.954102 0.760742 0.083984 0.052734
2 0.501953 0.789062 0.054688 0.070312
2 0.745117 0.848633 0.126953 0.162109
2 0.013672 0.830078 0.027344 0.117188
2 0.200195 0.886719 0.283203 0.226562
2 0.502930 0.859375 0.052734 0.066406
2 0.962891 0.882812 0.058594 0.050781
2 0.639648 0.892578 0.041016 0.039062
2 0.837891 0.903320 0.054688 0.044922
2 0.500977 0.917969 0.052734 0.050781
2 0.559570 0.916016 0.021484 0.039062
5 0.500000 0.500000 1.000000 1.000000
5 0.092773 0.970703 0.185547 0.058594
