0 0.074219 0.039062 0.148438 0.078125
0 0.607422 0.047852 0.031250 0.048828
0 0.638672 0.146484 0.082031 0.105469
0 0.870117 0.166016 0.060547 0.066406
0 0.991211 0.259766 0.017578 0.089844
0 0.977539 0.232422 0.005859 0.003906
0 0.978516 0.239258 0.003906 0.001953
0 0.973633 0.270508 0.005859 0.005859
0 0.974609 0.286133 0.007812 0.009766
0 0.971680 0.301758 0.001953 0.001953
0 0.995117 0.317383 0.001953 0.001953
0 0.949219 0.347656 0.003906 0.007812
0 0.942383 0.372070 0.001953 0.001953
0 0.874023 0.541016 0.251953 0.328125
0 0.897461 0.409180 0.001953 0.001953
0 0.903320 0.412109 0.005859 0.007812
0 0.956055 0.897461 0.087891 0.099609
0 0.835938 0.899414 0.015625 0.041016
2 0.707031 0.032227 0.074219 0.064453
2 0.816406 0.008789 0.066406 0.017578
2 0.931641 0.034180 0.136719 0.064453
2 0.310547 0.084961 0.078125 0.056641
2 0.812500 0.103516 0.070312 0.046875
2 0.895508 0.111328 0.068359 0.054688
2 0.130859 0.124023 0.058594 0.064453
2 0.689453 0.185547 0.113281 0.183594
2 0.019531 0.136719 0.039062 0.050781
2 0.815430 0.167969 0.056641 0.074219
2 0.416016 0.225586 0.039062 0.115234
2 0.539062 0.257812 0.183594 0.113281
2 0.276367 0.289062 0.177734 0.132812
2 0.135742 0.301758 0.083984 0.150391
2 0.811523 0.383789 0.095703 0.107422
2 0.690430 0.450195 0.064453 0.130859
2 0.571289 0.533203 0.119141 0.269531
2 0.966797 0.462891 0.035156 0.070312
2 0.373047 0.519531 0.160156 0.179688
2 0.286133 0.480469 0.068359 0.070312
2 0.434570 0.447266 0.001953 0.003906
2 0.782227 0.501953 0.052734 0.113281
2 0.435547 0.458984 0.003906 0.011719
2 0.204102 0.497070 0.056641 0.080078
2 0.625977 0.458008 0.001953 0.001953
2 0.435547 0.474609 0.003906 0.011719
2 0.137695 0.535156 0.060547 0.109375
2 0.435547 0.489258 0.003906 0.013672
2 0.028320 0.528320 0.056641 0.083984
2 0.444336 0.486328 0.001953 0.003906
2 0.444336 0.495117 0.001953 0.001953
2 0.305664 0.536133 0.064453 0.048828
2 0.230469 0.558594 0.054688 0.042969
2 0.666016 0.600586 0.082031 0.130859
2 0.512695 0.661133 0.115234 0.173828
2 0.781250 0.616211 0.066406 0.044922
2 0.328125 0.641602 0.066406 0.052734
2 0.127930 0.670898 0.060547 0.056641
2 0.164062 0.725586 0.082031 0.048828
2 0.336914 0.714844 0.060547 0.031250
2 0.862305 0.767578 0.275391 0.125000
2 0.407227 0.756836 0.162109 0.072266
2 0.636719 0.778320 0.078125 0.087891
2 0.569336 0.833984 0.060547 0.074219
2 0.456055 0.855469 0.080078 0.050781
2 0.640625 0.867188 0.062500 0.035156
2 0.764648 0.902344 0.083984 0.066406
2 0.869141 0.900391 0.082031 0.062500
2 0.634766 0.933594 0.031250 0.050781
4 0.850586 0.968750 0.298828 0.062500
5 0.257812 0.062500 0.515625 0.125000
5 0.500000 0.500000 1.000000 1.000000
6 0.156250 0.739258 0.312500 0.521484
6 0.131836 0.479492 0.001953 0.001953
6 0.137695 0.478516 0.001953 0.003906
6 0.056641 0.535156 0.003906 0.011719
6 0.162109 0.544922 0.003906 0.003906
6 0.253906 0.566406 0.003906 0.003906
