1 0.500000 0.222656 1.000000 0.300781
1 0.607422 0.178711 0.003906 0.001953
1 0.490234 0.216797 0.003906 0.003906
1 0.842773 0.220703 0.017578 0.003906
1 0.402344 0.300781 0.011719 0.007812
1 0.431641 0.300781 0.042969 0.007812
2 0.258789 0.097656 0.083984 0.046875
2 0.758789 0.382812 0.330078 0.207031
2 0.309570 0.411133 0.189453 0.072266
2 0.175781 0.459961 0.074219 0.037109
2 0.467773 0.471680 0.197266 0.052734
2 0.302734 0.514648 0.113281 0.076172
2 0.694336 0.579102 0.056641 0.134766
2 0.462891 0.541992 0.117188 0.052734
2 0.300781 0.584961 0.125000 0.056641
2 0.179688 0.654297 0.093750 0.152344
2 0.376953 0.646484 0.105469 0.074219
2 0.799805 0.695312 0.259766 0.070312
2 0.934570 0.722656 0.005859 0.003906
2 0.496094 0.766602 0.105469 0.052734
2 0.315430 0.786133 0.111328 0.064453
2 0.624023 0.856445 0.068359 0.169922
2 0.287109 0.817383 0.003906 0.001953
