0 0.176758 0.075195 0.353516 0.150391
0 0.865234 0.184570 0.269531 0.369141
0 0.333984 0.705078 0.558594 0.589844
0 0.385742 0.413086 0.001953 0.001953
0 0.411133 0.435547 0.001953 0.003906
0 0.264648 0.497070 0.001953 0.001953
0 0.579102 0.763672 0.001953 0.003906
0 0.567383 0.791992 0.001953 0.001953
0 0.564453 0.800781 0.003906 0.007812
0 0.517578 0.815430 0.003906 0.009766
0 0.533203 0.841797 0.003906 0.003906
0 0.565430 0.926758 0.001953 0.001953
2 0.356445 0.171875 0.107422 0.089844
2 0.306641 0.223633 0.054688 0.056641
2 0.594727 0.254883 0.068359 0.076172
2 0.578125 0.380859 0.074219 0.082031
2 0.468750 0.469727 0.113281 0.111328
2 0.761719 0.444336 0.066406 0.056641
2 0.962891 0.449219 0.074219 0.058594
2 0.416016 0.451172 0.003906 0.007812
2 0.661133 0.473633 0.056641 0.048828
2 0.972656 0.490234 0.054688 0.050781
2 0.424805 0.475586 0.001953 0.005859
2 0.988281 0.590820 0.023438 0.044922
2 0.140625 0.610352 0.093750 0.060547
2 0.041016 0.698242 0.082031 0.064453
2 0.960938 0.834961 0.078125 0.064453
2 0.848633 0.868164 0.029297 0.037109
2 0.070312 0.916016 0.082031 0.128906
2 0.924805 0.900391 0.068359 0.058594
2 0.635742 0.928711 0.123047 0.064453
2 0.974609 0.981445 0.042969 0.029297
3 0.178711 0.315430 0.357422 0.337891
4 0.461914 0.220703 0.107422 0.054688
4 0.583008 0.316406 0.123047 0.121094
5 0.584961 0.193359 0.330078 0.386719
5 0.929688 0.524414 0.140625 0.314453
5 0.276367 0.529297 0.013672 0.011719
5 0.138672 0.713867 0.277344 0.349609
