0 0.195312 0.094727 0.390625 0.189453
0 0.005859 0.199219 0.003906 0.003906
0 0.251953 0.473633 0.503906 0.525391
0 0.781250 0.493164 0.437500 0.439453
0 0.256836 0.332031 0.072266 0.062500
0 0.665039 0.307617 0.001953 0.001953
0 0.609375 0.391602 0.003906 0.001953
0 0.609375 0.585938 0.089844 0.074219
0 0.430664 0.735352 0.001953 0.001953
2 0.445312 0.046875 0.152344 0.093750
2 0.601562 0.017578 0.066406 0.035156
2 0.985352 0.064453 0.029297 0.128906
2 0.860352 0.067383 0.076172 0.060547
2 0.598633 0.069336 0.068359 0.052734
2 0.729492 0.073242 0.126953 0.052734
2 0.607422 0.126953 0.058594 0.054688
2 0.828125 0.126953 0.148438 0.054688
2 0.425781 0.106445 0.003906 0.005859
2 0.447266 0.139648 0.125000 0.076172
2 0.386719 0.141602 0.011719 0.005859
2 0.396484 0.139648 0.003906 0.001953
2 0.403320 0.141602 0.005859 0.001953
2 0.375977 0.155273 0.001953 0.001953
2 0.168945 0.188477 0.298828 0.052734
2 0.385742 0.161133 0.001953 0.001953
2 0.643555 0.188477 0.115234 0.056641
2 0.389648 0.165039 0.001953 0.001953
2 0.389648 0.174805 0.001953 0.001953
2 0.389648 0.178711 0.001953 0.001953
2 0.362305 0.186523 0.001953 0.001953
2 0.389648 0.186523 0.001953 0.001953
2 0.754883 0.189453 0.009766 0.003906
2 0.801758 0.192383 0.029297 0.009766
2 0.751953 0.209961 0.003906 0.001953
2 0.758789 0.209961 0.001953 0.001953
2 0.746094 0.258789 0.382812 0.083984
2 0.792969 0.221680 0.007812 0.001953
2 0.810547 0.220703 0.003906 0.003906
2 0.314453 0.307617 0.117188 0.056641
2 0.436523 0.315430 0.083984 0.056641
2 0.955078 0.295898 0.003906 0.001953
2 0.977539 0.297852 0.001953 0.001953
2 0.991211 0.299805 0.001953 0.001953
2 0.614258 0.347656 0.107422 0.093750
2 0.303711 0.397461 0.001953 0.001953
2 0.327148 0.397461 0.001953 0.001953
2 0.485352 0.408203 0.033203 0.027344
2 0.369141 0.403320 0.003906 0.001953
2 0.381836 0.405273 0.001953 0.001953
2 0.424805 0.407227 0.001953 0.001953
2 0.436523 0.411133 0.001953 0.001953
2 0.500977 0.438477 0.001953 0.001953
2 0.502930 0.444336 0.001953 0.001953
2 0.502930 0.476562 0.001953 0.007812
2 0.500977 0.499023 0.001953 0.001953
2 0.500977 0.512695 0.001953 0.001953
2 0.499023 0.532227 0.001953 0.001953
2 0.497070 0.540039 0.001953 0.001953
2 0.495117 0.579102 0.001953 0.001953
2 0.680664 0.646484 0.248047 0.125000
2 0.712891 0.588867 0.011719 0.009766
2 0.723633 0.586914 0.001953 0.001953
2 0.743164 0.590820 0.001953 0.001953
2 0.753906 0.594727 0.007812 0.005859
2 0.899414 0.594727 0.001953 0.005859
2 0.446289 0.596680 0.001953 0.001953
2 0.469727 0.666016 0.091797 0.140625
2 0.471680 0.594727 0.001953 0.001953
2 0.765625 0.601562 0.003906 0.003906
2 0.436523 0.612305 0.001953 0.001953
2 0.432617 0.620117 0.001953 0.001953
2 0.428711 0.625977 0.001953 0.001953
2 0.897461 0.627930 0.001953 0.005859
2 0.426758 0.629883 0.001953 0.001953
2 0.424805 0.636719 0.001953 0.003906
2 0.895508 0.638672 0.001953 0.007812
2 0.422852 0.641602 0.001953 0.001953
2 0.358398 0.647461 0.001953 0.001953
2 0.364258 0.645508 0.005859 0.001953
2 0.381836 0.647461 0.001953 0.001953
2 0.416992 0.649414 0.009766 0.005859
2 0.892578 0.674805 0.003906 0.060547
2 0.359375 0.660156 0.015625 0.023438
2 0.395508 0.649414 0.005859 0.001953
2 0.405273 0.651367 0.009766 0.001953
2 0.000977 0.661133 0.001953 0.001953
2 0.008789 0.666992 0.001953 0.001953
2 0.012695 0.668945 0.001953 0.001953
2 0.808594 0.671875 0.003906 0.003906
2 0.075195 0.672852 0.001953 0.001953
2 0.180664 0.674805 0.001953 0.001953
2 0.187500 0.672852 0.003906 0.001953
2 0.199219 0.672852 0.007812 0.001953
2 0.212891 0.674805 0.003906 0.001953
2 0.223633 0.675781 0.009766 0.003906
2 0.389648 0.679688 0.037109 0.015625
2 0.055664 0.678711 0.001953 0.001953
2 0.170898 0.678711 0.001953 0.001953
2 0.176758 0.676758 0.001953 0.001953
2 0.297852 0.753906 0.353516 0.152344
2 0.243164 0.682617 0.025391 0.009766
2 0.811523 0.680664 0.001953 0.009766
2 0.036133 0.680664 0.001953 0.001953
2 0.051758 0.680664 0.001953 0.001953
2 0.100586 0.680664 0.001953 0.001953
2 0.105469 0.682617 0.003906 0.001953
2 0.148438 0.682617 0.003906 0.001953
2 0.160156 0.680664 0.003906 0.001953
2 0.110352 0.684570 0.001953 0.001953
2 0.116211 0.686523 0.001953 0.001953
2 0.130859 0.686523 0.003906 0.001953
2 0.139648 0.684570 0.001953 0.001953
2 0.270508 0.694336 0.025391 0.013672
2 0.424805 0.701172 0.025391 0.027344
2 0.813477 0.693359 0.001953 0.007812
2 0.289062 0.702148 0.003906 0.001953
2 0.827148 0.704102 0.025391 0.009766
2 0.115234 0.707031 0.003906 0.003906
2 0.299805 0.704102 0.005859 0.001953
2 0.305664 0.706055 0.001953 0.001953
2 0.309570 0.708008 0.001953 0.001953
2 0.326172 0.713867 0.023438 0.009766
2 0.853516 0.709961 0.007812 0.001953
2 0.882812 0.710938 0.015625 0.007812
2 0.867188 0.711914 0.007812 0.001953
2 0.346680 0.717773 0.005859 0.001953
2 0.434570 0.718750 0.001953 0.003906
2 0.340820 0.719727 0.001953 0.001953
2 0.394531 0.732422 0.085938 0.027344
2 0.880859 0.810547 0.082031 0.183594
2 0.197266 0.755859 0.011719 0.007812
2 0.606445 0.767578 0.126953 0.027344
2 0.470703 0.784180 0.003906 0.005859
2 0.060547 0.831055 0.078125 0.076172
2 0.634766 0.840820 0.058594 0.048828
2 0.159180 0.866211 0.091797 0.087891
2 0.704102 0.865234 0.076172 0.089844
2 0.779297 0.872070 0.062500 0.091797
2 0.972656 0.916016 0.054688 0.101562
2 0.077148 0.941406 0.150391 0.117188
2 0.332031 0.954102 0.132812 0.091797
2 0.452148 0.965820 0.048828 0.068359
2 0.593750 0.983398 0.125000 0.033203
2 0.668945 0.999023 0.001953 0.001953
5 0.468750 0.500000 0.937500 1.000000
