0 0.127930 0.127930 0.255859 0.255859
0 0.067383 0.001953 0.001953 0.003906
0 0.073242 0.034180 0.001953 0.001953
2 0.077148 0.020508 0.080078 0.041016
2 0.787109 0.023438 0.093750 0.046875
2 0.020508 0.040039 0.041016 0.044922
2 0.315430 0.055664 0.099609 0.080078
2 0.224609 0.047852 0.070312 0.048828
2 0.707031 0.114258 0.179688 0.162109
2 0.134766 0.055664 0.039062 0.037109
2 0.376953 0.175781 0.093750 0.164062
2 0.652344 0.144531 0.003906 0.007812
2 0.778320 0.291016 0.236328 0.210938
2 0.274414 0.405273 0.423828 0.275391
2 0.056641 0.311523 0.105469 0.080078
2 0.034180 0.420898 0.052734 0.130859
2 0.448242 0.432617 0.001953 0.001953
2 0.438477 0.434570 0.001953 0.001953
2 0.464844 0.540039 0.101562 0.095703
2 0.945312 0.532227 0.109375 0.080078
2 0.819336 0.571289 0.091797 0.123047
2 0.956055 0.651367 0.087891 0.095703
2 0.244141 0.752930 0.324219 0.216797
2 0.083984 0.705078 0.003906 0.003906
2 0.972656 0.752930 0.039062 0.072266
2 0.589844 0.873047 0.265625 0.253906
2 0.919922 0.857422 0.117188 0.144531
2 0.642578 0.862305 0.003906 0.005859
4 0.457031 0.446289 0.042969 0.029297
4 0.450195 0.461914 0.001953 0.001953
4 0.483398 0.465820 0.001953 0.009766
4 0.434570 0.566406 0.244141 0.148438
4 0.331055 0.509766 0.009766 0.015625
4 0.319336 0.506836 0.009766 0.005859
4 0.315430 0.512695 0.001953 0.001953
4 0.317383 0.526367 0.001953 0.001953
5 0.648438 0.500000 0.457031 1.000000
5 0.877930 0.877930 0.001953 0.001953
5 0.877930 0.886719 0.005859 0.007812
5 0.879883 0.993164 0.001953 0.001953
