1 0.835938 0.653320 0.128906 0.064453
1 0.572266 0.693359 0.097656 0.062500
2 0.262695 0.011719 0.056641 0.023438
2 0.261719 0.106445 0.046875 0.064453
2 0.065430 0.116211 0.041016 0.068359
2 0.326172 0.222656 0.179688 0.140625
2 0.327148 0.157227 0.001953 0.001953
2 0.342773 0.375977 0.208984 0.142578
2 0.415039 0.461914 0.048828 0.025391
2 0.572266 0.511719 0.062500 0.046875
2 0.341797 0.581055 0.121094 0.166016
2 0.567383 0.597656 0.076172 0.058594
2 0.338867 0.712891 0.208984 0.093750
2 0.115234 0.750000 0.160156 0.062500
2 0.574219 0.754883 0.117188 0.064453
2 0.331055 0.844727 0.150391 0.142578
2 0.649414 0.849609 0.306641 0.074219
2 0.148438 0.899414 0.062500 0.060547
2 0.082031 0.904297 0.054688 0.058594
2 0.248047 0.978516 0.085938 0.042969
3 0.672852 0.264648 0.470703 0.529297
5 0.486328 0.500000 0.972656 1.000000
6 0.995117 0.034180 0.009766 0.009766
6 0.981445 0.043945 0.005859 0.005859
6 0.887695 0.271484 0.224609 0.445312
6 0.942383 0.058594 0.025391 0.007812
6 0.966797 0.060547 0.003906 0.003906
