0 0.902344 0.307617 0.195312 0.216797
0 0.825195 0.208008 0.005859 0.005859
0 0.753906 0.435547 0.343750 0.386719
0 0.161133 0.435547 0.322266 0.316406
0 0.884766 0.634766 0.007812 0.003906
1 0.729492 0.226562 0.287109 0.453125
1 0.712891 0.004883 0.007812 0.005859
1 0.740234 0.007812 0.027344 0.015625
1 0.694336 0.005859 0.009766 0.003906
1 0.706055 0.004883 0.001953 0.001953
1 0.720703 0.004883 0.003906 0.001953
1 0.531250 0.213867 0.046875 0.404297
1 0.751953 0.048828 0.003906 0.003906
1 0.762695 0.166016 0.001953 0.003906
1 0.737305 0.174805 0.001953 0.001953
1 0.778320 0.174805 0.005859 0.005859
1 0.737305 0.182617 0.001953 0.001953
1 0.779297 0.181641 0.003906 0.003906
1 0.788086 0.187500 0.005859 0.011719
1 0.761719 0.200195 0.007812 0.009766
1 0.410156 0.708008 0.265625 0.583984
1 0.333984 0.419922 0.003906 0.003906
1 0.318359 0.432617 0.003906 0.009766
1 0.213867 0.833008 0.005859 0.005859
2 0.125977 0.064453 0.064453 0.128906
2 0.796875 0.026367 0.085938 0.052734
2 0.903320 0.037109 0.052734 0.074219
2 0.091797 0.010742 0.003906 0.009766
2 0.092773 0.037109 0.001953 0.019531
2 0.227539 0.102539 0.123047 0.068359
2 0.843750 0.103516 0.101562 0.054688
2 0.943359 0.108398 0.046875 0.037109
2 0.012695 0.126953 0.025391 0.054688
2 0.375000 0.134766 0.093750 0.050781
2 0.103516 0.159180 0.113281 0.080078
2 0.075195 0.119141 0.005859 0.003906
2 0.871094 0.166016 0.074219 0.058594
2 0.975586 0.168945 0.048828 0.060547
2 0.375000 0.216797 0.085938 0.054688
2 0.195312 0.223633 0.058594 0.048828
2 0.033203 0.269531 0.066406 0.042969
2 0.407227 0.333984 0.181641 0.175781
2 0.133789 0.489258 0.197266 0.212891
2 0.137695 0.559570 0.001953 0.001953
2 0.725586 0.679688 0.298828 0.078125
2 0.159180 0.771484 0.119141 0.160156
2 0.023438 0.769531 0.046875 0.101562
2 0.682617 0.870117 0.080078 0.091797
2 0.736328 0.858398 0.039062 0.068359
2 0.126953 0.916016 0.113281 0.101562
2 0.564453 0.919922 0.039062 0.035156
2 0.933594 0.958008 0.035156 0.044922
2 0.575195 0.961914 0.025391 0.044922
2 0.694336 0.983398 0.181641 0.033203
5 0.916992 0.781250 0.166016 0.437500
