0 0.894531 0.581055 0.210938 0.486328
0 0.527344 0.587891 0.050781 0.039062
0 0.567383 0.702148 0.056641 0.099609
0 0.079102 0.785156 0.158203 0.199219
0 0.805664 0.861328 0.388672 0.277344
0 0.542969 0.799805 0.082031 0.080078
0 0.455078 0.806641 0.058594 0.054688
0 0.583008 0.788086 0.001953 0.001953
0 0.579102 0.834961 0.044922 0.033203
0 0.569336 0.833984 0.001953 0.003906
0 0.361328 0.924805 0.113281 0.150391
0 0.580078 0.853516 0.023438 0.011719
0 0.599609 0.849609 0.003906 0.003906
0 0.593750 0.857422 0.007812 0.003906
0 0.083984 0.940430 0.167969 0.119141
0 0.066406 0.891602 0.003906 0.001953
0 0.185547 0.945312 0.187500 0.109375
0 0.084961 0.898438 0.005859 0.003906
0 0.285156 0.948242 0.003906 0.001953
0 0.301758 0.953125 0.005859 0.003906
0 0.302734 0.975586 0.003906 0.005859
0 0.299805 0.985352 0.001953 0.001953
0 0.295898 0.997070 0.005859 0.005859
2 0.034180 0.263672 0.068359 0.046875
2 0.138672 0.372070 0.066406 0.052734
2 0.324219 0.416016 0.128906 0.039062
2 0.129883 0.442383 0.072266 0.044922
2 0.096680 0.596680 0.162109 0.193359
2 0.488281 0.863281 0.058594 0.054688
2 0.081055 0.873047 0.052734 0.042969
2 0.248047 0.939453 0.121094 0.121094
3 0.100586 0.129883 0.201172 0.259766
3 0.429688 0.457031 0.496094 0.914062
3 0.837891 0.460938 0.324219 0.921875
3 0.101562 0.408203 0.203125 0.257812
3 0.221680 0.352539 0.001953 0.001953
3 0.999023 0.371094 0.001953 0.003906
3 0.220703 0.393555 0.003906 0.005859
3 0.955078 0.549805 0.089844 0.240234
3 0.236328 0.443359 0.003906 0.007812
3 0.283203 0.444336 0.003906 0.009766
3 0.291016 0.441406 0.003906 0.003906
3 0.361328 0.442383 0.003906 0.005859
3 0.376953 0.442383 0.003906 0.005859
3 0.244141 0.446289 0.003906 0.001953
3 0.363281 0.459961 0.007812 0.009766
3 0.001953 0.478516 0.003906 0.011719
3 0.009766 0.480469 0.003906 0.007812
3 0.000977 0.489258 0.001953 0.001953
3 0.014648 0.501953 0.013672 0.019531
3 0.009766 0.532227 0.019531 0.033203
3 0.008789 0.557617 0.001953 0.001953
3 0.007812 0.564453 0.015625 0.003906
3 0.006836 0.576172 0.013672 0.011719
3 0.006836 0.589844 0.013672 0.007812
3 0.023438 0.611328 0.015625 0.015625
3 0.967773 0.727539 0.041016 0.103516
3 0.925781 0.750000 0.003906 0.003906
3 0.707031 0.818359 0.109375 0.101562
3 0.455078 0.790039 0.003906 0.001953
3 0.455078 0.799805 0.003906 0.001953
3 0.470703 0.803711 0.007812 0.013672
3 0.477539 0.807617 0.001953 0.001953
3 0.948242 0.807617 0.001953 0.001953
3 0.470703 0.814453 0.003906 0.003906
3 0.477539 0.813477 0.001953 0.001953
3 0.558594 0.815430 0.023438 0.005859
3 0.497070 0.823242 0.001953 0.001953
3 0.456055 0.830078 0.005859 0.003906
3 0.462891 0.829102 0.003906 0.001953
3 0.497070 0.830078 0.001953 0.003906
3 0.517578 0.830078 0.003906 0.003906
3 0.525391 0.831055 0.003906 0.001953
3 0.533203 0.831055 0.007812 0.005859
3 0.549805 0.832031 0.005859 0.007812
3 0.549805 0.846680 0.001953 0.001953
3 0.419922 0.862305 0.003906 0.001953
3 0.418945 0.877930 0.001953 0.001953
3 0.956055 0.883789 0.001953 0.001953
3 0.451172 0.893555 0.003906 0.001953
3 0.451172 0.901367 0.003906 0.005859
3 0.669922 0.915039 0.007812 0.013672
3 0.814453 0.939453 0.261719 0.066406
3 0.419922 0.916992 0.003906 0.001953
3 0.438477 0.921875 0.013672 0.015625
3 0.541016 0.957031 0.089844 0.085938
3 0.455078 0.924805 0.003906 0.001953
3 0.613281 0.965820 0.019531 0.041016
3 0.420898 0.976562 0.076172 0.046875
3 0.453125 0.956055 0.007812 0.005859
3 0.996094 0.979492 0.007812 0.041016
3 0.667969 0.983398 0.050781 0.021484
3 0.702148 0.990234 0.017578 0.011719
3 0.676758 0.991211 0.001953 0.005859
3 0.720703 0.994141 0.011719 0.007812
3 0.955078 0.994141 0.031250 0.011719
5 0.145508 0.461914 0.158203 0.923828
5 0.630859 0.500000 0.140625 1.000000
5 0.673828 0.778320 0.003906 0.005859
5 0.103516 0.927734 0.207031 0.144531
