0 0.453125 0.035156 0.906250 0.070312
0 0.452148 0.438477 0.904297 0.779297
0 0.782227 0.095703 0.005859 0.011719
0 0.983398 0.655273 0.033203 0.033203
0 0.238281 0.651367 0.003906 0.001953
0 0.239258 0.658203 0.005859 0.007812
0 0.959961 0.666992 0.001953 0.001953
0 0.963867 0.665039 0.001953 0.001953
0 0.848633 0.668945 0.001953 0.001953
0 0.949219 0.670898 0.003906 0.001953
0 0.455078 0.674805 0.003906 0.001953
0 0.467773 0.674805 0.009766 0.001953
0 0.926758 0.678711 0.017578 0.009766
0 0.941406 0.672852 0.007812 0.001953
0 0.994141 0.680664 0.011719 0.017578
0 0.970703 0.688477 0.003906 0.005859
0 0.912109 0.703125 0.011719 0.007812
0 0.376953 0.752930 0.003906 0.001953
0 0.340820 0.763672 0.009766 0.007812
0 0.373047 0.778320 0.003906 0.001953
0 0.793945 0.808594 0.025391 0.007812
0 0.831055 0.810547 0.021484 0.011719
0 0.849609 0.807617 0.003906 0.001953
0 0.809570 0.809570 0.001953 0.001953
0 0.735352 0.821289 0.013672 0.017578
0 0.658203 0.818359 0.003906 0.003906
0 0.754883 0.822266 0.001953 0.003906
0 0.815430 0.823242 0.001953 0.001953
0 0.822266 0.824219 0.007812 0.007812
0 0.835938 0.824219 0.011719 0.007812
0 0.527344 0.830078 0.003906 0.003906
2 0.828125 0.198242 0.058594 0.076172
2 0.971680 0.270508 0.021484 0.041016
2 0.882812 0.341797 0.101562 0.121094
2 0.571289 0.327148 0.056641 0.052734
2 0.571289 0.609375 0.142578 0.437500
2 0.977539 0.456055 0.044922 0.095703
2 0.890625 0.459961 0.031250 0.029297
2 0.890625 0.495117 0.019531 0.021484
2 0.251953 0.601562 0.054688 0.089844
2 0.178711 0.591797 0.048828 0.035156
2 0.178711 0.659180 0.060547 0.091797
2 0.464844 0.675781 0.078125 0.121094
2 0.731445 0.630859 0.052734 0.031250
2 0.816406 0.675781 0.097656 0.078125
2 0.354492 0.751953 0.060547 0.132812
2 0.959961 0.727539 0.080078 0.080078
2 0.041992 0.736328 0.068359 0.070312
2 0.185547 0.756836 0.070312 0.072266
2 0.301758 0.799805 0.029297 0.029297
2 0.092773 0.858398 0.185547 0.115234
2 0.895508 0.834961 0.087891 0.064453
2 0.462891 0.842773 0.109375 0.041016
2 0.348633 0.852539 0.091797 0.056641
2 0.501953 0.968750 0.062500 0.062500
2 0.571289 0.968750 0.076172 0.062500
2 0.310547 0.971680 0.070312 0.056641
4 0.890625 0.338867 0.218750 0.677734
4 0.878906 0.012695 0.027344 0.013672
4 0.856445 0.024414 0.013672 0.009766
4 0.870117 0.622070 0.021484 0.009766
4 0.794922 0.629883 0.003906 0.005859
4 0.879883 0.630859 0.001953 0.003906
4 0.881836 0.665039 0.017578 0.060547
4 0.865234 0.643555 0.003906 0.005859
4 0.873047 0.643555 0.003906 0.005859
4 0.997070 0.692383 0.005859 0.005859
4 0.887695 0.697266 0.001953 0.003906
4 0.876953 0.705078 0.027344 0.007812
5 0.472656 0.352539 0.945312 0.705078
5 0.500000 0.862305 1.000000 0.275391
