0 0.647461 0.144531 0.173828 0.117188
0 0.416992 0.215820 0.087891 0.083984
0 0.689453 0.565430 0.171875 0.216797
0 0.464844 0.535156 0.160156 0.148438
0 0.405273 0.567383 0.001953 0.001953
0 0.415039 0.580078 0.013672 0.003906
0 0.541992 0.595703 0.005859 0.011719
0 0.518555 0.606445 0.001953 0.001953
0 0.541016 0.607422 0.003906 0.003906
0 0.901367 0.945312 0.197266 0.093750
1 0.621094 0.906250 0.757812 0.187500
1 0.815430 0.849609 0.005859 0.003906
1 0.074219 0.969727 0.148438 0.060547
1 0.993164 0.991211 0.013672 0.017578
2 0.083984 0.044922 0.128906 0.089844
2 0.329102 0.016602 0.091797 0.033203
2 0.833008 0.170898 0.333984 0.341797
2 0.668945 0.011719 0.001953 0.003906
2 0.224609 0.041992 0.078125 0.041016
2 0.326172 0.133789 0.171875 0.126953
2 0.248047 0.335938 0.332031 0.406250
2 0.765625 0.306641 0.253906 0.230469
2 0.251953 0.307617 0.003906 0.001953
2 0.685547 0.309570 0.003906 0.005859
2 0.701172 0.327148 0.003906 0.005859
2 0.700195 0.339844 0.005859 0.007812
2 0.708008 0.348633 0.001953 0.001953
2 0.969727 0.395508 0.060547 0.056641
2 0.865234 0.544922 0.175781 0.210938
2 0.990234 0.500977 0.019531 0.068359
2 0.655273 0.658203 0.287109 0.300781
2 0.307617 0.682617 0.181641 0.306641
2 0.646484 0.562500 0.011719 0.015625
2 0.461914 0.701172 0.189453 0.203125
2 0.650391 0.598633 0.003906 0.001953
5 0.500000 0.513672 1.000000 0.972656
