2 0.918945 0.013672 0.107422 0.027344
2 0.377930 0.118164 0.435547 0.095703
2 0.192383 0.097656 0.001953 0.003906
2 0.886719 0.137695 0.089844 0.048828
2 0.440430 0.258789 0.697266 0.201172
2 0.896484 0.187500 0.062500 0.054688
2 0.779297 0.229492 0.003906 0.005859
2 0.887695 0.274414 0.095703 0.037109
2 0.751953 0.275391 0.003906 0.003906
2 0.840820 0.333008 0.056641 0.052734
2 0.806641 0.491211 0.222656 0.259766
2 0.378906 0.597656 0.386719 0.457031
2 0.875000 0.522461 0.097656 0.041016
2 0.870117 0.577148 0.052734 0.072266
2 0.592773 0.711914 0.138672 0.287109
2 0.849609 0.706055 0.109375 0.130859
2 0.730469 0.688477 0.046875 0.068359
2 0.073242 0.803711 0.146484 0.294922
2 0.453125 0.796875 0.042969 0.152344
2 0.763672 0.778320 0.054688 0.041016
2 0.173828 0.889648 0.066406 0.080078
2 0.859375 0.914062 0.121094 0.058594
2 0.753906 0.945312 0.062500 0.097656
2 0.918945 0.916016 0.001953 0.003906
2 0.501953 0.960938 0.066406 0.078125
2 0.340820 0.974609 0.119141 0.050781
2 0.291016 0.987305 0.003906 0.001953
