0 0.027344 0.083984 0.054688 0.167969
0 0.816406 0.346680 0.367188 0.693359
0 0.182617 0.124023 0.255859 0.173828
0 0.224609 0.045898 0.003906 0.001953
0 0.188477 0.073242 0.001953 0.001953
0 0.198242 0.073242 0.001953 0.001953
0 0.223633 0.211914 0.005859 0.001953
2 0.383789 0.037109 0.048828 0.046875
2 0.488281 0.074219 0.031250 0.046875
2 0.403320 0.140625 0.111328 0.082031
2 0.520508 0.152344 0.060547 0.058594
2 0.165039 0.247070 0.201172 0.177734
2 0.380859 0.261719 0.062500 0.054688
2 0.668945 0.288086 0.099609 0.103516
2 0.806641 0.298828 0.082031 0.062500
2 0.869141 0.296875 0.039062 0.050781
2 0.087891 0.298828 0.011719 0.007812
2 0.384766 0.343750 0.054688 0.097656
2 0.104492 0.324219 0.080078 0.050781
2 0.859375 0.345703 0.058594 0.027344
2 0.445312 0.415039 0.105469 0.111328
2 0.658203 0.464844 0.171875 0.203125
2 0.820312 0.480469 0.074219 0.066406
2 0.040039 0.589844 0.080078 0.226562
2 0.081055 0.619141 0.111328 0.234375
2 0.793945 0.568359 0.130859 0.136719
2 0.333008 0.575195 0.076172 0.076172
2 0.531250 0.656250 0.074219 0.062500
2 0.305664 0.695312 0.048828 0.093750
2 0.511719 0.715820 0.054688 0.037109
2 0.625977 0.854492 0.154297 0.291016
2 0.835938 0.778320 0.078125 0.080078
2 0.273438 0.810547 0.066406 0.117188
2 0.038086 0.874023 0.076172 0.216797
2 0.381836 0.795898 0.037109 0.033203
2 0.935547 0.830078 0.078125 0.078125
2 0.811523 0.833984 0.056641 0.039062
2 0.916992 0.930664 0.083984 0.099609
2 0.789062 0.924805 0.062500 0.037109
5 0.500000 0.548828 1.000000 0.480469
