0 0.246094 0.022461 0.039062 0.044922
0 0.983398 0.268555 0.033203 0.068359
0 0.875000 0.400391 0.250000 0.187500
0 0.594727 0.547852 0.068359 0.083984
2 0.739258 0.166992 0.498047 0.333984
2 0.102539 0.059570 0.068359 0.111328
2 0.267578 0.059570 0.058594 0.080078
2 0.081055 0.091797 0.001953 0.003906
2 0.250977 0.142578 0.060547 0.074219
2 0.269531 0.115234 0.007812 0.003906
2 0.114258 0.321289 0.228516 0.212891
2 0.410156 0.383789 0.089844 0.068359
2 0.242188 0.399414 0.042969 0.044922
2 0.020508 0.455078 0.041016 0.117188
2 0.484375 0.481445 0.140625 0.169922
2 0.557617 0.504883 0.119141 0.169922
2 0.362305 0.468750 0.072266 0.089844
2 0.197266 0.537109 0.179688 0.121094
2 0.768555 0.543945 0.123047 0.103516
2 0.652344 0.583008 0.121094 0.103516
2 0.878906 0.575195 0.089844 0.060547
2 0.156250 0.602539 0.128906 0.087891
2 0.524414 0.647461 0.236328 0.138672
2 0.792969 0.660156 0.117188 0.113281
2 0.317383 0.674805 0.099609 0.072266
2 0.824219 0.716797 0.128906 0.121094
2 0.234375 0.703125 0.078125 0.066406
2 0.055664 0.720703 0.052734 0.062500
2 0.129883 0.721680 0.083984 0.052734
2 0.513672 0.752930 0.113281 0.099609
2 0.210938 0.750000 0.003906 0.003906
2 0.238281 0.774414 0.058594 0.048828
2 0.107422 0.788086 0.136719 0.068359
2 0.636719 0.790039 0.070312 0.068359
2 0.442383 0.804688 0.064453 0.039062
2 0.600586 0.833984 0.072266 0.085938
2 0.242188 0.844727 0.054688 0.056641
2 0.334961 0.866211 0.103516 0.072266
2 0.112305 0.862305 0.150391 0.056641
2 0.044922 0.837891 0.003906 0.003906
2 0.525391 0.908203 0.058594 0.058594
2 0.253906 0.912109 0.054688 0.050781
2 0.154297 0.923828 0.085938 0.050781
2 0.082031 0.930664 0.058594 0.044922
2 0.110352 0.927734 0.001953 0.011719
2 0.279297 0.980469 0.078125 0.039062
2 0.163086 0.983398 0.083984 0.033203
4 0.535156 0.119141 0.472656 0.238281
5 0.500000 0.322266 1.000000 0.449219
5 0.359375 0.643555 0.718750 0.552734
5 0.116211 0.810547 0.232422 0.378906
