0 0.194336 0.093750 0.388672 0.187500
0 0.928711 0.148438 0.142578 0.171875
0 0.005859 0.135742 0.007812 0.021484
0 0.033203 0.135742 0.042969 0.021484
0 0.064453 0.126953 0.011719 0.003906
0 0.247070 0.215820 0.115234 0.091797
0 0.889648 0.475586 0.126953 0.181641
0 0.209961 0.540039 0.236328 0.197266
0 0.832031 0.534180 0.003906 0.001953
0 0.419922 0.704102 0.144531 0.119141
0 0.131836 0.809570 0.263672 0.259766
0 0.238281 0.755859 0.007812 0.027344
0 0.256836 0.757812 0.017578 0.019531
0 0.220703 0.776367 0.003906 0.001953
0 0.778320 0.794922 0.005859 0.003906
0 0.754883 0.810547 0.009766 0.003906
0 0.733398 0.825195 0.021484 0.005859
0 0.757812 0.910156 0.277344 0.179688
0 0.770508 0.825195 0.005859 0.001953
0 0.232422 0.915039 0.003906 0.005859
0 0.089844 0.926758 0.003906 0.001953
2 0.960938 0.042969 0.078125 0.085938
2 0.579102 0.182617 0.041016 0.041016
2 0.158203 0.225586 0.058594 0.041016
2 0.609375 0.239258 0.042969 0.064453
2 0.556641 0.245117 0.050781 0.060547
2 0.750977 0.276367 0.138672 0.091797
2 0.928711 0.292969 0.056641 0.066406
2 0.417969 0.312500 0.050781 0.066406
2 0.554688 0.370117 0.066406 0.072266
2 0.044922 0.383789 0.039062 0.041016
2 0.149414 0.407227 0.064453 0.064453
2 0.497070 0.405273 0.064453 0.048828
2 0.440430 0.451172 0.126953 0.062500
2 0.037109 0.459961 0.074219 0.076172
2 0.640625 0.459961 0.085938 0.072266
2 0.796875 0.465820 0.058594 0.056641
2 0.317383 0.529297 0.083984 0.085938
2 0.071289 0.530273 0.060547 0.083984
2 0.459961 0.558594 0.052734 0.050781
2 0.835938 0.555664 0.035156 0.033203
2 0.990234 0.571289 0.019531 0.052734
2 0.911133 0.616211 0.080078 0.099609
2 0.361328 0.590820 0.039062 0.033203
2 0.598633 0.591797 0.041016 0.035156
2 0.647461 0.606445 0.056641 0.044922
2 0.735352 0.619141 0.048828 0.050781
2 0.527344 0.629883 0.101562 0.052734
2 0.052734 0.665039 0.089844 0.068359
2 0.661133 0.658203 0.052734 0.050781
2 0.839844 0.674805 0.054688 0.064453
2 0.151367 0.682617 0.041016 0.029297
2 0.766602 0.698242 0.052734 0.060547
2 0.179688 0.714844 0.074219 0.042969
2 0.938477 0.786133 0.072266 0.142578
2 0.711914 0.753906 0.048828 0.050781
2 0.600586 0.796875 0.083984 0.101562
2 0.443359 0.831055 0.265625 0.158203
2 0.464844 0.762695 0.007812 0.005859
2 0.973633 0.922852 0.052734 0.087891
2 0.151367 0.927734 0.068359 0.074219
2 0.566406 0.947266 0.085938 0.093750
2 0.606445 0.969727 0.001953 0.001953
4 0.758789 0.136719 0.380859 0.273438
4 0.408203 0.223633 0.222656 0.150391
4 0.864258 0.838867 0.091797 0.166016
5 0.929688 0.236328 0.140625 0.078125
5 0.553711 0.624023 0.892578 0.751953
5 0.116211 0.322266 0.232422 0.128906
6 0.500000 0.074219 0.167969 0.089844
6 0.290039 0.136719 0.162109 0.093750
6 0.364258 0.325195 0.091797 0.052734
6 0.819336 0.366211 0.076172 0.083984
6 0.386719 0.362305 0.007812 0.001953
6 0.923828 0.955078 0.082031 0.089844
