0 0.301758 0.636719 0.185547 0.140625
0 0.092773 0.679688 0.185547 0.046875
0 0.139648 0.772461 0.048828 0.072266
0 0.208984 0.834961 0.054688 0.048828
1 0.527344 0.253906 0.546875 0.507812
1 0.689453 0.005859 0.003906 0.003906
1 0.682617 0.042969 0.005859 0.003906
1 0.698242 0.067383 0.005859 0.005859
1 0.691406 0.100586 0.007812 0.025391
1 0.096680 0.333008 0.193359 0.408203
2 0.085938 0.596680 0.171875 0.119141
2 0.152344 0.572266 0.011719 0.011719
2 0.138672 0.574219 0.003906 0.003906
2 0.153320 0.619141 0.001953 0.003906
5 0.196289 0.851562 0.392578 0.296875
