0 0.044922 0.070312 0.089844 0.140625
0 0.125000 0.007812 0.035156 0.015625
0 0.437500 0.166992 0.875000 0.333984
0 0.889648 0.015625 0.029297 0.031250
0 0.898438 0.001953 0.007812 0.003906
0 0.945312 0.001953 0.007812 0.003906
0 0.959961 0.007812 0.017578 0.015625
0 0.944336 0.009766 0.005859 0.003906
0 0.960938 0.108398 0.046875 0.154297
0 0.891602 0.091797 0.033203 0.089844
0 0.912109 0.049805 0.003906 0.001953
0 0.912109 0.055664 0.003906 0.001953
0 0.918945 0.056641 0.001953 0.003906
0 0.881836 0.072266 0.001953 0.003906
0 0.913086 0.081055 0.001953 0.001953
0 0.912109 0.095703 0.003906 0.003906
0 0.880859 0.104492 0.003906 0.005859
0 0.881836 0.111328 0.005859 0.003906
0 0.912109 0.111328 0.003906 0.003906
0 0.903320 0.144531 0.001953 0.007812
0 0.905273 0.168945 0.017578 0.025391
0 0.911133 0.159180 0.001953 0.001953
0 0.283203 0.293945 0.003906 0.001953
0 0.294922 0.293945 0.003906 0.001953
0 0.233398 0.303711 0.009766 0.001953
0 0.247070 0.301758 0.009766 0.001953
0 0.216797 0.305664 0.003906 0.001953
0 0.777344 0.659180 0.445312 0.669922
0 0.104492 0.516602 0.044922 0.033203
0 0.493164 0.753906 0.193359 0.492188
0 0.606445 0.518555 0.009766 0.005859
0 0.534180 0.548828 0.001953 0.003906
0 0.549805 0.560547 0.005859 0.011719
0 0.117188 0.583008 0.046875 0.044922
0 0.118164 0.646484 0.048828 0.042969
0 0.341797 0.785156 0.089844 0.136719
0 0.588867 0.730469 0.005859 0.007812
0 0.065430 0.857422 0.001953 0.003906
0 0.066406 0.879883 0.007812 0.013672
0 0.049805 0.878906 0.005859 0.007812
0 0.079102 0.894531 0.013672 0.023438
0 0.129883 0.886719 0.001953 0.003906
0 0.066406 0.900391 0.007812 0.011719
0 0.066406 0.917969 0.003906 0.003906
0 0.010742 0.932617 0.005859 0.005859
0 0.740234 0.940430 0.003906 0.001953
0 0.749023 0.940430 0.001953 0.001953
0 0.767578 0.939453 0.031250 0.003906
0 0.780273 0.955078 0.021484 0.003906
0 0.923828 0.993164 0.003906 0.001953
2 0.251953 0.239258 0.128906 0.138672
2 0.604492 0.230469 0.158203 0.062500
2 0.916992 0.416992 0.119141 0.166016
2 0.522461 0.431641 0.072266 0.039062
2 0.185547 0.880859 0.363281 0.238281
4 0.097656 0.145508 0.195312 0.291016
4 0.937500 0.739258 0.125000 0.376953
4 0.990234 0.949219 0.003906 0.003906
4 0.998047 0.950195 0.003906 0.005859
4 0.982422 0.950195 0.003906 0.001953
4 0.947266 0.993164 0.015625 0.013672
4 0.965820 0.999023 0.001953 0.001953
