0 0.332031 0.184570 0.664062 0.369141
0 0.563477 0.010742 0.072266 0.013672
0 0.742188 0.162109 0.140625 0.207031
0 0.934570 0.217773 0.068359 0.103516
0 0.253906 0.462891 0.101562 0.121094
0 0.540039 0.476562 0.126953 0.121094
0 0.733398 0.754883 0.107422 0.056641
0 0.916992 0.882812 0.060547 0.058594
2 0.967773 0.254883 0.064453 0.091797
2 0.105469 0.269531 0.210938 0.074219
2 0.773438 0.290039 0.085938 0.052734
2 0.810547 0.302734 0.003906 0.007812
2 0.717773 0.361328 0.177734 0.089844
2 0.525391 0.354492 0.109375 0.056641
2 0.959961 0.404297 0.080078 0.062500
2 0.098633 0.451172 0.197266 0.078125
2 0.162109 0.518555 0.191406 0.060547
2 0.955078 0.577148 0.089844 0.111328
2 0.026367 0.610352 0.041016 0.142578
2 0.190430 0.627930 0.205078 0.142578
2 0.676758 0.577148 0.060547 0.029297
2 0.716797 0.605469 0.035156 0.035156
2 0.540039 0.654297 0.232422 0.105469
2 0.265625 0.684570 0.085938 0.068359
2 0.954102 0.718750 0.091797 0.085938
2 0.163086 0.796875 0.216797 0.125000
2 0.028320 0.845703 0.044922 0.179688
2 0.287109 0.872070 0.046875 0.158203
2 0.517578 0.818359 0.039062 0.031250
2 0.594727 0.836914 0.041016 0.021484
2 0.150391 0.886719 0.156250 0.078125
5 0.500000 0.500000 1.000000 1.000000
