0 0.917969 0.666016 0.105469 0.015625
0 0.985352 0.662109 0.009766 0.007812
0 0.661133 0.849609 0.677734 0.128906
0 0.121094 0.933594 0.242188 0.078125
0 0.449219 0.954102 0.015625 0.005859
1 0.657227 0.778320 0.685547 0.224609
1 0.869141 0.665039 0.003906 0.001953
1 0.762695 0.670898 0.005859 0.001953
1 0.776367 0.670898 0.009766 0.001953
1 0.791016 0.670898 0.011719 0.001953
1 0.809570 0.670898 0.001953 0.001953
1 0.943359 0.669922 0.015625 0.003906
1 0.738281 0.681641 0.058594 0.011719
1 0.776367 0.684570 0.009766 0.005859
1 0.793945 0.684570 0.005859 0.001953
1 0.809570 0.684570 0.005859 0.001953
1 0.122070 0.853516 0.244141 0.128906
2 0.075195 0.169922 0.150391 0.339844
2 0.722656 0.034180 0.058594 0.068359
2 0.283203 0.051758 0.082031 0.087891
2 0.424805 0.063477 0.037109 0.052734
2 0.626953 0.060547 0.035156 0.035156
2 0.635742 0.124023 0.037109 0.068359
2 0.526367 0.292969 0.181641 0.066406
2 0.687500 0.483398 0.078125 0.279297
2 0.121094 0.387695 0.117188 0.072266
2 0.334961 0.435547 0.095703 0.109375
2 0.442383 0.418945 0.048828 0.076172
2 0.122070 0.411133 0.001953 0.001953
2 0.137695 0.472656 0.064453 0.125000
2 0.593750 0.469727 0.089844 0.076172
2 0.923828 0.465820 0.042969 0.068359
2 0.030273 0.530273 0.060547 0.142578
2 0.576172 0.547852 0.187500 0.080078
2 0.157227 0.604492 0.107422 0.076172
2 0.421875 0.625000 0.140625 0.097656
2 0.161133 0.682617 0.087891 0.095703
2 0.800781 0.950195 0.101562 0.099609
2 0.674805 0.947266 0.021484 0.035156
2 0.599609 0.952148 0.023438 0.029297
2 0.726562 0.971680 0.019531 0.056641
2 0.941406 0.972656 0.078125 0.039062
2 0.444336 0.982422 0.052734 0.035156
2 0.384766 0.985352 0.042969 0.029297
5 0.500000 0.500000 1.000000 1.000000
