0 0.040039 0.086914 0.080078 0.173828
0 0.694336 0.305664 0.103516 0.130859
0 0.081055 0.338867 0.001953 0.001953
0 0.077148 0.400391 0.041016 0.054688
0 0.521484 0.539062 0.183594 0.140625
0 0.333984 0.756836 0.078125 0.041016
0 0.447266 0.809570 0.070312 0.068359
0 0.757812 0.872070 0.070312 0.052734
0 0.628906 0.922852 0.148438 0.095703
1 0.127930 0.602539 0.255859 0.162109
1 0.799805 0.895508 0.400391 0.103516
2 0.159180 0.463867 0.064453 0.041016
2 0.026367 0.809570 0.052734 0.123047
2 0.157227 0.929688 0.111328 0.113281
2 0.116211 0.915039 0.076172 0.056641
2 0.055664 0.949219 0.091797 0.101562
2 0.021484 0.982422 0.042969 0.035156
3 0.500000 0.500000 1.000000 1.000000
3 0.991211 0.181641 0.009766 0.003906
3 0.824219 0.670898 0.007812 0.001953
3 0.840820 0.670898 0.005859 0.001953
3 0.855469 0.669922 0.007812 0.003906
3 0.000977 0.811523 0.001953 0.001953
3 0.008789 0.811523 0.005859 0.001953
3 0.014648 0.811523 0.001953 0.001953
3 0.623047 0.877930 0.003906 0.001953
3 0.656250 0.892578 0.058594 0.027344
3 0.078125 0.911133 0.011719 0.025391
3 0.155273 0.916992 0.001953 0.009766
3 0.005859 0.930664 0.011719 0.021484
3 0.158203 0.931641 0.011719 0.015625
3 0.180664 0.927734 0.029297 0.003906
3 0.144531 0.934570 0.007812 0.005859
3 0.127930 0.938477 0.021484 0.005859
3 0.012695 0.955078 0.025391 0.023438
3 0.111328 0.943359 0.007812 0.003906
3 0.157227 0.950195 0.001953 0.005859
3 0.049805 0.975586 0.041016 0.048828
3 0.004883 0.967773 0.001953 0.001953
4 0.375977 0.041992 0.376953 0.083984
4 0.874023 0.496094 0.251953 0.667969
