0 0.638672 0.342773 0.421875 0.685547
1 0.836914 0.500000 0.326172 1.000000
1 0.929688 0.000977 0.003906 0.001953
1 0.999023 0.000977 0.001953 0.001953
1 0.999023 0.066406 0.001953 0.003906
1 0.999023 0.071289 0.001953 0.001953
2 0.055664 0.085938 0.111328 0.171875
2 0.426758 0.052734 0.076172 0.097656
2 0.248047 0.079102 0.093750 0.076172
2 0.335938 0.181641 0.199219 0.191406
2 0.182617 0.152344 0.099609 0.085938
2 0.034180 0.250000 0.068359 0.152344
2 0.113281 0.234375 0.070312 0.046875
2 0.141602 0.243164 0.001953 0.001953
2 0.378906 0.372070 0.082031 0.185547
2 0.276367 0.323242 0.041016 0.044922
2 0.179688 0.363281 0.062500 0.085938
2 0.233398 0.352539 0.087891 0.064453
2 0.115234 0.370117 0.078125 0.068359
2 0.097656 0.459961 0.171875 0.111328
2 0.330078 0.497070 0.050781 0.052734
2 0.255859 0.603516 0.093750 0.191406
2 0.326172 0.622070 0.066406 0.193359
2 0.720703 0.708984 0.152344 0.335938
2 0.189453 0.615234 0.066406 0.140625
2 0.428711 0.688477 0.095703 0.208984
2 0.046875 0.652344 0.082031 0.117188
2 0.211914 0.732422 0.025391 0.042969
2 0.061523 0.786133 0.115234 0.142578
2 0.304688 0.772461 0.082031 0.111328
2 0.161133 0.786133 0.076172 0.115234
2 0.231445 0.783203 0.033203 0.109375
2 0.545898 0.763672 0.119141 0.074219
2 0.010742 0.790039 0.001953 0.001953
2 0.019531 0.791016 0.003906 0.003906
2 0.018555 0.803711 0.001953 0.001953
2 0.221680 0.854492 0.041016 0.025391
2 0.201172 0.961914 0.210938 0.072266
2 0.424805 0.967773 0.150391 0.056641
2 0.742188 0.962891 0.214844 0.050781
5 0.209961 0.217773 0.419922 0.435547
5 0.432617 0.663086 0.865234 0.673828
6 0.737305 0.090820 0.005859 0.005859
6 0.833008 0.548828 0.251953 0.902344
6 0.725586 0.129883 0.001953 0.001953
6 0.818359 0.848633 0.003906 0.001953
6 0.825195 0.857422 0.005859 0.003906
