0 0.349609 0.010742 0.050781 0.021484
0 0.326172 0.040039 0.046875 0.033203
0 0.255859 0.073242 0.046875 0.044922
0 0.737305 0.127930 0.048828 0.052734
0 0.498047 0.174805 0.039062 0.033203
0 0.266602 0.237305 0.041016 0.130859
0 0.904297 0.207031 0.062500 0.054688
0 0.381836 0.358398 0.146484 0.158203
0 0.576172 0.325195 0.070312 0.060547
0 0.485352 0.331055 0.044922 0.037109
0 0.263672 0.358398 0.066406 0.056641
0 0.534180 0.437500 0.033203 0.097656
0 0.354492 0.496094 0.072266 0.058594
0 0.525391 0.507812 0.031250 0.035156
0 0.865234 0.508789 0.058594 0.037109
0 0.814453 0.497070 0.027344 0.009766
0 0.517578 0.580078 0.070312 0.089844
0 0.813477 0.584961 0.033203 0.013672
0 0.816406 0.595703 0.019531 0.003906
0 0.636719 0.631836 0.132812 0.041016
0 0.278320 0.698242 0.072266 0.119141
0 0.523438 0.700195 0.066406 0.083984
0 0.844727 0.670898 0.041016 0.025391
0 0.723633 0.694336 0.044922 0.044922
0 0.970703 0.740234 0.058594 0.097656
0 0.166992 0.744141 0.056641 0.062500
0 0.716797 0.753906 0.031250 0.039062
0 0.784180 0.757812 0.037109 0.035156
0 0.507812 0.765625 0.109375 0.046875
0 0.662109 0.818359 0.140625 0.082031
0 0.755859 0.806641 0.050781 0.054688
3 0.407227 0.098633 0.251953 0.197266
3 0.647461 0.159180 0.208984 0.318359
3 0.881836 0.122070 0.236328 0.244141
3 0.743164 0.075195 0.001953 0.001953
3 0.407227 0.269531 0.255859 0.156250
3 0.768555 0.441406 0.462891 0.402344
3 0.401367 0.437500 0.244141 0.140625
3 0.497070 0.651367 0.416016 0.283203
3 0.156250 0.854492 0.312500 0.251953
3 0.096680 0.737305 0.001953 0.001953
4 0.058594 0.020508 0.007812 0.009766
4 0.059570 0.036133 0.005859 0.013672
4 0.061523 0.050781 0.005859 0.011719
4 0.121094 0.052734 0.007812 0.011719
4 0.115234 0.068359 0.027344 0.015625
4 0.068359 0.065430 0.003906 0.001953
4 0.139648 0.066406 0.013672 0.007812
4 0.155273 0.066406 0.013672 0.007812
4 0.166992 0.064453 0.005859 0.003906
4 0.071289 0.081055 0.005859 0.005859
4 0.080078 0.082031 0.003906 0.007812
4 0.087891 0.080078 0.003906 0.003906
4 0.179688 0.405273 0.210938 0.638672
4 0.530273 0.876953 0.435547 0.246094
4 0.842773 0.987305 0.001953 0.001953
4 0.849609 0.986328 0.003906 0.003906
4 0.869141 0.992188 0.011719 0.015625
4 0.840820 0.994141 0.001953 0.003906
