0 0.506836 0.061523 0.060547 0.123047
0 0.951172 0.265625 0.097656 0.175781
0 0.717773 0.350586 0.115234 0.103516
0 0.704102 0.430664 0.111328 0.068359
0 0.968750 0.426758 0.062500 0.060547
0 0.901367 0.477539 0.068359 0.056641
0 0.750977 0.530273 0.076172 0.068359
0 0.966797 0.536133 0.066406 0.080078
0 0.646484 0.790039 0.058594 0.099609
2 0.986328 0.029297 0.027344 0.058594
2 0.686523 0.054688 0.060547 0.078125
2 0.799805 0.071289 0.056641 0.091797
2 0.867188 0.083984 0.070312 0.078125
2 0.983398 0.091797 0.033203 0.054688
2 0.708984 0.195312 0.132812 0.082031
2 0.083984 0.174805 0.085938 0.037109
2 0.864258 0.225586 0.115234 0.080078
2 0.555664 0.251953 0.064453 0.085938
2 0.660156 0.255859 0.062500 0.070312
2 0.282227 0.326172 0.060547 0.125000
2 0.496094 0.286133 0.054688 0.048828
2 0.809570 0.288086 0.099609 0.037109
2 0.499023 0.407227 0.142578 0.072266
2 0.180664 0.426758 0.361328 0.076172
2 0.684570 0.452148 0.099609 0.037109
2 0.289062 0.538086 0.578125 0.091797
2 0.390625 0.529297 0.007812 0.027344
2 0.910156 0.639648 0.175781 0.169922
2 0.287109 0.567383 0.003906 0.001953
2 0.666992 0.653320 0.068359 0.150391
2 0.505859 0.734375 0.105469 0.035156
2 0.683594 0.907227 0.121094 0.064453
2 0.980469 0.902344 0.039062 0.039062
2 0.790039 0.910156 0.087891 0.042969
2 0.511719 0.949219 0.097656 0.046875
4 0.286133 0.871094 0.572266 0.238281
4 0.072266 0.781250 0.058594 0.011719
4 0.021484 0.791016 0.035156 0.023438
4 0.006836 0.790039 0.001953 0.001953
4 0.082031 0.793945 0.007812 0.009766
4 0.005859 0.798828 0.003906 0.003906
4 0.067383 0.797852 0.001953 0.001953
4 0.160156 0.810547 0.007812 0.003906
4 0.092773 0.827148 0.001953 0.001953
5 0.500000 0.500000 1.000000 1.000000
