1 0.146484 0.484375 0.292969 0.136719
2 0.500000 0.060547 0.128906 0.097656
2 0.981445 0.061523 0.037109 0.052734
2 0.426758 0.267578 0.185547 0.359375
2 0.455078 0.096680 0.003906 0.001953
2 0.446289 0.319336 0.064453 0.037109
2 0.424805 0.485352 0.111328 0.029297
2 0.576172 0.543945 0.074219 0.048828
2 0.197266 0.559570 0.054688 0.029297
2 0.382812 0.570312 0.082031 0.039062
2 0.097656 0.580078 0.039062 0.039062
2 0.297852 0.601562 0.068359 0.058594
2 0.403320 0.645508 0.083984 0.052734
2 0.261719 0.673828 0.062500 0.046875
2 0.273438 0.728516 0.054688 0.046875
2 0.379883 0.856445 0.255859 0.287109
2 0.734375 0.753906 0.058594 0.050781
2 0.178711 0.877930 0.087891 0.126953
2 0.544922 0.915039 0.089844 0.169922
2 0.675781 0.916992 0.152344 0.166016
2 0.061523 0.917969 0.119141 0.164062
2 0.253906 0.926758 0.003906 0.005859
2 0.252930 0.935547 0.001953 0.003906
