0 0.822266 0.085938 0.062500 0.171875
0 0.732422 0.089844 0.046875 0.167969
0 0.755859 0.034180 0.003906 0.005859
0 0.528320 0.140625 0.294922 0.078125
0 0.615234 0.483398 0.222656 0.076172
0 0.841797 0.500977 0.191406 0.087891
0 0.223633 0.708008 0.134766 0.111328
0 0.134766 0.782227 0.113281 0.072266
1 0.677734 0.885742 0.644531 0.158203
1 0.456055 0.825195 0.001953 0.001953
1 0.447266 0.837891 0.003906 0.003906
1 0.313477 0.938477 0.126953 0.080078
2 0.150391 0.025391 0.156250 0.050781
2 0.282227 0.038086 0.037109 0.076172
5 0.500000 0.543945 1.000000 0.912109
6 0.521484 0.081055 0.367188 0.162109
6 0.937500 0.107422 0.125000 0.144531
6 0.677734 0.174805 0.011719 0.005859
6 0.231445 0.291992 0.169922 0.216797
6 0.633789 0.374023 0.732422 0.287109
6 0.541992 0.280273 0.001953 0.001953
6 0.310547 0.436523 0.003906 0.001953
6 0.326172 0.435547 0.003906 0.003906
6 0.954102 0.458008 0.001953 0.001953
6 0.962891 0.458984 0.003906 0.003906
6 0.893555 0.465820 0.001953 0.001953
6 0.909180 0.465820 0.001953 0.001953
6 0.910156 0.478516 0.007812 0.007812
6 0.287109 0.497070 0.003906 0.001953
6 0.720703 0.637695 0.558594 0.236328
6 0.766602 0.553711 0.005859 0.009766
6 0.506836 0.668945 0.001953 0.001953
6 0.450195 0.684570 0.001953 0.001953
6 0.823242 0.685547 0.001953 0.003906
6 0.844727 0.684570 0.001953 0.001953
6 0.841797 0.692383 0.007812 0.001953
6 0.862305 0.700195 0.001953 0.001953
6 0.611328 0.712891 0.003906 0.003906
6 0.876953 0.716797 0.003906 0.003906
6 0.873047 0.723633 0.003906 0.001953
6 0.903320 0.736328 0.005859 0.003906
