0 0.460938 0.023438 0.175781 0.046875
0 0.793945 0.238281 0.412109 0.476562
0 0.772461 0.646484 0.455078 0.292969
0 0.033203 0.626953 0.066406 0.089844
0 0.012695 0.668945 0.001953 0.001953
0 0.510742 0.889648 0.650391 0.220703
1 0.458008 0.372070 0.283203 0.123047
1 0.016602 0.592773 0.001953 0.001953
1 0.021484 0.659180 0.003906 0.001953
1 0.028320 0.659180 0.001953 0.001953
1 0.012695 0.666016 0.009766 0.011719
1 0.002930 0.670898 0.001953 0.001953
2 0.333008 0.049805 0.146484 0.056641
2 0.538086 0.155273 0.185547 0.255859
2 0.033203 0.159180 0.066406 0.060547
2 0.311523 0.208008 0.142578 0.080078
2 0.026367 0.300781 0.052734 0.082031
2 0.270508 0.516602 0.154297 0.091797
2 0.487305 0.546875 0.158203 0.085938
2 0.249023 0.631836 0.146484 0.083984
2 0.468750 0.661133 0.156250 0.091797
5 0.500000 0.500000 1.000000 1.000000
