0 0.284180 0.134766 0.134766 0.156250
0 0.569336 0.146484 0.044922 0.046875
0 0.805664 0.431641 0.193359 0.324219
0 0.545898 0.683594 0.123047 0.132812
0 0.919922 0.692383 0.160156 0.146484
0 0.567383 0.744141 0.001953 0.003906
0 0.741211 0.923828 0.337891 0.152344
0 0.907227 0.911133 0.001953 0.001953
2 0.857422 0.039062 0.054688 0.078125
2 0.910156 0.027344 0.058594 0.054688
2 0.438477 0.053711 0.064453 0.080078
2 0.780273 0.075195 0.130859 0.119141
2 0.627930 0.077148 0.064453 0.064453
2 0.857422 0.073242 0.003906 0.005859
2 0.623047 0.187500 0.070312 0.082031
2 0.198242 0.191406 0.087891 0.058594
2 0.036133 0.281250 0.072266 0.097656
2 0.207031 0.279297 0.062500 0.085938
2 0.417969 0.272461 0.054688 0.064453
2 0.857422 0.299805 0.070312 0.083984
2 0.252930 0.335938 0.095703 0.093750
2 0.123047 0.396484 0.183594 0.117188
2 0.655273 0.401367 0.083984 0.099609
2 0.624023 0.522461 0.240234 0.251953
2 0.956055 0.462891 0.087891 0.062500
2 0.458984 0.542969 0.097656 0.179688
2 0.333984 0.563477 0.164062 0.123047
2 0.974609 0.526367 0.050781 0.041016
2 0.187500 0.658203 0.125000 0.136719
2 0.809570 0.678711 0.087891 0.162109
2 0.323242 0.689453 0.123047 0.089844
2 0.406250 0.664062 0.039062 0.039062
2 0.593750 0.671875 0.082031 0.046875
2 0.110352 0.700195 0.052734 0.076172
2 0.031250 0.780273 0.062500 0.216797
2 0.474609 0.723633 0.058594 0.068359
2 0.627930 0.720703 0.048828 0.054688
2 0.134766 0.762695 0.039062 0.044922
2 0.594727 0.772461 0.068359 0.041016
2 0.931641 0.807617 0.136719 0.103516
2 0.467773 0.809570 0.072266 0.068359
2 0.816406 0.814453 0.046875 0.031250
2 0.634766 0.819336 0.042969 0.037109
2 0.723633 0.846680 0.068359 0.044922
2 0.495117 0.874023 0.099609 0.072266
2 0.923828 0.961914 0.066406 0.076172
3 0.167969 0.945312 0.226562 0.109375
4 0.232422 0.037109 0.101562 0.074219
4 0.680664 0.085938 0.115234 0.171875
4 0.155273 0.086914 0.099609 0.099609
5 0.500000 0.375000 1.000000 0.613281
