0 0.500000 0.500000 1.000000 1.000000
0 0.271484 0.002930 0.011719 0.005859
0 0.681641 0.003906 0.011719 0.007812
0 0.775391 0.002930 0.007812 0.005859
0 0.826172 0.000977 0.003906 0.001953
0 0.836914 0.001953 0.009766 0.003906
0 0.852539 0.000977 0.005859 0.001953
0 0.263672 0.005859 0.003906 0.003906
0 0.279297 0.005859 0.003906 0.003906
0 0.857422 0.006836 0.003906 0.005859
0 0.840820 0.008789 0.001953 0.001953
0 0.798828 0.021484 0.027344 0.011719
0 0.822266 0.025391 0.011719 0.019531
0 0.849609 0.025391 0.003906 0.003906
0 0.789062 0.033203 0.003906 0.003906
0 0.521484 0.741211 0.007812 0.001953
0 0.482422 0.746094 0.027344 0.003906
0 0.505859 0.743164 0.011719 0.001953
0 0.460938 0.749023 0.011719 0.001953
0 0.436523 0.752930 0.033203 0.005859
0 0.403320 0.756836 0.029297 0.001953
0 0.335938 0.764648 0.097656 0.013672
0 0.275391 0.772461 0.019531 0.001953
0 0.974609 0.854492 0.007812 0.005859
0 0.956055 0.862305 0.001953 0.001953
0 0.865234 0.869141 0.003906 0.003906
0 0.864258 0.901367 0.001953 0.001953
0 0.279297 0.946289 0.011719 0.060547
0 0.865234 0.916992 0.003906 0.001953
0 0.837891 0.922852 0.003906 0.005859
0 0.879883 0.932617 0.001953 0.001953
0 0.852539 0.940430 0.001953 0.001953
0 0.862305 0.939453 0.005859 0.003906
0 0.869141 0.939453 0.003906 0.003906
0 0.877930 0.938477 0.001953 0.001953
0 0.852539 0.947266 0.001953 0.003906
0 0.877930 0.947266 0.001953 0.003906
0 0.884766 0.947266 0.003906 0.003906
0 0.853516 0.955078 0.003906 0.003906
0 0.861328 0.955078 0.003906 0.003906
0 0.869141 0.956055 0.003906 0.001953
0 0.270508 0.971680 0.001953 0.001953
0 0.861328 0.970703 0.003906 0.003906
0 0.869141 0.970703 0.003906 0.003906
0 0.258789 0.973633 0.001953 0.001953
0 0.222656 0.979492 0.003906 0.001953
0 0.235352 0.977539 0.001953 0.001953
0 0.195312 0.983398 0.003906 0.001953
0 0.208984 0.981445 0.003906 0.001953
0 0.277344 0.991211 0.039062 0.017578
0 0.423828 0.983398 0.003906 0.001953
0 0.000977 0.986328 0.001953 0.003906
0 0.401367 0.988281 0.005859 0.003906
0 0.416992 0.987305 0.001953 0.001953
0 0.368164 0.994141 0.048828 0.011719
0 0.333984 0.993164 0.011719 0.001953
0 0.417969 0.997070 0.070312 0.005859
0 0.791016 0.993164 0.003906 0.001953
0 0.304688 0.998047 0.007812 0.003906
0 0.464844 0.999023 0.003906 0.001953
2 0.058594 0.576172 0.050781 0.058594
2 0.344727 0.575195 0.064453 0.056641
2 0.107422 0.599609 0.085938 0.074219
2 0.405273 0.737305 0.400391 0.310547
2 0.549805 0.737305 0.001953 0.001953
2 0.564453 0.737305 0.007812 0.001953
2 0.331055 0.941406 0.330078 0.117188
2 0.587891 0.920898 0.003906 0.001953
2 0.596680 0.920898 0.009766 0.001953
2 0.607422 0.919922 0.003906 0.003906
2 0.062500 0.967773 0.125000 0.064453
2 0.643555 0.956055 0.001953 0.001953
2 0.503906 0.993164 0.007812 0.013672
2 0.513672 0.998047 0.003906 0.003906
2 0.563477 0.998047 0.001953 0.003906
