0 0.484375 0.058594 0.042969 0.039062
0 0.556641 0.079102 0.078125 0.052734
0 0.809570 0.204102 0.041016 0.052734
0 0.304688 0.252930 0.027344 0.025391
0 0.645508 0.311523 0.064453 0.056641
0 0.855469 0.339844 0.289062 0.093750
0 0.320312 0.337891 0.027344 0.027344
0 0.315430 0.439453 0.083984 0.078125
0 0.565430 0.434570 0.064453 0.068359
0 0.431641 0.437500 0.062500 0.058594
0 0.733398 0.475586 0.052734 0.052734
0 0.489258 0.570312 0.130859 0.207031
0 0.290039 0.567383 0.076172 0.064453
0 0.887695 0.562500 0.048828 0.035156
0 0.950195 0.565430 0.033203 0.029297
0 0.153320 0.612305 0.080078 0.076172
0 0.374023 0.622070 0.064453 0.056641
0 0.629883 0.646484 0.138672 0.054688
0 0.841797 0.640625 0.058594 0.046875
0 0.750000 0.646484 0.093750 0.042969
0 0.911133 0.652344 0.048828 0.050781
0 0.977539 0.667969 0.044922 0.062500
0 0.205078 0.709961 0.066406 0.056641
0 0.449219 0.767578 0.105469 0.097656
0 0.348633 0.748047 0.041016 0.046875
0 0.589844 0.814453 0.148438 0.089844
0 0.305664 0.856445 0.076172 0.072266
0 0.580078 0.894531 0.042969 0.035156
0 0.218750 0.941406 0.078125 0.117188
0 0.513672 0.939453 0.078125 0.093750
0 0.750977 0.943359 0.087891 0.035156
0 0.023438 0.973633 0.046875 0.052734
0 0.391602 0.974609 0.087891 0.050781
0 0.933594 0.982422 0.132812 0.035156
3 0.500000 0.500000 1.000000 1.000000
3 0.001953 0.102539 0.003906 0.005859
3 0.988281 0.779297 0.023438 0.003906
3 0.527344 0.791016 0.015625 0.011719
3 0.622070 0.811523 0.001953 0.001953
3 0.598633 0.887695 0.005859 0.009766
3 0.222656 0.933594 0.003906 0.003906
3 0.527344 0.942383 0.003906 0.005859
3 0.727539 0.956055 0.001953 0.001953
3 0.846680 0.962891 0.005859 0.003906
3 0.861328 0.962891 0.003906 0.003906
3 0.857422 0.974609 0.027344 0.011719
3 0.776367 0.987305 0.009766 0.005859
3 0.791016 0.987305 0.003906 0.001953
3 0.837891 0.987305 0.003906 0.001953
3 0.856445 0.992188 0.025391 0.015625
3 0.770508 0.994141 0.009766 0.003906
3 0.784180 0.994141 0.005859 0.003906
3 0.800781 0.994141 0.003906 0.003906
3 0.816406 0.994141 0.003906 0.003906
3 0.831055 0.994141 0.005859 0.003906
4 0.166992 0.061523 0.333984 0.123047
4 0.597656 0.717773 0.089844 0.107422
4 0.684570 0.730469 0.080078 0.121094
4 0.833008 0.815430 0.193359 0.291016
4 0.956055 0.823242 0.087891 0.310547
4 0.510742 0.742188 0.080078 0.140625
4 0.536133 0.868164 0.048828 0.060547
4 0.642578 0.873047 0.140625 0.074219
