0 0.808594 0.104492 0.222656 0.208984
0 0.229492 0.083008 0.099609 0.107422
0 0.568359 0.209961 0.152344 0.111328
0 0.282227 0.337891 0.115234 0.039062
0 0.721680 0.370117 0.001953 0.001953
0 0.827148 0.409180 0.345703 0.080078
0 0.962891 0.399414 0.027344 0.021484
0 0.436523 0.881836 0.873047 0.236328
0 0.293945 0.941406 0.009766 0.007812
0 0.876953 0.940430 0.003906 0.001953
0 0.875977 0.955078 0.001953 0.003906
0 0.958984 0.958984 0.007812 0.011719
0 0.972656 0.976562 0.007812 0.031250
0 0.959961 0.991211 0.005859 0.005859
1 0.371094 0.560547 0.140625 0.417969
1 0.857422 0.556641 0.164062 0.152344
1 0.789062 0.795898 0.062500 0.115234
1 0.153320 0.919922 0.306641 0.160156
1 0.015625 0.976562 0.023438 0.042969
1 0.040039 0.980469 0.005859 0.007812
1 0.056641 0.980469 0.003906 0.003906
1 0.049805 0.993164 0.001953 0.001953
2 0.455078 0.076172 0.027344 0.023438
2 0.288086 0.102539 0.052734 0.072266
2 0.549805 0.086914 0.017578 0.037109
2 0.615234 0.096680 0.019531 0.037109
2 0.412109 0.138672 0.031250 0.039062
2 0.276367 0.166992 0.037109 0.025391
2 0.277344 0.203125 0.035156 0.023438
2 0.401367 0.219727 0.060547 0.044922
2 0.860352 0.263672 0.041016 0.089844
2 0.797852 0.265625 0.021484 0.085938
2 0.921875 0.273438 0.039062 0.093750
2 0.983398 0.279297 0.033203 0.093750
5 0.500000 0.191406 1.000000 0.382812
5 0.491211 0.837891 0.982422 0.203125
6 0.167969 0.535156 0.335938 0.433594
6 0.697266 0.620117 0.605469 0.474609
6 0.452148 0.504883 0.001953 0.001953
6 0.425781 0.607422 0.015625 0.003906
6 0.313477 0.622070 0.001953 0.001953
6 0.745117 0.685547 0.005859 0.003906
6 0.779297 0.718750 0.011719 0.015625
6 0.397461 0.715820 0.001953 0.001953
6 0.278320 0.731445 0.001953 0.005859
6 0.725586 0.769531 0.001953 0.003906
6 0.930664 0.809570 0.001953 0.001953
6 0.761719 0.874023 0.007812 0.005859
6 0.190430 0.996094 0.005859 0.007812
