0 0.610352 0.413086 0.076172 0.068359
0 0.698242 0.437500 0.072266 0.054688
0 0.809570 0.723633 0.056641 0.072266
0 0.219727 0.736328 0.439453 0.082031
0 0.499023 0.960938 0.095703 0.078125
1 0.483398 0.254883 0.119141 0.509766
1 0.471680 0.769531 0.943359 0.460938
1 0.897461 0.940430 0.001953 0.001953
1 0.913086 0.956055 0.001953 0.001953
1 0.946289 0.994141 0.001953 0.003906
2 0.344727 0.115234 0.236328 0.230469
2 0.635742 0.135742 0.185547 0.271484
2 0.717773 0.045898 0.083984 0.091797
2 0.831055 0.018555 0.076172 0.037109
2 0.978516 0.026367 0.042969 0.052734
2 0.478516 0.030273 0.027344 0.033203
2 0.113281 0.134766 0.187500 0.207031
2 0.082031 0.059570 0.003906 0.001953
2 0.894531 0.144531 0.125000 0.148438
2 0.771484 0.076172 0.003906 0.003906
2 0.750000 0.112305 0.082031 0.060547
2 0.549805 0.155273 0.001953 0.001953
2 0.774414 0.198242 0.068359 0.076172
2 0.442383 0.174805 0.001953 0.001953
2 0.558594 0.186523 0.007812 0.021484
2 0.562500 0.204102 0.011719 0.009766
2 0.573242 0.226562 0.009766 0.019531
2 0.316406 0.356445 0.164062 0.208984
2 0.670898 0.252930 0.001953 0.001953
2 0.162109 0.320312 0.097656 0.113281
2 0.181641 0.264648 0.003906 0.001953
2 0.191406 0.264648 0.003906 0.001953
2 0.809570 0.291016 0.056641 0.058594
2 0.081055 0.366211 0.072266 0.197266
2 0.687500 0.307617 0.093750 0.056641
2 0.960938 0.379883 0.078125 0.119141
2 0.705078 0.373047 0.078125 0.074219
2 0.543945 0.426758 0.091797 0.099609
2 0.758789 0.496094 0.193359 0.179688
2 0.150391 0.442383 0.050781 0.037109
2 0.599609 0.495117 0.058594 0.056641
2 0.536133 0.477539 0.001953 0.001953
2 0.568359 0.482422 0.003906 0.003906
2 0.559570 0.492188 0.005859 0.003906
2 0.862305 0.494141 0.005859 0.007812
2 0.645508 0.520508 0.048828 0.048828
2 0.774414 0.651367 0.119141 0.103516
2 0.915039 0.774414 0.150391 0.083984
2 0.267578 0.903320 0.152344 0.177734
2 0.262695 0.815430 0.001953 0.001953
2 0.272461 0.817383 0.013672 0.005859
2 0.072266 0.910156 0.144531 0.179688
2 0.173828 0.892578 0.050781 0.132812
2 0.214844 0.872070 0.011719 0.005859
2 0.228516 0.873047 0.003906 0.003906
2 0.396484 0.936523 0.140625 0.126953
2 0.595703 0.986328 0.050781 0.027344
5 0.500000 0.500000 1.000000 1.000000
5 0.587891 0.276367 0.167969 0.291016
5 0.502930 0.141602 0.001953 0.001953
5 0.237305 0.888672 0.474609 0.222656
