0 0.486328 0.157227 0.429688 0.306641
0 0.502930 0.135742 0.001953 0.001953
0 0.563477 0.337891 0.404297 0.164062
0 0.627930 0.465820 0.701172 0.251953
0 0.637695 0.727539 0.724609 0.544922
0 0.208008 0.904297 0.216797 0.191406
0 0.055664 0.922852 0.111328 0.154297
0 0.017578 0.996094 0.003906 0.007812
0 0.992188 0.996094 0.007812 0.007812
1 0.819336 0.037109 0.361328 0.074219
2 0.181641 0.027344 0.062500 0.054688
2 0.117188 0.040039 0.078125 0.056641
2 0.054688 0.076172 0.085938 0.105469
2 0.156250 0.082031 0.109375 0.058594
2 0.296875 0.083008 0.058594 0.048828
2 0.024414 0.118164 0.048828 0.056641
2 0.289062 0.134766 0.054688 0.054688
2 0.188477 0.196289 0.064453 0.111328
2 0.124023 0.208008 0.068359 0.103516
2 0.066406 0.217773 0.070312 0.099609
2 0.021484 0.233398 0.042969 0.095703
2 0.191406 0.312500 0.054688 0.054688
2 0.124023 0.356445 0.060547 0.103516
2 0.050781 0.375977 0.101562 0.111328
2 0.344727 0.351562 0.060547 0.046875
2 0.185547 0.368164 0.050781 0.052734
2 0.165039 0.466797 0.115234 0.062500
2 0.078125 0.481445 0.058594 0.056641
2 0.078125 0.527344 0.156250 0.113281
2 0.188477 0.518555 0.068359 0.068359
2 0.347656 0.545898 0.066406 0.068359
2 0.163086 0.659180 0.138672 0.142578
2 0.066406 0.642578 0.054688 0.058594
2 0.013672 0.655273 0.027344 0.056641
2 0.196289 0.782227 0.052734 0.060547
2 0.123047 0.801758 0.054688 0.056641
4 0.828125 0.261719 0.343750 0.292969
5 0.320312 0.500000 0.640625 1.000000
5 0.542969 0.107422 0.007812 0.003906
5 0.570312 0.128906 0.019531 0.007812
5 0.588867 0.379883 0.498047 0.146484
5 0.635742 0.521484 0.728516 0.207031
5 0.331055 0.435547 0.005859 0.003906
5 0.332031 0.454102 0.003906 0.001953
5 0.104492 0.921875 0.080078 0.156250
