2 0.068359 0.115234 0.097656 0.230469
2 0.170898 0.034180 0.072266 0.068359
2 0.459961 0.035156 0.080078 0.070312
2 0.884766 0.291016 0.230469 0.562500
2 0.647461 0.101562 0.103516 0.144531
2 0.453125 0.090820 0.015625 0.005859
2 0.440430 0.090820 0.001953 0.001953
2 0.415039 0.175781 0.076172 0.117188
2 0.684570 0.196289 0.037109 0.013672
2 0.112305 0.235352 0.064453 0.060547
2 0.619141 0.330078 0.148438 0.207031
2 0.270508 0.248047 0.017578 0.003906
2 0.260742 0.285156 0.060547 0.066406
2 0.429688 0.364258 0.171875 0.095703
2 0.379883 0.688477 0.228516 0.330078
2 0.598633 0.631836 0.044922 0.060547
2 0.581055 0.657227 0.001953 0.001953
2 0.517578 0.774414 0.152344 0.220703
2 0.762695 0.838867 0.177734 0.322266
2 0.065430 0.817383 0.103516 0.123047
2 0.589844 0.821289 0.082031 0.111328
2 0.907227 0.905273 0.080078 0.189453
2 0.419922 0.929688 0.175781 0.097656
2 0.672852 0.893555 0.001953 0.001953
2 0.672852 0.911133 0.013672 0.025391
2 0.072266 0.953125 0.144531 0.093750
2 0.722656 0.958984 0.003906 0.003906
2 0.739258 0.958984 0.005859 0.003906
2 0.723633 0.967773 0.001953 0.001953
2 0.723633 0.973633 0.005859 0.005859
2 0.708008 0.973633 0.001953 0.001953
2 0.815430 0.974609 0.009766 0.003906
2 0.692383 0.993164 0.001953 0.001953
4 0.250977 0.722656 0.138672 0.554688
4 0.205078 0.691406 0.007812 0.007812
4 0.254883 0.752930 0.001953 0.001953
4 0.186523 0.783203 0.009766 0.011719
4 0.185547 0.800781 0.003906 0.003906
5 0.500000 0.497070 1.000000 0.451172
