0 0.799805 0.243164 0.236328 0.349609
0 0.727539 0.100586 0.001953 0.001953
0 0.694336 0.184570 0.001953 0.001953
0 0.072266 0.484375 0.078125 0.097656
0 0.110352 0.795898 0.220703 0.349609
0 0.208984 0.771484 0.003906 0.003906
0 0.215820 0.772461 0.001953 0.005859
0 0.211914 0.785156 0.009766 0.003906
0 0.450195 0.856445 0.099609 0.095703
2 0.736328 0.092773 0.023438 0.021484
2 0.738281 0.144531 0.093750 0.101562
2 0.751953 0.099609 0.003906 0.003906
2 0.736328 0.106445 0.003906 0.001953
2 0.751953 0.107422 0.003906 0.003906
2 0.644531 0.142578 0.078125 0.058594
2 0.540039 0.143555 0.080078 0.052734
2 0.774414 0.127930 0.001953 0.001953
2 0.213867 0.169922 0.060547 0.058594
2 0.354492 0.178711 0.068359 0.076172
2 0.135742 0.177734 0.048828 0.050781
2 0.791992 0.159180 0.001953 0.001953
2 0.791992 0.166992 0.001953 0.001953
2 0.791016 0.174805 0.003906 0.005859
2 0.539062 0.211914 0.097656 0.056641
2 0.638672 0.215820 0.058594 0.060547
2 0.407227 0.261719 0.072266 0.050781
2 0.558594 0.282227 0.070312 0.056641
2 0.239258 0.296875 0.052734 0.058594
2 0.172852 0.305664 0.044922 0.060547
2 0.652344 0.298828 0.058594 0.050781
2 0.557617 0.352539 0.072266 0.052734
2 0.236328 0.372070 0.066406 0.052734
2 0.655273 0.375977 0.056641 0.056641
2 0.429688 0.375977 0.066406 0.048828
2 0.571289 0.422852 0.076172 0.052734
2 0.246094 0.437500 0.082031 0.050781
2 0.750000 0.451172 0.058594 0.062500
2 0.430664 0.487305 0.126953 0.076172
2 0.268555 0.496094 0.072266 0.050781
2 0.593750 0.522461 0.078125 0.052734
2 0.762695 0.526367 0.072266 0.048828
2 0.879883 0.573242 0.150391 0.119141
2 0.282227 0.557617 0.072266 0.048828
2 0.600586 0.593750 0.068359 0.054688
2 0.333008 0.635742 0.115234 0.064453
2 0.609375 0.666016 0.062500 0.058594
2 0.837891 0.745117 0.179688 0.154297
2 0.892578 0.744141 0.003906 0.011719
2 0.918945 0.768555 0.021484 0.009766
2 0.917969 0.828125 0.007812 0.007812
2 0.197266 0.889648 0.062500 0.060547
5 0.495117 0.502930 0.990234 0.994141
5 0.149414 0.970703 0.298828 0.058594
