0 0.816406 0.163086 0.058594 0.052734
0 0.358398 0.218750 0.068359 0.070312
0 0.803711 0.261719 0.064453 0.054688
0 0.142578 0.374023 0.089844 0.091797
0 0.223633 0.378906 0.056641 0.054688
0 0.050781 0.458008 0.101562 0.158203
0 0.729492 0.455078 0.146484 0.148438
0 0.334961 0.428711 0.087891 0.087891
0 0.197266 0.443359 0.074219 0.070312
0 0.260742 0.495117 0.076172 0.056641
0 0.186523 0.514648 0.056641 0.060547
0 0.335938 0.505859 0.042969 0.035156
0 0.618164 0.744141 0.431641 0.511719
0 0.320312 0.547852 0.031250 0.044922
0 0.247070 0.578125 0.107422 0.070312
0 0.179688 0.690430 0.058594 0.060547
0 0.077148 0.876953 0.130859 0.105469
2 0.526367 0.098633 0.111328 0.197266
2 0.211914 0.095703 0.228516 0.085938
2 0.180664 0.238281 0.212891 0.078125
2 0.936523 0.311523 0.115234 0.107422
2 0.616211 0.349609 0.115234 0.078125
2 0.921875 0.502930 0.093750 0.134766
2 0.127930 0.516602 0.087891 0.072266
2 0.277344 0.547852 0.054688 0.056641
2 0.963867 0.628906 0.068359 0.078125
2 0.891602 0.650391 0.064453 0.046875
2 0.233398 0.746094 0.021484 0.023438
2 0.255859 0.745117 0.003906 0.001953
4 0.785156 0.140625 0.429688 0.281250
4 0.545898 0.033203 0.005859 0.035156
4 0.545898 0.059570 0.001953 0.001953
4 0.549805 0.079102 0.005859 0.021484
4 0.569336 0.129883 0.001953 0.001953
4 0.573242 0.145508 0.001953 0.001953
5 0.236328 0.500000 0.472656 1.000000
5 0.772461 0.342773 0.455078 0.685547
