0 0.865234 0.164062 0.132812 0.078125
2 0.870117 0.029297 0.083984 0.058594
2 0.472656 0.056641 0.296875 0.093750
2 0.483398 0.178711 0.302734 0.150391
2 0.520508 0.420898 0.107422 0.048828
2 0.840820 0.497070 0.083984 0.123047
2 0.688477 0.454102 0.115234 0.029297
2 0.369141 0.753906 0.250000 0.335938
2 0.981445 0.618164 0.037109 0.048828
2 0.618164 0.730469 0.076172 0.144531
2 0.492188 0.677734 0.007812 0.003906
2 0.905273 0.825195 0.181641 0.283203
2 0.498047 0.692383 0.015625 0.009766
2 0.494141 0.701172 0.003906 0.003906
2 0.495117 0.708008 0.009766 0.005859
2 0.486328 0.723633 0.011719 0.009766
2 0.727539 0.745117 0.033203 0.041016
2 0.497070 0.741211 0.001953 0.005859
2 0.497070 0.752930 0.001953 0.001953
2 0.723633 0.789062 0.029297 0.023438
2 0.156250 0.879883 0.203125 0.166016
2 0.607422 0.838867 0.066406 0.041016
2 0.481445 0.831055 0.001953 0.001953
2 0.955078 0.831055 0.003906 0.001953
2 0.714844 0.859375 0.031250 0.035156
2 0.912109 0.844727 0.003906 0.009766
2 0.476562 0.845703 0.007812 0.003906
2 0.458008 0.850586 0.005859 0.005859
2 0.471680 0.873047 0.013672 0.027344
2 0.583008 0.902344 0.037109 0.062500
2 0.925781 0.887695 0.007812 0.009766
2 0.465820 0.891602 0.001953 0.001953
2 0.442383 0.901367 0.001953 0.001953
2 0.904297 0.903320 0.003906 0.005859
2 0.259766 0.917969 0.007812 0.007812
2 0.911133 0.961914 0.001953 0.001953
3 0.179688 0.260742 0.359375 0.521484
5 0.753906 0.500000 0.492188 1.000000
