0 0.500000 0.500000 1.000000 1.000000
0 0.148438 0.729492 0.015625 0.013672
0 0.182617 0.756836 0.001953 0.001953
0 0.197266 0.754883 0.003906 0.001953
0 0.158203 0.767578 0.023438 0.015625
0 0.172852 0.758789 0.001953 0.001953
0 0.583008 0.799805 0.001953 0.001953
0 0.489258 0.870117 0.005859 0.005859
0 0.473633 0.887695 0.001953 0.001953
0 0.486328 0.902344 0.003906 0.003906
0 0.076172 0.909180 0.003906 0.005859
0 0.333008 0.918945 0.001953 0.005859
0 0.490234 0.918945 0.003906 0.005859
0 0.505859 0.916016 0.003906 0.003906
0 0.361328 0.959961 0.097656 0.080078
0 0.318359 0.925781 0.011719 0.007812
0 0.501953 0.949219 0.003906 0.007812
0 0.504883 0.964844 0.001953 0.003906
0 0.317383 0.965820 0.001953 0.001953
0 0.412109 0.970703 0.003906 0.003906
0 0.417969 0.988281 0.007812 0.023438
0 0.412109 0.996094 0.003906 0.007812
0 0.504883 0.994141 0.005859 0.003906
2 0.358398 0.588867 0.080078 0.041016
2 0.053711 0.617188 0.056641 0.039062
2 0.193359 0.635742 0.046875 0.048828
2 0.358398 0.632812 0.083984 0.039062
2 0.062500 0.658203 0.054688 0.046875
2 0.354492 0.673828 0.025391 0.035156
2 0.187500 0.697266 0.058594 0.035156
2 0.393555 0.708984 0.080078 0.054688
2 0.190430 0.750000 0.095703 0.089844
2 0.296875 0.737305 0.062500 0.037109
2 0.259766 0.734375 0.003906 0.003906
2 0.260742 0.748047 0.001953 0.011719
2 0.070312 0.775391 0.062500 0.039062
2 0.402344 0.781250 0.082031 0.054688
2 0.205078 0.827148 0.058594 0.060547
2 0.095703 0.849609 0.054688 0.042969
4 0.283203 0.913086 0.460938 0.173828
4 0.350586 0.928711 0.001953 0.001953
4 0.370117 0.948242 0.001953 0.001953
5 0.130859 0.702148 0.093750 0.263672
