0 0.516602 0.424805 0.095703 0.091797
0 0.149414 0.527344 0.197266 0.117188
0 0.240234 0.479492 0.003906 0.001953
0 0.053711 0.482422 0.001953 0.003906
0 0.059570 0.482422 0.001953 0.003906
0 0.304688 0.803711 0.218750 0.212891
0 0.740234 0.832031 0.203125 0.246094
0 0.347656 0.729492 0.011719 0.009766
0 0.401367 0.730469 0.005859 0.003906
0 0.357422 0.732422 0.003906 0.003906
0 0.353516 0.746094 0.011719 0.007812
0 0.410156 0.753906 0.003906 0.007812
0 0.670898 0.797852 0.005859 0.009766
0 0.654297 0.801758 0.003906 0.005859
0 0.776367 0.876953 0.001953 0.003906
2 0.045898 0.053711 0.091797 0.107422
2 0.263672 0.033203 0.113281 0.066406
2 0.604492 0.044922 0.095703 0.089844
2 0.960938 0.091797 0.078125 0.183594
2 0.453125 0.046875 0.082031 0.070312
2 0.167969 0.051758 0.070312 0.068359
2 0.272461 0.097656 0.138672 0.058594
2 0.739258 0.115234 0.087891 0.085938
2 0.469727 0.157227 0.134766 0.158203
2 0.286133 0.118164 0.072266 0.029297
2 0.596680 0.137695 0.044922 0.060547
2 0.861328 0.138672 0.039062 0.058594
2 0.274414 0.168945 0.142578 0.068359
2 0.038086 0.163086 0.076172 0.037109
2 0.378906 0.171875 0.062500 0.050781
2 0.430664 0.165039 0.033203 0.037109
2 0.630859 0.190430 0.050781 0.037109
2 0.895508 0.207031 0.044922 0.042969
2 0.386719 0.227539 0.054688 0.044922
2 0.670898 0.250000 0.185547 0.078125
2 0.981445 0.288086 0.037109 0.146484
2 0.022461 0.245117 0.044922 0.037109
2 0.920898 0.227539 0.001953 0.001953
2 0.110352 0.265625 0.044922 0.062500
2 0.345703 0.286133 0.097656 0.080078
2 0.885742 0.282227 0.048828 0.033203
2 0.684570 0.285156 0.001953 0.003906
2 0.700195 0.285156 0.005859 0.003906
2 0.661133 0.291992 0.005859 0.001953
2 0.677734 0.291992 0.011719 0.001953
2 0.692383 0.291992 0.009766 0.001953
2 0.721680 0.291992 0.001953 0.001953
2 0.811523 0.317383 0.025391 0.044922
2 0.513672 0.312500 0.054688 0.031250
2 0.714844 0.325195 0.078125 0.044922
2 0.731445 0.301758 0.001953 0.001953
2 0.867188 0.320312 0.050781 0.039062
2 0.019531 0.311523 0.039062 0.009766
2 0.067383 0.385742 0.134766 0.158203
2 0.651367 0.358398 0.107422 0.064453
2 0.416016 0.358398 0.066406 0.048828
2 0.513672 0.369141 0.050781 0.039062
2 0.749023 0.371094 0.080078 0.035156
2 0.883789 0.457031 0.072266 0.066406
2 0.808594 0.470703 0.070312 0.046875
2 0.337891 0.497070 0.074219 0.087891
2 0.631836 0.469727 0.037109 0.033203
2 0.180664 0.473633 0.029297 0.033203
2 0.742188 0.483398 0.062500 0.048828
2 0.540039 0.525391 0.060547 0.062500
2 0.427734 0.515625 0.042969 0.031250
2 0.642578 0.531250 0.050781 0.054688
2 0.839844 0.542969 0.054688 0.027344
2 0.353516 0.570312 0.046875 0.042969
2 0.269531 0.588867 0.058594 0.056641
2 0.455078 0.610352 0.238281 0.083984
2 0.915039 0.596680 0.072266 0.056641
2 0.109375 0.623047 0.093750 0.093750
2 0.664062 0.602539 0.070312 0.056641
2 0.796875 0.610352 0.062500 0.044922
2 0.267578 0.678711 0.140625 0.083984
2 0.550781 0.689453 0.058594 0.078125
2 0.876953 0.661133 0.011719 0.009766
2 0.835938 0.711914 0.054688 0.083984
2 0.948242 0.696289 0.052734 0.052734
2 0.039062 0.717773 0.078125 0.083984
2 0.701172 0.692383 0.054688 0.033203
2 0.111328 0.719727 0.058594 0.080078
2 0.436523 0.732422 0.048828 0.054688
2 0.491211 0.718750 0.037109 0.031250
2 0.164062 0.767578 0.089844 0.070312
2 0.872070 0.852539 0.064453 0.197266
2 0.478516 0.815430 0.058594 0.107422
2 0.756836 0.791016 0.076172 0.054688
2 0.127930 0.776367 0.009766 0.001953
2 0.556641 0.812500 0.085938 0.042969
2 0.428711 0.896484 0.115234 0.156250
2 0.440430 0.831055 0.001953 0.001953
2 0.725586 0.850586 0.041016 0.044922
2 0.585938 0.891602 0.039062 0.068359
2 0.504883 0.936523 0.072266 0.126953
2 0.671875 0.897461 0.042969 0.041016
2 0.931641 0.893555 0.062500 0.037109
2 0.236328 0.901367 0.027344 0.037109
2 0.155273 0.954102 0.060547 0.091797
2 0.304688 0.928711 0.046875 0.041016
2 0.231445 0.960938 0.068359 0.078125
2 0.805664 0.957031 0.052734 0.066406
2 0.710938 0.961914 0.046875 0.064453
2 0.584961 0.964844 0.029297 0.031250
2 0.069336 0.978516 0.076172 0.042969
4 0.391602 0.424805 0.158203 0.091797
5 0.330078 0.500000 0.660156 1.000000
5 0.905273 0.114258 0.048828 0.228516
