0 0.707031 0.463867 0.136719 0.072266
0 0.475586 0.516602 0.068359 0.048828
0 0.692383 0.507812 0.005859 0.007812
0 0.706055 0.506836 0.005859 0.005859
0 0.700195 0.594727 0.068359 0.060547
0 0.828125 0.602539 0.066406 0.037109
0 0.484375 0.610352 0.050781 0.048828
0 0.950195 0.610352 0.068359 0.037109
0 0.511719 0.700195 0.265625 0.126953
0 0.360352 0.691406 0.033203 0.074219
0 0.356445 0.674805 0.001953 0.001953
0 0.257812 0.917969 0.515625 0.164062
0 0.598633 0.856445 0.044922 0.041016
0 0.401367 0.901367 0.001953 0.001953
2 0.574219 0.481445 0.132812 0.146484
2 0.268555 0.547852 0.138672 0.111328
2 0.960938 0.576172 0.078125 0.046875
2 0.690430 0.645508 0.103516 0.041016
2 0.792969 0.653320 0.050781 0.037109
2 0.791016 0.699219 0.046875 0.035156
2 0.953125 0.704102 0.058594 0.037109
2 0.652344 0.753906 0.078125 0.046875
2 0.929688 0.801758 0.050781 0.076172
2 0.736328 0.798828 0.093750 0.039062
2 0.067383 0.828125 0.099609 0.054688
2 0.750977 0.847656 0.150391 0.050781
2 0.500977 0.876953 0.166016 0.078125
2 0.920898 0.866211 0.072266 0.044922
2 0.271484 0.881836 0.101562 0.068359
2 0.317383 0.853516 0.001953 0.003906
2 0.757812 0.929688 0.070312 0.039062
2 0.913086 0.952148 0.083984 0.056641
2 0.769531 0.968750 0.074219 0.031250
2 0.963867 0.966797 0.005859 0.003906
2 0.933594 0.991211 0.003906 0.005859
4 0.462891 0.303711 0.925781 0.607422
4 0.980469 0.133789 0.039062 0.267578
4 0.972656 0.270508 0.003906 0.005859
4 0.978516 0.313477 0.042969 0.068359
4 0.994141 0.317383 0.003906 0.009766
4 0.965820 0.354492 0.005859 0.005859
4 0.494141 0.451172 0.003906 0.003906
4 0.752930 0.493164 0.005859 0.005859
4 0.728516 0.495117 0.019531 0.005859
4 0.753906 0.507812 0.003906 0.007812
4 0.492188 0.787109 0.226562 0.085938
4 0.991211 0.990234 0.009766 0.011719
5 0.900391 0.500000 0.167969 1.000000
