0 0.103516 0.228516 0.207031 0.457031
0 0.329102 0.110352 0.060547 0.142578
0 0.663086 0.310547 0.419922 0.312500
0 0.941406 0.291992 0.117188 0.150391
0 0.183594 0.487305 0.367188 0.244141
0 0.585938 0.516602 0.058594 0.048828
0 0.893555 0.603516 0.099609 0.113281
0 0.678711 0.610352 0.091797 0.080078
0 0.195312 0.631836 0.054688 0.072266
0 0.061523 0.663086 0.123047 0.123047
0 0.778320 0.734375 0.166016 0.207031
0 0.923828 0.714844 0.042969 0.062500
0 0.641602 0.812500 0.072266 0.093750
0 0.615234 0.947266 0.160156 0.089844
1 0.897461 0.898438 0.087891 0.093750
2 0.681641 0.085938 0.050781 0.058594
2 0.750977 0.094727 0.083984 0.076172
2 0.832031 0.166992 0.054688 0.056641
2 0.957031 0.175781 0.085938 0.066406
2 0.772461 0.196289 0.037109 0.044922
2 0.813477 0.269531 0.080078 0.042969
2 0.559570 0.549805 0.134766 0.119141
2 0.825195 0.569336 0.048828 0.048828
2 0.110352 0.628906 0.083984 0.070312
2 0.534180 0.622070 0.044922 0.048828
2 0.583008 0.734375 0.146484 0.082031
2 0.501953 0.785156 0.082031 0.121094
2 0.706055 0.761719 0.064453 0.078125
2 0.424805 0.748047 0.037109 0.042969
2 0.372070 0.751953 0.029297 0.042969
2 0.295898 0.798828 0.095703 0.113281
2 0.121094 0.795898 0.050781 0.072266
2 0.168945 0.836914 0.068359 0.138672
2 0.833984 0.826172 0.054688 0.054688
2 0.735352 0.845703 0.048828 0.050781
2 0.106445 0.866211 0.056641 0.056641
2 0.298828 0.911133 0.140625 0.076172
2 0.494141 0.928711 0.050781 0.072266
2 0.113281 0.917969 0.066406 0.046875
2 0.045898 0.948242 0.056641 0.083984
2 0.291992 0.971680 0.142578 0.056641
4 0.413086 0.199219 0.208984 0.289062
5 0.577148 0.206055 0.845703 0.412109
5 0.235352 0.333984 0.357422 0.082031
5 0.443359 0.398438 0.039062 0.039062
5 0.530273 0.472656 0.072266 0.058594
5 0.422852 0.722656 0.845703 0.554688
