0 0.245117 0.057617 0.091797 0.068359
0 0.568359 0.119141 0.121094 0.085938
0 0.340820 0.256836 0.162109 0.220703
0 0.271484 0.338867 0.050781 0.052734
0 0.027344 0.357422 0.054688 0.058594
0 0.377930 0.336914 0.001953 0.001953
0 0.282227 0.409180 0.060547 0.029297
2 0.755859 0.057617 0.175781 0.115234
2 0.648438 0.035156 0.046875 0.039062
2 0.763672 0.144531 0.218750 0.132812
2 0.251953 0.231445 0.105469 0.087891
2 0.675781 0.291016 0.089844 0.136719
2 0.585938 0.288086 0.082031 0.107422
2 0.021484 0.270508 0.042969 0.064453
2 0.546875 0.256836 0.003906 0.001953
2 0.553711 0.256836 0.005859 0.001953
2 0.134766 0.304688 0.066406 0.089844
2 0.500977 0.319336 0.060547 0.056641
2 0.389648 0.364258 0.095703 0.076172
2 0.541992 0.378906 0.146484 0.066406
2 0.127930 0.448242 0.154297 0.142578
2 0.703125 0.403320 0.062500 0.048828
2 0.277344 0.454102 0.109375 0.044922
2 0.596680 0.454102 0.056641 0.048828
2 0.722656 0.497070 0.085938 0.119141
2 0.024414 0.475586 0.048828 0.056641
2 0.415039 0.490234 0.103516 0.066406
2 0.319336 0.504883 0.048828 0.044922
2 0.200195 0.517578 0.068359 0.046875
2 0.592773 0.564453 0.162109 0.136719
2 0.020508 0.546875 0.041016 0.058594
2 0.378906 0.560547 0.140625 0.070312
2 0.215820 0.564453 0.083984 0.042969
2 0.741211 0.584961 0.072266 0.048828
2 0.394531 0.627930 0.175781 0.087891
2 0.250000 0.619141 0.058594 0.050781
2 0.606445 0.612305 0.001953 0.001953
2 0.616211 0.612305 0.005859 0.001953
2 0.612305 0.624023 0.025391 0.009766
2 0.635742 0.626953 0.009766 0.003906
2 0.768555 0.730469 0.087891 0.199219
2 0.614258 0.683594 0.107422 0.058594
2 0.352539 0.746094 0.072266 0.070312
2 0.460938 0.736328 0.058594 0.050781
2 0.654297 0.750977 0.062500 0.072266
2 0.583008 0.748047 0.080078 0.039062
2 0.454102 0.811523 0.138672 0.091797
2 0.627930 0.816406 0.142578 0.054688
2 0.800781 0.899414 0.082031 0.142578
2 0.473633 0.946289 0.150391 0.107422
2 0.686523 0.948242 0.119141 0.103516
2 0.601562 0.959961 0.062500 0.080078
2 0.914062 0.969727 0.140625 0.060547
2 0.542969 0.950195 0.003906 0.001953
4 0.188477 0.773438 0.376953 0.453125
4 0.095703 0.958008 0.003906 0.001953
4 0.012695 0.980469 0.005859 0.011719
4 0.027344 0.980469 0.003906 0.003906
4 0.012695 0.995117 0.001953 0.005859
5 0.079102 0.040039 0.158203 0.080078
5 0.118164 0.063477 0.232422 0.126953
5 0.597656 0.500000 0.703125 1.000000
6 0.844727 0.500000 0.310547 1.000000
6 0.416016 0.102539 0.183594 0.189453
6 0.836914 0.079102 0.029297 0.025391
6 0.806641 0.093750 0.031250 0.015625
6 0.761719 0.114258 0.058594 0.029297
6 0.793945 0.110352 0.001953 0.001953
