1 0.333008 0.220703 0.666016 0.425781
1 0.036133 0.441406 0.033203 0.007812
1 0.364258 0.778320 0.025391 0.025391
2 0.802734 0.091797 0.140625 0.078125
2 0.786133 0.129883 0.001953 0.001953
2 0.853516 0.162109 0.039062 0.039062
2 0.967773 0.227539 0.064453 0.068359
2 0.665039 0.354492 0.037109 0.029297
2 0.482422 0.380859 0.089844 0.062500
2 0.547852 0.368164 0.037109 0.041016
2 0.957031 0.381836 0.085938 0.048828
2 0.697266 0.409180 0.042969 0.041016
2 0.623047 0.524414 0.160156 0.134766
2 0.408203 0.557617 0.078125 0.068359
2 0.645508 0.558594 0.005859 0.007812
2 0.888672 0.601562 0.062500 0.078125
2 0.975586 0.589844 0.048828 0.046875
2 0.244141 0.640625 0.066406 0.062500
2 0.978516 0.712891 0.042969 0.152344
2 0.802734 0.685547 0.042969 0.046875
2 0.860352 0.725586 0.037109 0.037109
2 0.799805 0.747070 0.060547 0.060547
2 0.900391 0.736328 0.027344 0.042969
2 0.119141 0.877930 0.046875 0.115234
2 0.015625 0.890625 0.031250 0.039062
2 0.013672 0.955078 0.027344 0.066406
2 0.116211 0.966797 0.048828 0.054688
5 0.500000 0.499023 1.000000 0.998047
