0 0.170898 0.120117 0.111328 0.162109
0 0.862305 0.213867 0.138672 0.107422
0 0.465820 0.256836 0.123047 0.138672
0 0.872070 0.456055 0.130859 0.158203
0 0.370117 0.515625 0.080078 0.136719
0 0.109375 0.714844 0.218750 0.414062
0 0.672852 0.593750 0.119141 0.105469
0 0.878906 0.675781 0.128906 0.160156
0 0.574219 0.839844 0.046875 0.058594
2 0.510742 0.094727 0.185547 0.189453
2 0.742188 0.021484 0.054688 0.042969
2 0.664062 0.110352 0.093750 0.142578
2 0.751953 0.128906 0.046875 0.035156
2 0.503906 0.167969 0.007812 0.007812
2 0.749023 0.285156 0.056641 0.062500
2 0.543945 0.387695 0.037109 0.056641
2 0.610352 0.376953 0.037109 0.031250
2 0.708984 0.400391 0.210938 0.078125
2 0.929688 0.379883 0.058594 0.037109
2 0.411133 0.428711 0.087891 0.130859
2 0.477539 0.375000 0.041016 0.023438
2 0.277344 0.408203 0.070312 0.082031
2 0.099609 0.398438 0.035156 0.039062
2 0.197266 0.415039 0.078125 0.068359
2 0.479492 0.423828 0.033203 0.062500
2 0.706055 0.419922 0.001953 0.003906
2 0.578125 0.448242 0.050781 0.048828
2 0.104492 0.476562 0.080078 0.085938
2 0.280273 0.490234 0.064453 0.078125
2 0.221680 0.492188 0.037109 0.039062
2 0.962891 0.509766 0.074219 0.066406
2 0.442383 0.518555 0.048828 0.044922
2 0.491211 0.521484 0.052734 0.050781
2 0.771484 0.562500 0.074219 0.042969
2 0.504883 0.578125 0.068359 0.046875
2 0.573242 0.593750 0.037109 0.039062
2 0.737305 0.606445 0.033203 0.041016
2 0.788086 0.610352 0.033203 0.037109
2 0.577148 0.634766 0.041016 0.039062
2 0.321289 0.692383 0.107422 0.064453
2 0.786133 0.701172 0.060547 0.074219
2 0.145508 0.773438 0.076172 0.089844
2 0.359375 0.767578 0.058594 0.082031
2 0.247070 0.747070 0.048828 0.033203
2 0.435547 0.805664 0.093750 0.115234
2 0.907227 0.790039 0.060547 0.037109
2 0.252930 0.811523 0.056641 0.056641
2 0.793945 0.807617 0.064453 0.041016
2 0.627930 0.816406 0.041016 0.046875
2 0.700195 0.817383 0.041016 0.041016
2 0.984375 0.864258 0.031250 0.060547
2 0.353516 0.863281 0.039062 0.054688
2 0.264648 0.867188 0.037109 0.050781
2 0.795898 0.890625 0.033203 0.066406
2 0.742188 0.886719 0.035156 0.050781
2 0.563477 0.945312 0.130859 0.109375
2 0.109375 0.972656 0.078125 0.054688
2 0.283203 0.984375 0.050781 0.031250
3 0.678711 0.250000 0.091797 0.136719
4 0.462891 0.119141 0.101562 0.140625
4 0.724609 0.475586 0.167969 0.072266
4 0.970703 0.708008 0.050781 0.134766
5 0.814453 0.079102 0.031250 0.158203
5 0.500000 0.576172 1.000000 0.632812
5 0.500000 0.877930 1.000000 0.154297
