0 0.214844 0.105469 0.429688 0.210938
0 0.882812 0.136719 0.117188 0.273438
0 0.926758 0.041992 0.001953 0.001953
0 0.630859 0.147461 0.078125 0.099609
0 0.493164 0.169922 0.041016 0.046875
0 0.588867 0.229492 0.158203 0.107422
0 0.316406 0.206055 0.007812 0.005859
0 0.202148 0.449219 0.111328 0.113281
0 0.491211 0.456055 0.064453 0.056641
0 0.605469 0.496094 0.058594 0.085938
0 0.798828 0.741211 0.402344 0.517578
0 0.213867 0.779297 0.119141 0.441406
0 0.283203 0.589844 0.003906 0.003906
0 0.563477 0.803711 0.080078 0.392578
0 0.586914 0.884766 0.001953 0.003906
0 0.996094 0.994141 0.007812 0.003906
1 0.032227 0.556641 0.064453 0.152344
2 0.980469 0.009766 0.003906 0.003906
2 0.972656 0.034180 0.023438 0.005859
2 0.965820 0.126953 0.068359 0.171875
2 0.548828 0.163086 0.070312 0.041016
2 0.205078 0.208984 0.144531 0.101562
2 0.405273 0.209961 0.111328 0.041016
2 0.470703 0.199219 0.003906 0.007812
2 0.046875 0.274414 0.039062 0.091797
2 0.754883 0.260742 0.130859 0.068359
2 0.344727 0.296875 0.158203 0.132812
2 0.112305 0.281250 0.041016 0.093750
2 0.541992 0.330078 0.068359 0.042969
2 0.084961 0.403320 0.037109 0.029297
2 0.343750 0.442383 0.179688 0.056641
2 0.190430 0.512695 0.091797 0.126953
5 0.500000 0.617188 1.000000 0.765625
6 0.338867 0.482422 0.009766 0.003906
6 0.395508 0.741211 0.294922 0.517578
6 0.399414 0.483398 0.001953 0.001953
6 0.494141 0.615234 0.003906 0.003906
6 0.494141 0.623047 0.003906 0.003906
