0 0.244141 0.218750 0.304688 0.437500
0 0.725586 0.249023 0.279297 0.498047
0 0.055664 0.163086 0.005859 0.001953
0 0.037109 0.166992 0.003906 0.001953
0 0.044922 0.166992 0.003906 0.001953
0 0.029297 0.178711 0.027344 0.005859
0 0.487305 0.687500 0.974609 0.625000
0 0.100586 0.379883 0.001953 0.001953
0 0.208984 0.396484 0.003906 0.003906
0 0.215820 0.396484 0.001953 0.003906
0 0.921875 0.461914 0.109375 0.095703
0 0.772461 0.529297 0.005859 0.003906
0 0.776367 0.550781 0.013672 0.035156
0 0.787109 0.543945 0.003906 0.001953
0 0.759766 0.609375 0.093750 0.085938
0 0.465820 0.583008 0.001953 0.001953
0 0.822266 0.783203 0.171875 0.140625
0 0.948242 0.864258 0.021484 0.005859
0 0.993164 0.962891 0.013672 0.011719
0 0.961914 0.973633 0.005859 0.005859
0 0.963867 0.993164 0.001953 0.001953
0 0.979492 0.993164 0.001953 0.001953
2 0.857422 0.040039 0.070312 0.080078
2 0.965820 0.179688 0.068359 0.136719
2 0.896484 0.276367 0.042969 0.064453
2 0.959961 0.314453 0.041016 0.054688
2 0.949219 0.383789 0.085938 0.083984
2 0.857422 0.558594 0.050781 0.039062
4 0.089844 0.083008 0.179688 0.166016
4 0.388672 0.207031 0.425781 0.414062
4 0.119141 0.247070 0.238281 0.244141
4 0.666992 0.714844 0.291016 0.281250
4 0.651367 0.576172 0.005859 0.003906
4 0.643555 0.580078 0.001953 0.003906
4 0.659180 0.581055 0.005859 0.005859
4 0.686523 0.592773 0.044922 0.029297
4 0.659180 0.586914 0.001953 0.001953
