0 0.233398 0.073242 0.298828 0.146484
0 0.625000 0.132812 0.097656 0.097656
0 0.447266 0.153320 0.148438 0.099609
0 0.661133 0.142578 0.001953 0.003906
0 0.661133 0.150391 0.001953 0.003906
0 0.405273 0.312500 0.400391 0.199219
0 0.374023 0.388672 0.001953 0.003906
0 0.357422 0.437500 0.121094 0.082031
0 0.374023 0.395508 0.001953 0.001953
0 0.432617 0.410156 0.025391 0.007812
0 0.551758 0.408203 0.005859 0.003906
0 0.493164 0.544922 0.126953 0.175781
0 0.870117 0.541992 0.001953 0.001953
0 0.906250 0.599609 0.187500 0.117188
0 0.105469 0.671875 0.210938 0.089844
0 0.662109 0.710938 0.058594 0.046875
0 0.644531 0.791016 0.097656 0.105469
0 0.833008 0.865234 0.091797 0.093750
2 0.070312 0.052734 0.082031 0.105469
2 0.924805 0.027344 0.068359 0.054688
2 0.635742 0.053711 0.123047 0.064453
2 0.525391 0.120117 0.105469 0.126953
2 0.098633 0.208984 0.130859 0.097656
2 0.126953 0.268555 0.105469 0.080078
2 0.763672 0.254883 0.078125 0.048828
2 0.923828 0.270508 0.152344 0.048828
2 0.667969 0.306641 0.117188 0.078125
2 0.034180 0.345703 0.068359 0.062500
2 0.805664 0.399414 0.130859 0.044922
2 0.458984 0.427734 0.054688 0.039062
2 0.259766 0.477539 0.074219 0.056641
2 0.669922 0.536133 0.066406 0.115234
2 0.293945 0.552734 0.208984 0.082031
2 0.020508 0.547852 0.041016 0.041016
2 0.758789 0.632812 0.091797 0.187500
2 0.629883 0.648438 0.068359 0.078125
2 0.419922 0.673828 0.109375 0.078125
2 0.325195 0.679688 0.044922 0.050781
2 0.980469 0.681641 0.039062 0.039062
2 0.852539 0.709961 0.037109 0.037109
2 0.944336 0.741211 0.064453 0.080078
2 0.548828 0.750977 0.089844 0.068359
2 0.187500 0.742188 0.039062 0.046875
2 0.464844 0.760742 0.074219 0.060547
2 0.838867 0.759766 0.029297 0.035156
2 0.125000 0.779297 0.058594 0.058594
2 0.207031 0.783203 0.070312 0.046875
2 0.731445 0.811523 0.068359 0.068359
2 0.947266 0.818359 0.054688 0.046875
2 0.356445 0.826172 0.107422 0.042969
2 0.596680 0.839844 0.068359 0.054688
2 0.063477 0.867188 0.099609 0.085938
2 0.221680 0.864258 0.068359 0.052734
2 0.375000 0.871094 0.050781 0.046875
2 0.692383 0.902344 0.064453 0.054688
2 0.446289 0.914062 0.072266 0.042969
2 0.848633 0.944336 0.115234 0.083984
2 0.244141 0.958008 0.175781 0.083984
2 0.645508 0.961914 0.087891 0.076172
2 0.401367 0.962891 0.083984 0.074219
2 0.494141 0.977539 0.070312 0.044922
2 0.709961 0.981445 0.056641 0.037109
2 0.055664 0.983398 0.111328 0.033203
5 0.500000 0.576172 1.000000 0.847656
