0 0.865234 0.125977 0.117188 0.099609
0 0.987305 0.119141 0.025391 0.078125
0 0.827148 0.301758 0.111328 0.087891
0 0.727539 0.383789 0.044922 0.048828
0 0.341797 0.438477 0.125000 0.126953
0 0.919922 0.408203 0.078125 0.054688
0 0.829102 0.425781 0.044922 0.050781
0 0.368164 0.405273 0.001953 0.001953
0 0.526367 0.479492 0.162109 0.099609
0 0.581055 0.432617 0.001953 0.001953
0 0.970703 0.465820 0.027344 0.025391
0 0.977539 0.597656 0.044922 0.050781
0 0.633789 0.684570 0.107422 0.162109
0 0.290039 0.850586 0.228516 0.189453
0 0.442383 0.811523 0.111328 0.080078
0 0.649414 0.874023 0.083984 0.189453
0 0.731445 0.846680 0.072266 0.091797
0 0.150391 0.933594 0.078125 0.070312
1 0.545898 0.380859 0.052734 0.046875
2 0.095703 0.078125 0.191406 0.156250
2 0.619141 0.050781 0.152344 0.101562
2 0.506836 0.071289 0.087891 0.123047
2 0.133789 0.175781 0.267578 0.179688
2 0.364258 0.188477 0.072266 0.048828
2 0.735352 0.216797 0.142578 0.097656
2 0.230469 0.266602 0.109375 0.076172
2 0.616211 0.295898 0.072266 0.083984
2 0.043945 0.296875 0.044922 0.054688
2 0.465820 0.378906 0.072266 0.113281
2 0.153320 0.713867 0.306641 0.490234
2 0.137695 0.625977 0.001953 0.001953
3 0.946289 0.054688 0.107422 0.093750
3 0.950195 0.089844 0.001953 0.003906
3 0.943359 0.090820 0.003906 0.001953
3 0.875977 0.544922 0.248047 0.769531
3 0.966797 0.190430 0.003906 0.009766
3 0.379883 0.910156 0.759766 0.179688
3 0.900391 0.989258 0.011719 0.021484
3 0.918945 0.981445 0.001953 0.005859
3 0.886719 0.992188 0.011719 0.015625
3 0.992188 0.992188 0.015625 0.015625
3 0.917969 0.995117 0.007812 0.009766
3 0.873047 0.997070 0.003906 0.005859
3 0.934570 0.997070 0.001953 0.005859
5 0.496094 0.262695 0.992188 0.525391
5 0.594727 0.435547 0.107422 0.351562
6 0.692383 0.565430 0.111328 0.103516
6 0.329102 0.688477 0.107422 0.107422
6 0.459961 0.718750 0.115234 0.101562
6 0.428711 0.766602 0.001953 0.001953
