0 0.211914 0.090820 0.064453 0.072266
0 0.503906 0.083984 0.054688 0.050781
0 0.024414 0.109375 0.048828 0.074219
0 0.387695 0.116211 0.080078 0.080078
0 0.363281 0.183594 0.039062 0.042969
0 0.069336 0.243164 0.138672 0.123047
0 0.581055 0.231445 0.056641 0.080078
0 0.220703 0.221680 0.058594 0.048828
0 0.695312 0.278320 0.117188 0.123047
0 0.154297 0.270508 0.011719 0.005859
0 0.177734 0.328125 0.070312 0.097656
0 0.594727 0.368164 0.052734 0.060547
0 0.518555 0.394531 0.048828 0.042969
0 0.625000 0.551758 0.066406 0.052734
0 0.860352 0.609375 0.208984 0.164062
0 0.507812 0.639648 0.058594 0.087891
3 0.500000 0.500000 1.000000 1.000000
3 0.525391 0.008789 0.011719 0.017578
3 0.546875 0.011719 0.023438 0.023438
3 0.580078 0.022461 0.042969 0.021484
3 0.708984 0.017578 0.003906 0.003906
3 0.732422 0.020508 0.003906 0.005859
3 0.590820 0.047852 0.001953 0.001953
3 0.905273 0.049805 0.001953 0.001953
3 0.574219 0.053711 0.003906 0.001953
3 0.590820 0.053711 0.009766 0.001953
3 0.605469 0.053711 0.007812 0.001953
3 0.621094 0.053711 0.003906 0.001953
3 0.670898 0.062500 0.076172 0.015625
3 0.911133 0.065430 0.001953 0.001953
3 0.930664 0.067383 0.001953 0.005859
3 0.727539 0.084961 0.001953 0.001953
3 0.750000 0.086914 0.031250 0.001953
3 0.775391 0.086914 0.011719 0.001953
3 0.791016 0.086914 0.011719 0.001953
3 0.805664 0.088867 0.001953 0.001953
3 0.811523 0.090820 0.001953 0.001953
3 0.909180 0.090820 0.001953 0.001953
3 0.834961 0.100586 0.037109 0.013672
3 0.858398 0.106445 0.001953 0.001953
3 0.866211 0.110352 0.001953 0.001953
3 0.872070 0.118164 0.001953 0.001953
3 0.877930 0.122070 0.001953 0.001953
3 0.887695 0.125977 0.001953 0.001953
3 0.899414 0.131836 0.001953 0.001953
3 0.913086 0.144531 0.021484 0.023438
3 0.926758 0.159180 0.001953 0.001953
3 0.926758 0.163086 0.001953 0.001953
3 0.934570 0.170898 0.009766 0.009766
3 0.942383 0.176758 0.001953 0.001953
3 0.950195 0.184570 0.001953 0.001953
3 0.588867 0.192383 0.001953 0.001953
3 0.596680 0.200195 0.001953 0.001953
3 0.956055 0.200195 0.001953 0.001953
3 0.603516 0.214844 0.007812 0.023438
3 0.958984 0.205078 0.003906 0.003906
3 0.959961 0.209961 0.001953 0.001953
3 0.706055 0.216797 0.017578 0.003906
3 0.961914 0.217773 0.001953 0.001953
3 0.963867 0.223633 0.001953 0.001953
3 0.971680 0.239258 0.013672 0.025391
3 0.654297 0.233398 0.003906 0.005859
3 0.610352 0.249023 0.001953 0.001953
3 0.621094 0.252930 0.007812 0.009766
3 0.634766 0.250977 0.007812 0.005859
3 0.991211 0.251953 0.001953 0.003906
3 0.003906 0.270508 0.007812 0.029297
3 0.986328 0.261719 0.011719 0.007812
3 0.991211 0.266602 0.001953 0.001953
3 0.991211 0.277344 0.005859 0.011719
3 0.751953 0.279297 0.003906 0.003906
3 0.999023 0.283203 0.001953 0.003906
3 0.997070 0.293945 0.005859 0.013672
3 0.751953 0.331055 0.007812 0.005859
3 0.637695 0.333984 0.001953 0.003906
3 0.744141 0.334961 0.003906 0.001953
3 0.698242 0.340820 0.072266 0.009766
3 0.664062 0.390625 0.003906 0.003906
3 0.673828 0.396484 0.003906 0.003906
3 0.221680 0.424805 0.001953 0.001953
3 0.216797 0.427734 0.003906 0.003906
3 0.774414 0.538086 0.009766 0.005859
3 0.792969 0.536133 0.003906 0.001953
3 0.809570 0.536133 0.009766 0.001953
3 0.761719 0.546875 0.007812 0.011719
3 0.756836 0.556641 0.001953 0.003906
3 0.285156 0.958008 0.019531 0.017578
3 0.118164 0.987305 0.001953 0.001953
3 0.124023 0.995117 0.009766 0.009766
4 0.651367 0.017578 0.115234 0.035156
4 0.822266 0.041992 0.171875 0.083984
4 0.964844 0.052734 0.070312 0.105469
4 0.765625 0.315430 0.468750 0.525391
4 0.206055 0.477539 0.197266 0.240234
4 0.332031 0.418945 0.097656 0.115234
4 0.371094 0.494141 0.093750 0.097656
4 0.075195 0.592773 0.150391 0.216797
4 0.272461 0.606445 0.150391 0.126953
4 0.364258 0.667969 0.228516 0.195312
4 0.109375 0.723633 0.218750 0.205078
4 0.185547 0.862305 0.371094 0.275391
