0 0.330078 0.044922 0.003906 0.003906
0 0.594727 0.291016 0.810547 0.496094
0 0.395508 0.044922 0.005859 0.003906
0 0.571289 0.057617 0.009766 0.009766
0 0.736328 0.053711 0.003906 0.001953
0 0.495117 0.061523 0.001953 0.001953
0 0.308594 0.066406 0.011719 0.007812
0 0.727539 0.083008 0.017578 0.009766
0 0.745117 0.083008 0.009766 0.005859
0 0.606445 0.083984 0.005859 0.003906
0 0.208008 0.087891 0.005859 0.003906
0 0.300781 0.095703 0.003906 0.007812
0 0.693359 0.096680 0.003906 0.001953
0 0.701172 0.096680 0.003906 0.001953
0 0.653320 0.099609 0.001953 0.003906
0 0.286133 0.113281 0.001953 0.003906
0 0.192383 0.173828 0.005859 0.011719
0 0.989258 0.175781 0.009766 0.007812
0 0.192383 0.186523 0.001953 0.001953
0 0.999023 0.186523 0.001953 0.001953
0 0.994141 0.192383 0.011719 0.005859
0 0.207031 0.208008 0.003906 0.001953
0 0.303711 0.217773 0.001953 0.001953
0 0.357422 0.223633 0.003906 0.005859
0 0.317383 0.223633 0.005859 0.001953
0 0.341797 0.240234 0.003906 0.003906
0 0.357422 0.240234 0.003906 0.003906
0 0.994141 0.239258 0.003906 0.001953
0 0.350586 0.248047 0.001953 0.003906
0 0.329102 0.254883 0.013672 0.005859
0 0.352539 0.263672 0.013672 0.019531
0 0.297852 0.265625 0.017578 0.015625
0 0.332031 0.263672 0.007812 0.003906
0 0.403320 0.268555 0.001953 0.001953
0 0.310547 0.270508 0.003906 0.001953
0 0.993164 0.270508 0.001953 0.001953
0 0.386719 0.286133 0.007812 0.005859
0 0.395508 0.286133 0.001953 0.001953
0 0.419922 0.286133 0.003906 0.001953
0 0.281250 0.322266 0.015625 0.007812
0 0.473633 0.333008 0.021484 0.033203
0 0.489258 0.321289 0.005859 0.009766
0 0.489258 0.333984 0.005859 0.011719
0 0.505859 0.333008 0.003906 0.009766
0 0.505859 0.344727 0.003906 0.009766
0 0.489258 0.348633 0.005859 0.009766
0 0.811523 0.698242 0.177734 0.306641
0 0.911133 0.626953 0.001953 0.003906
0 0.909180 0.644531 0.009766 0.007812
0 0.877930 0.660156 0.005859 0.007812
0 0.964844 0.856445 0.070312 0.287109
2 0.079102 0.500000 0.158203 1.000000
2 0.103516 0.167969 0.152344 0.335938
2 0.984375 0.627930 0.031250 0.025391
2 0.904297 0.736328 0.105469 0.136719
2 0.558594 0.838867 0.218750 0.322266
2 0.670898 0.805664 0.072266 0.072266
2 0.073242 0.796875 0.009766 0.015625
2 0.078125 0.814453 0.007812 0.011719
2 0.943359 0.916992 0.082031 0.130859
2 0.719727 0.916016 0.072266 0.062500
4 0.325195 0.880859 0.208984 0.238281
5 0.089844 0.179688 0.171875 0.359375
5 0.818359 0.905273 0.242188 0.189453
