0 0.068359 0.073242 0.136719 0.146484
0 0.759766 0.783203 0.171875 0.433594
0 0.172852 0.757812 0.072266 0.070312
2 0.230469 0.027344 0.125000 0.054688
2 0.451172 0.022461 0.109375 0.044922
2 0.647461 0.067383 0.111328 0.134766
2 0.782227 0.047852 0.095703 0.095703
2 0.187500 0.090820 0.058594 0.123047
2 0.379883 0.089844 0.029297 0.035156
2 0.940430 0.148438 0.091797 0.128906
2 0.809570 0.118164 0.048828 0.029297
2 0.451172 0.130859 0.058594 0.042969
2 0.050781 0.188477 0.101562 0.107422
2 0.811523 0.172852 0.044922 0.048828
2 0.445312 0.202148 0.082031 0.091797
2 0.198242 0.208984 0.126953 0.089844
2 0.554688 0.201172 0.054688 0.074219
2 0.640625 0.208984 0.042969 0.078125
2 0.289062 0.225586 0.050781 0.060547
2 0.963867 0.318359 0.072266 0.093750
2 0.805664 0.326172 0.201172 0.101562
2 0.124023 0.316406 0.056641 0.039062
2 0.644531 0.347656 0.109375 0.089844
2 0.190430 0.357422 0.111328 0.101562
2 0.428711 0.386719 0.193359 0.148438
2 0.070312 0.343750 0.039062 0.042969
2 0.026367 0.352539 0.052734 0.033203
2 0.879883 0.388672 0.052734 0.039062
2 0.666016 0.409180 0.054688 0.072266
2 0.155273 0.514648 0.173828 0.205078
2 0.909180 0.448242 0.041016 0.072266
2 0.733398 0.449219 0.068359 0.058594
2 0.600586 0.444336 0.056641 0.044922
2 0.963867 0.474609 0.060547 0.085938
2 0.434570 0.500977 0.095703 0.080078
2 0.104492 0.475586 0.001953 0.001953
2 0.088867 0.477539 0.001953 0.001953
2 0.582031 0.512695 0.058594 0.041016
2 0.335938 0.548828 0.078125 0.085938
2 0.431641 0.575195 0.058594 0.064453
2 0.563477 0.570312 0.056641 0.046875
2 0.237305 0.617188 0.142578 0.097656
2 0.223633 0.612305 0.001953 0.001953
2 0.333008 0.643555 0.060547 0.064453
2 0.418945 0.636719 0.060547 0.050781
2 0.648438 0.636719 0.113281 0.054688
2 0.951172 0.667969 0.097656 0.085938
2 0.552734 0.727539 0.117188 0.162109
2 0.085938 0.703125 0.132812 0.109375
2 0.257812 0.719727 0.050781 0.041016
2 0.332031 0.738281 0.054688 0.066406
2 0.399414 0.726562 0.056641 0.039062
2 0.885742 0.781250 0.228516 0.132812
2 0.247070 0.774414 0.037109 0.029297
2 0.368164 0.792969 0.068359 0.035156
2 0.220703 0.875000 0.105469 0.121094
2 0.879883 0.853516 0.060547 0.062500
2 0.322266 0.839844 0.042969 0.027344
2 0.579102 0.896484 0.103516 0.132812
2 0.664062 0.853516 0.039062 0.031250
2 0.962891 0.880859 0.050781 0.074219
2 0.334961 0.882812 0.029297 0.046875
2 0.371094 0.936523 0.085938 0.048828
2 0.880859 0.949219 0.066406 0.066406
2 0.228516 0.962891 0.035156 0.035156
2 0.359375 0.982422 0.078125 0.035156
5 0.500000 0.499023 1.000000 0.998047
5 0.114258 0.656250 0.228516 0.152344
5 0.056641 0.952148 0.113281 0.095703
