0 0.964844 0.123047 0.070312 0.175781
0 0.187500 0.516602 0.281250 0.216797
0 0.536133 0.615234 0.333984 0.257812
0 0.564453 0.752930 0.003906 0.005859
2 0.338867 0.035156 0.091797 0.062500
2 0.490234 0.047852 0.058594 0.060547
2 0.579102 0.065430 0.123047 0.072266
2 0.687500 0.073242 0.062500 0.060547
2 0.538086 0.116211 0.177734 0.091797
2 0.820312 0.272461 0.082031 0.384766
2 0.695312 0.270508 0.148438 0.248047
2 0.512695 0.242188 0.220703 0.152344
2 0.285156 0.241211 0.136719 0.134766
2 0.169922 0.238281 0.046875 0.054688
2 0.026367 0.299805 0.052734 0.056641
2 0.231445 0.283203 0.005859 0.003906
2 0.953125 0.448242 0.093750 0.326172
2 0.174805 0.350586 0.041016 0.076172
2 0.441406 0.389648 0.125000 0.146484
2 0.527344 0.373047 0.054688 0.058594
2 0.586914 0.375000 0.041016 0.046875
2 0.030273 0.459961 0.060547 0.197266
2 0.655273 0.425781 0.072266 0.058594
2 0.518555 0.432617 0.048828 0.060547
2 0.576172 0.440430 0.058594 0.068359
2 0.784180 0.526367 0.208984 0.103516
2 0.791992 0.629883 0.048828 0.056641
2 0.728516 0.670898 0.136719 0.068359
2 0.474609 0.708008 0.121094 0.060547
2 0.529297 0.713867 0.011719 0.013672
2 0.600586 0.759766 0.060547 0.082031
2 0.802734 0.756836 0.050781 0.056641
2 0.965820 0.784180 0.044922 0.076172
2 0.906250 0.786133 0.046875 0.064453
2 0.993164 0.788086 0.001953 0.001953
2 0.086914 0.899414 0.173828 0.201172
2 0.370117 0.907227 0.123047 0.185547
2 0.534180 0.864258 0.037109 0.072266
2 0.636719 0.875000 0.125000 0.085938
2 0.779297 0.927734 0.121094 0.144531
2 0.894531 0.977539 0.046875 0.044922
3 0.128906 0.126953 0.257812 0.253906
5 0.500000 0.500000 1.000000 1.000000
5 0.702148 0.892578 0.595703 0.214844
6 0.211914 0.672852 0.287109 0.263672
6 0.344727 0.724609 0.091797 0.203125
6 0.388672 0.723633 0.003906 0.005859
6 0.331055 0.755859 0.001953 0.003906
6 0.293945 0.788086 0.001953 0.001953
6 0.255859 0.872070 0.171875 0.130859
6 0.309570 0.836914 0.001953 0.001953
6 0.282227 0.934570 0.001953 0.001953
