1 0.253906 0.249023 0.351562 0.439453
2 0.708984 0.129883 0.085938 0.083984
2 0.036133 0.160156 0.072266 0.101562
2 0.794922 0.176758 0.054688 0.064453
2 0.016602 0.250000 0.033203 0.031250
2 0.787109 0.371094 0.074219 0.062500
2 0.862305 0.501953 0.060547 0.046875
2 0.868164 0.559570 0.087891 0.041016
2 0.444336 0.615234 0.052734 0.046875
2 0.798828 0.644531 0.074219 0.035156
2 0.666016 0.675781 0.062500 0.085938
2 0.732422 0.712891 0.058594 0.058594
2 0.928711 0.711914 0.056641 0.037109
2 0.848633 0.741211 0.052734 0.048828
2 0.809570 0.809570 0.134766 0.083984
2 0.446289 0.824219 0.064453 0.050781
2 0.973633 0.815430 0.005859 0.001953
2 0.971680 0.826172 0.001953 0.007812
2 0.980469 0.823242 0.003906 0.005859
2 0.811523 0.890625 0.048828 0.082031
5 0.105469 0.218750 0.210938 0.433594
5 0.820312 0.312500 0.296875 0.625000
5 0.310547 0.757812 0.621094 0.484375
