0 0.106445 0.495117 0.076172 0.083984
0 0.062500 0.562500 0.093750 0.093750
0 0.357422 0.584961 0.164062 0.052734
0 0.923828 0.650391 0.152344 0.117188
0 0.134766 0.701172 0.003906 0.003906
0 0.134766 0.773438 0.093750 0.128906
2 0.612305 0.011719 0.072266 0.023438
2 0.249023 0.064453 0.080078 0.058594
2 0.443359 0.066406 0.050781 0.054688
2 0.493164 0.070312 0.037109 0.058594
2 0.570312 0.072266 0.035156 0.050781
2 0.323242 0.071289 0.037109 0.037109
2 0.342773 0.125000 0.068359 0.050781
2 0.407227 0.131836 0.060547 0.052734
2 0.493164 0.136719 0.044922 0.058594
2 0.618164 0.140625 0.064453 0.054688
2 0.713867 0.143555 0.123047 0.060547
2 0.114258 0.182617 0.095703 0.080078
2 0.811523 0.166016 0.044922 0.046875
2 0.016602 0.256836 0.033203 0.056641
2 0.367188 0.263672 0.058594 0.066406
2 0.776367 0.285156 0.048828 0.054688
2 0.897461 0.291016 0.041016 0.042969
2 0.017578 0.314453 0.035156 0.046875
2 0.111328 0.318359 0.121094 0.050781
2 0.351562 0.348633 0.058594 0.083984
2 0.446289 0.334961 0.056641 0.056641
2 0.502930 0.350586 0.044922 0.076172
2 0.741211 0.319336 0.001953 0.001953
2 0.869141 0.354492 0.058594 0.068359
2 0.755859 0.349609 0.050781 0.039062
2 0.161133 0.402344 0.037109 0.105469
2 0.091797 0.408203 0.046875 0.082031
2 0.314453 0.463867 0.101562 0.072266
2 0.958984 0.460938 0.082031 0.062500
2 0.047852 0.477539 0.048828 0.056641
2 0.688477 0.505859 0.056641 0.078125
2 0.779297 0.512695 0.054688 0.076172
2 0.572266 0.512695 0.085938 0.060547
2 0.218750 0.603516 0.035156 0.042969
2 0.503906 0.610352 0.058594 0.021484
2 0.246094 0.711914 0.089844 0.197266
2 0.712891 0.661133 0.207031 0.037109
2 0.454102 0.680664 0.037109 0.048828
2 0.769531 0.713867 0.062500 0.048828
2 0.422852 0.751953 0.056641 0.070312
2 0.568359 0.742188 0.035156 0.050781
2 0.498047 0.763672 0.035156 0.046875
2 0.068359 0.771484 0.054688 0.054688
2 0.912109 0.790039 0.058594 0.072266
2 0.852539 0.803711 0.052734 0.029297
2 0.540039 0.879883 0.060547 0.060547
2 0.882812 0.868164 0.042969 0.037109
2 0.100586 0.913086 0.115234 0.091797
2 0.307617 0.946289 0.056641 0.099609
2 0.715820 0.917969 0.037109 0.046875
2 0.355469 0.940430 0.027344 0.048828
2 0.574219 0.977539 0.066406 0.044922
2 0.885742 0.976562 0.044922 0.046875
3 0.547852 0.150391 0.072266 0.085938
3 0.582031 0.261719 0.207031 0.113281
3 0.643555 0.317383 0.001953 0.001953
4 0.921875 0.730469 0.156250 0.050781
5 0.472656 0.500000 0.945312 1.000000
