0 0.489258 0.241211 0.107422 0.123047
0 0.375977 0.519531 0.123047 0.152344
0 0.865234 0.596680 0.003906 0.005859
0 0.881836 0.596680 0.001953 0.001953
0 0.850586 0.599609 0.001953 0.003906
0 0.918945 0.802734 0.162109 0.394531
0 0.841797 0.708984 0.003906 0.003906
2 0.029297 0.032227 0.058594 0.064453
2 0.551758 0.091797 0.083984 0.078125
2 0.028320 0.111328 0.056641 0.054688
2 0.394531 0.144531 0.093750 0.093750
2 0.475586 0.146484 0.048828 0.074219
2 0.821289 0.206055 0.080078 0.166016
2 0.275391 0.203125 0.117188 0.074219
2 0.406250 0.234375 0.062500 0.093750
2 0.296875 0.315430 0.042969 0.103516
2 0.239258 0.307617 0.029297 0.060547
2 0.611328 0.335938 0.058594 0.058594
2 0.465820 0.375977 0.064453 0.056641
2 0.532227 0.389648 0.033203 0.052734
2 0.231445 0.454102 0.076172 0.099609
2 0.490234 0.505859 0.039062 0.046875
2 0.573242 0.560547 0.076172 0.125000
2 0.261719 0.573242 0.042969 0.111328
2 0.761719 0.590820 0.074219 0.083984
2 0.269531 0.665039 0.070312 0.037109
2 0.443359 0.671875 0.039062 0.042969
2 0.666016 0.715820 0.066406 0.072266
2 0.445312 0.718750 0.085938 0.054688
2 0.102539 0.728516 0.205078 0.050781
2 0.437500 0.759766 0.070312 0.042969
2 0.289062 0.779297 0.082031 0.074219
2 0.482422 0.763672 0.011719 0.019531
2 0.422852 0.808594 0.044922 0.039062
2 0.420898 0.863281 0.068359 0.054688
2 0.302734 0.898438 0.062500 0.078125
2 0.019531 0.899414 0.039062 0.064453
2 0.720703 0.913086 0.054688 0.056641
2 0.598633 0.985352 0.064453 0.029297
5 0.183594 0.115234 0.367188 0.230469
5 0.246094 0.151367 0.492188 0.302734
5 0.538086 0.660156 0.923828 0.679688
