2 0.714844 0.038086 0.136719 0.076172
2 0.680664 0.417969 0.056641 0.062500
2 0.465820 0.423828 0.033203 0.062500
2 0.516602 0.456055 0.048828 0.048828
2 0.890625 0.743164 0.054688 0.048828
2 0.978516 0.778320 0.042969 0.048828
2 0.840820 0.797852 0.033203 0.025391
2 0.923828 0.839844 0.054688 0.050781
2 0.845703 0.845703 0.050781 0.039062
2 0.951172 0.886719 0.082031 0.058594
2 0.825195 0.876953 0.001953 0.007812
4 0.158203 0.793945 0.316406 0.412109
4 0.223633 0.947266 0.021484 0.011719
4 0.244141 0.949219 0.003906 0.003906
4 0.262695 0.965820 0.033203 0.009766
