0 0.099609 0.359375 0.191406 0.140625
0 0.006836 0.387695 0.001953 0.001953
0 0.495117 0.571289 0.544922 0.310547
0 0.120117 0.585938 0.240234 0.285156
0 0.029297 0.521484 0.003906 0.003906
0 0.008789 0.583984 0.001953 0.003906
0 0.165039 0.594727 0.013672 0.005859
0 0.376953 0.789062 0.207031 0.144531
0 0.515625 0.743164 0.074219 0.056641
0 0.078125 0.736328 0.011719 0.003906
1 0.885742 0.972656 0.228516 0.054688
2 0.945312 0.107422 0.109375 0.214844
2 0.573242 0.100586 0.228516 0.193359
2 0.104492 0.192383 0.208984 0.111328
2 0.670898 0.210938 0.115234 0.039062
2 0.426758 0.297852 0.564453 0.173828
2 0.720703 0.399414 0.128906 0.076172
2 0.708008 0.500977 0.185547 0.083984
2 0.808594 0.583984 0.160156 0.132812
2 0.175781 0.659180 0.054688 0.119141
2 0.716797 0.639648 0.132812 0.044922
2 0.730469 0.730469 0.296875 0.121094
2 0.181641 0.790039 0.039062 0.072266
2 0.671875 0.849609 0.132812 0.125000
2 0.868164 0.832031 0.080078 0.089844
2 0.452148 0.875977 0.029297 0.029297
2 0.134766 0.931641 0.105469 0.136719
2 0.400391 0.889648 0.019531 0.025391
2 0.279297 0.954102 0.125000 0.083984
5 0.845703 0.415039 0.308594 0.830078
5 0.908203 0.236328 0.183594 0.472656
6 0.331055 0.161133 0.267578 0.142578
6 0.224609 0.107422 0.003906 0.003906
