0 0.633789 0.053711 0.732422 0.107422
0 0.290039 0.552734 0.166016 0.253906
0 0.589844 0.624023 0.269531 0.087891
0 0.409180 0.650391 0.044922 0.050781
0 0.574219 0.742188 0.335938 0.183594
0 0.295898 0.733398 0.220703 0.119141
0 0.344727 0.768555 0.310547 0.166016
0 0.610352 0.820312 0.283203 0.066406
1 0.192383 0.194336 0.111328 0.064453
1 0.409180 0.831055 0.384766 0.244141
2 0.331055 0.557617 0.146484 0.162109
3 0.500000 0.500000 1.000000 1.000000
3 0.272461 0.000977 0.001953 0.001953
3 0.270508 0.073242 0.001953 0.001953
3 0.505859 0.096680 0.003906 0.001953
3 0.270508 0.103516 0.001953 0.003906
4 0.375000 0.944336 0.042969 0.111328
