2 0.720703 0.038086 0.054688 0.056641
2 0.598633 0.117188 0.064453 0.042969
2 0.715820 0.174805 0.076172 0.083984
2 0.611328 0.228516 0.089844 0.058594
2 0.230469 0.373047 0.054688 0.085938
2 0.422852 0.368164 0.052734 0.056641
2 0.131836 0.437500 0.052734 0.140625
2 0.314453 0.438477 0.070312 0.048828
2 0.363281 0.496094 0.050781 0.074219
2 0.876953 0.504883 0.105469 0.060547
2 0.116211 0.582031 0.056641 0.121094
2 0.566406 0.698242 0.113281 0.138672
2 0.239258 0.745117 0.072266 0.115234
2 0.084961 0.724609 0.048828 0.062500
2 0.097656 0.794922 0.050781 0.074219
2 0.088867 0.867188 0.041016 0.046875
2 0.080078 0.935547 0.054688 0.062500
2 0.314453 0.956055 0.074219 0.087891
4 0.161133 0.151367 0.322266 0.173828
4 0.575195 0.340820 0.134766 0.150391
4 0.250977 0.539062 0.115234 0.242188
4 0.259766 0.428711 0.003906 0.001953
4 0.709961 0.624023 0.166016 0.326172
4 0.185547 0.490234 0.003906 0.003906
4 0.624023 0.745117 0.001953 0.005859
5 0.500000 0.496094 1.000000 0.992188
