0 0.004883 0.002930 0.009766 0.005859
0 0.048828 0.004883 0.011719 0.009766
0 0.600586 0.267578 0.798828 0.535156
0 0.114258 0.060547 0.107422 0.093750
0 0.001953 0.052734 0.003906 0.007812
0 0.100586 0.146484 0.201172 0.144531
0 0.791016 0.083008 0.011719 0.009766
0 0.204102 0.098633 0.029297 0.029297
0 0.818359 0.103516 0.003906 0.003906
0 0.092773 0.112305 0.001953 0.001953
0 0.342773 0.125000 0.001953 0.003906
0 0.866211 0.134766 0.005859 0.003906
0 0.346680 0.141602 0.001953 0.001953
0 0.317383 0.547852 0.634766 0.787109
0 0.974609 0.201172 0.050781 0.082031
0 0.942383 0.166992 0.001953 0.001953
0 0.191406 0.232422 0.007812 0.007812
0 0.599609 0.228516 0.003906 0.003906
0 0.774414 0.569336 0.451172 0.673828
0 0.003906 0.252930 0.007812 0.017578
0 0.976562 0.244141 0.003906 0.003906
0 0.990234 0.245117 0.003906 0.001953
0 0.979492 0.252930 0.009766 0.009766
0 0.993164 0.258789 0.013672 0.021484
0 0.975586 0.259766 0.005859 0.003906
0 0.033203 0.340820 0.066406 0.126953
0 0.172852 0.358398 0.001953 0.001953
0 0.182617 0.377930 0.001953 0.001953
0 0.083008 0.382812 0.001953 0.007812
0 0.188477 0.385742 0.001953 0.001953
0 0.916016 0.391602 0.011719 0.013672
0 0.943359 0.384766 0.003906 0.003906
0 0.141602 0.389648 0.001953 0.001953
0 0.926758 0.388672 0.001953 0.003906
0 0.144531 0.394531 0.003906 0.003906
0 0.192383 0.391602 0.001953 0.001953
0 0.196289 0.397461 0.001953 0.001953
0 0.912109 0.401367 0.003906 0.009766
0 0.803711 0.399414 0.005859 0.001953
0 0.151367 0.403320 0.001953 0.001953
0 0.153320 0.407227 0.001953 0.001953
0 0.155273 0.413086 0.001953 0.001953
0 0.159180 0.420898 0.001953 0.001953
0 0.868164 0.422852 0.001953 0.001953
0 0.896484 0.431641 0.003906 0.003906
0 0.168945 0.434570 0.001953 0.001953
0 0.174805 0.444336 0.001953 0.001953
0 0.563477 0.483398 0.001953 0.001953
0 0.575195 0.498047 0.009766 0.011719
0 0.124023 0.497070 0.001953 0.001953
0 0.648438 0.503906 0.003906 0.003906
0 0.763672 0.504883 0.003906 0.005859
0 0.601562 0.521484 0.035156 0.027344
0 0.632812 0.509766 0.007812 0.003906
0 0.725586 0.509766 0.005859 0.003906
0 0.623047 0.513672 0.003906 0.003906
0 0.662109 0.557617 0.082031 0.087891
0 0.694336 0.525391 0.001953 0.003906
0 0.747070 0.534180 0.005859 0.009766
0 0.998047 0.529297 0.003906 0.003906
0 0.612305 0.542969 0.013672 0.011719
0 0.678711 0.541016 0.001953 0.003906
0 0.753906 0.541992 0.003906 0.001953
0 0.760742 0.548828 0.005859 0.003906
0 0.725586 0.563477 0.001953 0.001953
0 0.701172 0.756836 0.003906 0.001953
0 0.955078 0.868164 0.011719 0.013672
0 0.966797 0.865234 0.003906 0.003906
0 0.973633 0.869141 0.005859 0.011719
0 0.014648 0.893555 0.001953 0.001953
0 0.068359 0.899414 0.003906 0.001953
0 0.080078 0.901367 0.011719 0.005859
0 0.115234 0.910156 0.050781 0.023438
0 0.163086 0.924805 0.001953 0.001953
0 0.185547 0.925781 0.035156 0.007812
0 0.209961 0.930664 0.001953 0.001953
0 0.223633 0.932617 0.001953 0.001953
0 0.239258 0.932617 0.001953 0.001953
0 0.117188 0.968750 0.234375 0.062500
0 0.999023 0.944336 0.001953 0.001953
0 0.990234 0.951172 0.003906 0.003906
0 0.655273 0.970703 0.029297 0.011719
0 0.989258 0.966797 0.001953 0.003906
0 0.981445 0.974609 0.001953 0.003906
0 0.999023 0.974609 0.001953 0.003906
0 0.977539 0.990234 0.013672 0.019531
0 0.990234 0.982422 0.003906 0.003906
0 0.999023 0.983398 0.001953 0.001953
0 0.870117 0.989258 0.005859 0.005859
0 0.996094 0.989258 0.007812 0.005859
0 0.982422 0.999023 0.003906 0.001953
0 0.990234 0.998047 0.003906 0.003906
0 0.998047 0.999023 0.003906 0.001953
2 0.342773 0.142578 0.083984 0.085938
2 0.622070 0.177734 0.072266 0.078125
2 0.668945 0.220703 0.068359 0.066406
2 0.358398 0.241211 0.060547 0.072266
2 0.182617 0.279297 0.099609 0.097656
2 0.121094 0.288086 0.070312 0.076172
2 0.192383 0.401367 0.150391 0.146484
2 0.326172 0.396484 0.035156 0.035156
2 0.602539 0.458984 0.115234 0.121094
2 0.119141 0.475586 0.078125 0.126953
2 0.014648 0.459961 0.029297 0.029297
2 0.016602 0.495117 0.017578 0.021484
2 0.788086 0.528320 0.076172 0.068359
2 0.664062 0.526367 0.054688 0.060547
2 0.022461 0.605469 0.044922 0.207031
2 0.748047 0.582031 0.074219 0.085938
2 0.917969 0.579102 0.074219 0.068359
2 0.091797 0.727539 0.093750 0.080078
2 0.467773 0.754883 0.068359 0.091797
2 0.894531 0.802734 0.210938 0.128906
2 0.410156 0.813477 0.105469 0.076172
2 0.746094 0.863281 0.179688 0.070312
2 0.411133 0.867188 0.064453 0.050781
2 0.561523 0.885742 0.138672 0.087891
2 0.026367 0.976562 0.052734 0.046875
2 0.919922 0.977539 0.089844 0.044922
2 0.733398 0.982422 0.177734 0.035156
4 0.126953 0.218750 0.253906 0.437500
4 0.199219 0.007812 0.007812 0.015625
5 0.500000 0.496094 1.000000 0.992188
