0 0.758789 0.064453 0.169922 0.128906
0 0.037109 0.272461 0.074219 0.095703
0 0.242188 0.307617 0.125000 0.146484
0 0.077148 0.407227 0.111328 0.111328
0 0.895508 0.430664 0.060547 0.072266
0 0.709961 0.682617 0.060547 0.056641
0 0.753906 0.824219 0.078125 0.089844
0 0.238281 0.845703 0.101562 0.113281
0 0.968750 0.819336 0.050781 0.048828
0 0.797852 0.821289 0.005859 0.025391
0 0.755859 0.925781 0.179688 0.113281
0 0.183594 0.880859 0.003906 0.007812
2 0.134766 0.053711 0.082031 0.107422
2 0.220703 0.010742 0.085938 0.021484
2 0.583008 0.043945 0.107422 0.087891
2 0.161133 0.009766 0.001953 0.003906
2 0.229492 0.039062 0.048828 0.039062
2 0.371094 0.061523 0.085938 0.048828
2 0.880859 0.075195 0.066406 0.064453
2 0.230469 0.117188 0.039062 0.093750
2 0.559570 0.164062 0.189453 0.164062
2 0.359375 0.116211 0.078125 0.052734
2 0.290039 0.181641 0.064453 0.113281
2 0.040039 0.179688 0.076172 0.089844
2 0.913086 0.166992 0.080078 0.064453
2 0.881836 0.245117 0.091797 0.048828
2 0.478516 0.267578 0.058594 0.070312
2 0.160156 0.308594 0.085938 0.125000
2 0.850586 0.333984 0.107422 0.121094
2 0.537109 0.396484 0.195312 0.214844
2 0.030273 0.386719 0.060547 0.082031
2 0.831055 0.404297 0.048828 0.050781
2 0.265625 0.430664 0.031250 0.056641
2 0.723633 0.461914 0.072266 0.091797
2 0.349609 0.465820 0.050781 0.091797
2 0.792969 0.467773 0.042969 0.080078
2 0.933594 0.469727 0.054688 0.080078
2 0.656250 0.485352 0.062500 0.060547
2 0.071289 0.499023 0.134766 0.076172
2 0.252930 0.496094 0.091797 0.066406
2 0.698242 0.499023 0.001953 0.001953
2 0.457031 0.577148 0.093750 0.080078
2 0.757812 0.625000 0.183594 0.089844
2 0.875000 0.615234 0.070312 0.070312
2 0.919922 0.594727 0.007812 0.021484
2 0.258789 0.636719 0.146484 0.089844
2 0.918945 0.611328 0.001953 0.003906
2 0.911133 0.634766 0.013672 0.015625
2 0.127930 0.681641 0.044922 0.046875
2 0.471680 0.694336 0.056641 0.076172
2 0.826172 0.709961 0.082031 0.103516
2 0.912109 0.687500 0.082031 0.062500
2 0.222656 0.760742 0.035156 0.048828
2 0.909180 0.781250 0.068359 0.089844
2 0.557617 0.808594 0.091797 0.105469
2 0.049805 0.791992 0.048828 0.052734
2 0.393555 0.787109 0.041016 0.042969
2 0.480469 0.798828 0.066406 0.042969
2 0.955078 0.786133 0.003906 0.005859
2 0.958008 0.792969 0.001953 0.003906
2 0.398438 0.852539 0.093750 0.056641
2 0.852539 0.894531 0.138672 0.121094
2 0.629883 0.863281 0.076172 0.050781
2 0.028320 0.910156 0.052734 0.078125
2 0.179688 0.952148 0.121094 0.095703
2 0.366211 0.943359 0.068359 0.078125
2 0.976562 0.953125 0.046875 0.042969
2 0.067383 0.983398 0.044922 0.033203
5 0.500000 0.500000 1.000000 1.000000
5 0.669922 0.916992 0.132812 0.166016
