0 0.540039 0.276367 0.220703 0.552734
1 0.443359 0.274414 0.062500 0.431641
1 0.619141 0.843750 0.156250 0.312500
1 0.574219 0.879883 0.007812 0.009766
1 0.558594 0.879883 0.003906 0.001953
2 0.216797 0.022461 0.187500 0.044922
2 0.671875 0.052734 0.054688 0.078125
2 0.797852 0.101562 0.111328 0.171875
2 0.915039 0.191406 0.134766 0.117188
2 0.678711 0.172852 0.099609 0.060547
2 0.104492 0.178711 0.166016 0.060547
2 0.684570 0.252930 0.130859 0.095703
2 0.187500 0.383789 0.078125 0.197266
2 0.748047 0.335938 0.152344 0.089844
2 0.058594 0.389648 0.117188 0.189453
2 0.898438 0.387695 0.074219 0.083984
2 0.696289 0.410156 0.033203 0.078125
2 0.743164 0.412109 0.033203 0.062500
2 0.223633 0.457031 0.001953 0.003906
2 0.708984 0.498047 0.039062 0.089844
2 0.753906 0.499023 0.054688 0.091797
2 0.844727 0.502930 0.060547 0.083984
2 0.938477 0.500000 0.123047 0.078125
2 0.195312 0.523438 0.070312 0.085938
2 0.185547 0.487305 0.003906 0.001953
2 0.169922 0.490234 0.003906 0.003906
2 0.021484 0.531250 0.042969 0.078125
2 0.119141 0.530273 0.042969 0.076172
2 0.845703 0.658203 0.093750 0.105469
2 0.117188 0.820312 0.105469 0.359375
2 0.221680 0.675781 0.123047 0.062500
2 0.378906 0.688477 0.113281 0.080078
2 0.990234 0.679688 0.019531 0.042969
2 0.862305 0.728516 0.056641 0.035156
2 0.030273 0.738281 0.060547 0.046875
2 0.360352 0.735352 0.029297 0.005859
2 0.851562 0.789062 0.054688 0.042969
2 0.934570 0.791992 0.029297 0.052734
2 0.271484 0.844727 0.105469 0.103516
2 0.788086 0.898438 0.072266 0.058594
2 0.903320 0.910156 0.052734 0.078125
2 0.227539 0.971680 0.123047 0.056641
2 0.943359 0.983398 0.046875 0.033203
5 0.889648 0.076172 0.220703 0.152344
5 0.500000 0.618164 1.000000 0.626953
