0 0.321289 0.410156 0.142578 0.171875
0 0.933594 0.544922 0.128906 0.121094
0 0.110352 0.613281 0.103516 0.109375
0 0.482422 0.772461 0.078125 0.080078
0 0.708984 0.870117 0.582031 0.259766
0 0.754883 0.771484 0.080078 0.058594
0 0.838867 0.883789 0.001953 0.001953
2 0.942383 0.039062 0.115234 0.062500
2 0.948242 0.254883 0.103516 0.103516
2 0.459961 0.316406 0.044922 0.117188
2 0.964844 0.421875 0.070312 0.082031
2 0.118164 0.428711 0.158203 0.068359
2 0.249023 0.446289 0.072266 0.076172
2 0.197266 0.625977 0.105469 0.333984
2 0.291016 0.489258 0.050781 0.056641
2 0.032227 0.502930 0.064453 0.052734
2 0.085938 0.544922 0.093750 0.050781
2 0.615234 0.569336 0.324219 0.064453
2 0.345703 0.574219 0.058594 0.039062
2 0.915039 0.746094 0.169922 0.296875
2 0.045898 0.670898 0.091797 0.095703
2 0.339844 0.656250 0.050781 0.035156
2 0.612305 0.697266 0.333984 0.070312
2 0.089844 0.790039 0.167969 0.099609
2 0.354492 0.794922 0.025391 0.031250
2 0.612305 0.849609 0.333984 0.070312
2 0.229492 0.914062 0.072266 0.171875
2 0.353516 0.850586 0.027344 0.033203
2 0.123047 0.923828 0.062500 0.152344
2 0.060547 0.946289 0.062500 0.107422
4 0.183594 0.168945 0.367188 0.337891
4 0.424805 0.094727 0.119141 0.189453
4 0.387695 0.194336 0.001953 0.005859
4 0.387695 0.200195 0.001953 0.001953
4 0.388672 0.226562 0.003906 0.003906
4 0.279297 0.269531 0.003906 0.003906
4 0.286133 0.270508 0.001953 0.001953
4 0.276367 0.286133 0.044922 0.013672
4 0.943359 0.916992 0.113281 0.166016
5 0.208984 0.208008 0.417969 0.416016
5 0.623047 0.500000 0.617188 1.000000
