0 0.485352 0.718750 0.970703 0.562500
1 0.193359 0.043945 0.386719 0.064453
1 0.499023 0.061523 0.068359 0.060547
1 0.357422 0.199219 0.082031 0.062500
1 0.748047 0.949219 0.320312 0.101562
1 0.909180 0.995117 0.001953 0.001953
4 0.633789 0.166016 0.162109 0.078125
4 0.065430 0.239258 0.130859 0.212891
4 0.493164 0.384766 0.302734 0.339844
4 0.291016 0.392578 0.312500 0.304688
4 0.726562 0.293945 0.128906 0.072266
4 0.099609 0.331055 0.136719 0.134766
4 0.738281 0.404297 0.320312 0.179688
4 0.597656 0.830078 0.617188 0.339844
4 0.887695 0.719727 0.001953 0.001953
4 0.888672 0.728516 0.003906 0.003906
4 0.998047 0.856445 0.003906 0.005859
4 0.997070 0.873047 0.005859 0.007812
4 0.887695 0.872070 0.001953 0.001953
4 0.996094 0.886719 0.007812 0.011719
4 0.888672 0.902344 0.003906 0.003906
4 0.903320 0.902344 0.001953 0.003906
4 0.997070 0.902344 0.005859 0.007812
4 0.903320 0.979492 0.001953 0.001953
