0 0.534180 0.291016 0.236328 0.160156
0 0.103516 0.402344 0.207031 0.160156
0 0.683594 0.462891 0.273438 0.277344
0 0.757812 0.372070 0.078125 0.064453
0 0.141602 0.596680 0.283203 0.197266
0 0.050781 0.712891 0.046875 0.058594
1 0.033203 0.899414 0.066406 0.095703
2 0.775391 0.065430 0.031250 0.044922
2 0.458984 0.125977 0.128906 0.087891
2 0.256836 0.133789 0.126953 0.072266
2 0.493164 0.107422 0.005859 0.003906
2 0.587891 0.183594 0.093750 0.152344
2 0.487305 0.110352 0.001953 0.001953
2 0.083984 0.177734 0.136719 0.070312
2 0.782227 0.166992 0.037109 0.052734
2 0.882812 0.175781 0.062500 0.062500
2 0.952148 0.166016 0.021484 0.023438
2 0.407227 0.307617 0.083984 0.111328
2 0.894531 0.299805 0.035156 0.029297
2 0.966797 0.324219 0.042969 0.039062
2 0.830078 0.344727 0.027344 0.033203
2 0.910156 0.354492 0.031250 0.025391
2 0.961914 0.362305 0.048828 0.033203
2 0.847656 0.400391 0.074219 0.054688
2 0.950195 0.427734 0.037109 0.027344
2 0.430664 0.490234 0.064453 0.105469
2 0.377930 0.505859 0.041016 0.042969
2 0.583984 0.623047 0.078125 0.046875
2 0.366211 0.646484 0.064453 0.050781
2 0.189453 0.771484 0.058594 0.058594
2 0.395508 0.764648 0.048828 0.044922
2 0.550781 0.855469 0.054688 0.046875
2 0.321289 0.871094 0.056641 0.066406
2 0.515625 0.856445 0.015625 0.037109
2 0.531250 0.880859 0.019531 0.007812
2 0.530273 0.940430 0.103516 0.119141
2 0.438477 0.944336 0.052734 0.072266
4 0.791992 0.786133 0.416016 0.427734
5 0.560547 0.518555 0.878906 0.962891
5 0.334961 0.994141 0.013672 0.011719
