0 0.649414 0.232422 0.060547 0.054688
0 0.032227 0.373047 0.064453 0.074219
0 0.168945 0.731445 0.095703 0.072266
1 0.711914 0.337891 0.205078 0.070312
2 0.180664 0.057617 0.095703 0.107422
2 0.294922 0.078125 0.066406 0.035156
2 0.319336 0.159180 0.076172 0.099609
2 0.791992 0.167969 0.166016 0.082031
2 0.217773 0.161133 0.099609 0.060547
2 0.079102 0.185547 0.138672 0.054688
2 0.958008 0.174805 0.083984 0.037109
2 0.296875 0.346680 0.097656 0.212891
2 0.150391 0.397461 0.175781 0.095703
2 0.519531 0.441406 0.335938 0.074219
2 0.285156 0.523438 0.070312 0.085938
2 0.103516 0.553711 0.207031 0.107422
2 0.391602 0.568359 0.083984 0.078125
2 0.237305 0.632812 0.080078 0.082031
2 0.023438 0.643555 0.046875 0.041016
2 0.077148 0.650391 0.025391 0.054688
2 0.243164 0.720703 0.103516 0.082031
2 0.093750 0.734375 0.058594 0.074219
2 0.022461 0.788086 0.044922 0.052734
2 0.487305 0.824219 0.083984 0.058594
2 0.712891 0.826172 0.031250 0.042969
2 0.268555 0.852539 0.037109 0.041016
2 0.365234 0.862305 0.078125 0.037109
2 0.427734 0.880859 0.042969 0.039062
2 0.504883 0.873047 0.064453 0.027344
2 0.606445 0.947266 0.033203 0.035156
2 0.491211 0.965820 0.048828 0.056641
2 0.093750 0.972656 0.066406 0.054688
2 0.220703 0.978516 0.113281 0.042969
6 0.672852 0.713867 0.654297 0.251953
6 0.987305 0.594727 0.005859 0.005859
6 0.615234 0.615234 0.003906 0.003906
6 0.367188 0.622070 0.003906 0.001953
6 0.349609 0.831055 0.003906 0.001953
6 0.384766 0.833984 0.058594 0.011719
6 0.426758 0.831055 0.001953 0.001953
