0 0.788086 0.142578 0.072266 0.054688
0 0.704102 0.241211 0.095703 0.138672
0 0.237305 0.476562 0.076172 0.074219
0 0.243164 0.576172 0.072266 0.121094
0 0.618164 0.622070 0.103516 0.095703
0 0.115234 0.855469 0.085938 0.125000
1 0.578125 0.123047 0.125000 0.078125
1 0.073242 0.263672 0.146484 0.203125
1 0.009766 0.178711 0.019531 0.005859
1 0.679688 0.259766 0.058594 0.105469
1 0.720703 0.515625 0.074219 0.160156
2 0.049805 0.048828 0.044922 0.097656
2 0.661133 0.027344 0.064453 0.054688
2 0.935547 0.068359 0.031250 0.035156
2 0.209961 0.082031 0.052734 0.039062
2 0.991211 0.113281 0.017578 0.046875
2 0.943359 0.157227 0.050781 0.048828
2 0.990234 0.155273 0.019531 0.033203
2 0.962891 0.224609 0.046875 0.074219
2 0.875000 0.230469 0.082031 0.066406
2 0.936523 0.364258 0.060547 0.091797
2 0.820312 0.442383 0.093750 0.056641
2 0.932617 0.548828 0.048828 0.054688
2 0.822266 0.560547 0.066406 0.062500
2 0.843750 0.641602 0.085938 0.087891
2 0.927734 0.669922 0.070312 0.121094
3 0.143555 0.302734 0.255859 0.285156
3 0.405273 0.410156 0.177734 0.113281
3 0.432617 0.581055 0.287109 0.232422
3 0.835938 0.891602 0.328125 0.197266
4 0.607422 0.843750 0.074219 0.085938
4 0.211914 0.896484 0.154297 0.167969
4 0.080078 0.992188 0.027344 0.007812
4 0.044922 0.993164 0.003906 0.001953
4 0.056641 0.994141 0.011719 0.003906
5 0.296875 0.470703 0.054688 0.941406
5 0.801758 0.400391 0.396484 0.261719
5 0.812500 0.823242 0.375000 0.216797
