0 0.685547 0.194336 0.628906 0.388672
0 0.197266 0.181641 0.027344 0.031250
0 0.129883 0.452148 0.259766 0.462891
0 0.320312 0.502930 0.050781 0.099609
0 0.695312 0.564453 0.117188 0.093750
0 0.327148 0.587891 0.056641 0.066406
0 0.399414 0.732422 0.033203 0.023438
0 0.420898 0.805664 0.044922 0.044922
1 0.897461 0.035156 0.087891 0.070312
1 0.688477 0.052734 0.056641 0.042969
1 0.945312 0.200195 0.109375 0.123047
1 0.143555 0.901367 0.068359 0.068359
2 0.164062 0.016602 0.062500 0.033203
2 0.766602 0.007812 0.037109 0.015625
2 0.494141 0.052734 0.050781 0.074219
2 0.114258 0.043945 0.072266 0.048828
2 0.038086 0.692383 0.076172 0.060547
2 0.194336 0.720703 0.056641 0.058594
2 0.252930 0.853516 0.056641 0.054688
4 0.298828 0.037109 0.140625 0.074219
4 0.290039 0.116211 0.142578 0.091797
4 0.602539 0.565430 0.794922 0.869141
4 0.277344 0.199219 0.152344 0.093750
4 0.284180 0.355469 0.115234 0.203125
4 0.408203 0.838867 0.003906 0.001953
4 0.331055 0.874023 0.001953 0.001953
4 0.346680 0.884766 0.001953 0.003906
4 0.354492 0.907227 0.001953 0.001953
4 0.356445 0.916016 0.005859 0.003906
4 0.260742 0.961914 0.005859 0.005859
4 0.366211 0.970703 0.013672 0.003906
4 0.371094 0.978516 0.003906 0.003906
4 0.356445 0.995117 0.009766 0.009766
5 0.199219 0.089844 0.062500 0.179688
5 0.149414 0.246094 0.072266 0.125000
