0 0.409180 0.234375 0.509766 0.468750
0 0.434570 0.073242 0.005859 0.009766
0 0.403320 0.362305 0.001953 0.001953
0 0.421875 0.362305 0.007812 0.005859
0 0.116211 0.404297 0.064453 0.054688
0 0.205078 0.452148 0.054688 0.052734
0 0.658203 0.575195 0.078125 0.052734
0 0.469727 0.639648 0.056641 0.052734
0 0.023438 0.666992 0.042969 0.044922
0 0.729492 0.799805 0.361328 0.267578
0 0.947266 0.687500 0.046875 0.027344
0 0.445312 0.762695 0.050781 0.044922
0 0.493164 0.880859 0.048828 0.039062
0 0.328125 0.928711 0.500000 0.060547
4 0.046875 0.185547 0.093750 0.371094
4 0.331055 0.575195 0.447266 0.283203
4 0.556641 0.579102 0.003906 0.001953
4 0.797852 0.847656 0.404297 0.304688
4 0.205078 0.817383 0.289062 0.201172
4 0.221680 0.754883 0.001953 0.001953
4 0.642578 0.931641 0.011719 0.007812
4 0.060547 0.964844 0.121094 0.070312
4 0.625977 0.941406 0.017578 0.023438
4 0.685547 0.931641 0.003906 0.003906
4 0.692383 0.931641 0.001953 0.003906
4 0.966797 0.932617 0.003906 0.005859
4 0.972656 0.931641 0.003906 0.003906
4 0.704102 0.947266 0.009766 0.003906
4 0.739258 0.946289 0.001953 0.001953
4 0.755859 0.947266 0.003906 0.003906
4 0.981445 0.948242 0.001953 0.001953
4 0.998047 0.962891 0.003906 0.003906
4 0.644531 0.994141 0.007812 0.003906
6 0.659180 0.116211 0.205078 0.232422
6 0.224609 0.244141 0.343750 0.183594
6 0.669922 0.223633 0.003906 0.001953
6 0.043945 0.254883 0.001953 0.001953
6 0.322266 0.310547 0.003906 0.003906
6 0.337891 0.309570 0.003906 0.001953
6 0.137695 0.333008 0.005859 0.005859
6 0.153320 0.350586 0.005859 0.005859
6 0.784180 0.546875 0.431641 0.281250
6 0.997070 0.442383 0.005859 0.005859
6 0.052734 0.580078 0.105469 0.246094
6 0.460938 0.759766 0.222656 0.332031
6 0.034180 0.821289 0.068359 0.212891
